062336	73.8062	40.6435	221.0	-6.054474	-273.9331	3.993
062356	73.825253	40.646436	431.666	176.386177	-245.452425	2.237
062416	73.844285	40.640098	533.554	-187.577968	291.684229	1.458
062436	73.861935	40.626603	628.805	-404.278489	79.983495	1.707
062456	73.864951	40.605487	771.248	137.251373	466.958564	3.774
062516	73.846303	40.583985	1110.041	217.665549	-452.037812	4.343
062536	73.818343	40.572759	1329.185	509.830139	21.997576	3.66
062556	73.788031	40.56074	1596.392	-412.21666	-318.732386	3.936
062616	73.757844	40.547963	1866.662	452.907126	283.809314	4.041
062636	73.724475	40.53985	2112.688	-133.825095	-522.782384	2.774
062656	73.690063	40.544448	2231.134	-439.901554	293.582241	2.219
062716	73.659535	40.558706	2402.466	381.319579	-376.846655	2.68
062736	73.63045	40.574194	2591.254	529.650249	-170.327241	2.792
062756	73.599839	40.589048	2765.456	410.669915	-395.067225	2.815
062816	73.573267	40.607899	2956.781	-158.176543	-519.656288	2.461
062836	73.560918	40.632531	3098.068	-502.453431	115.80442	1.738
062856	73.557253	40.658401	3190.332	207.651861	502.799679	1.988
062916	73.553133	40.685724	3343.663	234.197728	518.606908	2.485
062936	73.548538	40.714548	3532.421	360.532702	-456.808406	2.848
062956	73.544228	40.744252	3719.49	591.538298	-59.502019	2.946
063016	73.538715	40.773777	3921.129	463.222559	-393.731463	2.871
063036	73.541607	40.803387	4102.377	180.312467	551.198799	3.294
063056	73.555309	40.829505	4340.726	551.031046	43.247332	3.888
063116	73.570514	40.854825	4627.227	404.439545	366.271675	3.69
063136	73.584	40.87988	4842.233	-485.954422	266.152235	2.683
063156	73.597086	40.904686	4949.937	488.659771	-301.442973	1.622
063216	73.611769	40.932367	5048.251	473.13008	-368.492636	1.197
063236	73.628783	40.96298	5097.304	-591.617609	197.310074	0.376
063256	73.654919	40.985814	5098.497	399.112113	-470.17195	0.048
063316	73.692689	40.99704	5104.866	587.682572	181.656509	-0.002
063336	73.7325	41.0025	5098.0	-105.759589	-606.853285	-0.0
063356	73.770771	41.008109	5104.14	-62.683288	-612.871293	0.003
063416	73.810867	41.014023	5103.559	-170.383841	-591.498195	-0.031
063436	73.85225	41.019861	5096.877	-94.857968	-609.042224	-0.026
063456	73.892455	41.025552	5096.141	-97.221317	-610.522765	0.04
063516	73.930435	41.030991	5104.263	-114.223186	-605.433827	0.013
063536	73.971816	41.036856	5099.666	-77.546385	-610.72744	-0.004
063556	74.010104	41.042212	5099.876	-335.089668	-478.006951	0.007
063616	74.044504	41.046996	5105.736	-517.111952	-137.635453	-0.006
063636	74.078683	41.051755	5103.281	-501.262672	-32.003317	-0.033
063656	74.1097	41.0561	5098.0	-438.74804	-184.597284	-0.03
063716	74.136015	41.059813	5096.535	-204.158258	-399.205313	0.021
063736	74.164407	41.063763	5100.826	-5.669253	-435.46658	0.04
063756	74.1959	41.0681	5105.0	-75.199189	-431.496329	0.0
063816	74.225207	41.072162	5100.791	-329.341504	-290.571192	-0.04
063836	74.253122	41.076019	5096.613	-429.345462	-90.966023	-0.02
063856	74.2812	41.0799	5098.0	-404.643676	-170.248336	0.041
063916	74.310071	41.083944	5102.759	-156.286893	-410.462564	0.057
063936	74.339951	41.088051	5106.352	-152.413915	-411.124874	0.011
063956	74.3692	41.092	5105.0	-403.721936	-169.860526	-0.041
064016	74.395762	41.095654	5099.094	-432.539822	-75.85869	-0.02
064036	74.422871	41.09944	5099.904	-299.634947	-315.297207	0.011
064056	74.4522	41.1035	5105.0	-75.199189	-431.496329	0.0
064116	74.482916	41.107643	5101.039	-335.874494	-330.872762	-0.039
064136	74.51569	41.112051	5096.337	-499.932968	-125.599823	-0.018
064156	74.5499	41.1167	5098.0	-503.269811	-211.743944	0.041
064216	74.584075	41.121378	5103.934	-476.793553	-279.672292	0.024
064236	74.620006	41.126309	5103.148	-548.013497	-63.466454	-0.021
064256	74.657	41.1311	5098.0	-506.956769	-213.295181	-0.046
064316	74.691658	41.136845	5097.798	-517.457195	174.381653	0.139
064336	74.723736	41.14929	5107.907	-453.87202	-316.11262	1.053
064356	74.755659	41.163158	5207.227	559.269912	27.769459	2.088
064416	74.788533	41.177211	5378.32	-390.015858	-406.013507	2.683
064436	74.821984	41.191717	5573.626	-252.583748	-504.956531	2.76
064456	74.854694	41.205927	5758.032	112.245514	-557.06818	2.663
064516	74.886594	41.219742	5922.65	68.925845	-570.323462	2.572
064536	74.918907	41.233761	6084.046	-21.290233	-580.342252	2.481
064556	74.951992	41.248137	6247.423	-3.496545	-585.299037	2.382
064616	74.984972	41.26238	6399.349	-95.77359	-580.494759	2.279
064636	75.019249	41.27715	6542.731	124.366323	-579.444978	2.154
064656	75.05454	41.292385	6681.441	508.770339	-317.625662	2.04
064716	75.087793	41.306717	6811.654	384.594036	-470.081717	2.017
064736	75.121353	41.321149	6942.254	-0.36305	-612.827644	2.036
064756	75.157581	41.336709	7080.32	-60.001569	-611.930087	2.022
064816	75.193997	41.352371	7212.933	2.219943	-617.711787	1.912
064836	75.229691	41.367723	7332.299	-13.03971	-623.517058	1.74
064856	75.266598	41.38353	7442.616	-11.762448	-630.63364	1.621
064916	75.304145	41.399606	7546.079	-16.593975	-636.214098	1.554
064936	75.341259	41.415535	7644.664	-50.340794	-637.650379	1.511
064956	75.3777	41.4311	7742.0	-14.230223	-643.842761	1.499
065016	75.414064	41.44657	7841.036	26.048376	-650.682871	1.527
065036	75.452684	41.463178	7941.45	-617.914301	-211.91402	1.57
065056	75.490663	41.477508	8045.523	363.507372	-538.95615	1.475
065116	75.528862	41.489183	8141.366	144.892749	633.592423	1.276
065136	75.570246	41.501022	8216.432	-137.353148	642.175584	1.167
065156	75.611581	41.512857	8285.059	-359.36049	555.125976	1.209
065216	75.652514	41.524639	8374.742	-246.483772	616.333011	1.362
065236	75.694493	41.536667	8475.868	-269.003041	608.960423	1.375
065256	75.7355	41.5484	8557.0	-261.779156	614.569503	1.295
065316	75.773345	41.55924	8639.017	-263.391801	619.069471	1.504
065336	75.817679	41.571902	8752.804	-263.768222	617.943449	1.464
065356	75.862872	41.58477	8846.473	-263.108017	618.060904	1.207
065416	75.903154	41.596209	8902.092	-264.785027	621.651524	1.037
065436	75.941433	41.60707	8973.638	-265.117388	622.54903	1.167
065456	75.9829	41.618834	9058.782	-264.503934	620.395505	1.37
065516	76.0272	41.631388	9157.894	-262.512503	618.51917	1.288
065536	76.0702	41.6435	9243.0	-263.738581	619.169574	0.945
065556	76.110684	41.654781	9269.677	-268.859347	624.198765	0.778
065616	76.153893	41.666883	9312.22	-250.724706	636.352394	1.272
065636	76.196855	41.679034	9436.054	-290.580727	612.110173	2.061
065656	76.237945	41.690695	9620.479	-217.314422	626.389669	2.345
065716	76.281523	41.702935	9763.642	255.513243	602.352718	1.779
065736	76.322977	41.714403	9846.186	408.379957	508.889353	1.268
065756	76.362334	41.725241	9908.897	372.635309	536.176651	1.112
065816	76.4026	41.736475	9992.402	421.37973	497.473174	1.089
065836	76.443599	41.748046	10062.013	60.514245	650.485304	1.053
065856	76.484768	41.759621	10121.839	-244.765919	607.578588	1.056
065916	76.525778	41.770961	10197.245	222.819887	613.916043	1.133
065936	76.566683	41.782214	10278.655	434.878838	483.3659	0.998
065956	76.607659	41.793497	10339.493	356.04168	544.275162	0.635
070016	76.648935	41.804876	10361.076	358.788274	547.139888	0.252
070036	76.690708	41.816424	10363.895	373.016681	537.356099	0.043
070056	76.732408	41.827899	10362.872	366.048092	539.42406	-0.002
070116	76.773145	41.838995	10362.836	367.515421	540.662715	-0.001
070136	76.812685	41.84981	10363.255	368.364652	544.550241	-0.002
070156	76.85276	41.860779	10362.839	372.739905	545.026698	0.003
070216	76.894741	41.872194	10362.253	378.611383	541.912431	0.031
070236	76.936098	41.883551	10366.327	346.3889	562.638807	0.051
070256	76.976998	41.894791	10371.461	391.486473	532.875316	0.035
070316	77.018391	41.90599	10371.584	462.799815	474.710923	-0.001
070336	77.05814	41.916746	10370.312	-67.623403	658.028509	0.029
070356	77.101426	41.928427	10374.212	-137.497298	643.177199	0.042
070416	77.147079	41.940673	10377.923	397.6472	520.224702	-0.005
070436	77.187821	41.951595	10372.89	411.951973	507.300136	-0.037
070456	77.225705	41.961787	10370.546	343.273826	554.215305	-0.038
070516	77.26478	41.972294	10370.81	367.679175	535.778538	-0.037
070536	77.307076	41.983594	10365.985	368.619698	532.958346	-0.063
070556	77.348309	41.994591	10360.58	361.600367	535.065255	-0.082
070616	77.388	42.0052	10356.0	362.204229	532.488588	-0.076
070636	77.429309	42.016298	10350.045	362.591652	532.430998	-0.054
070656	77.470258	42.027424	10347.428	361.594545	531.840178	-0.027
070716	77.5103	42.0384	10348.0	361.079371	530.834897	0.0
070736	77.551293	42.049597	10347.347	362.887473	533.446837	0.028
070756	77.593569	42.061049	10350.223	364.450458	535.811606	0.051
070816	77.6352	42.0723	10356.0	365.016373	536.622816	0.076
070836	77.674253	42.082932	10359.628	366.319938	538.520229	0.113
070856	77.71583	42.094178	10368.652	368.304712	541.498816	0.102
070916	77.75887	42.105752	10377.907	370.023531	543.995357	0.043
070936	77.797107	42.116105	10373.302	370.396353	544.307384	0.005
070956	77.836772	42.126781	10372.632	369.679457	543.981345	0.004
071016	77.880147	42.138418	10378.037	369.970464	544.060451	0.002
071036	77.922379	42.149865	10371.644	371.518311	545.28945	-0.044
071056	77.965201	42.161244	10369.823	366.2833	550.079911	-0.024
071116	78.008198	42.17267	10371.37	382.768157	538.920825	0.007
071136	78.049446	42.183745	10371.047	378.998497	541.557086	0.001
071156	78.088154	42.193973	10370.903	290.449075	593.76646	-0.001
071216	78.129625	42.204848	10371.051	517.731622	410.935665	0.0
071236	78.174765	42.216731	10371.019	660.791098	-16.45104	-0.0
071256	78.217488	42.228012	10370.826	549.687476	367.185996	0.003
071316	78.258965	42.239043	10371.337	402.835037	523.925468	-0.007
071336	78.301076	42.250117	10371.219	658.600788	44.856996	-0.029
071356	78.343257	42.260666	10367.23	514.791836	-410.825462	-0.034
071416	78.385221	42.270879	10363.17	349.041977	-557.724881	-0.031
071436	78.426794	42.281118	10363.314	326.072797	-573.098151	-0.035
071456	78.467631	42.291188	10361.511	346.397969	-561.546397	-0.044
071516	78.508359	42.301179	10356.351	341.381672	-562.686547	-0.042
071536	78.5504	42.311609	10355.319	339.361925	-563.155608	-0.014
071556	78.592323	42.322013	10356.302	341.401082	-563.292278	0.002
071616	78.63395	42.332257	10356.093	342.205677	-565.296849	-0.001
071636	78.677221	42.342873	10355.218	342.872146	-566.672945	0.023
071656	78.719888	42.35329	10357.614	343.558172	-567.572624	0.048
071716	78.761302	42.363374	10362.652	344.250253	-568.764922	0.043
071736	78.804083	42.373857	10363.825	345.233886	-570.409944	0.01
071756	78.847078	42.384358	10362.355	346.304395	-572.161769	0.005
071816	78.889206	42.394581	10362.677	347.332986	-573.86474	0.038
071836	78.931274	42.404834	10367.982	348.31975	-575.496381	0.049
071856	78.974249	42.415345	10371.787	348.254416	-575.387579	0.03
071916	79.017873	42.426037	10371.1	347.4645	-574.082647	0.002
071936	79.060807	42.436604	10370.804	347.922393	-574.837427	-0.003
071956	79.104495	42.447342	10371.089	348.728493	-576.174265	0.0
072016	79.148853	42.458149	10371.029	348.9838	-576.594931	-0.0
072036	79.191313	42.468361	10370.755	349.041209	-576.663868	0.004
072056	79.233325	42.478506	10371.465	348.912636	-576.522341	-0.009
072116	79.276756	42.489114	10371.302	348.528505	-575.871287	-0.038
072136	79.321565	42.500039	10366.045	347.906456	-574.483735	-0.048
072156	79.364549	42.510442	10362.229	347.126586	-574.178803	-0.031
072216	79.405925	42.520376	10362.918	347.282891	-574.210274	-0.002
072236	79.450218	42.530981	10362.995	348.688886	-571.537622	0.007
072256	79.494229	42.541538	10363.317	341.343539	-573.032731	-0.009
072316	79.5357	42.551514	10363.237	341.769158	-570.578311	-0.038
072336	79.577014	42.561432	10358.886	371.771636	-551.09642	-0.053
072356	79.619925	42.571619	10354.907	287.081214	-600.001864	-0.021
072416	79.663627	42.582056	10355.657	307.251402	-589.836393	0.037
072436	79.705508	42.592352	10360.407	625.674455	-222.15897	0.048
072456	79.748747	42.601855	10363.808	-548.596362	-371.206941	0.025
072516	79.794228	42.609453	10363.458	-436.202356	-496.923017	0.003
072536	79.837555	42.613706	10362.605	154.615235	-642.649795	0.002
072556	79.879591	42.61568	10363.129	-613.791268	245.203886	-0.002
072616	79.923923	42.617656	10363.914	-637.90729	-170.121906	-0.034
072636	79.969495	42.619779	10359.708	-381.217216	-538.888686	-0.034
072656	80.015154	42.621913	10356.069	-539.273575	-382.48241	0.004
072716	80.060477	42.624	10360.986	-658.436903	74.216008	0.038
072736	80.10546	42.625948	10363.894	-607.528116	265.930799	0.029
072756	80.150655	42.627782	10362.944	-631.421769	202.116465	-0.002
072816	80.196221	42.62959	10363.127	-632.30748	199.256517	-0.007
072836	80.240211	42.631345	10362.229	-628.394697	211.58389	0.019
072856	80.282869	42.633074	10363.455	-629.687788	207.429456	0.041
072916	80.326317	42.634859	10369.809	-629.117416	208.535533	0.018
072936	80.372162	42.636765	10369.003	-631.689542	203.638786	-0.021
072956	80.419117	42.638693	10362.817	-631.159748	209.550524	-0.041
073016	80.464562	42.640493	10362.646	-623.93033	230.311975	-0.018
073036	80.509654	42.642312	10362.446	-649.248439	144.473164	0.022
073056	80.554849	42.644083	10363.224	-626.431527	226.339097	0.04
073116	80.599481	42.645585	10369.837	-272.190914	609.521503	0.014
073136	80.643685	42.646937	10368.544	-309.579007	592.137855	-0.01
073156	80.688256	42.648379	10362.963	-639.835607	191.892406	0.002
073216	80.733682	42.650055	10367.962	-654.273952	134.599049	0.039
073236	80.778132	42.651641	10372.787	-601.558685	290.430266	0.018
073256	80.822471	42.653072	10370.764	-640.110508	191.015723	-0.043
073316	80.868806	42.654536	10364.971	-587.864619	-317.378656	-0.051
073336	80.91408	42.656003	10362.211	-579.879689	-331.212154	-0.024
073356	80.958459	42.657475	10363.041	-623.972276	238.656697	0.001
073416	81.004504	42.658968	10363.176	-292.647315	602.704909	0.001
073436	81.050022	42.660311	10362.802	-97.568526	664.85479	0.001
073456	81.095088	42.661565	10363.043	-176.736416	649.414203	-0.001
073516	81.141617	42.662914	10363.705	-284.898834	610.378477	-0.026
073536	81.187842	42.664167	10360.677	162.667603	654.87871	-0.056
073556	81.231936	42.665475	10355.835	-257.753605	624.964973	-0.043
073616	81.274812	42.667813	10355.549	675.311171	-31.121598	0.037
073636	81.322636	42.673031	10360.153	-446.550306	507.530944	0.058
073656	81.371131	42.679116	10363.63	-565.997118	369.459556	0.029
073716	81.416096	42.684258	10363.13	-559.018383	379.907038	0.002
073736	81.46004	42.68925	10362.837	-555.913089	386.704602	-0.003
073756	81.503802	42.694232	10363.045	-559.631077	382.987604	0.001
073816	81.548242	42.699228	10363.009	-558.990986	383.650449	0.0
073836	81.594838	42.704496	10362.988	-559.473953	383.981727	-0.0
073856	81.640721	42.709662	10363.004	-559.348178	385.004138	0.0
073916	81.684871	42.71463	10363.001	-559.208394	385.049488	0.0
073936	81.73082	42.719958	10362.996	-564.114974	379.444746	0.0
073956	81.777592	42.725364	10363.005	-555.34824	395.370595	-0.0
074016	81.823381	42.7305	10363.007	-554.568666	399.839323	-0.0
074036	81.868181	42.735448	10362.961	-610.781827	310.115051	0.001
074056	81.913439	42.740398	10363.059	-474.239835	496.503264	-0.001
074116	81.959955	42.745473	10363.093	-4.060447	688.69561	-0.002
074136	82.00654	42.750623	10362.455	-273.81099	632.840436	0.017
074156	82.052696	42.75571	10363.883	-610.509211	322.445545	0.053
074216	82.098303	42.760668	10369.271	-588.960507	363.152028	0.078
074236	82.1434	42.765613	10376.026	-545.020122	425.025159	0.045
074256	82.189733	42.770688	10377.399	-584.0721	367.073801	-0.012
074316	82.237984	42.775903	10371.982	-597.768187	344.621779	-0.039
074336	82.28532	42.781018	10370.727	-315.170409	613.319392	-0.037
074356	82.330825	42.785894	10370.417	81.155455	684.120762	-0.047
074416	82.375836	42.790664	10364.83	60.761111	686.294558	-0.076
074436	82.423198	42.795757	10357.909	-74.633021	684.882641	-0.048
074456	82.471269	42.800825	10356.597	123.543475	677.954048	0.015
074516	82.517441	42.805642	10361.978	241.166909	646.318897	0.048
074536	82.562078	42.810964	10363.469	-637.069248	-265.421191	0.015
074556	82.606962	42.816979	10362.621	261.981442	-637.800677	-0.005
074616	82.652316	42.823213	10363.104	-186.31456	-663.347759	-0.001
074636	82.697819	42.829285	10363.691	-614.268714	-313.748645	-0.028
074656	82.746056	42.835758	10360.434	-533.06927	-438.090333	-0.053
074716	82.793953	42.842331	10355.67	-81.431291	-685.246175	-0.036
074736	82.8375	42.848383	10355.278	-42.345602	-690.222038	0.028
074756	82.883198	42.854614	10359.596	-446.59981	-530.51475	0.055
074816	82.931191	42.860971	10363.583	-658.721073	-223.275865	0.032
074836	82.978819	42.867155	10363.391	-651.103004	-250.338145	0.002
074856	83.026333	42.873366	10362.022	-638.290172	-285.023734	0.016
074916	83.073198	42.87952	10364.095	-645.825898	-270.974545	0.046
074936	83.118948	42.885508	10369.945	-644.910187	-276.738708	0.046
074956	83.164345	42.891508	10371.837	-658.506889	-243.764291	0.019
075016	83.209936	42.897654	10370.779	-630.248144	-309.064692	-0.003
075036	83.25617	42.903762	10370.797	-606.081045	-354.114905	-0.001
075056	83.303564	42.909185	10371.84	-616.837791	335.696144	-0.001
075116	83.351843	42.913945	10372.031	335.628704	617.435244	-0.016
075136	83.400305	42.918425	10368.916	658.155534	247.58379	-0.049
075156	83.4479	42.9227	10363.0	603.024682	361.345033	-0.076
075216	83.494093	42.926679	10357.603	590.189762	380.185937	-0.059
075236	83.541557	42.93082	10355.444	607.109169	353.730793	-0.023
075256	83.5898	42.9351	10356.0	604.740258	362.373041	0.0
075316	83.636001	42.939093	10356.255	606.967569	362.706529	-0.002
075336	83.683695	42.943197	10355.559	605.149055	369.288557	0.01
075356	83.7333	42.9475	10356.0	609.886983	365.457067	0.041
075416	83.781518	42.951664	10360.305	629.45279	336.081777	0.058
075436	83.829146	42.955727	10365.379	558.71469	448.55471	0.062
075456	83.877157	42.959771	10369.114	476.554779	538.078972	0.052
075516	83.925596	42.963816	10371.851	708.580033	119.175356	0.013
075536	83.97372	42.967814	10371.625	611.233196	-373.413362	-0.04
075556	84.0205	42.971696	10365.116	378.978319	607.002937	-0.053
075616	84.069464	42.97585	10361.684	-1.15925	717.43622	-0.021
075636	84.11986	42.980124	10363.31	678.844296	237.101676	-0.001
075656	84.168668	42.984123	10363.918	624.707993	-357.144184	-0.032
075716	84.217681	42.988084	10359.536	722.505153	66.366809	-0.036
075736	84.267216	42.992105	10355.994	427.583202	-581.312023	0.009
075756	84.316121	42.996116	10360.491	-669.803353	-245.400181	0.065
075816	84.363658	43.00004	10367.414	-101.504065	768.269998	0.077
075836	84.412498	43.004009	10371.214	402.988132	-558.54549	0.037
075856	84.464547	43.008131	10370.819	-307.789867	338.821025	-0.006
075916	84.515744	43.012137	10370.628	389.59394	-477.748359	-0.002
075936	84.56448	43.015776	10371.531	124.839646	-755.302057	-0.008
075956	84.611987	43.018773	10371.15	-731.709736	-87.587071	-0.035
080016	84.661304	43.020965	10366.124	513.357283	514.494485	-0.038
080036	84.711194	43.022899	10362.798	-737.46344	-49.237495	-0.036
080056	84.760386	43.024983	10363.461	-731.486589	108.655844	-0.042
080116	84.809997	43.026999	10358.973	-664.475785	323.211463	-0.026
080136	84.861029	43.029018	10356.352	-709.250046	212.34675	0.01
080156	84.913114	43.031161	10361.815	-707.117929	223.609695	0.04
080216	84.963896	43.033288	10363.899	-703.705153	239.616787	0.023
080236	85.01328	43.035281	10362.82	-708.499421	232.09914	-0.004
080256	85.062482	43.037136	10362.932	-710.165607	233.513178	-0.002
080316	85.112688	43.039026	10362.992	-711.212247	235.099195	0.003
080336	85.164527	43.041	10363.08	-712.613656	234.901171	-0.002
080356	85.217454	43.043007	10363.204	-713.884723	235.381414	-0.004
080416	85.269394	43.044936	10361.959	-714.853873	235.80652	0.022
080436	85.319612	43.046756	10364.043	-715.071181	235.807886	0.04
080456	85.369175	43.048542	10370.384	-714.886541	235.726059	0.013
080516	85.420907	43.050462	10368.126	-716.423693	236.41587	-0.028
080536	85.472739	43.052362	10362.347	-718.142594	236.690625	-0.039
080556	85.522631	43.054081	10362.629	-718.046929	236.330546	-0.009
080616	85.574694	43.055862	10363.053	-718.229592	238.843086	0.01
080636	85.626543	43.057644	10363.189	-720.547438	235.575195	-0.006
080656	85.675792	43.059299	10363.738	-721.69671	231.364174	-0.037
080716	85.72878	43.06101	10359.124	-712.312604	262.511062	-0.031
080736	85.782614	43.062738	10356.249	-731.176194	212.377661	0.009
080756	85.83293	43.064395	10361.545	-747.150078	153.446674	0.04
080816	85.885205	43.066113	10363.942	-473.91254	598.568944	0.024
080836	85.938934	43.067837	10362.823	-236.914937	726.518141	-0.003
080856	85.990752	43.069443	10362.837	-692.904106	325.248625	-0.001
080916	86.040762	43.070933	10363.328	-612.229486	462.945223	-0.003
080936	86.090851	43.072396	10362.717	-125.327878	758.901421	0.005
080956	86.143293	43.073925	10362.115	-149.733519	754.436192	0.036
081016	86.198994	43.075528	10367.458	-219.475417	736.743778	0.031
081036	86.253589	43.077107	10370.711	-187.231827	746.079736	-0.009
081056	86.303731	43.078574	10364.658	-189.317032	747.055851	-0.04
081116	86.354677	43.079983	10361.931	-194.474822	746.310119	-0.024
081136	86.408448	43.08138	10363.196	-192.06083	746.627745	0.003
081156	86.463179	43.082781	10363.167	-192.171111	746.541571	0.001
081216	86.514775	43.084173	10362.706	-192.692749	747.077329	0.003
081236	86.564981	43.085587	10363.239	-192.645778	747.586445	-0.005
081256	86.616778	43.087004	10363.741	-192.619663	747.443259	-0.036
081316	86.668219	43.088249	10359.246	-192.897494	748.450724	-0.033
081336	86.7214	43.089453	10356.1	-193.202725	749.624829	0.011
081356	86.777965	43.090793	10361.052	-193.19921	749.539901	0.065
081416	86.832723	43.092119	10366.808	-193.103323	749.671504	0.088
081436	86.883888	43.093331	10372.218	-193.219371	749.28545	0.07
081456	86.933711	43.094454	10377.503	-193.078689	747.786434	0.019
081516	86.986982	43.095646	10376.116	-191.257611	747.822587	-0.045
081536	87.041496	43.096823	10369.621	-194.085422	747.127441	-0.077
081556	87.093422	43.09788	10363.962	-197.095363	745.547641	-0.052
081616	87.144886	43.098983	10362.407	-173.117631	751.308905	-0.017
081636	87.197117	43.100125	10363.099	-212.307965	741.08432	0.002
081656	87.250015	43.101198	10363.057	-255.782761	725.85324	0.001
081716	87.302815	43.102167	10362.987	158.682138	750.816907	-0.001
081736	87.354961	43.103084	10362.976	556.769958	525.847437	0.001
081756	87.406762	43.104017	10362.904	544.08615	539.043389	0.002
081816	87.459777	43.104961	10363.413	504.477344	576.513604	-0.013
081836	87.512904	43.105879	10362.556	524.161592	558.558329	-0.034
081856	87.564414	43.106742	10358.915	526.483316	556.350472	-0.042
081916	87.614935	43.107585	10355.829	520.487293	562.008956	-0.028
081936	87.665571	43.108445	10355.696	520.279097	562.216642	-0.002
081956	87.71775	43.109342	10356.293	521.180529	561.310022	-0.01
082016	87.771145	43.110175	10355.898	520.85452	561.691009	0.007
082036	87.824142	43.110876	10356.94	520.96411	561.295679	0.092
082056	87.876181	43.111616	10364.282	520.978843	559.212548	0.101
082116	87.9282	43.1124	10371.0	518.841063	559.439855	0.061
082136	87.980708	43.113172	10371.47	515.916878	562.193629	0.018
082156	88.03201	43.113772	10371.18	525.739771	552.349225	-0.014
082216	88.0837	43.1144	10371.0	517.481061	557.973433	-0.041
082236	88.138737	43.115235	10366.285	628.356708	427.849459	-0.07
082256	88.190589	43.114842	10359.876	-90.640425	-757.616661	-0.071
082316	88.2395	43.1119	10356.0	764.66612	81.527447	-0.041
082336	88.292048	43.105853	10356.118	45.150221	773.908077	-0.009
082356	88.344121	43.097041	10354.588	-688.43138	-373.27106	0.03
082416	88.395056	43.085075	10358.005	733.944491	-293.844388	0.052
082436	88.444743	43.071223	10364.904	-786.606588	-106.226181	0.034
082456	88.493192	43.05756	10363.603	-655.128544	-447.169877	0.005
082516	88.545495	43.042782	10362.235	-369.910605	-701.533301	-0.006
082536	88.599205	43.027585	10362.71	-483.919137	-629.849364	-0.002
082556	88.648277	43.013676	10363.129	-569.901106	-555.517832	0.001
082616	88.695253	43.000299	10362.991	-545.999917	-580.653353	0.0
082636	88.746792	42.98554	10362.927	-544.771552	-582.6221	0.001
082656	88.79821	42.9708	10363.161	-546.736414	-582.241425	-0.003
082716	88.84767	42.956588	10362.956	-550.05012	-580.970146	0.001
082736	88.897672	42.942144	10362.247	-565.377188	-566.996348	0.027
082756	88.949315	42.927269	10365.526	-502.678924	-624.338072	0.052
082816	89.000698	42.912478	10371.223	-564.186785	-571.532117	0.038
082836	89.049438	42.898326	10372.633	-802.287738	-67.122245	-0.023
082856	89.099371	42.883787	10367.216	-772.480104	233.499839	-0.036
082916	89.152077	42.868417	10363.078	-794.89081	145.039092	0.002
082936	89.205455	42.852789	10369.197	-796.449381	135.424194	0.009
082956	89.255955	42.838079	10369.32	-793.543426	155.540441	-0.019
083016	89.304454	42.823984	10362.788	-796.156095	149.35198	-0.04
083036	89.354541	42.809289	10362.327	-796.406424	148.685531	-0.014
083056	89.404987	42.794479	10363.252	-795.826962	150.063705	0.006
083116	89.456001	42.779538	10363.0	-796.087455	149.632452	-0.001
083136	89.508996	42.763976	10363.224	-796.840212	149.722816	-0.005
083156	89.56199	42.748325	10362.245	-796.963819	149.852355	0.014
083216	89.612758	42.733271	10363.218	-795.98428	149.634229	0.042
083236	89.661431	42.718835	10369.747	-794.411462	149.337296	0.044
083256	89.713647	42.70329	10371.802	-793.402048	149.152628	0.024
083316	89.767339	42.687248	10371.063	-791.562075	148.804036	-0.006
083336	89.817691	42.672189	10371.729	-788.122946	148.157654	-0.035
083356	89.864498	42.65823	10367.387	-786.496328	147.852131	-0.044
083416	89.911957	42.644044	10362.609	-786.063676	147.770908	-0.04
083436	89.963292	42.628582	10363.203	-784.678185	147.510808	-0.039
083456	90.014231	42.613201	10360.194	-783.60176	147.305909	-0.048
083516	90.063461	42.598363	10355.309	-783.249906	147.243977	-0.033
083536	90.112626	42.583574	10355.075	-783.259608	147.250611	0.026
083556	90.164219	42.567989	10359.432	-783.298205	147.222038	0.053
083616	90.215896	42.552347	10363.431	-783.27136	147.275856	0.035
083636	90.264555	42.537627	10363.285	-783.258069	147.340344	0.006
083656	90.311989	42.523171	10362.764	-783.364923	146.861361	-0.003
083716	90.360793	42.508249	10363.089	-783.191849	147.64871	-0.0
083736	90.411716	42.49273	10363.209	-782.99517	148.544694	-0.003
083756	90.461574	42.477503	10362.202	-784.436372	141.863527	0.018
083816	90.510536	42.462475	10363.837	-782.034192	152.831253	0.044
083836	90.560001	42.447249	10369.735	-778.122425	165.053822	0.045
083856	90.609206	42.432148	10371.611	-790.963177	71.088944	0.025
083916	90.659764	42.416603	10371.086	-759.929934	225.23077	-0.007
083936	90.711835	42.400459	10371.646	-413.054723	673.953971	-0.035
083956	90.759645	42.385556	10367.195	-219.014742	758.526778	-0.044
084016	90.805452	42.371296	10362.648	-309.096053	725.6317	-0.04
084036	90.853988	42.35624	10363.26	-303.798861	726.154383	-0.039
084056	90.903846	42.340672	10360.015	-290.367178	732.256138	-0.045
084116	90.953445	42.325113	10355.486	-297.289884	731.023434	-0.036
084136	91.00242	42.309751	10355.64	-296.924876	731.096078	-0.006
084156	91.052054	42.294095	10356.384	-295.940788	731.492189	0.001
084216	91.101916	42.278389	10355.785	-296.891295	732.519693	0.003
084236	91.150743	42.26311	10355.397	-297.693543	734.56822	0.032
084256	91.198172	42.248142	10359.115	-297.807203	735.060668	0.049
084316	91.246021	42.23299	10363.352	-297.847655	735.060032	0.037
084336	91.295817	42.217317	10363.331	-298.398369	736.414184	0.007
084356	91.34539	42.201609	10362.81	-298.621993	737.015221	-0.004
084416	91.394352	42.185941	10363.025	-298.553321	736.792905	0.001
084436	91.443455	42.170186	10363.025	-298.601212	736.832882	0.0
084456	91.4923	42.154592	10362.983	-298.343208	736.652687	-0.0
084516	91.541026	42.13906	10363.005	-298.723971	736.950647	-0.0
084536	91.590068	42.123338	10363.016	-299.720433	738.316775	-0.0
084556	91.63936	42.107492	10362.947	-297.273709	738.632943	0.001
084616	91.688692	42.091622	10363.042	-299.931053	736.247429	-0.001
084636	91.73759	42.075884	10363.22	-306.373631	735.074216	-0.004
084656	91.785227	42.060546	10362.317	-276.586086	747.967515	0.015
084716	91.833834	42.044876	10363.374	-312.074352	734.576351	0.043
084736	91.885311	42.028229	10369.119	-396.605572	694.823226	0.047
084756	91.934038	42.012347	10371.91	84.606763	797.83209	0.023
084816	91.981644	41.99679	10370.892	448.794109	665.782455	-0.001
084836	92.033077	41.980092	10370.659	-154.53112	786.249609	0.002
084856	92.083621	41.963667	10371.757	-111.05356	793.929622	-0.014
084916	92.131403	41.948061	10370.612	495.695509	631.763651	-0.043
084936	92.178724	41.932552	10364.803	511.538921	617.334067	-0.046
084956	92.229183	41.916009	10362.316	436.157781	670.980498	-0.027
085016	92.280839	41.89904	10362.986	463.946073	651.750072	0.003
085036	92.329308	41.883026	10362.368	465.292794	651.000827	0.031
085056	92.376145	41.867505	10365.858	459.326948	654.057183	0.05
085116	92.423262	41.85193	10371.382	460.556656	651.59815	0.037
085136	92.471502	41.836045	10372.08	460.646948	651.536201	-0.018
085156	92.520317	41.819855	10368.302	460.207668	651.73672	-0.065
085216	92.56918	41.803578	10362.394	459.785412	650.839597	-0.076
085236	92.617828	41.78744	10357.211	458.955933	649.655886	-0.054
085256	92.666195	41.771317	10355.446	458.553146	649.125128	-0.021
085316	92.714967	41.754973	10356.024	458.709111	649.344279	0.001
085336	92.764377	41.738437	10356.035	458.823614	649.571251	0.003
085356	92.811451	41.722671	10356.109	458.326324	648.599335	-0.004
085416	92.857461	41.707204	10355.96	457.510967	647.701705	0.001
085436	92.906387	41.69069	10355.231	457.645865	648.889922	0.028
085456	92.956587	41.673718	10358.153	460.4307	649.19632	0.048
085516	93.0058	41.6571	10363.0	459.851114	650.95772	0.041
085536	93.05322	41.641127	10363.499	453.138558	655.620848	0.012
085556	93.101241	41.624887	10362.812	476.743441	639.063457	-0.004
085616	93.1497	41.6084	10363.0	460.428092	651.77448	0.0
085636	93.196441	41.592462	10362.975	362.934771	710.585856	0.002
085656	93.24456	41.576075	10363.14	677.448954	422.650813	-0.003
085716	93.2947	41.559	10363.0	799.217717	-35.370051	0.0
085736	93.344416	41.541997	10362.151	620.012577	507.137723	0.027
085756	93.394072	41.524971	10365.448	568.963144	563.308616	0.048
085816	93.4434	41.5081	10371.0	800.216739	-35.414263	0.041
085836	93.491238	41.491775	10371.583	799.105274	-94.539272	0.012
085856	93.538364	41.475296	10370.758	805.573137	-22.030309	-0.004
085916	93.5868	41.4589	10371.0	463.312979	655.85828	-0.0
085936	93.63804	41.444086	10371.14	-3.762992	-799.477525	-0.0
085956	93.688512	41.432524	10370.935	-640.439407	-468.401122	0.001
090016	93.737198	41.424206	10371.043	72.006407	783.552942	-0.001
090036	93.789053	41.416214	10371.805	390.453486	684.476063	-0.028
090056	93.841449	41.408225	10368.291	788.626326	17.518728	-0.049
090116	93.892307	41.400414	10362.83	714.987527	328.723337	-0.039
090136	93.942255	41.392716	10362.299	235.232534	750.7954	-0.007
090156	93.993634	41.384814	10363.743	333.024707	713.185217	-0.008
090216	94.044655	41.376916	10362.844	735.124035	280.977361	-0.042
090236	94.09237	41.369384	10358.047	749.362005	240.201627	-0.052
090256	94.142941	41.361418	10354.696	717.289601	324.303355	-0.012
090316	94.196325	41.353091	10356.197	728.552916	297.48122	0.042
090336	94.247358	41.345143	10361.302	728.272107	294.023388	0.049
090356	94.297936	41.337203	10363.51	725.767356	299.969633	0.028
090416	94.349162	41.329094	10363.019	728.207574	298.718068	-0.002
090436	94.400335	41.320967	10363.823	729.708135	299.092376	-0.035
090456	94.451689	41.312801	10360.049	730.01085	299.719729	-0.033
090516	94.503281	41.304589	10356.026	729.928227	299.523082	0.002
090536	94.554745	41.296378	10360.853	730.231054	299.629216	0.034
090556	94.605549	41.288222	10363.391	732.134534	300.449734	0.042
090616	94.656703	41.279981	10363.113	733.62164	301.045188	0.041
090636	94.709234	41.271533	10368.379	731.77808	300.276295	0.049
090656	94.75973	41.26338	10372.829	730.456217	299.782136	0.011
090716	94.8089	41.2554	10371.0	730.857514	299.912145	-0.041
090736	94.860592	41.247001	10364.189	730.990696	299.797875	-0.019
090756	94.913346	41.238397	10365.249	730.663254	300.258002	0.01
090816	94.9653	41.2299	10371.0	730.857514	299.912145	0.0
090836	95.015772	41.221658	10366.15	731.784061	297.947898	-0.033
090856	95.06505	41.213544	10361.91	728.46831	304.853793	-0.033
090916	95.1158	41.2051	10363.0	729.932377	299.53251	0.0
090936	95.170221	41.196037	10362.953	740.817438	271.401053	0.009
090956	95.220602	41.187714	10363.559	697.565878	368.527989	-0.016
091016	95.2686	41.1798	10363.0	729.932377	299.53251	-0.041
091036	95.323054	41.170701	10357.413	714.796302	-336.006394	-0.021
091056	95.374578	41.162071	10357.392	744.830057	-262.431097	0.021
091116	95.4215	41.1542	10363.0	729.932377	299.53251	0.041
091136	95.472019	41.145641	10363.641	771.879394	-166.880693	0.014
091156	95.524312	41.136782	10362.746	576.132729	-540.272129	-0.005
091216	95.5757	41.1281	10363.0	646.432062	-452.378811	-0.0
091236	95.625875	41.119594	10363.046	658.14788	-435.637227	0.001
091256	95.676721	41.110928	10362.983	643.466659	-460.195356	-0.0
091316	95.7278	41.1022	10363.0	649.709285	-454.67224	-0.0
091336	95.777287	41.093746	10362.998	650.575242	-453.478816	0.0
091356	95.828961	41.084848	10363.013	649.711938	-455.386516	-0.0
091416	95.8823	41.0756	10363.0	651.347896	-455.818954	-0.0
091436	95.933051	41.066808	10362.923	652.589953	-456.557688	0.001
091456	95.984731	41.057853	10363.196	653.331089	-457.260039	-0.003
091516	96.0375	41.0487	10363.0	653.805812	-457.539026	0.0
091536	96.087607	41.04	10361.921	653.877198	-457.569561	0.031
091556	96.137029	41.031328	10366.024	653.713006	-457.503259	0.036
091616	96.1882	41.0223	10371.0	653.805812	-457.539026	-0.0
091636	96.241601	41.012952	10366.043	654.716192	-458.034792	-0.036
091656	96.294181	41.003738	10361.876	656.285887	-459.635053	-0.032
091716	96.344972	40.99475	10362.939	657.842648	-460.464469	-0.001
091736	96.395652	40.985697	10363.213	657.971615	-458.4595	0.004
091756	96.446483	40.976621	10362.927	653.802159	-462.004124	-0.001
091816	96.497445	40.967555	10362.996	655.564991	-460.14191	-0.0
091836	96.54866	40.95843	10362.999	670.30745	-441.368297	0.001
091856	96.600042	40.94928	10363.031	626.764962	-501.460028	-0.001
091916	96.652188	40.939876	10363.021	638.673781	-483.609773	-0.0
091936	96.705872	40.930134	10362.777	781.870345	172.017272	0.004
091956	96.75829	40.922459	10363.449	-629.555619	492.204333	-0.009
092016	96.808554	40.917482	10363.419	327.801836	-726.522611	-0.034
092036	96.859439	40.912745	10358.653	699.902745	-384.14453	-0.028
092056	96.911183	40.907747	10356.227	471.676697	-646.197901	0.006
092116	96.963162	40.902744	10361.341	472.60816	-643.759188	0.038
092136	97.015271	40.897775	10363.895	514.999956	-608.89009	0.027
092156	97.066591	40.89287	10362.883	497.977651	-623.83523	-0.003
092216	97.117518	40.887927	10362.902	499.354039	-625.316353	-0.003
092236	97.172631	40.882529	10363.011	503.704954	-624.361423	0.002
092256	97.227768	40.877132	10363.034	502.891799	-626.036169	-0.001
092316	97.277747	40.872249	10363.197	502.693649	-625.903369	-0.004
092336	97.330239	40.867045	10362.262	504.198405	-626.551927	0.016
092356	97.383601	40.861739	10363.6	504.78944	-628.559497	0.043
092416	97.432902	40.856906	10369.466	503.882053	-629.274802	0.046
092436	97.484015	40.851867	10371.655	508.980254	-624.846494	0.026
092456	97.537377	40.846485	10371.042	501.657114	-630.868559	-0.005
092516	97.58989	40.841069	10371.646	488.955356	-640.762736	-0.033
092536	97.641885	40.835779	10367.69	559.970473	-579.70452	-0.048
092556	97.694337	40.830497	10362.569	457.354258	-663.675884	-0.037
092616	97.747829	40.825038	10362.594	-100.065806	-799.768777	-0.008
092636	97.801759	40.81949	10363.233	-335.737119	-732.730659	0.004
092656	97.854985	40.813981	10362.968	-244.742619	-767.9547	-0.001
092716	97.906577	40.808606	10362.966	-243.969547	-768.24893	-0.001
092736	97.956942	40.803368	10363.017	-261.68197	-762.151404	0.0
092756	98.009141	40.797931	10362.998	-255.292885	-764.602462	-0.0
092816	98.06534	40.792031	10362.997	-255.349266	-766.106042	-0.0
092836	98.11976	40.786324	10363.001	-256.900838	-766.125143	0.0
092856	98.171048	40.78093	10363.0	-256.448759	-766.258549	-0.0
092916	98.222526	40.775437	10363.0	-256.836952	-767.58139	-0.0
092936	98.275674	40.769745	10363.0	-257.218576	-768.371791	0.0
092956	98.329652	40.763972	10363.0	-257.109682	-768.15035	0.0
093016	98.382519	40.758306	10363.0	-257.035559	-767.970302	-0.0
093036	98.435341	40.752597	10362.999	-257.17928	-768.349478	0.0
093056	98.488608	40.74678	10363.0	-257.400196	-769.020461	0.0
093116	98.541039	40.741017	10363.005	-257.406961	-769.158572	-0.0
093136	98.59297	40.735301	10362.992	-257.457828	-769.025631	0.0
093156	98.644481	40.729638	10362.991	-257.46682	-769.042919	0.0
093216	98.694862	40.724083	10363.065	-256.987228	-769.19709	-0.001
093236	98.746342	40.718347	10362.886	-258.155309	-768.841292	0.002
093256	98.800652	40.712239	10362.879	-258.202385	-768.828682	0.002
093316	98.856563	40.705957	10363.911	-251.471219	-770.806049	-0.026
093336	98.909874	40.699967	10361.32	-267.822448	-765.917827	-0.039
093356	98.960136	40.694274	10356.212	-271.917355	-765.990273	-0.009
093416	99.012957	40.6882	10359.142	-176.414585	-793.710588	0.031
093436	99.065992	40.682128	10363.759	-381.198148	-718.229067	0.036
093456	99.116854	40.67637	10363.236	-764.513002	-279.153924	0.005
093516	99.169046	40.670355	10362.769	-804.766879	-122.983484	-0.005
093536	99.222801	40.664133	10363.063	-784.262587	-217.908988	0.001
093556	99.276581	40.657936	10363.03	-787.668507	-205.327999	0.0
093616	99.329029	40.651772	10362.91	-790.528689	-194.117731	0.001
093636	99.380515	40.645686	10363.118	-788.754712	-201.111605	-0.002
093656	99.432509	40.639604	10363.303	-788.887137	-200.542385	-0.005
093716	99.48679	40.633232	10362.133	-789.302601	-199.237661	0.018
093736	99.541449	40.626765	10363.468	-789.092407	-199.691748	0.041
093756	99.593953	40.620525	10369.862	-788.870106	-199.65847	0.018
093816	99.647968	40.614109	10369.032	-790.056843	-199.859081	-0.029
093836	99.701906	40.607675	10362.493	-791.049472	-200.146676	-0.037
093856	99.752085	40.60162	10361.406	-789.661653	-199.797154	0.023
093916	99.803027	40.595469	10367.034	-788.980743	-199.617892	0.039
093936	99.856025	40.589052	10370.897	-789.098021	-199.649977	-0.005
093956	99.909272	40.582525	10365.284	-788.688156	-199.545897	-0.039
094016	99.962624	40.575959	10361.93	-790.968239	-200.12466	-0.028
094036	100.015541	40.569457	10363.1	-794.165068	-200.930855	0.002
094056	100.067552	40.563069	10363.153	-794.264222	-200.948962	0.003
094116	100.119955	40.556595	10362.923	-793.833646	-200.873456	-0.001
094136	100.17264	40.550048	10363.007	-793.997853	-200.875604	0.0
094156	100.224821	40.543536	10363.011	-794.029301	-200.786259	0.0
094216	100.277564	40.536888	10362.994	-793.881725	-201.215126	-0.0
094236	100.330318	40.530248	10363.001	-794.030866	-200.703874	0.0
094256	100.38233	40.523777	10363.001	-794.370756	-199.434629	0.0
094316	100.436447	40.516898	10363.0	-792.704658	-205.581334	-0.0
094336	100.491168	40.509859	10363.0	-794.30944	-199.65888	0.0
094356	100.543208	40.503274	10363.0	-799.3645	-179.709543	0.0
094416	100.596198	40.496529	10363.0	-775.580618	-259.863019	-0.0
094436	100.650152	40.489556	10363.0	-795.107563	-183.213485	0.0
094456	100.701986	40.48282	10363.0	-731.628641	361.02361	0.0
094516	100.75346	40.476163	10363.0	-535.727979	615.386187	-0.0
094536	100.8067	40.4693	10363.0	-595.838432	557.523598	0.0
094556	100.861678	40.462158	10363.0	-608.830808	546.080847	0.0
094616	100.913032	40.455418	10363.0	-590.846459	568.514278	-0.0
094636	100.963755	40.448668	10363.0	-598.254458	562.228303	-0.0
094656	101.021228	40.440916	10363.0	-595.822385	564.824548	-0.0
094716	101.074191	40.433679	10363.0	-506.655536	645.978836	-0.0
094736	101.124717	40.426815	10363.0	-758.573221	314.093609	0.0
094756	101.176419	40.419846	10363.0	-795.89347	-201.449425	-0.0
094816	101.229443	40.41262	10363.0	-752.860902	327.145947	-0.0
094836	101.283262	40.405206	10363.0	-515.5223	639.509293	0.0
094856	101.337299	40.397727	10363.0	-604.101998	557.441499	-0.0
094916	101.391003	40.390302	10363.0	-612.204369	547.539206	-0.0
094936	101.443847	40.382998	10363.0	-593.941261	566.604184	0.0
094956	101.496783	40.375623	10363.0	-599.711045	560.715332	-0.0
095016	101.55045	40.368054	10363.0	-599.318376	561.199797	-0.0
095036	101.6004	40.36107	10363.0	-602.185772	557.901346	0.0
095056	101.649602	40.354236	10363.0	-598.62947	561.894174	-0.0
095116	101.704749	40.346471	10363.0	-584.2602	577.88498	-0.0
095136	101.759887	40.338676	10363.0	-642.618726	512.553366	0.0
095156	101.812294	40.331229	10363.0	-587.553643	574.899803	-0.0
095216	101.864197	40.323765	10363.0	-72.243373	820.060611	-0.0
095236	101.916638	40.316297	10362.999	235.176061	790.676711	0.0
095256	101.96921	40.308825	10363.0	144.675308	813.260645	-0.0
095316	102.021289	40.301259	10363.007	134.873536	815.01189	-0.0
095336	102.074817	40.293524	10362.981	155.280131	811.223164	0.0
095356	102.128519	40.285823	10363.005	148.700288	812.509123	-0.0
095416	102.179683	40.278385	10363.095	148.00401	812.67564	-0.001
095436	102.231831	40.270743	10362.73	149.443104	812.261241	0.004
095456	102.285243	40.262913	10363.076	148.993927	812.480744	-0.001
095516	102.337648	40.255229	10364.326	149.090558	813.294813	-0.005
095536	102.391677	40.247244	10359.55	149.18449	813.203419	0.167
095556	102.4466	40.2391	10371.0	149.191461	813.431563	0.533
095616	102.499375	40.231324	10431.249	149.753919	816.527845	0.937
095636	102.553123	40.223341	10507.569	150.351309	819.7507	1.222
095656	102.607464	40.215195	10587.48	150.627432	821.262616	1.366
095716	102.65854	40.207564	10687.364	150.634974	821.255038	1.448
095736	102.709819	40.199886	10787.034	150.189349	818.983179	1.41
095756	102.763229	40.191816	10872.924	149.73182	816.442727	1.178
095816	102.816679	40.183658	10946.203	150.074536	817.5597	0.746
095836	102.869386	40.17559	10979.554	149.797962	818.103264	0.295
095856	102.921979	40.167602	10973.823	149.584176	816.462532	0.014
095916	102.975645	40.159544	10971.475	151.609938	817.084561	-0.026
095936	103.02846	40.151483	10973.519	146.733289	819.169488	0.008
095956	103.080147	40.14342	10973.123	146.917068	818.908263	0.001
100016	103.133316	40.135225	10972.656	173.511927	814.170441	0.002
100036	103.186595	40.127061	10973.43	109.056258	823.860525	-0.007
100056	103.239645	40.118866	10973.43	106.034841	820.571933	-0.037
100116	103.29498	40.110244	10968.363	569.205066	598.826637	-0.049
100136	103.348378	40.101847	10964.25	789.861508	240.314908	-0.032
100156	103.398099	40.093983	10964.844	768.378927	297.956824	-0.003
100216	103.449512	40.085906	10965.198	754.427361	331.426202	0.003
100236	103.504166	40.077353	10964.941	764.159821	307.381802	-0.001
100256	103.559487	40.068672	10964.98	761.244421	310.670608	-0.0
100316	103.610466	40.060611	10965.043	759.769659	313.417511	-0.0
100336	103.660154	40.052669	10964.953	760.540228	311.699707	0.001
100356	103.712291	40.044297	10964.931	760.353439	311.898886	0.001
100416	103.765578	40.035803	10965.399	761.93716	312.751828	-0.007
100436	103.819384	40.0272	10964.398	765.229405	314.037203	0.012
100456	103.87271	40.018582	10964.054	767.781331	315.13247	0.067
100516	103.923706	40.010333	10972.776	766.569345	314.109518	0.092
100536	103.975333	40.00194	10981.122	764.994318	314.481666	0.064
100556	104.029359	39.993087	10980.523	766.921259	315.972451	0.009
100616	104.081628	39.984531	10979.459	770.492833	309.902709	-0.005
100636	104.133432	39.976086	10980.195	765.570247	320.301155	-0.001
100656	104.187088	39.96734	10980.451	760.550763	331.79941	-0.023
100716	104.240297	39.958584	10977.719	797.622587	233.055644	-0.042
100736	104.292331	39.949961	10973.772	798.428556	234.219923	-0.041
100756	104.343912	39.941437	10972.506	546.659957	625.80783	-0.017
100816	104.397082	39.932652	10973.155	53.243728	828.366377	0.001
100836	104.451863	39.923535	10973.177	48.512901	830.222002	-0.002
100856	104.503674	39.914827	10972.314	574.852001	601.938636	0.017
100916	104.554521	39.906374	10973.872	770.533959	313.46009	0.047
100936	104.607633	39.897537	10978.929	725.038756	407.623801	0.048
100956	104.661565	39.887826	10981.401	694.425853	-460.566161	-0.0
101016	104.715623	39.877491	10978.93	-165.30111	-817.264569	-0.048
101036	104.769418	39.867073	10973.874	-91.98624	-827.072765	-0.047
101056	104.821979	39.856916	10972.303	13.200718	-832.668655	-0.017
101116	104.87338	39.847056	10973.19	-42.764508	-833.075876	0.002
101136	104.924794	39.837222	10973.185	-37.461826	-833.173351	-0.001
101156	104.977947	39.826942	10972.345	-29.723383	-833.895728	0.014
101216	105.030759	39.816691	10973.815	-34.109346	-834.397146	0.033
101236	105.08147	39.806907	10978.431	-34.476726	-834.145422	0.026
101256	105.132863	39.79698	10979.785	-33.0937	-833.220604	-0.004
101316	105.186293	39.786592	10974.807	-32.992242	-831.871684	-0.037
101336	105.237758	39.776567	10972.159	-33.15085	-830.62349	-0.028
101356	105.288763	39.766561	10973.079	-33.008942	-829.158157	0.002
101416	105.342634	39.755873	10973.124	-32.895678	-827.067577	0.003
101436	105.393779	39.745779	10972.927	-32.981328	-825.64614	-0.001
101456	105.443663	39.735983	10973.013	-32.813863	-825.355461	0.0
101516	105.497301	39.725377	10973.066	-32.447271	-825.496875	-0.001
101536	105.550434	39.714862	10972.813	-34.197187	-824.687128	0.003
101556	105.600589	39.704929	10973.101	-32.042712	-823.21717	-0.002
101616	105.649483	39.695193	10973.8	-26.837514	-821.994464	-0.03
101636	105.702562	39.684604	10969.937	-51.445544	-819.904851	-0.048
101656	105.756914	39.673759	10964.702	-22.414159	-820.640167	-0.038
101716	105.806305	39.663881	10964.556	49.192203	-819.242469	-0.009
101736	105.855156	39.654025	10965.182	-336.852642	-749.807084	0.005
101756	105.906448	39.643639	10965.005	-725.869739	-390.414423	-0.001
101816	105.959688	39.632893	10965.178	-734.815931	-376.570822	-0.004
101836	106.012099	39.622257	10964.342	-700.115489	-438.767712	0.015
101856	106.062575	39.611991	10965.369	-714.400141	-416.950509	0.043
101916	106.112621	39.601857	10971.095	-716.914853	-417.046554	0.048
101936	106.166237	39.590869	10973.979	-714.950688	-421.849296	0.021
101956	106.220268	39.579741	10972.855	-715.851963	-420.201852	-0.0
102016	106.270052	39.569586	10972.365	-717.138967	-420.863911	0.025
102036	106.323093	39.558674	10975.143	-717.522643	-421.491718	0.062
102056	106.37737	39.547431	10980.585	-717.453785	-421.325502	0.076
102116	106.426185	39.537375	10986.151	-717.659285	-421.515722	0.055
102136	106.47569	39.527171	10989.865	-716.560804	-420.534647	0.014
102156	106.529211	39.516049	10987.278	-715.771473	-420.489359	-0.061
102216	106.582736	39.504827	10977.713	-718.339069	-420.481182	-0.112
102236	106.631942	39.494526	10972.775	-715.891048	-423.501228	-0.038
102256	106.684417	39.483564	10973.339	-709.364823	-431.336775	-0.034
102316	106.737176	39.472406	10969.683	-742.744663	-370.953103	-0.048
102336	106.788248	39.461758	10964.568	-693.538407	-455.419521	-0.037
102356	106.838308	39.451301	10964.598	-783.802801	-264.175718	-0.007
102416	106.889801	39.438511	10965.21	823.519228	-94.26641	0.003
102436	106.940534	39.423074	10964.922	-387.4679	737.377435	-0.0
102456	106.988225	39.406365	10964.921	463.828698	693.31356	0.001
102516	107.036007	39.389533	10965.233	486.530422	676.228614	-0.006
102536	107.086348	39.372102	10964.777	478.550951	680.457777	0.006
102556	107.138	39.354	10965.0	480.045329	679.54432	0.046
102616	107.185477	39.337264	10970.663	490.080577	672.432479	0.047
102636	107.232188	39.32077	10973.435	454.442722	696.803702	0.036
102656	107.2811	39.3035	10973.0	480.045329	679.54432	0.03
102716	107.331738	39.285623	10977.177	709.759071	435.891619	0.018
102736	107.381426	39.268044	10980.215	833.704793	18.604191	0.002
102756	107.427963	39.251505	10975.561	810.436784	-197.290467	-0.008
102816	107.475336	39.234634	10973.557	813.835605	182.175536	0.013
102836	107.525291	39.216842	10979.236	493.158611	672.570681	0.042
102856	107.57357	39.199607	10981.542	744.87232	375.034469	-0.002
102916	107.621176	39.18262	10978.439	822.512717	-138.461856	-0.05
102936	107.669739	39.165295	10973.627	831.512722	-65.87742	-0.04
102956	107.718507	39.147779	10972.361	833.025815	-3.425241	-0.017
103016	107.767063	39.130286	10973.043	830.88308	-41.285286	0.002
103036	107.815317	39.112935	10972.78	830.703445	-44.790189	0.009
103056	107.863434	39.095585	10973.411	831.1903	-35.05677	-0.009
103116	107.911759	39.078112	10973.663	831.055146	-36.244551	-0.038
103136	107.960733	39.060496	10967.876	832.426245	-37.354983	-0.028
103156	108.009744	39.042779	10965.598	833.054642	-36.743144	0.013
103216	108.057978	39.025169	10971.925	831.476103	-36.759252	0.041
103236	108.105266	39.008009	10974.224	830.768688	-36.803435	0.017
103256	108.152771	38.990767	10972.388	831.52054	-36.790493	0.003
103316	108.201238	38.973048	10972.211	832.874905	-36.856062	0.036
103336	108.2498	38.955316	10977.25	833.859491	-36.90577	0.031
103356	108.298186	38.937703	10979.645	834.224026	-36.918915	-0.012
103416	108.346456	38.92011	10974.276	834.200381	-36.918441	-0.043
103436	108.394622	38.902409	10971.561	834.175895	-36.915133	-0.008
103456	108.443236	38.8845	10973.917	834.177778	-36.920056	0.045
103516	108.492063	38.866577	10978.327	834.155264	-36.926043	0.049
103536	108.539014	38.849297	10981.162	834.261402	-36.895693	0.008
103556	108.5861	38.8319	10980.0	834.183492	-36.91749	-0.041
103616	108.636785	38.813165	10975.042	833.501672	-37.010539	-0.05
103636	108.685539	38.795084	10972.273	833.046499	-36.553597	-0.027
103656	108.73156	38.777969	10972.961	833.170828	-36.785466	-0.001
103716	108.779712	38.760108	10973.124	833.356806	-38.615931	0.003
103736	108.828605	38.741965	10972.985	832.770414	-32.96624	-0.002
103756	108.876797	38.723999	10973.008	831.272812	-35.597181	-0.0
103816	108.924973	38.705941	10972.787	829.737977	-61.89593	0.004
103836	108.973887	38.687658	10973.429	831.523509	11.629966	-0.008
103856	109.022891	38.669396	10973.401	830.110408	8.172441	-0.037
103916	109.070042	38.651684	10968.588	673.257187	-485.093119	-0.053
103936	109.116542	38.634133	10963.852	348.241898	-753.467426	-0.024
103956	109.163334	38.616515	10964.422	403.154427	-725.523399	0.034
104016	109.209494	38.599204	10969.823	434.440286	-707.205486	0.052
104036	109.256479	38.581487	10973.699	412.30229	-720.355921	0.031
104056	109.305145	38.562994	10973.145	416.134977	-718.145263	0.003
104116	109.353987	38.54448	10972.815	418.384069	-716.837278	-0.003
104136	109.401508	38.526478	10973.057	416.787668	-717.763261	0.001
104156	109.448032	38.508792	10973.017	417.062272	-717.6033	0.0
104216	109.495882	38.490549	10972.936	417.2194	-717.539402	0.001
104236	109.543848	38.47225	10973.093	417.115329	-717.533135	-0.002
104256	109.590855	38.454297	10973.096	417.135462	-717.518746	-0.002
104316	109.638051	38.436191	10972.288	417.085828	-717.931797	0.022
104336	109.685735	38.417877	10974.332	417.206464	-716.886105	0.048
104356	109.733414	38.39961	10979.424	416.132819	-714.987473	0.045
104416	109.780212	38.38172	10981.093	412.423486	-715.884159	-0.002
104436	109.826497	38.363981	10978.939	419.944406	-711.184082	-0.058
104456	109.873269	38.345956	10974.015	420.254205	-711.013225	-0.078
104516	109.921343	38.327366	10966.933	375.996367	-736.263639	-0.039
104536	109.969164	38.308925	10965.991	481.530082	-672.168462	0.018
104556	110.01553	38.29099	10972.281	485.05652	-668.634839	0.041
104616	110.061187	38.272851	10973.951	-458.023624	-687.872454	0.02
104636	110.107209	38.253903	10972.775	-825.166966	57.16734	-0.004
104656	110.154207	38.234098	10972.93	-826.261933	-36.908419	-0.001
104716	110.20174	38.214187	10973.073	-816.596919	-128.578788	0.001
104736	110.248214	38.194851	10972.984	-824.782803	-65.649382	-0.0
104756	110.293146	38.176142	10972.99	-827.292861	-60.892578	-0.0
104816	110.338876	38.157111	10973.014	-817.707548	-144.059522	-0.0
104836	110.385237	38.13772	10972.99	-829.761221	-17.386922	0.0
104856	110.431089	38.118482	10972.97	-820.892641	122.260357	0.001
104916	110.47691	38.099599	10973.123	-367.416314	-744.595085	-0.005
104936	110.52383	38.079286	10972.875	-464.082607	691.505667	0.005
104956	110.570522	38.05587	10973.096	279.819587	789.007251	0.042
105016	110.612156	38.030461	10976.849	48.290813	-836.896607	0.054
105036	110.651946	38.004385	10980.71	116.242412	-829.86137	0.023
105056	110.693239	37.978176	10980.793	94.918747	-832.652785	-0.031
105116	110.73586	37.951089	10976.085	64.130373	-835.067077	-0.047
105136	110.778626	37.923864	10972.822	80.648082	-833.02124	-0.04
105156	110.820666	37.89731	10973.519	79.38219	-833.186929	-0.041
105216	110.86215	37.870915	10968.562	74.394467	-833.732769	-0.029
105236	110.901693	37.845701	10965.167	80.839045	-833.059822	0.014
105256	110.939761	37.821538	10971.106	84.434769	-832.679707	0.07
105316	110.981285	37.794931	10977.515	43.616413	-836.107883	0.066
105336	111.024467	37.767096	10980.114	101.570565	-830.639748	0.031
105356	111.065566	37.740542	10979.806	189.886511	-813.416781	0.011
105416	111.105566	37.714398	10981.249	-323.957232	-769.696248	-0.033
105436	111.146342	37.688442	10978.921	392.602039	-735.119662	-0.081
105456	111.188917	37.663602	10968.045	-827.339003	19.910716	-0.087
105516	111.231998	37.641445	10963.179	811.181152	-150.931463	-0.043
105536	111.2755	37.62064	10965.093	806.033103	180.678418	0.001
105556	111.31995	37.598818	10965.472	733.03568	-380.746029	0.0
105616	111.36436	37.576947	10964.29	529.861776	-634.073511	0.011
105636	111.408736	37.555309	10965.173	602.104172	-566.940026	0.042
105656	111.453658	37.533319	10970.612	610.353177	-557.869518	0.05
105716	111.497774	37.511655	10973.953	594.632942	-575.541651	0.024
105736	111.5414	37.4902	10973.0	601.017929	-572.431174	0.0
105756	111.586293	37.468087	10972.048	604.232665	-573.812597	0.025
105816	111.631636	37.445752	10975.354	603.251744	-575.225795	0.046
105836	111.676	37.4239	10980.0	602.466165	-573.810526	0.041
105856	111.718839	37.402776	10979.617	603.533364	-574.690371	0.037
105916	111.762812	37.381071	10982.034	603.603532	-574.947016	0.033
105936	111.808212	37.358636	10987.566	601.592675	-572.994025	0.011
105956	111.852211	37.336838	10985.381	599.595086	-571.064041	-0.045
110016	111.896342	37.314908	10978.321	598.782666	-570.30471	-0.077
110036	111.941499	37.292427	10973.616	598.894438	-570.409825	-0.046
110056	111.98361	37.271473	10972.423	598.197411	-569.743685	-0.013
110116	112.0252	37.2508	10973.0	596.673221	-568.293117	0.0
110136	112.070495	37.228273	10973.094	595.169821	-566.86141	0.001
110156	112.11571	37.205684	10972.967	594.061276	-565.805333	-0.0
110216	112.158766	37.184071	10972.998	593.110177	-564.899539	-0.0
110236	112.201433	37.162668	10973.013	591.740064	-563.59468	-0.0
110256	112.243769	37.141441	10972.987	590.383673	-562.302595	0.0
110316	112.285929	37.120295	10972.989	589.512462	-561.472835	0.0
110336	112.328684	37.098843	10973.078	589.124128	-561.103972	-0.001
110356	112.371297	37.077401	10972.888	588.387201	-560.399943	0.002
110416	112.413638	37.05603	10972.792	586.916387	-558.997995	0.004
110436	112.457365	37.033983	10973.988	585.582979	-557.741542	-0.023
110456	112.501916	37.011469	10971.707	585.054913	-557.213201	-0.04
110516	112.545436	36.989374	10965.55	585.153278	-557.284346	-0.013
110536	112.586337	36.968661	10967.903	584.54159	-556.887254	0.028
110556	112.626742	36.948227	10973.662	583.432597	-555.528613	0.038
110616	112.66907	36.926734	10973.421	582.134377	-553.950547	0.008
110636	112.711685	36.905002	10972.721	579.590774	-554.071655	-0.005
110656	112.754085	36.88338	10973.047	581.016133	-551.254608	0.001
110716	112.79636	36.861886	10973.029	583.403704	-548.780413	0.001
110736	112.83791	36.840684	10972.984	565.289423	-567.511387	-0.0
110756	112.880331	36.818952	10972.999	590.789025	-540.919091	0.0
110816	112.924505	36.796321	10972.984	629.501922	-495.454738	0.0
110836	112.966424	36.774897	10973.065	303.101227	-740.976648	-0.001
110856	113.006702	36.754263	10972.947	-192.567206	-776.43002	0.001
110916	113.048112	36.732915	10972.746	-190.151101	-777.055302	0.004
110936	113.089668	36.711546	10973.921	-128.839955	-789.465796	-0.02
110956	113.131282	36.690166	10972.258	-154.278152	-785.076547	-0.041
111016	113.173569	36.668327	10965.848	-154.258886	-785.908315	-0.015
111036	113.216263	36.646231	10967.474	-149.793493	-786.505311	0.027
111056	113.258032	36.624632	10973.574	-151.48838	-785.494563	0.038
111116	113.298182	36.603898	10973.685	-151.588513	-786.075124	0.006
111136	113.339075	36.582733	10972.047	-151.527585	-787.508305	0.01
111156	113.381122	36.560907	10973.36	-151.869668	-788.570114	0.043
111216	113.423489	36.538887	10978.413	-151.885108	-788.61893	0.048
111236	113.466454	36.516583	10980.735	-151.816457	-788.398394	0.024
111256	113.508844	36.494539	10979.929	-151.856289	-788.555172	-0.001
111316	113.549394	36.473331	10979.866	-151.91479	-788.855021	-0.002
111336	113.590257	36.451957	10980.095	-151.639523	-787.439902	0.0
111356	113.632542	36.429882	10979.985	-151.271561	-785.522309	0.0
111416	113.675289	36.407549	10979.781	-151.293873	-785.6255	0.004
111436	113.715763	36.386319	10980.6	-151.124906	-784.798903	-0.014
111456	113.755784	36.365308	10979.831	-150.693657	-782.511854	-0.041
111516	113.798938	36.342741	10974.67	-150.425445	-780.948681	-0.043
111536	113.840352	36.320988	10972.859	-150.228712	-780.627011	-0.039
111556	113.8799	36.3001	10973.0	-150.334357	-780.656506	-0.041
111616	113.921469	36.278177	10967.543	-150.631793	-779.616047	-0.04
111636	113.96199	36.256805	10964.18	-148.470195	-777.604829	-0.028
111656	114.001513	36.235953	10964.976	-148.731678	-775.835558	-0.003
111716	114.043918	36.213623	10964.312	-156.784237	-776.231762	0.026
111736	114.087222	36.190745	10966.539	-138.176917	-780.623763	0.046
111756	114.129195	36.168412	10972.397	-137.105494	-778.34142	0.044
111816	114.170214	36.146523	10973.777	-240.162421	-751.746296	0.015
111836	114.210332	36.125437	10972.731	5.632865	-788.799782	-0.001
111856	114.249741	36.104489	10972.863	-424.902652	-665.285469	0.003
111916	114.288949	36.08138	10973.25	685.748562	-400.236143	-0.032
111936	114.32715	36.055462	10970.169	-760.491425	240.070123	-0.061
111956	114.3643	36.0284	10965.0	-753.307281	263.309971	-0.036
112016	114.400741	36.00214	10962.727	-787.888987	121.607112	0.045
112036	114.435898	35.976832	10970.255	-583.322759	543.352973	0.084
112056	114.4713	35.9511	10980.0	-185.44596	776.153204	0.041
112116	114.509208	35.923606	10976.395	-656.400094	454.098915	-0.029
112136	114.545701	35.897272	10971.322	-696.807261	388.476196	-0.023
112156	114.581	35.8718	10973.0	-185.44596	776.153204	0.041
112216	114.619052	35.844117	10978.139	-110.08385	791.991966	0.051
112236	114.656123	35.817096	10980.481	-215.34101	770.058482	0.029
112256	114.6917	35.7912	10980.0	-185.44596	776.153204	-0.0
112316	114.729045	35.764004	10980.877	-180.052255	777.217393	-0.035
112336	114.765809	35.737177	10977.267	-187.525274	775.772005	-0.033
112356	114.8011	35.7114	10973.0	-185.44596	776.153204	0.0
112416	114.836676	35.685446	10978.072	-185.335967	775.617424	0.009
112436	114.873173	35.658739	10978.846	-184.214807	774.822071	-0.018
112456	114.9101	35.6317	10973.0	-184.748795	773.235335	-0.041
112516	114.946496	35.605201	10972.097	-189.95809	770.474695	-0.011
112536	114.982739	35.578714	10973.839	-170.105586	774.21956	-0.006
112556	115.0189	35.5522	10973.0	-184.284018	771.290089	-0.041
112616	115.054601	35.526127	10967.431	-261.35429	750.230439	-0.049
112636	115.090252	35.499645	10964.09	44.632407	793.862571	-0.026
112656	115.126014	35.472466	10964.941	537.990506	585.293029	-0.001
112716	115.161574	35.445179	10965.407	601.704822	521.096582	-0.001
112736	115.196583	35.418217	10964.399	515.716733	608.906116	0.008
112756	115.232336	35.390728	10964.83	546.924013	583.738276	0.039
112816	115.27029	35.361702	10970.402	671.553996	436.434066	0.057
112836	115.304397	35.33557	10973.497	192.848451	777.350931	0.022
112856	115.338699	35.309166	10972.45	-114.597636	793.332825	0.0
112916	115.3766	35.28	10973.0	556.377891	579.010053	0.041
112936	115.410285	35.25408	10977.11	614.679861	516.858518	0.071
112956	115.445108	35.227156	10983.0	538.222068	596.017438	0.073
113016	115.4825	35.1982	10988.0	556.377891	579.010053	0.041
113036	115.517967	35.170808	10989.446	517.343416	612.439467	-0.02
113056	115.552786	35.143557	10984.997	630.635528	492.94647	-0.044
113116	115.5884	35.1165	10980.0	-185.213572	775.180581	-0.046
113136	115.624943	35.091608	10980.206	644.497385	-455.603334	-0.09
113156	115.662592	35.067573	10970.374	787.880822	6.819348	-0.093
113216	115.700853	35.043312	10963.631	628.943803	-477.505427	-0.058
113236	115.739457	35.018547	10965.0	697.116287	-369.790783	-0.003
113256	115.778277	34.993698	10963.395	709.97731	-336.777514	0.021
113316	115.815595	34.969867	10968.856	693.313189	-369.974824	-0.254
113336	115.851585	34.946862	10952.789	700.305577	-363.315059	-0.824
113356	115.888664	34.923098	10860.591	700.547989	-360.471782	-1.324
113416	115.927178	34.898384	10753.109	698.628009	-362.841687	-1.507
113436	115.96581	34.873611	10664.545	700.522965	-362.914135	-1.473
113456	116.002911	34.84985	10566.253	701.281249	-361.499697	-1.55
113516	116.04069	34.82557	10460.062	700.057369	-365.05624	-1.516
113536	116.081117	34.799478	10362.089	709.128739	-349.0748	-1.394
113556	116.117155	34.776192	10273.909	695.074835	-375.148724	-1.389
113616	116.149558	34.755253	10182.378	744.081695	-261.328781	-1.437
113636	116.191226	34.728322	10084.728	724.209942	313.718025	-1.43
113656	116.226274	34.705681	9993.899	657.719546	447.262051	-1.514
113716	116.264763	34.680737	9891.561	802.451515	-26.14472	-1.579
113736	116.306732	34.653496	9783.21	686.738658	-422.773521	-1.581
113756	116.345625	34.628254	9681.857	712.172439	-377.418734	-1.501
113816	116.382569	34.604255	9584.341	685.845229	-426.030497	-1.289
113836	116.420228	34.579776	9502.787	752.574171	-301.377275	-1.533
113856	116.459813	34.554035	9415.575	762.215099	287.510858	-2.534
113916	116.498857	34.528604	9224.2	599.071786	561.394929	-3.379
113936	116.537497	34.503398	8953.805	677.395912	472.410762	-3.626
113956	116.577075	34.477563	8697.105	811.454414	132.33693	-3.216
114016	116.615334	34.452561	8524.541	574.728485	-561.886435	-2.518
114036	116.651853	34.428594	8407.282	78.317511	-773.557035	-2.179
114056	116.689802	34.403589	8240.102	590.430467	-479.748015	-2.3
114116	116.725566	34.380176	8102.298	673.830213	-312.006823	-1.736
114136	116.759386	34.358017	8012.969	624.547789	-355.768062	-1.365
114156	116.792835	34.335984	7911.387	623.414034	-309.012252	-2.577
114216	116.825947	34.314208	7675.14	608.858758	-336.867871	-4.44
114236	116.858743	34.292749	7301.952	671.696002	-267.274809	-4.501
114256	116.892983	34.270224	7050.01	720.135121	-87.004316	-3.715
114316	116.928608	34.246599	6844.059	-293.09112	-654.051727	-3.143
114336	116.961173	34.225109	6643.971	298.88748	644.202216	-3.088
114356	116.994737	34.208863	6440.305	700.954402	-86.220392	-3.243
114416	117.037592	34.19647	6219.42	314.021638	624.799567	-3.249
114436	117.077076	34.185719	6011.408	-380.518801	578.549588	-3.207
114456	117.117768	34.174654	5799.458	400.376951	557.676306	-3.104
114516	117.157307	34.163913	5597.524	500.828368	460.429743	-2.945
114536	117.191707	34.154397	5424.203	-78.39793	668.003289	-2.875
114556	117.23124	34.143416	5232.629	331.059394	576.792928	-3.119
114616	117.271857	34.132271	5010.293	561.928318	350.34034	-3.217
114636	117.309724	34.121895	4791.12	519.14249	408.845478	-3.093
114656	117.345538	34.111913	4610.848	585.722088	292.125244	-3.037
114716	117.382996	34.101805	4408.156	91.450467	644.026375	-2.974
114736	117.421584	34.091929	4196.721	-581.841017	282.086867	-2.859
114756	117.45808	34.082964	4035.908	-301.020088	559.761467	-2.761
114816	117.494392	34.07403	3856.545	23.803494	627.342608	-2.758
114836	117.530789	34.064843	3655.67	-63.843087	620.425286	-2.573
114856	117.565725	34.055847	3500.408	1.058159	613.117019	-1.907
114916	117.599735	34.047163	3410.227	-262.744351	530.792264	-1.438
114936	117.632707	34.038676	3340.608	1.133163	569.040896	-1.525
114956	117.664495	34.030338	3222.679	550.801785	-78.329986	-1.958
115016	117.697852	34.022894	3065.843	302.657703	462.661009	-2.225
115036	117.730328	34.018492	2916.169	541.042815	88.203635	-2.113
115056	117.76223	34.015829	2791.082	170.414796	-511.562392	-2.07
115116	117.795611	34.012468	2660.585	256.133139	-467.486511	-2.347
115136	117.826908	34.009352	2482.19	528.842352	-91.367221	-2.488
115156	117.857923	34.006386	2308.899	537.898495	12.151221	-2.389
115216	117.890318	34.00323	2176.339	389.580117	-359.73467	-2.144
115236	117.921415	34.000151	2030.786	209.664517	-482.350248	-1.84
115256	117.951543	33.997246	1917.635	412.985668	-300.736215	-1.364
115316	117.9818	33.9944	1867.0	477.294847	50.888393	-0.874
115336	118.011516	33.991437	1814.89	401.934694	-220.346921	-0.907
115356	118.038289	33.988649	1747.256	227.23812	-382.164626	-1.195
115416	118.0628	33.9861	1661.0	272.513556	-339.059526	-1.509
115436	118.088311	33.983565	1550.391	278.359684	-328.793603	-1.845
115456	118.114517	33.981044	1416.393	267.584955	-339.898508	-2.056
115516	118.1405	33.9785	1273.0	272.513556	-339.059526	-2.052
115536	118.165825	33.975873	1141.468	268.923567	-333.328398	-1.889
115556	118.190679	33.973396	1026.285	255.624157	-318.548347	-1.792
115616	118.2146	33.9711	914.0	241.190158	-300.087166	-1.783
115636	118.236749	33.968811	789.461	233.574844	-290.382733	-1.706
115656	118.257946	33.966636	683.0	224.578562	-279.817076	-1.641
115716	118.2786	33.9646	587.0	209.866761	-261.114807	-1.473
115736	118.298157	33.962628	475.276	192.119936	-237.303257	-1.034
115756	118.315634	33.960832	437.365	173.025677	-218.527091	-0.965
115816	118.331669	33.959179	418.847	174.176168	-200.847955	-1.438
115836	118.347587	33.957551	326.552	195.235217	-182.844723	-1.954
115856	118.363687	33.955932	202.29	200.48818	-186.218773	-1.985
115916	118.380208	33.954314	94.08	150.571214	-228.910754	-1.056
