063236	73.8047	40.6431	168.0	270.889901	116.806085	0.0
063256	73.820342	40.649304	456.251	-282.31185	11.749974	3.215
063316	73.839904	40.649982	569.771	88.926736	299.428855	1.274
063336	73.858488	40.64098	647.873	80.633857	353.934493	1.395
063356	73.876052	40.62717	732.597	-358.017969	207.19574	1.768
063416	73.895203	40.610136	897.202	49.432751	-450.139485	3.08
063436	73.912101	40.590821	1152.248	-447.922569	-128.726323	3.787
063456	73.926958	40.571163	1398.04	-348.260903	-323.465359	3.402
063516	73.943734	40.550129	1605.06	-439.084958	-231.491908	3.476
063536	73.961357	40.527955	1824.474	-353.409078	-374.324119	4.007
063556	73.978795	40.506137	2133.421	504.47131	-15.523147	4.62
063616	73.995788	40.485567	2458.61	434.513166	-224.625901	4.547
063636	74.01553	40.465364	2722.399	483.824464	32.489194	3.929
063656	74.038884	40.449637	2965.978	-473.754477	22.608897	3.134
063716	74.062783	40.437466	3162.479	-51.635815	-481.593555	2.266
063736	74.09	40.4225	3299.0	-417.683816	297.840947	1.768
063756	74.120884	40.406031	3370.208	-346.90673	424.840169	1.219
063816	74.150202	40.389796	3461.59	-504.896227	-286.057486	2.408
063836	74.182316	40.380058	3705.017	84.445384	-562.450577	4.033
063856	74.221638	40.374806	3970.547	-557.354343	86.276029	3.563
063916	74.259163	40.369911	4184.294	-78.97475	564.856384	3.321
063936	74.294189	40.365319	4413.262	-430.895769	-370.79847	3.579
063956	74.32972	40.360819	4662.457	-510.168414	-239.013844	3.527
064016	74.36749	40.356112	4861.786	-550.408081	-130.998634	2.904
064036	74.403399	40.351536	5039.702	-567.024599	-84.166888	2.159
064056	74.438559	40.34715	5142.033	-343.762123	-462.061998	0.928
064116	74.475645	40.342507	5156.046	-47.55248	-574.672535	0.94
064136	74.513392	40.337713	5231.733	-244.43895	-518.50679	2.057
064156	74.550453	40.333055	5444.548	-498.73822	-262.756677	2.607
064216	74.58683	40.328429	5653.35	-450.221386	334.61247	2.626
064236	74.623054	40.323765	5814.953	16.634031	566.004716	2.419
064256	74.659844	40.319036	5950.304	-169.308489	548.490759	2.333
064316	74.697792	40.314217	6085.161	-356.77258	-455.745912	2.625
064336	74.73605	40.309349	6274.246	-468.81461	-336.985634	2.753
064356	74.772375	40.30466	6465.968	-320.682599	476.869449	2.516
064416	74.80727	40.300104	6603.815	-384.785831	430.268969	2.217
064436	74.846002	40.295073	6744.855	-433.530613	394.080215	2.178
064456	74.885345	40.290029	6889.797	-423.170318	410.91828	2.125
064516	74.924071	40.285042	7027.119	-434.589415	402.548807	2.095
064536	74.962395	40.280034	7158.429	-437.171952	408.26682	1.927
064556	74.999344	40.275193	7277.756	-439.329914	411.558334	1.051
064616	75.038475	40.270033	7315.247	-438.134691	409.631669	0.468
064636	75.078389	40.264781	7319.595	-435.772984	407.806808	0.618
064656	75.116074	40.25987	7379.822	-437.331987	409.245202	1.132
064716	75.15388	40.254886	7479.568	-439.791571	411.488291	1.497
064736	75.192277	40.24978	7587.929	-442.337969	413.897028	1.617
064756	75.230775	40.24469	7691.869	-445.81251	417.144342	1.596
064816	75.269981	40.239521	7802.045	-449.298198	420.405556	1.394
064836	75.30997	40.234154	7886.952	-449.190606	420.306296	0.926
064856	75.349713	40.228773	7926.86	-449.386186	420.488783	0.38
064916	75.388474	40.223595	7927.846	-456.569275	427.209946	0.058
064936	75.428509	40.218248	7923.571	-467.301717	437.252351	-0.025
064956	75.471071	40.212508	7925.133	-475.057819	444.509667	0.002
065016	75.515107	40.206522	7925.203	-475.498779	444.922273	0.004
065036	75.556639	40.200894	7924.901	-473.342375	442.904526	-0.002
065056	75.596191	40.195562	7925.008	-472.459042	442.07801	0.0
065116	75.636901	40.190054	7925.001	-473.827123	443.358163	0.001
065136	75.678181	40.184384	7925.038	-475.654371	445.067697	-0.001
065156	75.719916	40.178621	7924.976	-476.009493	445.400237	0.001
065216	75.762221	40.172854	7924.804	-474.42552	443.918742	0.005
065236	75.803395	40.167298	7925.566	-473.72109	443.256854	-0.018
065256	75.844231	40.161698	7923.577	-473.918793	443.44866	-0.049
065316	75.886741	40.155722	7917.713	-473.867512	443.401157	-0.046
065336	75.930843	40.14955	7915.419	-474.32232	443.781749	0.006
065356	75.972294	40.14375	7918.77	-474.664713	444.211372	0.05
065416	76.011307	40.138267	7924.429	-474.604589	444.159478	0.045
065436	76.055093	40.13216	7925.861	-474.88273	443.791538	0.012
065456	76.099069	40.126015	7924.489	-474.149643	444.6284	0.004
065516	76.139256	40.120341	7924.617	-474.115254	444.656949	0.036
065536	76.179324	40.114667	7928.904	-478.44547	439.959018	0.053
065556	76.220357	40.108849	7932.986	-467.865319	451.269205	0.024
065616	76.26174	40.102974	7932.496	-467.437409	451.714702	-0.034
065636	76.302624	40.097168	7927.84	-524.335786	383.415124	-0.053
065656	76.344714	40.09114	7924.286	-363.47583	537.219271	-0.03
065716	76.38789	40.084909	7924.765	86.917068	641.392475	-0.001
065736	76.428644	40.079065	7925.969	45.370922	643.746376	-0.012
065756	76.468414	40.07341	7923.439	313.686553	561.661819	-0.059
065816	76.509275	40.06752	7917.655	336.397677	546.871225	-0.064
065836	76.5506	40.0625	7917.0	288.542054	575.74255	0.061
065856	76.591051	40.064564	7924.752	-345.121278	554.005494	0.058
065916	76.636298	40.069885	7925.104	-639.468632	133.848043	0.008
065936	76.67857	40.074985	7926.111	-301.97106	577.842194	-0.037
065956	76.720167	40.079921	7922.859	-554.356468	343.503335	-0.039
070016	76.763697	40.085054	7916.96	-562.29907	332.420731	0.007
070036	76.804747	40.089885	7923.089	-628.043149	-184.863179	0.04
070056	76.845075	40.094612	7926.224	-653.856372	-42.953659	0.025
070116	76.886849	40.099502	7924.791	-504.438334	417.630653	-0.003
070136	76.930141	40.104592	7924.867	-515.357849	403.792393	-0.002
070156	76.97181	40.109536	7925.088	-564.705226	334.710807	0.001
070216	77.013593	40.114528	7924.985	-528.273491	392.526972	-0.0
070236	77.057927	40.119917	7924.991	-500.69054	426.854886	-0.0
070256	77.101868	40.12548	7925.006	-609.970973	248.501034	0.0
070316	77.14305	40.129594	7924.999	461.855858	-467.606474	-0.0
070336	77.183344	40.130805	7925.0	-27.996506	-652.11537	0.0
070356	77.227874	40.130035	7925.0	-189.964216	-624.316535	0.0
070416	77.270118	40.129127	7925.0	472.746068	-450.715496	-0.0
070436	77.311081	40.128535	7925.0	203.994041	-620.325389	0.0
070456	77.355845	40.127792	7925.0	-8.557742	-653.910341	0.0
070516	77.399404	40.127197	7925.0	649.548207	99.576653	-0.0
070536	77.441403	40.12775	7925.0	-58.181437	655.960958	0.0
070556	77.483223	40.129046	7925.0	-165.508059	636.765667	-0.0
070616	77.525008	40.130098	7925.0	-165.049497	636.96157	-0.0
070636	77.568252	40.131146	7925.0	-163.614591	637.126468	0.0
070656	77.611188	40.132201	7925.0	-164.37262	637.394588	0.0
070716	77.652762	40.133185	7925.0	-164.732721	638.933138	0.0
070736	77.697323	40.134299	7925.0	-164.510663	638.484172	-0.0
070756	77.741836	40.135403	7925.0	-164.168964	636.966058	0.0
070816	77.782966	40.136322	7925.0	-164.154013	636.918231	0.0
070836	77.8266	40.137296	7925.0	-164.448849	638.091787	-0.0
070856	77.870562	40.13829	7925.0	-164.759206	639.282206	0.0
070916	77.911164	40.139188	7925.0	-164.783188	639.375922	0.0
070936	77.953218	40.1401	7925.0	-164.505567	638.300319	-0.0
070956	77.99664	40.14104	7925.0	-164.180894	637.040678	0.0
071016	78.039305	40.14197	7925.0	-164.139572	636.882225	0.0
071036	78.08388	40.142922	7925.001	-164.465434	638.135852	-0.0
071056	78.127789	40.143827	7924.999	-164.719701	639.137764	0.0
071116	78.168003	40.144622	7924.996	-164.416539	637.987596	0.0
071136	78.210244	40.145443	7925.016	-163.808641	635.47503	-0.0
071156	78.254227	40.146281	7924.992	-163.46544	634.32569	0.0
071216	78.296487	40.147072	7924.936	-163.872892	636.33248	0.001
071236	78.338864	40.147923	7925.204	-164.753747	637.707354	-0.004
071256	78.381774	40.14878	7924.889	-163.966644	637.057899	0.002
071316	78.424284	40.149518	7924.111	-161.990156	635.295693	0.034
071336	78.466966	40.150233	7928.286	-168.609872	632.692889	0.034
071356	78.509888	40.150975	7931.928	-160.618649	634.990504	-0.004
071416	78.552763	40.151716	7926.985	-140.593513	639.465285	-0.037
071436	78.595981	40.152406	7924.205	-235.156725	612.553259	-0.031
071456	78.638695	40.153067	7925.002	-123.942889	646.330143	0.004
071516	78.680214	40.153743	7924.44	393.555567	527.472069	0.033
071536	78.72315	40.154358	7927.603	248.750962	609.288626	0.047
071556	78.766417	40.154965	7932.272	-164.603983	636.974317	0.038
071616	78.807591	40.155646	7932.434	280.404779	593.009041	0.009
071636	78.849923	40.156232	7931.722	508.746852	410.45797	-0.003
071656	78.893778	40.156756	7932.058	436.768398	483.856619	-0.001
071716	78.936893	40.157358	7932.34	432.0858	485.599508	-0.023
071736	78.978418	40.15794	7930.547	444.882694	469.843744	-0.075
071756	79.019572	40.158448	7924.057	437.269609	472.402245	-0.119
071816	79.06228	40.15891	7913.278	435.853312	471.36556	-0.1
071836	79.106365	40.159404	7908.003	437.440742	470.933481	-0.029
071856	79.14992	40.159925	7910.205	437.91221	472.213329	0.043
071916	79.191262	40.160406	7914.943	437.610593	471.967034	0.068
071936	79.232892	40.160819	7919.197	439.056556	473.361064	0.093
071956	79.275085	40.161222	7925.468	441.394485	475.935838	0.117
072016	79.316116	40.16169	7936.475	441.86436	476.450679	0.096
072036	79.356855	40.162137	7941.149	442.543273	477.160676	0.049
072056	79.398633	40.162518	7940.009	443.360842	478.055684	-0.003
072116	79.441868	40.162854	7941.154	442.259899	476.903661	-0.055
072136	79.484329	40.163179	7935.434	440.049085	474.378437	-0.099
072156	79.526002	40.163517	7924.557	437.821318	472.109558	-0.117
072216	79.568329	40.163862	7918.855	436.498753	471.160236	-0.09
072236	79.609493	40.164145	7914.273	437.201116	469.977652	-0.064
072256	79.650399	40.164416	7909.852	436.364361	470.914259	-0.039
072316	79.693336	40.164763	7909.109	433.08308	474.014627	0.016
072336	79.735206	40.165022	7911.948	446.315466	461.269128	0.063
072356	79.776414	40.165211	7917.31	433.770142	473.350967	0.076
072416	79.819686	40.16548	7923.273	386.233134	514.583787	0.055
072436	79.861807	40.165723	7925.672	571.843335	297.004321	0.022
072456	79.902114	40.165909	7924.967	631.502502	-125.973623	-0.001
072516	79.943128	40.166106	7924.892	623.800063	-153.897801	-0.002
072536	79.986445	40.166318	7925.048	634.773753	-94.708972	0.001
072556	80.030118	40.166508	7924.998	631.82055	-113.92741	-0.0
072616	80.071191	40.166642	7924.993	631.470466	-115.971206	-0.0
072636	80.113013	40.166779	7925.003	632.194505	-111.709752	0.0
072656	80.155694	40.166904	7925.0	631.961564	-113.086415	-0.0
072716	80.196575	40.166966	7925.004	631.924859	-113.231071	-0.0
072736	80.23736	40.167067	7924.988	632.025266	-112.933779	0.0
072756	80.279327	40.167206	7925.003	631.962158	-113.024331	-0.0
072816	80.322225	40.167284	7925.061	631.45497	-112.944471	-0.001
072836	80.364823	40.167308	7924.827	630.209255	-112.699086	0.003
072856	80.406905	40.167299	7925.049	628.985305	-112.487487	-0.001
072916	80.448859	40.167287	7925.848	628.89658	-112.472398	-0.029
072936	80.489617	40.167341	7922.2	629.105178	-112.508075	-0.047
072956	80.530059	40.1674	7916.854	629.007511	-112.491142	-0.04
073016	80.572097	40.167342	7916.715	628.836197	-112.460599	-0.014
073036	80.614389	40.167256	7916.565	629.61963	-112.60043	0.018
073056	80.656295	40.167197	7917.177	631.050856	-112.85658	0.041
073116	80.697868	40.167141	7922.975	631.852564	-113.000517	0.043
073136	80.737516	40.16703	7925.401	631.973445	-113.019841	0.038
073156	80.7779	40.1669	7925.0	631.973212	-113.021498	0.041
073216	80.82294	40.166833	7929.49	632.220712	-113.074217	0.049
073236	80.86572	40.166751	7933.352	631.220885	-112.865663	0.016
073256	80.9055	40.1666	7932.0	629.020066	-112.49336	-0.041
073316	80.948076	40.166401	7926.768	627.403486	-112.32082	-0.047
073336	80.989927	40.166206	7924.893	627.019774	-111.841231	-0.037
073356	81.03	40.166	7925.0	627.051303	-112.141268	-0.041
073416	81.071283	40.165728	7919.553	626.555675	-113.674675	-0.046
073436	81.113364	40.165497	7916.154	628.408696	-108.278768	-0.027
073456	81.1554	40.1653	7917.0	629.020066	-112.49336	-0.0
073516	81.197123	40.165057	7917.003	632.112061	-94.137262	-0.001
073536	81.238904	40.164868	7917.13	639.066866	-41.763331	-0.003
073556	81.281578	40.164589	7916.359	467.087793	-440.998651	0.016
073616	81.324086	40.164227	7917.702	283.964359	-578.471007	0.046
073636	81.365355	40.163887	7923.311	618.01496	-189.539712	0.071
073656	81.406727	40.163622	7928.068	567.080962	-313.961287	0.085
073716	81.448443	40.163332	7933.367	195.048394	-619.063723	0.069
073736	81.490258	40.162928	7939.621	214.890363	-612.360772	0.016
073756	81.532616	40.162513	7936.831	271.395094	-589.994072	-0.027
073816	81.574886	40.162123	7931.54	245.62648	-601.883175	-0.042
073836	81.616543	40.161727	7932.194	247.011166	-601.290118	-0.041
073856	81.658798	40.161281	7929.049	251.011853	-599.529348	-0.044
073916	81.702463	40.160805	7924.49	249.155382	-600.372337	-0.037
073936	81.746675	40.16034	7924.673	249.266753	-600.358589	-0.007
073956	81.788172	40.159872	7925.228	249.463164	-600.01367	0.004
074016	81.828481	40.159409	7924.95	249.480702	-600.437103	-0.0
074036	81.870787	40.158947	7924.932	250.049398	-601.785527	0.0
074056	81.914926	40.158435	7925.199	250.282324	-602.287195	-0.003
074116	81.957744	40.157891	7924.807	250.16954	-602.043245	0.004
074136	81.997801	40.157357	7924.382	250.163851	-602.028098	0.033
074156	82.040214	40.156835	7928.269	250.262793	-602.261983	0.048
074216	82.084196	40.156285	7932.417	250.117081	-601.913282	0.037
074236	82.12666	40.155681	7932.146	249.571022	-600.599061	0.009
074256	82.168374	40.155085	7932.419	249.208045	-599.725337	-0.019
074316	82.210204	40.154472	7931.38	248.981236	-599.179504	-0.038
074336	82.252416	40.15379	7926.534	248.532794	-598.10008	-0.041
074356	82.294543	40.153054	7924.282	247.800833	-596.339827	-0.021
074416	82.336619	40.152331	7925.074	247.059221	-594.553678	0.001
074436	82.378791	40.151669	7925.163	246.570121	-593.373101	0.001
074456	82.420305	40.150976	7924.747	245.924831	-591.837343	0.002
074516	82.462137	40.150266	7925.055	245.168153	-589.999878	-0.001
074536	82.505447	40.149604	7925.906	244.639631	-588.672911	-0.025
074556	82.547162	40.148907	7922.061	244.182817	-587.797289	-0.058
074616	82.587215	40.148163	7916.892	244.063027	-587.29738	-0.048
074636	82.627872	40.147406	7917.135	243.732427	-587.454764	0.009
074656	82.668904	40.146603	7917.025	243.205874	-587.661494	0.005
074716	82.711496	40.145796	7917.158	248.265699	-585.571158	-0.007
074736	82.753223	40.145003	7916.741	238.629107	-589.494262	0.006
074756	82.792741	40.144206	7916.396	231.808225	-592.156469	0.034
074816	82.834087	40.143358	7920.949	301.967478	-560.370167	0.05
074836	82.876183	40.142481	7925.679	164.448201	-615.41738	0.033
074856	82.917108	40.141614	7925.409	-290.285473	-566.88088	0.002
074916	82.958796	40.140759	7924.132	-414.539968	-484.920499	0.014
074936	83.001025	40.139872	7925.908	-352.751139	-533.025136	0.047
074956	83.042867	40.138934	7930.942	-358.27343	-529.249308	0.048
075016	83.084647	40.138008	7933.405	-372.44852	-518.918106	-0.001
075036	83.126789	40.137054	7930.911	-357.270327	-530.124366	-0.048
075056	83.169185	40.136048	7925.827	-350.735188	-536.217549	-0.046
075116	83.210826	40.135085	7924.538	-429.554562	-476.056462	-0.022
075136	83.251319	40.134174	7924.89	-272.397016	-580.182564	0.008
075156	83.291567	40.133247	7924.508	212.787635	-604.59988	0.036
075216	83.333744	40.132213	7928.504	-3.672617	-641.148501	0.047
075236	83.375594	40.131133	7932.486	-414.86564	-488.380037	0.036
075256	83.41576	40.130071	7932.1	-386.821564	-509.15006	0.008
075316	83.458443	40.128959	7932.512	-345.253334	-536.236254	-0.023
075336	83.501325	40.127815	7931.11	-366.547822	-520.881781	-0.044
075356	83.541633	40.126683	7925.947	-364.572025	-522.404055	-0.045
075416	83.582557	40.12555	7924.283	-361.336277	-523.969301	-0.02
075436	83.624511	40.124418	7925.147	-362.603511	-522.495271	0.003
075456	83.666459	40.123286	7925.065	-362.537283	-522.713158	0.001
075516	83.708053	40.122138	7924.952	-361.661811	-521.897293	-0.001
075536	83.749106	40.121033	7925.006	-361.183116	-520.969655	0.0
075556	83.789794	40.119977	7924.993	-361.285844	-521.139819	0.0
075616	83.830908	40.118816	7925.051	-360.473837	-520.005199	-0.001
075636	83.873225	40.117599	7924.931	-359.230359	-518.185626	0.001
075656	83.916027	40.116404	7924.844	-358.497591	-517.123974	0.003
075716	83.956386	40.115162	7925.759	-357.977342	-516.441411	-0.018
075736	83.996436	40.113878	7923.995	-357.793696	-516.051575	-0.046
075756	84.037905	40.112608	7918.19	-357.856031	-516.054842	-0.048
075816	84.07712	40.111402	7915.575	-357.40116	-516.312028	-0.003
075836	84.116444	40.110189	7917.99	-358.300876	-515.872112	0.043
075856	84.158534	40.108898	7922.858	-360.073494	-515.378118	0.047
075916	84.199971	40.107566	7925.54	-355.410137	-519.057089	0.025
075936	84.240273	40.106233	7925.068	-356.478556	-518.243302	0.001
075956	84.282739	40.104908	7924.876	-378.070213	-502.673506	-0.003
080016	84.325785	40.103548	7925.039	-317.562855	-542.95899	0.001
080036	84.367022	40.102141	7925.005	-331.929182	-534.290832	0.0
080056	84.405943	40.100735	7924.991	-615.083748	-131.498925	-0.0
080116	84.445579	40.099347	7925.003	-621.437953	-97.442765	0.0
080136	84.487219	40.097944	7925.0	-369.603828	-508.978762	0.0
080156	84.528792	40.096475	7924.999	-564.746236	-276.46297	-0.0
080216	84.570383	40.095035	7925.0	-620.493852	105.904563	0.0
080236	84.611662	40.093642	7925.0	-630.049686	32.865252	0.0
080256	84.651258	40.092183	7925.0	-631.162125	2.995455	-0.0
080316	84.690735	40.090723	7925.0	-630.311375	28.366038	0.0
080336	84.731948	40.089254	7925.0	-630.573075	23.075044	0.0
080356	84.775119	40.087653	7925.0	-630.645433	20.93025	-0.0
080416	84.816897	40.086102	7925.0	-630.624843	22.753111	0.0
080436	84.856907	40.08465	7925.0	-630.628286	22.372627	0.0
080456	84.898954	40.083082	7925.0	-630.336918	22.208135	-0.0
080516	84.940464	40.081447	7925.0	-631.203788	22.369854	0.0
080536	84.979955	40.079854	7925.0	-633.397516	22.420124	0.0
080556	85.02001	40.078336	7925.0	-634.986319	22.464571	-0.0
080616	85.061662	40.076742	7925.0	-635.954335	22.510066	0.0
080636	85.103701	40.075063	7925.0	-636.569459	22.52945	0.0
080656	85.143834	40.073481	7925.0	-636.659716	22.522829	-0.0
080716	85.185127	40.071794	7925.0	-636.582719	22.545443	0.0
080736	85.228185	40.069975	7925.0	-636.598807	22.540182	0.0
080756	85.269196	40.068309	7925.001	-636.60967	22.414983	-0.0
080816	85.310539	40.066576	7924.997	-636.592035	22.757844	0.0
080836	85.353683	40.064686	7924.998	-636.596	22.67874	0.0
080856	85.395725	40.062927	7925.018	-636.656273	20.932526	-0.0
080916	85.432221	40.061437	7924.966	-636.483936	25.633583	0.0
080936	85.468039	40.059911	7925.013	-636.642259	21.345852	-0.0
080956	85.514155	40.057858	7925.236	-636.999017	1.164743	-0.002
081016	85.560006	40.055821	7924.246	-630.508652	90.603286	0.008
081036	85.600286	40.054064	7923.378	-614.245134	167.496114	0.025
081056	85.638629	40.052398	7926.591	-623.995357	-120.679129	0.029
081116	85.67831	40.050663	7931.791	-377.359119	-509.632909	0.007
081136	85.72097	40.048786	7928.855	-549.393544	-316.614164	-0.029
081156	85.76438	40.046796	7924.242	-626.026118	97.794951	-0.037
081216	85.806269	40.044791	7924.765	-629.068056	54.610085	-0.005
081236	85.84712	40.042888	7925.226	-626.530715	-63.339186	0.005
081256	85.887487	40.041047	7924.946	-615.181185	129.844843	-0.001
081316	85.927936	40.03918	7924.983	-372.725609	505.519414	-0.0
081336	85.969042	40.037257	7925.016	-268.341328	567.704828	0.0
081356	86.01018	40.035323	7924.996	-332.56514	532.740115	-0.0
081416	86.050926	40.033393	7924.999	-324.189458	537.869186	-0.0
081436	86.091896	40.031398	7925.001	-316.729792	542.209107	0.0
081456	86.132074	40.029414	7925.0	-321.328425	539.66519	-0.0
081516	86.171201	40.027489	7925.0	-320.746333	540.066148	0.0
081536	86.211302	40.025514	7925.001	-319.598031	539.34401	-0.0
081556	86.252166	40.023491	7924.999	-319.358412	538.202396	0.0
081616	86.293277	40.021426	7924.998	-319.374216	538.327927	0.0
081636	86.335121	40.019266	7925.012	-319.423749	538.498033	-0.0
081656	86.375644	40.017212	7924.982	-319.341275	538.306764	0.0
081716	86.414462	40.015302	7924.971	-319.317358	538.273779	0.0
081736	86.455302	40.013169	7925.169	-319.947861	539.338505	-0.003
081756	86.496803	40.010944	7924.744	-320.480817	540.242477	0.004
081816	86.537011	40.008822	7924.598	-320.411364	540.129141	0.007
081836	86.577089	40.006699	7927.357	-320.518373	540.249078	-0.033
081856	86.61761	40.004557	7921.496	-320.198547	539.840196	0.133
081916	86.658255	40.002424	7923.958	-319.419584	538.571802	0.648
081936	86.698186	40.00031	7997.633	-319.952362	538.624045	1.267
081956	86.738781	39.998134	8110.806	-321.341432	542.787079	1.738
082016	86.780926	39.995858	8226.23	-323.659922	547.338783	1.954
082036	86.82305	39.99358	8366.211	-327.212362	541.420337	2.014
082056	86.864218	39.991326	8504.451	-313.974777	544.519762	1.938
082116	86.903892	39.989125	8618.787	-311.075273	548.441913	1.785
082136	86.942124	39.98703	8732.358	-378.180432	505.918682	1.722
082156	86.983221	39.984727	8845.471	-176.688029	604.940646	1.623
082216	87.02756	39.982154	8950.919	262.908031	571.355728	1.405
082236	87.069107	39.979722	9046.145	170.785234	607.690713	1.199
082256	87.108114	39.977461	9120.078	-236.585104	588.122711	1.043
082316	87.147168	39.975254	9163.761	-391.280929	496.897649	0.943
082336	87.189314	39.97291	9220.898	-290.311982	560.487337	0.979
082356	87.230926	39.970591	9306.58	-386.927156	502.925379	1.207
082416	87.266072	39.968571	9373.746	-635.855952	0.092869	1.538
082436	87.310254	39.965908	9493.261	-529.46065	344.085931	1.798
082456	87.353659	39.963256	9625.842	51.603284	623.557744	1.723
082516	87.393029	39.960863	9731.835	268.168145	562.279095	1.4
082536	87.433116	39.958466	9804.032	-142.433947	608.309049	1.125
082556	87.47436	39.956045	9871.13	-441.46124	446.30429	0.962
082616	87.516189	39.953542	9934.47	-279.285767	566.355559	0.883
082636	87.557628	39.950926	9983.177	247.060406	587.106242	0.875
082656	87.597144	39.948424	10045.761	8.512075	641.110784	1.048
082716	87.636925	39.946009	10126.034	-437.343207	469.718695	1.207
082736	87.678962	39.943529	10206.46	-385.516338	510.740564	1.139
082756	87.721643	39.94096	10273.361	-335.909397	543.525683	0.911
082816	87.764063	39.938276	10321.114	-345.087231	540.77677	0.61
082836	87.806387	39.935472	10352.894	47.003537	645.602029	0.325
082856	87.848269	39.932716	10365.473	348.789904	546.275509	0.116
082916	87.889542	39.930089	10363.467	298.124398	569.348051	0.008
082936	87.930496	39.927495	10362.414	282.086715	575.103333	-0.009
082956	87.971253	39.92488	10363.163	274.739069	579.47892	0.003
083016	88.012767	39.922208	10363.035	270.77219	582.044511	0.0
083036	88.056251	39.919471	10362.945	413.620845	490.919494	-0.0
083056	88.096205	39.916826	10363.024	76.190491	635.724107	-0.0
083116	88.13533	39.91408	10362.92	-290.039538	569.42964	0.002
083136	88.180555	39.911035	10362.91	259.6249	585.823874	0.002
083156	88.221299	39.908344	10363.685	-50.023992	639.341869	-0.021
083216	88.260841	39.905783	10361.713	-290.478558	571.276507	-0.049
083236	88.303006	39.903026	10356.623	227.779054	599.103721	-0.046
083256	88.344181	39.900157	10354.557	357.069799	532.94791	0.007
083316	88.385202	39.897319	10357.672	267.631298	583.855208	0.048
083336	88.427199	39.894527	10362.634	284.234388	577.48491	0.042
083356	88.469001	39.891622	10362.741	294.815868	575.260112	0.038
083416	88.510746	39.88867	10364.425	288.13619	578.496514	0.043
083436	88.552782	39.885741	10370.379	287.569284	574.502883	0.043
083456	88.594843	39.882794	10371.759	287.537384	573.107687	0.017
083516	88.636303	39.879898	10370.808	288.052706	574.502723	-0.004
083536	88.677301	39.877039	10370.979	288.753051	575.662563	-0.001
083556	88.719001	39.874053	10370.881	286.253139	575.257454	0.004
083616	88.760725	39.871071	10371.289	289.819896	571.086087	-0.006
083636	88.802065	39.868147	10371.32	289.467044	569.928666	-0.036
083656	88.843788	39.8651	10367.124	262.419335	580.92565	-0.067
083716	88.884526	39.862042	10360.848	324.95244	548.328583	-0.074
083736	88.924382	39.859052	10356.349	328.188436	548.254981	-0.046
083756	88.966247	39.855995	10355.657	-175.367618	613.083816	-0.01
083816	89.00889	39.852896	10356.281	-247.691749	587.067824	0.001
083836	89.050548	39.849851	10355.952	312.860451	557.28938	0.001
083856	89.09097	39.846879	10355.267	607.367815	203.898322	0.028
083916	89.131447	39.843744	10358.373	639.768697	-40.349187	0.049
083936	89.172232	39.840545	10363.152	634.930986	88.141896	0.039
083956	89.212866	39.837555	10363.674	372.259922	522.784572	0.006
084016	89.254468	39.834472	10362.17	416.391552	488.54491	0.009
084036	89.297031	39.831239	10363.188	639.9355	52.072952	0.042
084056	89.33963	39.828044	10368.861	643.45151	15.905113	0.048
084116	89.382552	39.824816	10371.896	637.023708	91.364841	0.024
084136	89.42431	39.821647	10370.944	638.450597	66.910767	-0.001
084156	89.463304	39.81867	10370.624	638.572136	64.308153	0.001
084216	89.503491	39.815535	10371.739	638.366538	69.737365	-0.011
084236	89.545157	39.812237	10370.805	638.361392	67.979004	-0.042
084256	89.585803	39.80901	10364.917	637.61269	67.731822	-0.054
084316	89.627792	39.805565	10362.737	637.415974	68.019914	-0.023
084336	89.669572	39.80221	10362.475	636.923086	67.875515	0.023
084356	89.710598	39.799036	10363.213	635.310641	67.737653	0.04
084416	89.753229	39.795622	10369.633	633.78623	67.584195	0.018
084436	89.793596	39.792325	10369.129	633.267273	67.49878	-0.022
084456	89.832727	39.789136	10362.797	632.303911	67.420086	-0.04
084516	89.87475	39.785737	10362.342	628.942521	67.13973	-0.013
084536	89.915757	39.782371	10363.284	626.260909	66.537594	0.005
084556	89.954972	39.77914	10362.988	625.435772	66.74867	-0.0
084616	89.995116	39.775902	10363.003	624.974596	67.776594	-0.002
084636	90.036092	39.772508	10362.877	623.338498	63.228584	0.004
084656	90.07692	39.769028	10363.04	620.311827	67.04472	-0.001
084716	90.116811	39.76567	10363.706	618.3755	81.721976	-0.03
084736	90.156378	39.762424	10360.645	623.737839	21.715403	-0.043
084756	90.196647	39.75913	10355.846	619.013898	78.668326	-0.03
084816	90.238115	39.75563	10355.162	446.080864	436.04699	-0.016
084836	90.2791	39.7521	10356.0	279.133074	556.968336	0.0
084856	90.318084	39.748732	10355.574	558.811245	271.855608	0.026
084916	90.356105	39.74548	10357.589	620.914762	-15.513898	0.056
084936	90.3956	39.7421	10363.0	617.500209	65.836859	0.076
084956	90.438048	39.738403	10368.683	607.940126	113.885796	0.064
085016	90.478328	39.734924	10372.612	618.211092	-28.841077	0.005
085036	90.516	39.7317	10371.0	617.500209	65.836859	-0.046
085056	90.555677	39.728237	10363.45	281.747185	550.589572	-0.008
085116	90.596727	39.724632	10366.587	615.777731	18.777653	0.034
085136	90.636746	39.721065	10371.969	339.395576	-512.101674	0.036
085156	90.675213	39.71761	10371.127	610.424582	-47.967269	0.005
085216	90.714255	39.714222	10371.408	372.948707	483.367812	-0.024
085236	90.753672	39.710782	10369.783	324.530602	516.546008	-0.051
085256	90.793267	39.707237	10363.918	592.131819	147.144318	-0.074
085316	90.833763	39.703665	10358.625	509.735477	-331.850912	-0.07
085336	90.872369	39.700216	10354.807	348.572762	-496.702094	-0.014
085356	90.90901	39.696828	10355.119	373.880025	-478.243991	0.067
085416	90.948515	39.693186	10364.756	387.552919	-465.773289	0.094
085436	90.988372	39.689563	10372.451	376.602227	-473.216458	0.058
085456	91.026578	39.686106	10371.434	378.346032	-472.022624	0.006
085516	91.065912	39.68248	10370.385	379.562714	-471.013029	-0.002
085536	91.105595	39.678818	10371.448	377.783608	-470.333217	-0.005
085556	91.143987	39.675298	10371.59	376.101671	-468.034711	-0.036
085616	91.181266	39.671795	10366.465	375.438197	-467.029739	-0.045
085636	91.219541	39.668215	10362.605	375.120481	-466.743564	-0.039
085656	91.258834	39.664605	10363.246	374.257843	-465.655621	-0.04
085716	91.295338	39.661146	10359.457	372.826784	-463.862297	-0.046
085736	91.332689	39.657607	10355.301	372.053276	-462.907683	-0.033
085756	91.373213	39.65385	10355.729	372.183805	-463.069043	-0.003
085816	91.411895	39.650159	10356.596	371.36533	-462.049791	-0.003
085836	91.449834	39.646491	10355.347	370.943317	-461.525272	0.01
085856	91.488464	39.642813	10355.033	371.935	-462.75904	0.066
085916	91.525168	39.639336	10363.878	372.407971	-463.347501	0.096
085936	91.561626	39.635812	10372.638	371.877584	-462.68751	0.055
085956	91.599898	39.632055	10371.94	370.985189	-461.57715	-0.029
090016	91.639093	39.628312	10366.24	370.762123	-461.300426	-0.055
090036	91.678136	39.62457	10362.489	370.891718	-461.459916	-0.033
090056	91.716037	39.620828	10362.954	370.871396	-461.434027	-0.006
090116	91.752285	39.617272	10362.335	370.896039	-461.476368	0.023
090136	91.789332	39.613675	10364.034	370.824974	-461.365811	0.044
090156	91.828592	39.609856	10369.927	370.411472	-460.8364	0.045
090216	91.867213	39.606081	10371.802	369.609576	-459.996504	0.02
090236	91.904731	39.602372	10370.847	368.827258	-458.726074	-0.003
090256	91.941977	39.59864	10370.959	368.063041	-457.567997	-0.002
090316	91.979382	39.594864	10370.894	366.605148	-457.93769	0.004
090336	92.017201	39.591039	10371.198	367.989372	-455.54543	-0.004
090356	92.055081	39.587229	10371.468	368.060842	-452.769042	-0.032
090416	92.091923	39.583576	10367.709	352.192513	-463.200378	-0.065
090436	92.12921	39.579832	10361.45	379.096411	-439.848942	-0.075
090456	92.167737	39.575869	10356.651	396.701919	-422.156905	-0.049
090516	92.204692	39.572121	10355.53	101.839147	-569.29536	-0.016
090536	92.240618	39.568475	10356.078	-225.224804	-532.267104	0.003
090556	92.27722	39.564668	10355.994	-202.159906	-541.473178	0.002
090616	92.314576	39.560788	10356.209	-168.635548	-552.869179	-0.006
090636	92.35202	39.55695	10355.696	-186.500871	-547.079993	0.007
090656	92.389175	39.553162	10355.302	-184.819058	-547.650694	0.038
090716	92.426557	39.549266	10360.277	-182.333803	-548.502354	0.027
090736	92.462876	39.545466	10362.531	-183.639856	-548.037729	-0.005
090756	92.497963	39.541842	10356.825	-183.562878	-548.03372	-0.007
090816	92.535792	39.53785	10358.31	-183.464947	-548.396908	0.024
090836	92.575035	39.533685	10363.622	-183.872814	-549.309491	0.039
090856	92.612177	39.529809	10363.406	-184.322784	-550.670048	0.008
090916	92.646896	39.526167	10362.684	-184.477194	-551.178689	-0.004
090936	92.682241	39.522421	10363.102	-184.38377	-550.877492	-0.0
090956	92.720506	39.518345	10363.214	-184.349165	-550.775276	-0.003
091016	92.758713	39.514225	10362.211	-184.704556	-551.840472	0.017
091036	92.796188	39.510204	10363.823	-185.086631	-552.980404	0.044
091056	92.833415	39.506271	10369.687	-185.07387	-552.94236	0.046
091116	92.869626	39.502365	10371.814	-185.013095	-552.761031	0.021
091136	92.905848	39.498397	10370.875	-185.061542	-552.905658	-0.003
091156	92.943582	39.494276	10370.963	-185.092409	-552.997881	-0.003
091216	92.982565	39.489969	10370.84	-184.786742	-552.084691	0.005
091236	93.020113	39.485803	10371.218	-184.328689	-550.716118	-0.004
091256	93.055129	39.48197	10371.73	-183.936592	-549.544606	-0.034
091316	93.0923	39.477939	10367.139	-183.282044	-547.589399	-0.045
091336	93.130326	39.473781	10362.658	-182.772915	-546.067667	-0.04
091356	93.166335	39.469785	10363.27	-182.644262	-545.682597	-0.039
091416	93.202669	39.465821	10359.995	-181.82952	-543.253575	-0.045
091436	93.239706	39.461784	10355.503	-180.745423	-540.00617	-0.037
091456	93.27638	39.457702	10355.693	-180.30782	-538.689184	-0.007
091516	93.312106	39.453757	10356.163	-180.320786	-538.799294	0.005
091536	93.347827	39.449786	10356.014	-180.22323	-538.390614	-0.002
091556	93.384218	39.445632	10356.14	-179.758889	-536.870508	-0.004
091616	93.419777	39.441591	10355.342	-179.631357	-537.48086	0.018
091636	93.456548	39.437432	10356.714	-180.588756	-538.710137	0.044
091656	93.495357	39.433036	10361.844	-181.131825	-538.474335	0.046
091716	93.530186	39.429177	10363.728	-176.88096	-539.614189	0.021
091736	93.563989	39.425388	10362.876	-183.792968	-537.525646	-0.002
091756	93.601466	39.421018	10362.921	-191.595475	-534.948071	-0.002
091816	93.63849	39.416757	10363.052	-132.652175	-551.157177	0.001
091836	93.674232	39.412681	10362.991	-228.514325	-517.883369	-0.0
091856	93.709919	39.408543	10362.994	-512.461338	-243.891502	-0.0
091916	93.745528	39.404401	10363.005	-568.41452	-7.510617	0.0
091936	93.78221	39.40012	10362.998	-522.098799	-223.031897	0.0
091956	93.82003	39.395682	10362.995	-199.792769	-529.855472	0.0
092016	93.855449	39.39156	10363.019	-409.550112	-390.573903	-0.0
092036	93.890871	39.387438	10362.981	-541.56409	-164.181859	0.0
092056	93.928675	39.38299	10362.937	-247.705133	-507.919331	0.001
092116	93.9635	39.378883	10363.26	-339.847428	-451.777602	-0.005
092136	93.997917	39.374861	10362.729	-559.041893	-89.105686	0.005
092156	94.035939	39.370444	10362.125	-555.827678	-107.328151	0.036
092216	94.073279	39.366025	10367.441	-542.779922	-159.374793	0.031
092236	94.108685	39.361755	10370.724	-548.366018	-134.988548	-0.009
092256	94.143465	39.357559	10364.7	-546.648612	-135.927258	-0.041
092316	94.178975	39.353339	10361.762	-545.235589	-139.525159	-0.021
092336	94.215142	39.349029	10363.371	-545.908311	-137.851772	-0.001
092356	94.250981	39.344678	10363.733	-545.902763	-137.948472	-0.031
092416	94.285619	39.340486	10359.648	-545.589726	-138.151356	-0.049
092436	94.320849	39.336216	10355.604	-545.991671	-138.123692	-0.037
092456	94.358172	39.331657	10355.89	-547.376757	-138.484586	-0.01
092516	94.395124	39.327233	10355.461	-548.23754	-138.697074	0.022
092536	94.431032	39.322936	10356.741	-548.89834	-138.897066	0.043
092556	94.466749	39.318543	10362.011	-550.218636	-139.280015	0.042
092616	94.50323	39.314039	10362.971	-551.572062	-139.263088	0.039
092636	94.539251	39.309646	10363.692	-552.854786	-140.180781	0.042
092656	94.573795	39.305472	10369.601	-554.667465	-141.319578	0.044
092716	94.60902	39.301124	10371.884	-557.641494	-137.000083	0.022
092736	94.645602	39.29659	10370.849	-556.459351	-145.044838	-0.003
092756	94.682912	39.292004	10370.904	-553.961182	-153.911039	-0.002
092816	94.720043	39.28728	10371.063	-568.915149	-86.948679	0.001
092836	94.757004	39.282731	10370.99	-541.031856	-197.548059	-0.0
092856	94.793685	39.278664	10370.996	-269.672026	-508.076951	-0.0
092916	94.828751	39.274811	10370.993	-124.691395	-561.188158	0.0
092936	94.86375	39.270904	10371.011	-192.399574	-541.870666	-0.0
092956	94.900326	39.266833	10371.038	-189.472618	-542.871793	-0.001
093016	94.936564	39.262728	10370.842	-174.944703	-547.85154	0.003
093036	94.973012	39.258552	10371.164	-186.798177	-543.681574	-0.003
093056	95.0106	39.254272	10371.53	-194.207626	-539.710142	-0.03
093116	95.047419	39.25009	10367.988	-131.847448	-555.999527	-0.064
093136	95.083382	39.245972	10361.755	-231.608543	-520.635632	-0.075
093156	95.119425	39.241777	10356.818	-516.872105	-239.982033	-0.051
093216	95.155776	39.2375	10355.493	-569.406698	-29.911034	-0.017
093236	95.191999	39.233265	10356.089	-532.732129	-202.316071	0.002
093256	95.227766	39.229141	10356.063	-268.77393	-501.013835	0.001
093316	95.263668	39.224967	10355.93	-90.867958	-559.297463	-0.0
093336	95.299694	39.220764	10356.042	-225.34963	-519.383757	-0.001
093356	95.335544	39.216619	10356.225	-465.396712	-326.20077	-0.005
093416	95.37125	39.212475	10355.894	-556.714476	-122.82172	0.002
093436	95.407266	39.208235	10355.533	-556.296349	-123.785669	0.029
093456	95.444831	39.20377	10358.226	-551.199153	-149.188094	0.062
093516	95.483091	39.199227	10363.959	-556.08676	-139.39347	0.076
093536	95.520017	39.194867	10369.764	-557.376584	-139.793765	0.053
093556	95.554702	39.190739	10371.636	-557.894103	-141.857077	0.019
093616	95.589773	39.186548	10370.925	-558.380734	-141.182082	-0.002
093636	95.62752	39.182063	10370.976	-557.632792	-140.998505	-0.002
093656	95.663989	39.177682	10370.839	-557.477507	-141.097986	0.005
093716	95.699936	39.173332	10371.159	-557.309808	-140.998319	-0.003
093736	95.737414	39.168825	10371.795	-555.896664	-140.641192	-0.033
093756	95.772396	39.164612	10367.459	-555.283332	-140.495943	-0.045
093816	95.806631	39.160448	10362.715	-555.522285	-140.552306	-0.04
093836	95.84372	39.155901	10363.272	-555.511192	-140.549528	-0.039
093856	95.880533	39.151409	10360.235	-555.523329	-140.553312	-0.044
093916	95.916381	39.147042	10355.634	-555.463885	-140.537978	-0.038
093936	95.952579	39.142589	10355.792	-555.332892	-140.504837	-0.012
093956	95.989408	39.138012	10355.605	-556.249277	-140.736744	0.022
094016	96.026436	39.133416	10356.465	-557.588413	-141.075536	0.042
094036	96.063257	39.128892	10361.48	-558.209339	-141.232636	0.036
094056	96.100384	39.124312	10364.193	-558.919745	-141.41239	0.021
094116	96.137287	39.119737	10363.514	-559.882847	-141.656069	0.006
094136	96.172703	39.115367	10362.957	-560.628141	-141.8446	-0.004
094156	96.207875	39.111027	10363.032	-561.269431	-142.006868	-0.001
094216	96.245753	39.106282	10362.18	-562.428674	-142.300298	0.026
094236	96.284074	39.101442	10365.131	-563.956524	-142.686459	0.048
094256	96.320626	39.096824	10370.818	-565.157746	-142.990573	0.042
094316	96.35569	39.092404	10371.696	-565.305855	-143.029852	0.012
094336	96.392479	39.087746	10370.637	-565.150834	-142.985039	-0.001
094356	96.431008	39.082841	10370.944	-565.188516	-142.997255	0.001
094416	96.467786	39.078151	10371.907	-565.19147	-143.023156	-0.025
094436	96.504203	39.073477	10368.83	-565.204096	-142.948481	-0.048
094456	96.541072	39.068734	10363.178	-565.195407	-142.983636	-0.042
094516	96.577255	39.064122	10362.373	-565.088644	-143.306958	-0.013
094536	96.613497	39.05951	10363.218	-565.422053	-142.300346	0.004
094556	96.650789	39.054698	10363.02	-565.325987	-142.590873	0.001
094616	96.68932	39.049618	10363.025	-563.744778	-147.291283	-0.002
094636	96.727031	39.044665	10362.869	-568.020404	-134.446508	0.003
094656	96.763517	39.039971	10362.906	-569.387953	-137.984502	0.002
094716	96.800857	39.035195	10364.02	-549.520109	-203.967286	-0.029
094736	96.837789	39.030379	10360.83	-586.082277	-8.525598	-0.035
094756	96.874021	39.025582	10355.977	-446.91858	380.472279	-0.003
094816	96.911303	39.020753	10360.682	-392.996958	436.252676	0.006
094836	96.947412	39.016037	10361.849	-439.075782	389.357754	-0.004
094856	96.982787	39.011297	10356.175	-429.902705	399.567114	-0.002
094916	97.021659	39.006122	10359.537	-427.100195	404.571612	0.03
094936	97.060437	39.001009	10363.92	-430.921977	401.662914	0.036
094956	97.097032	38.996186	10363.1	-430.148035	402.293566	0.003
095016	97.134241	38.991219	10362.986	-430.736011	403.396817	-0.008
095036	97.171514	38.986208	10362.662	-431.849711	403.961586	0.01
095056	97.208226	38.981289	10362.743	-432.216825	404.40507	0.038
095116	97.245063	38.976393	10367.506	-433.135706	405.359145	0.053
095136	97.281627	38.971473	10372.125	-433.902041	405.912514	0.024
095156	97.318344	38.966465	10371.573	-433.803339	405.821685	-0.034
095216	97.356912	38.961297	10366.184	-433.38999	406.158216	-0.052
095236	97.395756	38.95608	10362.297	-434.289403	405.253013	-0.031
095256	97.43327	38.950956	10362.852	-434.316276	405.209086	-0.003
095316	97.46988	38.945962	10363.204	-429.359517	410.593899	0.003
095336	97.506673	38.940909	10362.911	-441.324576	397.347413	0.0
095356	97.544238	38.935705	10362.923	-445.92634	392.029706	0.001
095416	97.582083	38.930516	10363.285	-371.779874	465.246696	-0.007
095436	97.619285	38.925448	10362.664	-504.656728	319.294821	0.01
095456	97.655895	38.920638	10363.43	-570.079418	-177.153337	0.047
095516	97.693508	38.916181	10369.865	-564.811267	-193.244335	0.02
095536	97.731842	38.911652	10368.825	-584.312446	-122.536636	-0.026
095556	97.769724	38.907047	10362.622	-578.194125	-148.653589	-0.04
095616	97.80645	38.902596	10362.463	-577.888321	-149.830234	-0.012
095636	97.843723	38.898036	10363.133	-579.196852	-144.725757	0.008
095656	97.881813	38.893328	10363.061	-578.720692	-146.591992	-0.002
095716	97.920025	38.888606	10363.666	-578.68802	-146.673757	-0.031
095736	97.958937	38.88382	10360.314	-578.834652	-146.320595	-0.047
095756	97.996595	38.879149	10355.752	-578.737674	-146.438706	-0.039
095816	98.031381	38.874727	10355.725	-578.580744	-146.405461	-0.012
095836	98.06861	38.869997	10355.789	-579.45607	-146.5989	0.016
095856	98.108594	38.865007	10356.209	-580.802158	-146.949732	0.044
095916	98.147557	38.860233	10360.539	-581.415429	-147.105371	0.072
095936	98.184216	38.855707	10366.831	-582.29267	-147.325264	0.069
095956	98.220655	38.851125	10371.226	-583.771012	-147.700082	0.037
100016	98.259724	38.846159	10371.333	-585.214854	-148.065526	0.007
100036	98.299922	38.840995	10370.876	-585.661327	-148.177845	-0.004
100056	98.338746	38.836025	10370.988	-585.558376	-148.152436	0.001
100116	98.375104	38.831453	10370.799	-585.718142	-148.194306	0.004
100136	98.412268	38.826685	10371.71	-584.824985	-147.961401	-0.016
100156	98.450495	38.821708	10370.604	-583.53286	-147.64262	-0.042
100216	98.488165	38.816859	10364.694	-583.469778	-147.646713	-0.044
100236	98.526736	38.811886	10362.693	-583.754151	-147.62254	-0.038
100256	98.566252	38.806794	10362.775	-583.557045	-147.685861	-0.042
100316	98.605211	38.801828	10357.943	-583.2207	-147.879974	-0.049
100336	98.642237	38.797072	10354.588	-585.01672	-146.993863	-0.01
100356	98.677979	38.792436	10356.405	-586.467442	-148.942156	0.044
100416	98.714576	38.787694	10361.483	-585.396316	-152.581353	0.049
100436	98.753783	38.782573	10363.696	-590.473977	-135.112296	0.023
100456	98.793939	38.777279	10362.934	-586.601694	-156.240145	-0.001
100516	98.832272	38.772204	10362.896	-570.588799	-206.72094	-0.002
100536	98.870192	38.767181	10363.066	-602.412047	81.590811	0.001
100556	98.907557	38.762211	10362.986	-429.619981	433.343026	0.0
100616	98.943945	38.757329	10362.922	-421.949927	442.895145	0.001
100636	98.983061	38.75211	10363.231	-458.834684	405.163949	-0.004
100656	99.023421	38.746785	10362.875	-445.74517	419.339817	0.002
100716	99.061329	38.741811	10362.007	-445.161191	419.990947	0.033
100736	99.099906	38.736659	10366.681	-447.676298	417.154215	0.035
100756	99.138913	38.731386	10370.958	-446.837711	418.266355	-0.005
100816	99.17635	38.726351	10365.592	-447.362676	418.843867	-0.043
100836	99.215359	38.721095	10361.057	-447.59431	418.687402	-0.01
100856	99.255567	38.715665	10363.57	-447.681494	418.90543	0.043
100916	99.294212	38.71045	10370.029	-448.845427	420.000858	0.02
100936	99.331761	38.705322	10368.927	-448.708902	419.845679	-0.027
100956	99.369515	38.700138	10362.797	-447.572852	418.792542	-0.04
101016	99.408253	38.694866	10362.183	-447.490671	418.716648	-0.008
101036	99.44648	38.689631	10363.827	-447.66326	418.876052	-0.008
101056	99.484869	38.684328	10362.831	-447.605881	418.823033	-0.042
101116	99.524932	38.678817	10357.854	-447.591107	418.809268	-0.049
101136	99.563265	38.673583	10355.226	-447.639617	418.854566	-0.024
101156	99.599959	38.668542	10356.048	-447.601256	418.818665	0.001
101216	99.638181	38.663184	10356.315	-447.476608	418.701841	-0.001
101236	99.677803	38.657653	10355.382	-448.053133	419.242092	0.011
101256	99.7172	38.6522	10356.0	-449.069407	420.192418	0.041
101316	99.75495	38.646942	10360.889	-449.576383	420.663787	0.048
101336	99.793027	38.641596	10363.699	-450.146184	421.207546	0.028
101356	99.832	38.6361	10363.0	-451.259989	422.242137	0.0
101416	99.870609	38.630644	10363.083	-452.770101	423.613078	-0.007
101436	99.909327	38.625119	10362.504	-453.972204	424.886556	0.013
101456	99.9488	38.6195	10363.0	-454.91096	425.658335	0.041
101516	99.989061	38.61389	10368.332	-455.877486	425.93995	0.049
101536	100.028868	38.608263	10371.836	-454.81963	426.922631	0.028
101556	100.067586	38.602675	10371.057	-455.379054	426.508637	0.001
101616	100.105623	38.597255	10370.607	-461.702811	423.669988	0.001
101636	100.143404	38.591863	10371.576	-449.341744	439.261246	-0.009
101656	100.182015	38.586287	10371.163	-455.679465	432.150702	-0.039
101716	100.22256	38.580424	10365.741	-512.424026	363.355575	-0.048
101736	100.262763	38.574627	10362.171	-293.650932	554.421742	-0.029
101756	100.301301	38.569074	10362.952	110.957255	616.10251	-0.001
101816	100.339383	38.563553	10363.185	-228.278929	583.93868	0.003
101836	100.379583	38.557698	10362.943	-502.270278	377.772801	-0.001
101856	100.421012	38.551677	10362.993	-461.714362	427.130371	-0.0
101916	100.459237	38.546164	10363.013	-490.138124	394.267547	0.0
101936	100.497369	38.540629	10362.996	-357.336082	517.619435	-0.0
101956	100.537113	38.534773	10362.999	68.580277	625.240608	-0.0
102016	100.575637	38.529044	10363.001	168.173248	606.162739	0.0
102036	100.614573	38.523225	10363.0	98.152237	621.193522	-0.0
102056	100.65497	38.517196	10363.0	110.291053	619.147771	-0.0
102116	100.694494	38.511349	10363.0	117.649431	619.075838	0.0
102136	100.73239	38.505776	10363.0	112.766941	621.036008	-0.0
102156	100.7702	38.500182	10363.0	113.612802	620.730427	0.0
102216	100.810987	38.494036	10363.0	114.105253	620.523413	-0.0
102236	100.852831	38.487709	10363.0	113.763878	620.71604	0.0
102256	100.893058	38.481674	10363.0	113.825049	620.696598	0.0
102316	100.931189	38.475966	10363.001	113.792839	620.313385	-0.0
102336	100.968895	38.470296	10362.997	113.93897	621.257588	0.0
102356	101.007825	38.464406	10362.997	114.337554	623.405435	0.0
102416	101.048266	38.45827	10363.021	114.39148	623.684403	-0.0
102436	101.089398	38.452001	10362.964	114.422945	623.866778	0.001
102456	101.129879	38.445806	10362.962	114.69617	625.354652	0.001
102516	101.168704	38.439872	10363.289	114.873724	626.320613	-0.004
102536	101.208204	38.433853	10362.491	114.925861	626.60816	0.008
102556	101.249023	38.427629	10362.176	114.923114	626.594049	0.033
102616	101.287947	38.421642	10367.834	114.888735	626.391922	0.026
102636	101.326703	38.415684	10370.55	114.948561	626.745368	-0.01
102656	101.366992	38.409524	10364.334	115.194393	628.104775	-0.04
102716	101.40577	38.403519	10361.983	115.522355	629.692	-0.023
102736	101.444659	38.397446	10363.21	115.619376	630.600418	0.004
102756	101.485796	38.391028	10363.093	115.560474	630.545539	0.002
102816	101.527145	38.384538	10362.927	116.04455	630.38224	-0.001
102836	101.567104	38.378266	10363.015	115.107897	630.570336	0.0
102856	101.605834	38.372231	10363.007	114.26562	630.690712	0.0
102916	101.645646	38.366026	10362.999	121.20917	629.726991	-0.0
102936	101.685389	38.359764	10362.996	110.118681	632.739558	0.0
102956	101.723926	38.35361	10362.984	95.276419	636.530692	0.0
103016	101.764618	38.347159	10363.057	188.579338	616.132611	-0.001
103036	101.805935	38.340647	10362.954	56.906156	641.319075	0.001
103056	101.844905	38.334464	10362.672	-431.899201	475.651026	0.006
103116	101.884396	38.328133	10363.461	-314.84398	559.604206	-0.009
103136	101.925588	38.321512	10363.602	523.702772	374.032916	-0.039
103156	101.966143	38.315065	10358.498	643.625293	54.042906	-0.028
103216	102.006283	38.308659	10356.523	532.369795	367.916477	0.013
103236	102.046791	38.302109	10362.052	169.693592	624.296034	0.041
103256	102.087151	38.295626	10364.132	77.089469	643.310568	0.018
103316	102.126326	38.289356	10362.551	108.699228	640.073562	0.001
103336	102.165293	38.283072	10362.325	78.04981	645.107048	0.033
103356	102.208279	38.276078	10366.92	383.586382	525.870395	0.05
103416	102.251015	38.269062	10371.49	623.088282	192.755181	0.036
103436	102.289101	38.262762	10371.301	629.606689	172.883684	0.006
103456	102.327626	38.256437	10370.845	430.26243	491.2757	-0.005
103516	102.367461	38.249881	10370.98	60.772903	650.157756	0.002
103536	102.407421	38.243247	10370.823	28.395978	652.379956	0.004
103556	102.448885	38.236493	10371.701	374.765973	534.736966	-0.016
103616	102.491772	38.229541	10370.425	618.881882	208.351129	-0.044
103636	102.534276	38.222489	10364.648	629.714056	173.057818	-0.047
103656	102.573707	38.215861	10361.926	470.56856	452.307787	-0.019
103716	102.612153	38.209571	10363.171	77.805014	647.251697	-0.0
103736	102.652971	38.202918	10363.837	191.334314	623.209935	-0.028
103756	102.693529	38.194829	10360.217	-295.938841	-585.646724	-0.049
103816	102.732551	38.185433	10355.767	592.580207	293.541251	-0.039
103836	102.771103	38.175564	10355.794	622.077152	225.067845	-0.012
103856	102.811339	38.165268	10355.6	442.800194	490.034798	0.019
103916	102.853082	38.154627	10356.31	523.425055	403.98931	0.042
103936	102.8944	38.143952	10361.339	528.916764	401.43607	0.046
103956	102.934119	38.133761	10363.766	515.874584	420.866474	0.024
104016	102.973758	38.123663	10362.929	521.416675	414.361767	-0.001
104036	103.014968	38.113068	10362.895	521.725656	414.111978	-0.002
104056	103.054301	38.102892	10363.041	520.304216	415.128495	0.001
104116	103.092378	38.092988	10363.002	520.17487	414.237856	-0.0
104136	103.132343	38.082556	10363.052	520.180963	414.197465	-0.001
104156	103.173336	38.071921	10362.812	520.152516	414.375398	0.004
104216	103.214272	38.061347	10363.105	520.180071	414.286029	-0.002
104236	103.254594	38.050868	10363.838	520.241577	414.19647	-0.033
104256	103.294166	38.040462	10359.877	519.943376	414.629235	-0.036
104316	103.334029	38.029969	10356.011	520.230376	414.21882	0.002
104336	103.374735	38.019381	10360.451	521.189799	412.853844	0.041
104356	103.412608	38.009455	10364.614	517.304169	418.421262	0.016
104416	103.450432	37.999466	10362.764	521.848739	413.832427	-0.042
104436	103.493436	37.988199	10357.006	531.030075	402.045529	-0.046
104456	103.53415	37.977469	10355.41	461.900891	479.575657	-0.022
104516	103.572406	37.967374	10355.904	585.396027	317.98416	0.008
104536	103.611736	37.957053	10355.487	639.563506	-191.241899	0.036
104556	103.652424	37.946273	10359.657	660.605306	108.82544	0.044
104616	103.693209	37.93541	10363.28	534.712688	406.100455	0.04
104636	103.733496	37.924709	10362.631	667.554119	-83.758734	0.039
104656	103.774716	37.913758	10366.787	559.770165	-374.350116	0.045
104716	103.814645	37.903132	10371.685	668.430651	-89.119718	0.035
104736	103.85238	37.893085	10371.352	546.304525	397.857506	0.004
104756	103.892692	37.88237	10370.482	652.541633	175.969739	0.001
104816	103.933741	37.871407	10371.415	616.659109	-277.933793	-0.006
104836	103.973391	37.86074	10371.85	632.728426	-245.458801	-0.038
104856	104.015464	37.849487	10365.963	649.650251	-196.674887	-0.026
104916	104.057308	37.838281	10363.723	640.390361	-222.435915	0.006
104936	104.09606	37.827805	10370.286	641.925793	-220.215876	0.006
104956	104.135326	37.817225	10368.006	644.546598	-217.186986	-0.026
105016	104.176259	37.806205	10362.187	644.826758	-219.361922	-0.038
105036	104.217779	37.794969	10362.668	644.815017	-219.159223	-0.007
105056	104.258027	37.78407	10363.116	644.881561	-218.907744	0.009
105116	104.297827	37.773277	10363.161	644.746695	-218.99631	-0.006
105136	104.338528	37.762201	10363.469	644.649169	-218.938333	-0.034
105156	104.379729	37.750962	10359.741	646.026546	-219.498128	-0.052
105216	104.42118	37.739682	10355.174	648.169965	-220.02465	-0.029
105236	104.462273	37.728531	10355.125	649.482077	-220.319664	0.03
105256	104.501709	37.71775	10360.176	649.323302	-221.719399	0.049
105316	104.541185	37.706914	10363.595	650.269646	-218.131518	0.034
105336	104.581914	37.695726	10362.988	650.049201	-218.966753	0.029
105356	104.622701	37.68446	10365.036	642.323545	-243.451772	0.052
105416	104.664001	37.673055	10370.353	648.110923	-228.213941	0.067
105436	104.706404	37.661422	10376.517	668.189883	-150.904948	0.035
105456	104.74796	37.649981	10377.191	589.35659	-347.125611	-0.024
105516	104.787679	37.638983	10371.597	612.790239	-304.223847	-0.073
105536	104.827071	37.628353	10366.432	-245.885088	634.821775	-0.088
105556	104.868429	37.618658	10360.779	-310.993593	-601.267178	-0.063
105616	104.911144	37.610121	10356.057	-23.121464	-674.205854	-0.01
105636	104.950918	37.602124	10359.318	-32.987188	-669.927728	0.032
105656	104.990098	37.594026	10363.674	-22.981691	-666.824116	0.037
105716	105.031237	37.585592	10363.145	-22.316067	-665.711444	0.007
105736	105.072194	37.577195	10363.245	-49.324533	-663.970721	-0.021
105756	105.112602	37.568931	10362.3	7.615482	-666.205979	-0.051
105816	105.152992	37.560673	10357.365	27.117095	-667.101933	-0.077
105836	105.19368	37.55222	10350.376	-412.566088	-527.22896	-0.048
105856	105.23466	37.543739	10348.364	-561.221197	-368.256268	0.007
105916	105.275658	37.535414	10354.299	-123.747661	-661.187537	0.037
105936	105.316161	37.527039	10356.546	-219.150341	-636.732326	0.039
105956	105.356882	37.518512	10356.225	-603.851754	-299.800917	0.044
110016	105.398502	37.509898	10360.721	-603.901441	-302.948815	0.071
110036	105.439544	37.501384	10367.238	-569.746388	-364.214329	0.068
110056	105.47997	37.492927	10371.273	-584.599906	-339.35983	0.036
110116	105.520843	37.484348	10371.094	-584.454429	-339.507703	0.009
110136	105.562807	37.475581	10371.559	-582.206657	-344.031343	-0.019
110156	105.604824	37.466792	10370.434	-582.871254	-342.010244	-0.043
110216	105.64586	37.458137	10364.609	-581.45087	-341.193375	-0.046
110236	105.687492	37.449414	10362.134	-581.801899	-341.81873	-0.023
110256	105.729027	37.440708	10363.117	-582.93502	-342.310401	0.002
110316	105.768917	37.432235	10363.126	-581.778679	-341.629916	0.002
110336	105.808114	37.42392	10362.937	-580.74651	-341.057031	-0.001
110356	105.848198	37.415429	10363.006	-581.325394	-341.384893	0.0
110416	105.889724	37.40658	10363.009	-582.780297	-342.238738	0.0
110436	105.929923	37.398065	10362.995	-582.240286	-341.924	-0.0
110456	105.969051	37.389753	10363.001	-581.214014	-341.320443	0.0
110516	106.009587	37.380987	10363.002	-582.555411	-342.108132	-0.0
110536	106.052153	37.371828	10362.996	-582.457164	-342.050618	0.0
110556	106.095217	37.362649	10363.001	-581.175646	-341.297985	-0.0
110616	106.136532	37.353812	10363.016	-582.139012	-341.863734	-0.0
110636	106.176766	37.345125	10362.955	-583.719371	-342.791762	0.001
110656	106.216694	37.336469	10363.013	-584.676037	-343.353619	-0.0
110716	106.256736	37.327833	10363.223	-585.222881	-343.674952	-0.004
110736	106.297636	37.31902	10362.369	-585.991537	-344.125547	0.013
110756	106.339175	37.310052	10363.179	-587.307354	-344.899028	0.042
110816	106.380622	37.301081	10368.845	-589.03867	-345.918513	0.048
110836	106.422547	37.291951	10371.865	-590.651669	-346.85449	0.025
110856	106.464248	37.282855	10370.956	-591.560402	-347.398837	-0.001
110916	106.504792	37.274054	10370.845	-591.567943	-347.441896	-0.002
110936	106.546882	37.264853	10371.107	-591.681971	-347.351607	0.0
110956	106.589129	37.255554	10370.984	-592.455853	-347.955202	0.0
111016	106.628472	37.246909	10370.768	-593.652908	-349.198411	0.004
111036	106.670444	37.237667	10371.635	-594.400783	-347.439487	-0.013
111056	106.714653	37.227927	10370.821	-592.160414	-348.206481	-0.042
111116	106.755898	37.21887	10365.158	-588.759539	-353.711711	-0.048
111136	106.795979	37.21	10362.125	-602.087379	-330.994718	-0.025
111156	106.836653	37.200944	10363.047	-589.59704	-352.617955	0.001
111216	106.878099	37.191761	10363.205	-538.394826	-426.711776	0.001
111236	106.919904	37.182499	10362.75	-684.417241	-59.605607	0.003
111256	106.961462	37.173239	10363.056	-615.392765	305.383903	-0.001
111316	107.002439	37.164043	10363.932	-656.154925	-203.494378	-0.032
111336	107.043627	37.154813	10360.034	-651.38804	-218.439808	-0.035
111356	107.085065	37.145536	10356.017	-604.298545	326.768013	0.002
111416	107.125922	37.136343	10360.665	-583.369717	362.476674	0.037
111436	107.165523	37.127453	10363.945	-624.938246	286.867309	0.03
111456	107.205793	37.11843	10362.956	-614.051685	312.629856	-0.001
111516	107.249157	37.108651	10362.898	-612.995133	315.439148	-0.004
111536	107.292188	37.098886	10362.921	-614.652418	309.312058	0.004
111556	107.333331	37.08954	10363.038	-612.78171	310.611514	-0.001
111616	107.373861	37.080376	10363.712	-613.889401	311.412741	-0.029
111636	107.415199	37.070994	10360.609	-614.857242	311.403187	-0.048
111656	107.457192	37.061424	10355.857	-614.59865	311.433822	-0.039
111716	107.49861	37.051995	10355.485	-615.08144	311.695849	-0.009
111736	107.539326	37.042691	10356.374	-616.041976	312.145994	0.001
111756	107.5803	37.0333	10356.0	-617.276799	312.783237	0.0
111816	107.622412	37.023666	10355.155	-618.981866	313.649069	0.027
111836	107.663446	37.014239	10358.313	-620.941923	314.639992	0.045
111856	107.7043	37.0048	10363.0	-622.62891	315.495231	0.041
111916	107.747744	36.994771	10362.653	-623.715251	316.043766	0.039
111936	107.788783	36.985334	10365.245	-625.401833	316.905511	0.044
111956	107.8281	36.9763	10371.0	-627.089002	317.755225	0.041
112016	107.871581	36.966252	10371.662	-627.038763	317.699095	0.014
112036	107.91541	36.95611	10370.801	-627.587329	318.074311	-0.005
112056	107.957315	36.946387	10370.998	-628.854171	318.670037	-0.0
112116	107.999239	36.936555	10370.819	-628.078387	317.846659	0.005
112136	108.041357	36.926638	10371.499	-626.349888	318.300751	-0.01
112156	108.083761	36.916699	10371.157	-626.921867	317.953147	-0.04
112216	108.126579	36.906738	10365.776	-630.672009	313.858555	-0.049
112236	108.167586	36.897166	10362.12	-623.600252	328.844899	-0.028
112256	108.207542	36.887783	10362.938	-627.229933	321.774134	-0.001
112316	108.250132	36.877808	10363.462	-659.533748	254.489026	-0.002
112336	108.293253	36.867648	10362.282	-531.304908	468.444028	0.012
112356	108.335488	36.857603	10362.794	-91.027404	702.1428	0.04
112416	108.377943	36.84749	10369.122	52.420408	705.989916	0.023
112436	108.420576	36.837327	10369.672	-259.113314	658.907134	-0.019
112456	108.462633	36.827293	10363.226	-622.289966	337.670675	-0.041
112516	108.503509	36.817552	10362.194	-688.121267	166.547685	-0.019
112536	108.545027	36.807732	10363.134	-492.304029	508.839436	0.007
112556	108.587819	36.79762	10362.945	-69.122835	704.624561	0.002
112616	108.630346	36.787409	10363.887	-481.382696	519.069482	-0.029
112636	108.672607	36.777248	10360.998	-593.263424	386.657369	-0.038
112656	108.714957	36.767119	10356.077	-115.870188	698.548221	-0.004
112716	108.757254	36.756912	10359.628	8.945094	706.301547	0.035
112736	108.798279	36.746998	10364.074	-97.349812	697.482197	0.032
112756	108.838607	36.737292	10363.32	-76.314919	698.927921	0.001
112816	108.880926	36.727075	10361.701	-65.321133	699.860907	0.022
112836	108.923774	36.716693	10365.046	-73.125976	699.208094	0.04
112856	108.965648	36.706521	10370.847	-71.785153	699.32436	0.007
112916	109.007426	36.696354	10367.084	-71.002006	699.448703	-0.033
112936	109.049638	36.6861	10362.051	-71.546966	699.250324	-0.035
112956	109.092003	36.675829	10362.804	-71.377332	698.540481	-0.004
113016	109.133621	36.665697	10363.246	-71.177562	697.142822	0.004
113036	109.175256	36.655508	10362.933	-71.120288	696.186197	-0.001
113056	109.217392	36.645153	10362.988	-71.126355	696.313549	-0.0
113116	109.259243	36.634844	10363.004	-71.155529	696.639157	0.001
113136	109.300865	36.62464	10363.018	-71.088523	695.954759	-0.001
113156	109.342251	36.614515	10363.024	-70.940932	694.514713	-0.001
113216	109.383065	36.604394	10362.817	-70.92192	694.331472	0.004
113236	109.424862	36.594029	10363.321	-70.909645	694.209198	-0.007
113256	109.467183	36.58361	10363.342	-70.831456	693.444071	-0.036
113316	109.506634	36.573825	10359.161	-70.858179	693.70631	-0.053
113336	109.547022	36.563755	10354.972	-70.97109	694.810557	-0.023
113356	109.590203	36.552995	10355.471	-71.108539	696.156179	0.035
113416	109.631668	36.542645	10360.394	-71.258713	697.632252	0.045
113436	109.672113	36.532559	10363.305	-71.359169	698.601348	0.032
113456	109.713203	36.522323	10362.541	-71.40855	699.074823	0.033
113516	109.754683	36.511934	10366.043	-71.516465	700.214813	0.039
113536	109.796008	36.501573	10371.325	-71.649688	701.422381	0.034
113556	109.837196	36.491301	10371.76	-71.691236	701.519216	0.013
113616	109.88015	36.480544	10370.83	-71.584805	701.311653	-0.003
113636	109.9242	36.469421	10370.99	-71.586773	701.346824	-0.001
113656	109.965335	36.458993	10370.816	-72.0232	701.323044	0.005
113716	110.005503	36.448793	10371.398	-70.970278	701.415378	-0.008
113736	110.046644	36.438358	10371.435	-70.928719	701.422112	-0.038
113756	110.087434	36.428056	10366.284	-77.149544	700.767961	-0.044
113816	110.128751	36.41763	10362.713	-63.704227	702.114145	-0.041
113836	110.171008	36.40693	10363.382	-59.238611	702.504274	-0.042
113856	110.212575	36.396359	10358.698	-143.69043	690.216122	-0.024
113916	110.254584	36.385632	10356.494	43.95611	703.606727	0.012
113936	110.29773	36.374592	10362.072	503.159019	493.76934	0.04
113956	110.339903	36.363807	10363.934	594.030444	380.054887	0.023
114016	110.380356	36.353446	10362.807	541.807535	450.674573	-0.004
114036	110.420037	36.343238	10362.894	545.152802	444.362573	-0.002
114056	110.461483	36.332531	10363.082	552.993144	433.745618	0.001
114116	110.504711	36.321347	10362.973	549.360823	438.694789	0.0
114136	110.547797	36.310219	10362.942	549.54683	438.426798	0.001
114156	110.588486	36.299758	10363.215	550.163323	437.709582	-0.004
114216	110.628716	36.289366	10362.781	549.808504	437.991114	0.004
114236	110.670776	36.278389	10362.294	549.319542	437.572808	0.033
114256	110.71231	36.267606	10366.737	548.466285	436.798714	0.048
114316	110.752275	36.257254	10371.475	547.307828	435.929367	0.037
114336	110.791665	36.246973	10371.163	546.221156	435.076476	0.009
114356	110.832979	36.236175	10371.495	545.623872	434.48463	-0.021
114416	110.874222	36.225406	10370.274	545.039048	434.202373	-0.044
114436	110.913461	36.215166	10364.613	543.990006	433.606914	-0.047
114456	110.954658	36.204402	10361.943	543.021539	431.335549	-0.018
114516	110.99665	36.193381	10363.291	540.771983	431.636308	-0.002
114536	111.036223	36.18291	10363.976	539.184827	433.914402	-0.034
114556	111.075196	36.172538	10359.219	548.286597	420.574192	-0.03
114616	111.116034	36.161735	10356.26	532.374209	436.849074	0.004
114636	111.15913	36.150406	10361.766	502.902037	468.248546	0.009
114656	111.200171	36.139357	10361.217	603.980992	327.777547	-0.021
114716	111.239355	36.129491	10355.659	-295.633486	618.581071	-0.04
114736	111.280104	36.121646	10355.567	462.546787	497.952741	-0.008
114756	111.323069	36.116421	10356.472	236.113843	-633.347446	0.003
114816	111.365168	36.112777	10355.814	671.077456	83.158391	0.002
114836	111.404189	36.109191	10355.11	549.894121	-396.955752	0.025
114856	111.444806	36.105358	10358.622	508.351017	-451.042689	0.041
114916	111.487412	36.101405	10363.09	674.361069	95.792158	0.04
114936	111.529027	36.097548	10362.616	648.39213	219.761699	0.039
114956	111.571139	36.093616	10365.553	643.847706	-239.291368	0.044
115016	111.613927	36.0896	10371.169	432.631842	-533.647441	0.04
115036	111.656164	36.085657	10371.552	669.681739	-152.508697	0.011
115056	111.698675	36.081743	10370.753	674.254282	134.802768	-0.004
115116	111.741536	36.077579	10371.013	369.641733	-582.854458	0.0
115136	111.783776	36.072467	10371.051	-246.255086	649.510966	0.001
115156	111.824505	36.064888	10370.981	-675.862874	-176.449528	-0.0
115216	111.86439	36.054173	10371.035	573.627394	-402.485559	-0.0
115236	111.904511	36.041453	10371.06	-387.775368	-585.008536	-0.001
115256	111.944345	36.028617	10370.804	-521.387654	-470.05393	0.004
115316	111.984463	36.01591	10371.098	-479.676235	-512.6121	-0.002
115336	112.025601	36.002781	10371.77	-489.854336	-503.353377	-0.03
115356	112.066676	35.989639	10368.047	-437.634228	-547.024379	-0.049
115416	112.107552	35.976541	10362.851	-490.511282	-496.481854	-0.04
115436	112.148189	35.963436	10362.57	-695.68931	-53.329118	-0.011
115456	112.185793	35.951254	10363.041	-672.274271	188.358636	0.006
115516	112.22331	35.939145	10363.189	-688.350231	114.765662	-0.006
115536	112.264572	35.925916	10363.519	-686.276779	122.517791	-0.035
115556	112.305026	35.912888	10359.514	-683.958214	133.666706	-0.049
115616	112.345039	35.899901	10355.46	-685.220323	127.763747	-0.035
115636	112.38577	35.886632	10355.77	-685.116831	128.327748	-0.005
115656	112.424535	35.874041	10356.134	-684.818764	129.103402	0.005
115716	112.463351	35.861483	10356.032	-685.160308	128.726753	-0.002
115736	112.503932	35.848341	10356.144	-685.89065	128.90591	-0.004
115756	112.542837	35.835648	10355.233	-685.930042	128.97311	0.021
115816	112.581612	35.822962	10357.025	-686.161961	128.985007	0.043
115836	112.622023	35.809767	10362.291	-687.536467	129.246406	0.041
115856	112.661135	35.796924	10362.628	-689.09607	129.543901	0.043
115916	112.699953	35.78417	10364.265	-690.081278	129.726822	0.036
115936	112.740525	35.770898	10370.657	-690.649103	129.833783	0.007
115956	112.782243	35.757208	10367.055	-692.014993	130.090866	-0.009
120016	112.82293	35.743842	10363.262	-692.908957	130.258755	0.008
120036	112.861749	35.731109	10369.573	-692.713706	130.222065	0.039
120056	112.901414	35.71802	10372.138	-694.210763	130.503521	0.023
120116	112.942262	35.704509	10370.704	-696.149783	130.868014	-0.003
120136	112.983128	35.691024	10370.736	-696.142602	130.86666	0.001
120156	113.022902	35.677885	10371.88	-694.268926	130.514492	-0.018
120216	113.061789	35.664975	10369.923	-692.634718	130.207167	-0.045
120236	113.101077	35.651872	10364.058	-692.729439	130.224894	-0.045
120256	113.142421	35.638123	10362.188	-693.133146	130.301616	-0.019
120316	113.184045	35.624292	10363.182	-692.589097	130.197777	0.003
120336	113.22414	35.610926	10363.113	-691.156006	129.92728	0.0
120356	113.264141	35.59756	10362.751	-690.687355	129.850695	0.003
120416	113.304171	35.584159	10363.257	-690.961028	129.880416	-0.005
120436	113.343877	35.570835	10363.557	-690.96833	129.866546	-0.035
120456	113.383647	35.557461	10359.445	-690.628202	129.962985	-0.048
120516	113.423603	35.544048	10355.525	-691.236327	129.77465	-0.036
120536	113.463617	35.530651	10355.906	-692.771739	129.850083	-0.008
120556	113.503459	35.517242	10355.479	-692.242763	131.99057	0.023
120616	113.543095	35.503861	10356.898	-693.881865	128.070389	0.044
120636	113.582792	35.490476	10362.069	-698.016295	125.852211	0.045
120656	113.623086	35.476875	10363.64	-693.439957	156.443853	0.021
120716	113.663606	35.463186	10362.951	-704.229476	99.110183	-0.005
120736	113.7038	35.449591	10363.156	-710.162233	58.539559	-0.005
120756	113.743748	35.436021	10361.975	-490.763488	518.864868	0.025
120816	113.783881	35.422376	10364.4	-326.921264	636.041457	0.039
120836	113.824497	35.408578	10370.717	-688.671486	194.770753	0.008
120856	113.865279	35.394635	10367.004	-608.562571	380.195556	-0.01
120916	113.905254	35.380921	10363.277	-199.728887	690.928274	0.008
120936	113.944325	35.367563	10369.588	-239.112864	678.173937	0.039
120956	113.984421	35.353933	10372.082	-293.844732	656.152679	0.024
121016	114.025326	35.34001	10370.772	-265.044754	668.353847	-0.004
121036	114.066173	35.326013	10370.889	-267.789521	667.213737	-0.002
121056	114.107133	35.311934	10371.139	-271.843496	665.935281	0.0
121116	114.1478	35.297911	10370.906	-269.51266	666.165029	0.001
121136	114.188064	35.283995	10370.817	-268.890614	664.060681	0.003
121156	114.228835	35.26997	10371.86	-268.78274	662.986766	-0.02
121216	114.268777	35.256228	10369.873	-268.378258	662.417738	-0.044
121236	114.307314	35.24289	10363.917	-267.843543	661.058901	-0.042
121256	114.347284	35.229055	10362.896	-267.696852	660.624141	-0.038
121316	114.387838	35.215026	10362.241	-267.767429	660.857297	-0.042
121336	114.427426	35.20132	10357.013	-267.754803	660.843165	-0.044
121356	114.467139	35.187564	10355.191	-267.799119	660.738612	-0.019
121416	114.507418	35.173584	10356.218	-267.701179	660.894858	0.002
121436	114.547876	35.159496	10356.208	-267.627987	660.991694	-0.002
121456	114.587673	35.14561	10355.273	-268.296676	659.722315	0.018
121516	114.627561	35.13169	10356.901	-265.777045	659.011568	0.045
121536	114.667592	35.117739	10361.901	-263.375258	657.960302	0.046
121556	114.70536	35.104609	10363.692	-276.324106	649.817967	0.021
121616	114.744003	35.091183	10362.881	-253.187824	658.075905	-0.002
121636	114.786253	35.076476	10362.922	-227.705889	669.587162	-0.002
121656	114.826832	35.062306	10363.063	-413.244263	576.417671	0.001
121716	114.865868	35.048644	10362.977	-93.174076	703.986982	0.0
121736	114.905227	35.034382	10362.948	660.959788	-261.29955	0.001
121756	114.942536	35.019006	10363.196	-461.996301	-541.588104	-0.003
121816	114.979768	35.002531	10362.799	-713.136933	-13.033456	0.003
121836	115.019374	34.985425	10362.352	-713.735956	-33.599365	-0.048
121856	115.058539	34.968533	10363.348	-710.046496	-93.455992	-0.409
121916	115.095943	34.95232	10326.769	-712.46227	-65.354521	-0.963
121936	115.132635	34.936433	10228.547	-708.530001	-66.130338	-1.399
121956	115.171542	34.919508	10126.425	-708.119771	-72.924436	-1.528
122016	115.210886	34.90235	10031.512	-712.669959	-67.175168	-1.51
122036	115.248683	34.885876	9929.386	-717.029247	-62.886633	-1.547
122056	115.288459	34.868465	9825.287	-717.143639	-99.192952	-1.515
122116	115.328321	34.851035	9727.248	-726.486164	-40.262732	-1.433
122136	115.365416	34.834881	9637.916	-722.279597	105.871441	-1.396
122156	115.402926	34.818311	9547.823	-694.971384	-232.59536	-1.427
122216	115.442964	34.800766	9450.904	105.970789	-728.725658	-1.508
122236	115.484081	34.784401	9350.416	737.112682	-25.746526	-1.579
122256	115.525515	34.769245	9246.66	489.378026	549.459726	-1.619
122316	115.566972	34.754195	9137.984	369.063719	632.229686	-1.626
122336	115.607291	34.739341	9024.127	433.00114	585.35599	-1.496
122356	115.64618	34.724899	8916.437	436.920825	579.745417	-1.163
122416	115.685912	34.710132	8847.466	417.583186	595.780193	-0.725
122436	115.727613	34.694685	8833.041	417.944355	601.421014	-0.304
122456	115.768703	34.679477	8839.757	423.802824	598.884284	-0.042
122516	115.807904	34.664949	8839.717	420.832403	594.742285	0.005
122536	115.848397	34.649953	8838.571	418.674618	593.252062	-0.003
122556	115.889291	34.634824	8839.039	419.533556	593.833357	0.0
122616	115.928088	34.620484	8839.059	419.571815	593.867463	0.0
122636	115.967032	34.606138	8838.97	419.405663	593.715566	-0.0
122656	116.007396	34.591293	8839.003	419.469213	593.805644	0.0
122716	116.048787	34.576036	8839.004	419.482003	593.931163	0.0
122736	116.090151	34.560744	8838.998	419.421782	593.330624	-0.0
122756	116.130457	34.545839	8839.0	419.484023	594.032646	0.0
122816	116.169511	34.531416	8839.0	420.757346	597.367399	0.0
122836	116.209141	34.51668	8839.002	425.664463	596.957748	-0.0
122856	116.249536	34.501595	8838.999	422.108454	600.597579	0.0
122916	116.289696	34.486652	8838.989	412.209376	608.028476	0.001
122936	116.329699	34.471763	8839.034	458.211949	570.737449	-0.003
122956	116.369826	34.456798	8838.982	400.276263	609.157293	0.002
123016	116.410231	34.441701	8838.787	163.763164	711.703656	0.018
123036	116.450713	34.426485	8839.198	613.543519	399.696304	-0.017
123056	116.491006	34.4109	8838.884	336.473546	-650.045819	0.01
123116	116.530765	34.39459	8837.356	304.507857	-665.356158	0.094
123136	116.56987	34.378363	8837.105	382.115957	-625.994442	-1.13
123156	116.611873	34.361183	8722.373	360.636434	-640.757913	-2.529
123216	116.652162	34.344627	8512.759	372.513277	-632.041713	-3.224
123236	116.689275	34.329287	8286.447	366.83363	-630.207138	-3.477
123256	116.729834	34.312894	8055.714	360.695032	-630.129655	-3.604
123316	116.771158	34.29635	7815.035	370.741139	-619.011834	-3.639
123336	116.809583	34.280931	7570.86	361.897281	-616.969938	-3.567
123356	116.844764	34.266757	7343.034	307.755746	-640.543243	-3.421
123416	116.881664	34.251882	7128.342	456.151839	-537.855823	-3.259
123436	116.921065	34.235893	6914.888	382.705611	-583.051274	-3.321
123456	116.959357	34.220445	6685.72	453.383668	-519.787837	-3.641
123516	116.999371	34.206452	6438.859	482.639042	-486.653106	-3.262
123536	117.037913	34.195771	6233.339	244.08927	630.660948	-3.077
123556	117.075378	34.186246	6041.484	558.971951	362.565034	-3.126
123616	117.11299	34.175965	5832.861	539.767786	379.125648	-3.203
123636	117.151163	34.165453	5616.032	497.991839	424.497885	-3.181
123656	117.188022	34.155327	5407.952	507.049153	404.800161	-3.075
123716	117.22286	34.145593	5216.001	493.83495	411.342464	-2.982
123736	117.259857	34.135347	5023.348	538.848452	340.693911	-2.992
123756	117.297615	34.124986	4823.677	460.49354	434.944802	-3.056
123816	117.333115	34.115207	4620.075	29.714448	628.847986	-3.089
123836	117.36856	34.105377	4417.862	-19.33168	624.468647	-3.11
123856	117.405024	34.095691	4212.608	-141.280389	604.216925	-2.978
123916	117.441572	34.086807	4012.922	-578.840337	211.495577	-2.591
123936	117.475802	34.07862	3870.479	207.089647	566.91799	-2.209
123956	117.508545	34.06915	3745.509	-452.631265	-381.207032	-1.91
124016	117.541531	34.057334	3603.875	232.412508	537.579097	-1.613
124036	117.574031	34.045467	3519.258	154.32235	542.363273	-1.287
124056	117.605128	34.034527	3464.084	-223.852566	481.48721	-1.072
124116	117.633907	34.024444	3389.675	100.571311	492.199914	-1.106
124136	117.659468	34.014662	3297.716	239.365745	427.422636	-1.394
124156	117.686336	34.007022	3193.191	-215.89029	-427.67776	-1.62
124216	117.716313	34.003568	3086.193	449.678257	110.144924	-1.763
124236	117.743094	34.001054	2969.285	-38.451616	-459.370066	-2.062
124256	117.769415	33.998395	2827.045	321.297239	-327.030018	-2.275
124316	117.796851	33.995662	2664.434	313.874434	-328.858869	-2.407
124336	117.824677	33.992916	2500.094	279.011332	-358.91369	-2.282
124356	117.851912	33.990195	2358.129	276.396912	-360.914857	-2.066
124416	117.877903	33.987567	2240.804	230.160976	-388.138222	-2.045
124436	117.902893	33.985158	2095.649	439.398821	-127.997051	-2.141
124456	117.930231	33.982558	1950.287	460.318111	-21.082568	-1.888
124516	117.959929	33.979629	1849.163	223.524493	-388.355823	-1.284
124536	117.986257	33.977013	1772.336	201.085242	-383.497861	-1.02
124556	118.010195	33.974736	1713.606	401.72938	-102.015948	-0.845
124616	118.033629	33.972556	1667.391	387.705221	8.153991	-0.781
124636	118.057	33.9703	1615.0	225.52846	-280.600987	-1.057
124656	118.0779	33.9682	1524.0	221.769652	-275.924304	-1.6
124716	118.096174	33.966396	1408.635	353.762459	14.000031	-1.759
124736	118.117775	33.964177	1292.484	317.326871	-155.261819	-1.712
124756	118.140375	33.961872	1181.442	165.191271	-307.912876	-1.626
124816	118.161557	33.959797	1077.02	219.200253	-267.673165	-1.546
124836	118.182749	33.957732	980.744	226.062824	-264.710535	-1.514
124856	118.20321	33.955664	881.26	214.76422	-274.561972	-1.504
124916	118.223214	33.953596	780.14	216.856491	-269.454416	-1.51
124936	118.243756	33.951522	685.212	216.0627	-267.749564	-1.547
124956	118.26379	33.949492	579.711	213.062486	-265.331908	-1.604
125016	118.283462	33.947503	468.002	200.613936	-249.788184	-1.405
125036	118.302662	33.945574	381.434	178.762909	-222.768811	-0.969
125056	118.318896	33.943845	348.763	172.386406	-213.415161	-1.125
125116	118.334522	33.942242	335.785	161.973086	-217.14965	-1.555
125136	118.3507	33.940657	283.508	150.424942	-220.690305	-1.814
125156	118.367252	33.939008	132.882	157.89319	-215.572417	-1.611
