183029	39.9934	82.9037	275.0	285.0	381.0	0.0
183049	39.994314	82.921299	273.580751	291.952664	653.749	752.358
183109	39.995202	82.942648	273.562394	348.752212	847.68	487.683
183129	39.996536	82.968258	273.607148	423.617165	1025.201	798.691
183149	39.9982	82.998	277.0	455.0	1318.0	1.0
183209	40.006288	83.025749	319.209355	474.411296	1698.028	25.592
183229	40.023973	83.043481	227.165465	491.984938	2059.902	-8.54
183249	40.049209	83.044178	-20.337126	527.1908	2421.884	12.613
183309	40.068605	83.023468	66.123666	539.129128	2829.138	-40.254
183329	40.075104	82.988782	82.919733	564.337514	3194.043	299.942
183349	40.072231	82.949118	98.558302	613.796536	3415.941	785.129
183409	40.06885	82.908774	96.846838	652.941702	3602.246	786.722
183429	40.065644	82.866357	94.694266	668.607343	3896.076	877.38
183449	40.062419	82.821533	95.120999	675.736505	4249.283	943.897
183509	40.059268	82.776099	95.071621	687.104464	4552.891	793.696
183529	40.056578	82.733232	94.7224	694.220062	4763.454	689.093
183549	40.053062	82.688974	95.333142	704.007165	4982.58	705.287
183609	40.050619	82.640396	91.515219	717.432806	5248.583	737.095
183629	40.053777	82.592497	80.680921	726.60407	5469.381	697.622
183649	40.058844	82.547579	81.16135	744.723488	5708.024	748.953
183709	40.064409	82.498475	82.55541	758.511593	5968.897	843.521
183729	40.069706	82.448984	81.905298	758.81831	6266.738	869.918
183749	40.074573	82.403987	81.939798	752.07018	6581.145	771.535
183809	40.079941	82.355437	82.039832	764.352948	6799.695	647.919
183829	40.085616	82.303541	81.993247	785.3222	6971.865	591.545
183849	40.091061	82.25232	81.995828	794.963034	7187.594	613.859
183909	40.096603	82.201093	82.002235	802.729834	7399.784	602.17
183929	40.102213	82.14944	82.000164	813.296938	7586.657	626.349
183949	40.107736	82.097251	82.001799	821.37229	7785.698	750.505
184009	40.113322	82.044074	81.991459	814.127835	8087.25	783.27
184029	40.118907	81.991134	82.009054	808.697448	8373.791	727.175
184049	40.124421	81.939019	82.029362	819.353021	8543.799	680.928
184109	40.130088	81.885101	81.878192	817.312896	8788.029	650.728
184129	40.135693	81.831416	82.128955	814.049551	9038.069	593.464
184149	40.14101	81.78028	82.921273	828.129998	9172.958	506.922
184209	40.146376	81.728134	82.645152	835.703083	9335.037	511.279
184229	40.151922	81.673482	81.914245	837.912415	9533.271	563.045
184249	40.15754	81.617635	81.94046	844.154955	9714.019	548.484
184309	40.163006	81.563792	82.061194	842.908343	9900.225	440.136
184329	40.168531	81.509395	81.96702	835.562249	10039.178	260.647
184349	40.174256	81.452405	81.898507	834.246397	10075.929	75.733
184409	40.179652	81.39905	82.425558	851.916499	10063.555	-12.761
184429	40.185046	81.345801	83.05232	874.426905	10050.313	-12.654
184449	40.190894	81.287204	83.049234	880.526717	10055.47	4.696
184509	40.196431	81.230925	82.971815	877.779647	10059.434	6.633
184529	40.20184	81.175904	83.003761	874.768957	10057.78	-0.571
184549	40.20766	81.11727	83.003558	874.867677	10057.658	0.019
184609	40.213374	81.058978	82.997894	874.672823	10058.707	-2.766
184629	40.218802	81.00319	83.000336	873.962518	10057.496	-8.65
184649	40.224095	80.949173	83.000617	874.107952	10052.563	-9.398
184709	40.229366	80.894466	82.998853	873.334849	10050.244	-4.5
184729	40.234747	80.838099	83.000558	871.88667	10051.09	0.183
184749	40.24025	80.780838	83.004364	871.601019	10051.289	-0.315
184809	40.245523	80.724408	82.986132	873.078725	10050.352	2.647
184829	40.25086	80.667973	83.007871	873.930205	10051.333	8.43
184849	40.256417	80.609908	83.454846	872.210595	10056.374	9.368
184909	40.260448	80.55235	85.298656	873.081779	10058.748	4.432
184929	40.262937	80.495704	87.152001	875.080192	10057.871	-0.288
184949	40.26513	80.438868	87.143136	874.15237	10057.758	0.213
185009	40.267362	80.381711	86.917678	874.885215	10058.593	-2.603
185029	40.26964	80.324129	87.011287	877.320579	10057.555	-8.888
185049	40.271856	80.266434	87.012082	879.157218	10052.759	-10.53
185109	40.273938	80.209945	86.987564	882.157217	10048.898	1.722
185129	40.276024	80.152702	87.00602	885.371793	10052.2	16.354
185149	40.278235	80.09309	87.028494	887.16431	10062.98	17.064
185209	40.28033	80.035923	86.913813	889.747516	10066.794	11.518
185229	40.282297	79.980344	87.047008	892.115807	10066.241	7.88
185249	40.284293	79.922245	87.766852	892.068753	10071.96	8.338
185309	40.28631	79.863192	88.107563	892.390362	10074.845	5.582
185329	40.288295	79.80519	87.989938	892.986723	10073.977	-0.583
185349	40.290226	79.74844	87.984513	892.198317	10074.398	-5.76
185409	40.292175	79.68964	88.008098	892.202323	10071.869	-11.798
185429	40.294093	79.630865	87.999617	891.914881	10065.653	-14.951
185449	40.295888	79.575782	87.998745	889.066412	10059.458	-10.331
185509	40.297726	79.517972	88.000574	887.645189	10057.878	-6.764
185529	40.29959	79.457423	87.999967	887.99792	10057.887	-8.14
185549	40.301333	79.399563	87.999814	887.65579	10053.198	-9.797
185609	40.303047	79.342624	88.000315	889.343253	10049.603	-2.463
185629	40.304787	79.285225	87.99992	892.081622	10051.209	8.325
185649	40.306527	79.227278	87.998645	892.27065	10056.464	9.182
185709	40.308232	79.167281	88.003829	891.865537	10058.073	5.579
185729	40.309881	79.106392	87.99892	892.010603	10058.141	-26.056
185749	40.311445	79.047655	87.981214	892.444303	10053.405	-117.392
185809	40.312855	78.991496	88.053287	894.064265	9993.647	-227.422
185829	40.314277	78.935875	87.98496	894.95664	9885.44	-298.757
185849	40.315907	78.878182	87.738345	892.724593	9781.133	-300.192
185909	40.317298	78.819478	88.864289	892.459269	9687.498	-289.756
185929	40.317685	78.760146	90.559466	897.936392	9593.038	-297.735
185949	40.317151	78.700427	91.024097	907.923057	9489.632	-311.023
190009	40.31686	78.641731	90.408171	917.27959	9382.68	-315.127
190029	40.316744	78.583704	89.88868	917.454657	9277.353	-308.003
190049	40.316526	78.525143	89.983878	908.839066	9176.761	-297.626
190109	40.31625	78.465094	90.053438	902.169875	9080.55	-296.028
190129	40.316019	78.405451	89.934793	894.279763	8981.573	-296.969
190149	40.315824	78.346799	89.961456	887.108901	8879.859	-296.785
190209	40.315527	78.287511	90.619956	892.498663	8783.966	-311.369
190229	40.315136	78.22977	91.097981	905.278319	8682.211	-398.372
190249	40.314736	78.172716	91.011614	913.842589	8538.031	-561.642
190309	40.314409	78.11166	90.98595	908.539412	8308.18	-710.285
190329	40.314032	78.051778	90.989825	893.233888	8037.754	-716.816
190349	40.313549	77.995612	90.989588	878.040828	7799.405	-548.548
190409	40.313116	77.938858	91.119345	872.525101	7654.226	-307.558
190429	40.312998	77.882651	90.778531	871.456849	7617.678	-92.505
190449	40.312376	77.82691	91.655657	865.241593	7616.575	-131.737
190509	40.309345	77.768872	96.564089	849.492259	7502.757	-616.208
190529	40.304068	77.712634	98.638415	838.455764	7253.387	-807.816
190549	40.297995	77.658578	98.03144	827.763822	6977.019	-720.56
190609	40.292453	77.605462	97.888647	809.007859	6772.251	-687.084
190629	40.287285	77.554563	98.039257	795.913827	6549.652	-739.257
190649	40.282066	77.504926	98.002257	793.100536	6270.067	-798.702
190709	40.276633	77.453299	97.992005	788.910139	6000.51	-773.219
190729	40.27113	77.401408	98.002819	778.410035	5748.817	-628.686
190749	40.265762	77.351251	98.000162	766.402852	5553.584	-393.697
190809	40.260619	77.30294	97.999422	762.918537	5483.055	-154.247
190829	40.255451	77.254338	98.000211	762.851664	5480.9	-19.142
190849	40.250074	77.204504	98.000014	762.923649	5486.001	7.38
190909	40.244533	77.154477	97.999904	765.420042	5482.794	9.086
190929	40.239064	77.104836	98.000137	765.112257	5493.685	-100.215
190949	40.233763	77.056012	98.000038	761.172415	5461.569	-330.677
191009	40.228483	77.007945	97.99924	757.399164	5275.33	-547.039
191029	40.222991	76.95836	98.001705	744.390928	5045.152	-616.423
191049	40.217465	76.908405	98.000523	729.271527	4854.824	-552.556
191109	40.212371	76.862245	97.989451	733.357557	4684.715	-504.683
191129	40.207255	76.816643	98.023727	736.390732	4522.324	-492.793
191149	40.201961	76.76983	98.007285	726.614518	4359.309	-494.952
191209	40.196843	76.723609	97.853075	714.470813	4191.1	-491.767
191229	40.191596	76.676944	98.357468	702.957325	4028.026	-485.192
191249	40.186168	76.629739	99.004759	695.181576	3870.957	-487.364
191309	40.180951	76.58387	98.278668	694.767454	3706.942	-497.917
191329	40.175999	76.540547	98.219823	693.924818	3532.909	-440.064
191349	40.171056	76.497726	98.995372	687.445725	3387.993	-290.751
191409	40.165819	76.451871	98.342088	678.431797	3333.827	-119.993
191429	40.16082	76.408278	98.128061	676.682132	3330.695	-26.402
191449	40.156049	76.367144	98.969559	679.119466	3330.372	-49.411
191509	40.150858	76.322282	99.107717	671.820336	3308.418	-142.902
191529	40.145771	76.278438	98.96203	667.303032	3238.356	-214.425
191549	40.140946	76.237465	98.997819	659.158137	3143.01	-214.633
191609	40.135942	76.195646	99.007693	623.402643	3084.754	-167.063
191629	40.131299	76.155996	98.997365	595.18031	3044.618	-139.379
191649	40.127021	76.118968	98.999871	591.010743	2997.607	-151.222
191709	40.122394	76.080765	98.999988	589.91796	2942.076	-160.686
191729	40.117737	76.042287	99.00108	588.261306	2886.853	-156.345
191749	40.113317	76.004753	99.00038	583.461896	2837.351	-145.415
191809	40.108964	75.967848	98.992142	571.368313	2791.437	-142.348
191829	40.104418	75.930169	99.017749	564.504972	2744.335	-148.849
191849	40.09982	75.892517	99.005453	565.944276	2692.717	-152.34
191909	40.095599	75.857311	98.890005	565.325349	2638.795	-142.957
191929	40.091344	75.821385	99.247408	565.643297	2597.826	-174.924
191949	40.086828	75.784124	99.075961	567.93741	2541.661	-215.464
192009	40.082704	75.748534	96.340601	569.493379	2437.618	-172.06
192029	40.080683	75.712468	93.444294	576.921104	2417.026	-197.308
192049	40.0791	75.674075	93.257264	574.183321	2348.185	-322.466
192109	40.077234	75.636155	93.982195	565.158743	2191.905	-415.238
192129	40.075585	75.601363	93.105894	561.009606	2037.867	-362.89
192149	40.073845	75.565477	93.576227	542.558386	1941.151	-264.679
192209	40.072176	75.530056	93.825465	513.961314	1880.567	-179.347
192229	40.070724	75.498809	92.869968	489.742477	1819.524	-108.345
192249	40.068753	75.469152	98.296537	463.206003	1799.202	-38.823
192309	40.068004	75.439702	90.520028	440.50051	1806.645	2.234
192329	40.072461	75.411771	64.653113	431.847215	1805.691	-1.071
192349	40.0828	75.387	62.0	430.0	1806.0	-0.0
192409	40.09276	75.362821	62.242327	427.261	1806.08	0.276
192429	40.102346	75.339132	61.960618	422.598002	1805.988	-0.041
192449	40.112292	75.314883	62.013541	424.374924	1806.001	0.005
192509	40.122223	75.290777	61.983662	426.012961	1806.0	-0.0
192529	40.131953	75.266868	62.063752	425.963354	1806.0	0.0
192549	40.1427	75.24	66.0	430.0	1806.0	0.0
192609	40.144338	75.212868	100.221525	439.01296	1806.0	-0.0
192629	40.13208	75.190563	146.363845	419.469471	1806.0	0.0
192649	40.113887	75.185315	187.155266	384.551881	1806.0	-0.0
192709	40.095503	75.193331	203.100119	375.404942	1806.0	0.001
192729	40.077226	75.202758	199.987497	379.35163	1806.0	-0.004
192749	40.060356	75.211893	202.866109	377.25546	1806.0	0.002
192809	40.043493	75.221572	208.213223	372.204098	1805.999	0.019
192829	40.023681	75.225588	177.009898	397.824918	1806.003	-0.038
192849	40.004036	75.221804	163.803062	407.661537	1805.982	0.256
192909	39.98525	75.210967	156.234137	411.05344	1806.019	-0.27
192929	39.970662	75.192409	110.368129	433.512293	1805.902	1.403
192949	39.969256	75.165654	83.311768	432.573362	1806.424	-7.497
193009	39.973403	75.135642	79.521109	433.092571	1803.476	-43.078
193029	39.977234	75.107587	79.940644	427.356014	1785.807	-92.358
193049	39.980839	75.081561	80.101839	408.136337	1746.405	-171.754
193109	39.984213	75.057019	79.981786	390.325859	1672.686	-248.235
193129	39.987384	75.033102	80.006304	381.757612	1572.155	-294.05
193149	39.990536	75.008901	80.110235	373.450767	1473.213	-313.618
193209	39.993385	74.984845	82.123457	366.909458	1363.433	-322.647
193229	39.996502	74.961169	81.682726	364.157223	1251.289	-251.533
193249	40.000287	74.937329	76.102518	363.833487	1192.375	-25.117
193309	39.997684	74.913596	110.404553	368.97718	1234.322	-80.955
193329	39.986032	74.895461	146.547448	370.282567	1256.443	-205.129
193349	39.968812	74.885733	162.76646	363.241776	1199.662	-214.458
193409	39.950252	74.884289	177.945286	350.286193	1089.344	-212.464
193429	39.934553	74.89116	210.468146	332.445349	957.345	-267.852
193449	39.9264	74.9076	263.0	303.0	899.0	-86.0
193509	39.929484	74.926847	284.798718	304.170837	891.78	-8.626
193529	39.929312	74.945808	261.052946	306.16285	892.033	1.209
193549	39.925842	74.966641	255.836631	306.059475	892.239	-2.684
193609	39.922324	74.985124	255.101078	305.953031	891.915	0.693
193629	39.91872	75.003914	257.468603	305.091956	890.468	8.783
193649	39.914797	75.022359	250.790806	308.559474	894.397	-62.665
193709	39.910902	75.041876	251.294237	305.06632	851.198	-202.176
193729	39.907291	75.061544	258.772365	295.516931	756.957	-276.828
193749	39.903774	75.079142	256.164105	286.737838	667.219	-252.849
193809	39.90034	75.096198	254.66509	264.852242	588.142	-225.492
193829	39.897035	75.112743	255.54164	235.960924	518.591	-219.347
193849	39.894142	75.127523	255.811997	215.784306	444.989	-184.154
193909	39.891635	75.140438	254.966853	212.013638	382.224	-136.28
193929	39.888829	75.154059	256.498208	212.339209	369.374	-217.099
193949	39.886223	75.16732	256.842938	214.513031	310.941	-251.71
194009	39.883676	75.180514	256.351529	217.244776	222.222	-241.622
194029	39.880946	75.194193	255.996707	218.968375	133.859	-216.151
194049	39.878122	75.208056	255.871411	220.660492	66.584	-197.419
