062227	40.6286	73.7757	134.0	298.0	221.0	729.0
062247	40.614627	73.768786	166.930689	301.835864	387.358	353.674
062307	40.59923	73.764197	167.18072	342.255306	483.479	297.859
062327	40.581118	73.759041	168.000987	384.581739	579.219	249.965
062347	40.5605	73.7541	176.0	441.0	663.0	444.0
062407	40.540228	73.763887	216.967512	446.904499	865.716	730.376
062427	40.5265	73.7896	240.0	451.0	1143.0	823.0
062447	40.515713	73.813384	239.780474	454.080566	1418.529	783.151
062507	40.503935	73.83854	238.131528	461.794041	1671.023	735.701
062527	40.491721	73.865227	239.385576	473.542556	1904.975	740.488
062547	40.480006	73.891517	240.020523	481.000434	2147.614	795.665
062607	40.467576	73.919036	239.493248	476.002039	2440.214	838.071
062627	40.454989	73.946271	238.919316	472.410813	2720.791	747.422
062647	40.442894	73.972327	239.013214	482.430221	2938.073	549.909
062707	40.430601	73.99947	239.046532	500.675632	3123.702	460.404
062727	40.417397	74.028583	239.001692	526.499402	3270.927	422.541
062747	40.402891	74.059868	238.994034	558.740685	3374.872	367.377
062807	40.388056	74.091927	239.002053	588.230235	3480.382	418.036
062827	40.372984	74.124886	239.000103	606.474904	3639.813	558.795
062847	40.35683	74.160135	238.999937	612.038834	3871.098	599.992
062907	40.341069	74.194553	238.999325	619.870531	4072.849	571.318
062927	40.325702	74.228151	238.999755	633.434837	4228.342	541.819
062947	40.308952	74.264597	239.005088	641.135659	4425.414	539.755
063007	40.292173	74.301018	238.988312	646.721299	4610.85	550.622
063027	40.275964	74.336091	238.990225	652.430268	4773.374	532.785
063047	40.259164	74.372264	239.07091	654.439541	4972.418	432.402
063107	40.241783	74.410311	238.876818	655.658412	5103.504	231.047
063127	40.224447	74.447797	238.869207	657.834198	5114.413	75.0
063147	40.2089	74.4823	245.0	661.0	5136.0	236.0
063207	40.200484	74.526095	265.481957	677.185227	5271.685	422.44
063227	40.196955	74.572207	264.213108	689.43865	5403.295	470.216
063247	40.193343	74.617616	263.244126	698.724925	5558.826	600.64
063307	40.189545	74.66241	264.266479	692.281582	5796.72	696.722
063327	40.186073	74.706704	264.015318	676.433235	6069.431	659.463
063347	40.182552	74.750366	263.945729	677.164338	6250.71	551.9
063407	40.179016	74.794223	264.019135	682.876914	6404.877	483.679
063427	40.17548	74.83867	264.001101	683.970132	6575.792	472.785
063447	40.171828	74.883297	263.996085	685.365625	6727.925	440.947
063507	40.168149	74.927803	264.001417	688.881215	6867.029	405.072
063527	40.164484	74.972539	264.000092	694.659792	6996.98	390.176
063547	40.160761	75.018323	263.999345	701.56038	7112.13	398.727
063607	40.156957	75.064935	263.99985	705.282074	7243.296	441.479
063627	40.15309	75.111625	264.0001	701.394235	7424.964	520.817
063647	40.149389	75.155446	263.999979	693.49268	7617.494	524.452
063707	40.145851	75.196992	264.000025	688.645277	7771.345	400.338
063727	40.141993	75.243086	264.000077	690.609554	7896.795	299.368
063747	40.138032	75.290549	263.999517	700.740853	7979.095	206.743
063807	40.134149	75.336932	264.000736	715.669156	8029.011	134.802
063827	40.130359	75.382073	264.001159	731.083263	8064.222	102.188
063847	40.126501	75.427721	263.9932	744.731183	8091.563	96.3
063907	40.122279	75.475766	264.009676	756.267016	8128.228	132.806
063927	40.117984	75.526524	263.954067	766.516473	8184.351	185.81
063947	40.113404	75.576953	261.818197	775.803285	8249.985	196.17
064007	40.10548	75.623808	254.256799	782.508335	8316.143	208.458
064027	40.092367	75.672252	248.894051	786.759124	8383.587	226.843
064047	40.076343	75.722326	247.97283	789.460783	8459.603	242.166
064107	40.061358	75.769559	248.027379	791.494342	8550.399	249.472
064127	40.047222	75.815176	247.99439	793.551659	8638.029	239.214
064147	40.03241	75.862214	247.997583	796.765133	8708.276	215.8
064207	40.017009	75.911206	248.001474	802.705966	8776.758	210.197
064227	40.001609	75.960157	247.99937	807.917908	8848.567	211.89
064247	39.986188	76.008999	247.999941	810.849176	8919.584	219.801
064307	39.970187	76.059905	248.000665	813.769776	8989.478	269.859
064327	39.954648	76.109158	247.998712	812.573841	9085.954	393.238
064347	39.939931	76.155408	247.999614	801.868586	9241.193	515.354
064407	39.925182	76.201671	248.007741	781.673407	9455.644	482.31
064427	39.910013	76.249394	247.982604	773.00486	9605.928	321.467
064447	39.894659	76.297719	247.99466	781.460031	9653.572	150.933
064507	39.879708	76.344461	248.107706	790.903632	9683.252	94.193
064527	39.864966	76.390599	247.730746	797.857205	9713.801	109.58
064547	39.850145	76.437071	247.022325	802.799292	9751.624	149.37
064607	39.835066	76.48401	246.921034	805.751146	9810.629	206.13
064627	39.819295	76.532982	247.027839	805.299006	9892.098	236.315
064647	39.80319	76.583044	247.0016	803.060466	9978.201	229.595
064707	39.787762	76.630935	246.994331	803.044899	10044.532	221.284
064727	39.77249	76.678109	247.001999	802.307876	10115.828	223.166
064747	39.756888	76.726171	247.000115	800.078818	10199.051	221.754
064807	39.741125	76.774872	246.999593	799.614891	10269.512	189.959
064827	39.725783	76.822199	247.000143	800.380253	10325.841	130.94
064847	39.710761	76.868364	247.000008	800.094208	10362.065	64.06
064907	39.695292	76.915869	246.999973	796.916051	10366.306	14.462
064927	39.679714	76.963549	247.000006	793.950668	10361.836	-4.037
064947	39.664272	77.010554	246.999999	793.01583	10362.933	-0.232
065007	39.648696	77.057813	247.000023	792.933089	10363.228	0.815
065027	39.632542	77.106854	246.999948	793.047625	10362.938	-0.271
065047	39.616468	77.155816	247.000059	792.96194	10363.002	0.069
065107	39.6015	77.201489	247.000297	792.819076	10362.963	0.187
065127	39.586425	77.247175	246.998916	793.814668	10363.166	-0.569
065147	39.570847	77.294076	247.000866	795.128386	10362.863	0.447
065207	39.555112	77.341406	247.004183	795.209033	10362.335	4.822
065227	39.539388	77.388777	246.982617	794.428614	10366.004	6.416
065247	39.523817	77.435697	246.975465	793.396829	10370.786	2.925
065307	39.50852	77.481641	247.053067	792.685115	10368.641	-4.194
065327	39.493115	77.527749	246.985684	793.058711	10362.823	-7.925
065347	39.477155	77.575515	246.752936	793.930497	10362.465	-2.227
065407	39.4614	77.622887	247.715487	790.270013	10363.111	0.213
065427	39.445529	77.670298	247.746865	788.749366	10362.741	0.619
065447	39.429535	77.717671	246.933434	790.011445	10363.229	-0.939
065507	39.414047	77.763737	247.066173	788.957468	10363.721	-7.213
065527	39.39895	77.809172	246.282455	790.652927	10359.318	-5.691
065547	39.383086	77.854301	244.69162	793.290024	10356.023	1.231
065607	39.365451	77.899567	243.477216	793.155281	10360.085	5.265
065627	39.346627	77.946453	242.936005	793.24399	10363.141	7.518
065647	39.327561	77.994625	242.971577	794.811797	10362.428	8.389
065707	39.309345	78.040449	243.022286	794.449963	10367.663	4.913
065727	39.291853	78.084336	242.995406	792.498442	10370.552	-1.783
065747	39.274355	78.12848	242.997961	790.529267	10364.264	-7.431
065807	39.256291	78.17385	243.00159	788.325283	10362.396	-7.541
065827	39.238081	78.219399	242.999683	786.743461	10362.635	-9.244
065847	39.220119	78.264248	242.999882	786.755348	10357.815	-14.997
065907	39.201923	78.30947	242.999976	788.104005	10350.385	-9.114
065927	39.183998	78.353919	243.000153	789.095201	10348.647	2.459
065947	39.166437	78.397523	243.000388	789.52708	10354.831	7.708
070007	39.147767	78.443944	242.998077	792.630786	10356.494	7.439
070027	39.129211	78.490039	243.002461	795.274534	10356.433	9.118
070047	39.111584	78.533677	243.005544	794.938581	10361.311	14.624
070107	39.092504	78.58077	242.973106	796.352001	10368.029	12.017
070127	39.073587	78.62744	243.034299	798.280677	10371.132	7.578
070147	39.056316	78.670096	243.077224	798.163983	10370.468	8.3
070207	39.037933	78.715456	242.500413	797.672222	10375.283	4.298
070227	39.019083	78.761847	241.922165	798.335503	10377.339	-0.741
070247	39.001098	78.805972	241.964478	800.426629	10371.495	-0.462
070307	38.982846	78.850721	242.032673	802.434103	10374.315	1.032
070327	38.96408	78.896626	241.987096	802.903321	10377.78	-1.104
070347	38.94526	78.94253	241.978322	801.011447	10372.303	-6.862
070407	38.926933	78.987264	242.077531	797.18825	10370.849	-8.379
070427	38.908571	79.031488	241.92383	794.902486	10370.31	-8.282
070447	38.889805	79.077004	242.259101	795.392515	10364.312	-9.76
070507	38.872226	79.124969	246.247225	791.988102	10362.549	-3.926
070527	38.858998	79.169438	251.465379	786.03547	10362.951	1.448
070547	38.848643	79.218622	257.132927	778.194897	10363.343	-9.832
070607	38.84175	79.269265	262.279131	771.754751	10357.201	-17.975
070627	38.83881	79.317806	266.987378	767.365159	10350.806	-13.645
070647	38.837652	79.36595	269.379888	766.009716	10346.665	-2.957
070707	38.836681	79.414595	268.63571	767.846174	10345.419	8.226
070727	38.835574	79.464864	267.800148	769.522305	10352.388	15.559
070747	38.834358	79.515347	267.988512	769.079385	10362.696	15.273
070807	38.833268	79.562949	268.0407	766.946876	10363.861	6.1
070827	38.832229	79.610094	267.985651	765.754434	10363.191	-4.059
070847	38.831155	79.658736	267.999175	765.996571	10363.157	-8.025
070907	38.83004	79.708289	268.002922	765.793539	10357.673	-3.951
070927	38.82886	79.757568	267.99897	766.656771	10357.268	3.135
070947	38.827659	79.806176	267.999941	768.891833	10362.843	7.887
071007	38.826522	79.854811	268.00021	770.55597	10362.844	8.213
071027	38.825377	79.904341	267.999926	771.116363	10364.908	8.355
071047	38.824162	79.954324	267.999996	771.005085	10370.808	8.148
071107	38.822897	80.003381	268.000015	771.014788	10371.666	2.841
071127	38.821636	80.052797	267.999995	770.919309	10370.797	-0.971
071147	38.820366	80.103175	268.0	770.973026	10370.998	-0.088
071207	38.819024	80.153197	268.000001	771.552471	10370.818	0.971
071227	38.817736	80.200607	268.0	769.618965	10371.502	-2.075
071247	38.816468	80.247624	268.0	766.100795	10371.158	-7.782
071307	38.815022	80.29956	268.0	765.82425	10365.756	-9.481
071327	38.813547	80.351269	268.0	765.592194	10362.168	-5.627
071347	38.812167	80.399264	268.0	764.050033	10362.952	-0.166
071407	38.810844	80.445652	268.0	763.866583	10363.17	0.586
071427	38.809464	80.493199	268.0	763.919756	10362.94	-0.205
071447	38.807976	80.542701	268.0	763.063968	10362.996	-0.011
071507	38.806435	80.592587	268.000003	761.635841	10363.016	0.026
071527	38.804938	80.641302	267.999994	760.707385	10362.987	0.02
071547	38.803475	80.689184	267.999998	760.058883	10362.997	0.01
071607	38.801942	80.738023	268.00004	758.508154	10363.056	-0.215
071627	38.800431	80.786618	267.99991	758.114639	10362.876	0.49
071647	38.798973	80.834141	267.999972	758.083243	10362.962	0.151
071707	38.797469	80.881485	268.000555	754.866867	10363.768	-5.074
071727	38.795864	80.930682	267.998751	752.197555	10361.083	-9.222
071747	38.794184	80.981027	267.999617	751.991705	10356.146	-8.168
071807	38.792513	81.029321	268.007733	752.028943	10355.649	-3.381
071827	38.790853	81.076844	267.982607	752.018126	10355.741	2.784
071847	38.789184	81.124978	267.99466	752.90318	10355.872	7.822
071907	38.787505	81.173504	268.107706	755.33359	10360.548	9.352
071927	38.785879	81.221417	267.730746	755.562204	10363.751	5.644
071947	38.784282	81.268277	267.022325	753.10992	10363.046	0.158
072007	38.782586	81.314862	266.921034	752.167537	10362.787	-0.384
072027	38.780768	81.363438	267.027839	754.448726	10363.192	-0.27
072047	38.778893	81.413348	267.0016	757.893916	10363.046	-0.135
072107	38.777073	81.461148	266.99433	758.382264	10362.131	4.963
072127	38.775312	81.50806	267.001999	757.848956	10365.15	9.391
072147	38.773496	81.555961	267.000115	757.9865	10370.819	8.216
072207	38.771496	81.605169	266.999591	758.146376	10371.682	2.425
072227	38.769548	81.652925	267.000149	757.670434	10370.661	-0.421
072247	38.767692	81.699603	267.000017	756.203304	10370.91	0.128
072307	38.765698	81.74881	266.999968	753.982399	10371.713	-3.884
072327	38.763738	81.797046	267.00001	752.752221	10369.514	-10.763
072347	38.761888	81.843283	267.000001	752.968895	10363.633	-14.961
072407	38.759941	81.891797	266.999998	753.05847	10358.056	-11.994
072427	38.757858	81.940972	267.000001	752.988586	10355.636	-5.941
072447	38.755717	81.989313	267.0	753.002172	10355.98	-0.736
072507	38.753678	82.038071	267.000001	752.962097	10355.599	4.265
072527	38.751931	82.085045	266.999998	753.072602	10356.953	10.26
072547	38.750357	82.13075	266.999998	753.078181	10362.048	14.893
072607	38.748482	82.180437	267.000016	752.411969	10368.332	12.084
072627	38.746546	82.230605	266.999973	754.091354	10371.475	5.965
072647	38.744768	82.278351	266.999971	757.737365	10371.013	0.79
072707	38.742933	82.326401	267.000217	757.299319	10371.641	-4.715
072727	38.741032	82.373959	266.99962	755.683984	10369.56	-9.373
072747	38.739096	82.420698	266.999597	755.932924	10363.71	-8.939
072807	38.737098	82.468868	267.003026	756.097015	10361.415	1.168
072827	38.735113	82.518011	266.994713	755.950384	10364.784	9.894
072847	38.733187	82.566562	266.994382	755.966568	10370.445	8.763
072907	38.731266	82.613472	267.042144	756.22163	10371.739	2.713
072927	38.729309	82.660575	266.926368	755.583275	10370.702	-0.161
072947	38.727303	82.708723	266.921751	753.412029	10370.843	0.383
073007	38.725258	82.756282	267.764468	750.724632	10371.776	-5.288
073027	38.723086	82.805271	267.793795	749.887596	10368.146	-9.145
073047	38.720895	82.854706	266.973239	749.959317	10362.88	-7.932
073107	38.718885	82.901352	266.912839	748.04735	10363.198	-7.589
073127	38.716894	82.947869	267.038745	746.018714	10360.834	-8.743
073147	38.714792	82.995601	266.998081	744.96255	10355.847	-7.808
073207	38.712588	83.043519	266.99378	744.66993	10355.472	-1.981
073227	38.710418	83.090418	267.002673	745.907036	10356.322	0.4
073247	38.708293	83.136731	266.999893	748.102794	10355.96	0.087
073307	38.706111	83.184002	267.000086	749.650675	10355.46	4.844
073327	38.703838	83.232582	266.998681	750.131867	10357.791	11.717
073347	38.70148	83.282308	267.000419	749.993306	10363.318	14.985
073407	38.69911	83.331816	267.007427	749.975519	10369.301	11.009
073427	38.696939	83.376849	266.978856	750.018766	10371.651	4.392
073447	38.694784	83.421619	267.005971	749.996895	10370.97	-0.125
073507	38.692312	83.473187	267.103894	749.952584	10370.94	-0.54
073527	38.689922	83.521588	266.656001	750.130857	10370.915	0.633
073547	38.687686	83.565873	265.98007	749.963111	10371.035	-0.14
073607	38.685354	83.613164	265.935086	748.331664	10371.643	-5.062
073627	38.683033	83.660125	266.028867	744.94408	10368.763	-11.496
073647	38.680678	83.706582	265.998567	741.919997	10362.696	-15.03
073707	38.678143	83.755284	265.995304	741.790713	10357.567	-11.745
073727	38.675642	83.802665	266.002179	741.940118	10354.894	-1.957
073747	38.6732	83.8485	266.0	742.0	10356.0	8.0
073807	38.670673	83.895732	265.999553	743.796286	10360.958	9.797
073827	38.668138	83.943356	266.000336	746.073179	10363.705	5.176
073847	38.6656	83.991	266.0	747.0	10363.0	-0.0
073907	38.662992	84.039291	265.998931	745.755843	10362.872	-0.508
073927	38.660438	84.086385	266.002644	744.605535	10363.052	0.198
073947	38.6579	84.1331	266.0	745.0	10363.0	-0.0
074007	38.655223	84.181904	265.985487	746.45219	10362.985	-0.017
074027	38.652628	84.228886	266.036677	747.145056	10363.018	-0.036
074047	38.6501	84.2738	266.0	747.0	10363.0	0.0
074107	38.647392	84.32109	265.797882	747.241478	10362.922	0.275
074127	38.644674	84.372458	266.667793	746.233857	10363.182	-0.652
074147	38.643497	84.421573	270.21499	744.814823	10362.669	1.227
074207	38.645288	84.463939	275.336771	744.950522	10362.35	7.458
074227	38.648808	84.51076	276.61991	744.947116	10368.134	5.6
074247	38.652768	84.560433	275.853348	745.165488	10370.365	-2.589
074307	38.656479	84.608064	275.958964	745.280861	10364.013	-8.05
074327	38.660058	84.654549	276.014157	742.88128	10362.164	-3.761
074347	38.663638	84.701815	276.040071	742.537914	10363.271	1.016
074407	38.667241	84.749858	276.033155	744.934269	10363.034	0.127
074427	38.670799	84.79648	275.414506	743.424345	10362.938	-0.233
074447	38.674289	84.84264	274.841417	741.710133	10363.019	0.073
074507	38.677832	84.890205	274.949578	742.024044	10363.002	0.009
074527	38.681597	84.939833	275.643715	740.861662	10362.996	-0.017
074547	38.685175	84.987317	276.086436	739.763064	10363.001	0.005
074607	38.688466	85.032127	276.007598	739.965906	10363.0	0.001
074627	38.691936	85.079196	276.021508	740.110918	10363.0	-0.001
074647	38.695543	85.125995	275.902611	739.86699	10363.0	0.001
074707	38.6989	85.171303	275.132206	739.921753	10363.0	0.0
074727	38.701575	85.218338	273.577402	741.251184	10363.0	-0.001
074747	38.703958	85.266436	273.04701	742.173905	10362.999	0.003
074807	38.706364	85.313767	273.922397	742.008854	10363.0	0.002
074827	38.70868	85.359344	274.254449	742.186918	10363.006	-0.026
074847	38.711	85.404967	274.049894	742.177674	10363.005	-0.018
074907	38.713459	85.452826	273.961816	740.989242	10362.982	0.071
074927	38.715888	85.500426	274.007832	739.838779	10363.022	-0.087
074947	38.718199	85.546712	274.003393	739.909378	10363.049	-0.195
075007	38.720702	85.596872	273.997774	740.167392	10362.761	0.946
075027	38.723197	85.64607	273.999905	739.838004	10363.305	-1.244
075047	38.725447	85.690117	273.998764	739.08654	10363.686	-7.346
075107	38.727687	85.736052	274.007017	739.104249	10358.797	-5.823
075127	38.729972	85.784442	273.99084	738.754387	10356.388	2.121
075147	38.732241	85.832623	273.979303	737.274405	10361.83	7.905
075207	38.734453	85.879657	274.100467	736.7921	10363.892	4.531
075227	38.736654	85.926133	273.867227	737.042854	10362.816	-0.728
075247	38.738861	85.972703	273.132777	737.019021	10362.918	-0.324
075307	38.74097	86.018889	272.899518	736.985147	10363.064	0.255
075327	38.743009	86.064765	273.020715	737.002982	10362.987	-0.054
075347	38.745071	86.111202	273.009201	737.001153	10362.995	-0.026
075407	38.747214	86.159507	272.992786	736.999964	10363.0	0.033
075427	38.749307	86.207261	273.001487	736.9989	10363.004	-0.022
075447	38.751291	86.252892	273.000661	736.997124	10363.011	-0.043
075507	38.753395	86.299803	272.999482	737.014352	10362.943	0.2
075527	38.755517	86.347756	273.000107	736.981615	10363.073	-0.254
075547	38.757508	86.394918	273.000047	736.958577	10363.165	-0.572
075607	38.759493	86.440836	272.999963	737.200957	10362.199	3.774
075627	38.761503	86.487152	273.000008	736.73445	10364.059	8.906
075647	38.763506	86.534712	273.000003	735.26555	10369.93	8.923
075707	38.765462	86.581295	272.999997	734.799046	10371.841	3.641
075727	38.767375	86.628072	273.000001	735.04142	10370.787	-0.391
075747	38.769244	86.675943	273.0	735.018378	10370.819	0.157
075807	38.771044	86.722051	272.999999	734.985683	10371.579	-2.549
075827	38.772866	86.767982	273.000001	735.00283	10370.295	-6.833
075847	38.774777	86.815861	273.000006	735.000624	10365.917	-7.8
075907	38.776672	86.863924	272.999996	735.002112	10362.663	-5.22
075927	38.778473	86.911005	272.999988	735.00793	10362.788	-0.893
075947	38.780217	86.958105	273.000049	734.966182	10363.13	0.603
080007	38.781946	87.004708	272.99995	735.035296	10362.989	-0.147
080027	38.783681	87.050275	272.999837	735.114197	10363.028	-0.231
080047	38.785409	87.09646	273.000676	734.424865	10362.831	0.75
080107	38.787151	87.143559	272.999297	734.052924	10363.185	-0.764
080127	38.788895	87.190466	272.997728	734.342823	10363.602	-6.488
080147	38.790529	87.23546	273.00942	731.924152	10359.789	-9.648
080207	38.792125	87.280047	272.990211	728.452893	10355.524	-6.988
080227	38.793793	87.326421	272.968352	727.093321	10355.663	-1.061
080247	38.795476	87.373966	273.131208	727.029714	10356.37	0.075
080307	38.797126	87.422188	272.86129	726.908912	10355.785	0.611
080327	38.798729	87.470452	272.047194	726.171671	10355.39	6.353
080347	38.800284	87.51731	272.485571	725.893033	10359.168	9.899
080407	38.801801	87.563162	272.94755	726.016764	10363.533	6.778
080427	38.803274	87.608687	272.10837	726.006074	10363.528	0.408
080447	38.80467	87.65294	272.417598	726.015856	10361.831	3.425
080507	38.806097	87.698249	272.987525	725.976748	10364.066	8.113
080527	38.807639	87.746336	272.221981	725.921366	10370.395	2.617
080547	38.809144	87.793398	271.858287	726.430576	10368.133	-5.564
080607	38.810587	87.839767	272.024164	727.096814	10362.331	-7.52
080627	38.811994	87.886627	272.015363	727.141057	10362.574	-1.531
080647	38.813319	87.93121	271.989825	726.460204	10363.286	0.957
080707	38.814688	87.976694	272.001735	725.991979	10362.948	-0.148
080727	38.816172	88.026125	272.001104	726.133428	10362.955	-0.048
080747	38.817521	88.074166	271.999267	725.107683	10363.079	-0.169
080807	38.818743	88.119862	272.000127	723.860195	10362.935	0.237
080827	38.81997	88.165238	272.000094	723.896618	10362.775	0.891
080847	38.821192	88.211474	271.999946	724.058981	10363.786	-3.819
080907	38.822373	88.257492	272.000007	723.992046	10362.37	-8.065
080927	38.823521	88.302092	272.000008	723.991722	10356.841	-3.295
080947	38.824756	88.347383	271.999996	724.003361	10357.969	4.812
081007	38.826022	88.394491	272.0	724.000098	10363.329	7.825
081027	38.827172	88.442266	272.0	724.003361	10363.503	2.173
081047	38.828223	88.486782	272.000003	723.987631	10362.747	-1.015
081107	38.829317	88.531313	271.999998	724.006899	10363.024	0.095
081127	38.83054	88.580695	271.999987	724.055276	10363.036	0.145
081147	38.831612	88.627403	272.000042	723.823469	10362.982	-0.073
081207	38.832607	88.672008	271.999977	724.097083	10363.002	0.007
081227	38.833752	88.719727	271.999818	725.559249	10363.002	0.011
081247	38.834815	88.766102	272.00058	726.132929	10363.0	-0.008
081307	38.835803	88.811066	271.999683	726.025153	10363.0	0.002
081327	38.836876	88.857676	271.99747	726.72265	10362.996	0.014
081347	38.837902	88.904153	272.008907	727.170317	10363.013	-0.046
081407	38.838861	88.950146	272.01129	727.055662	10363.017	-0.058
081427	38.839849	88.996962	271.966067	726.974876	10362.949	0.175
081447	38.840847	89.043857	272.026237	726.998914	10363.039	-0.135
081507	38.841785	89.089767	272.12611	726.97826	10363.188	-0.649
081527	38.842669	89.13625	271.463178	727.090735	10362.321	2.996
081547	38.843529	89.18322	271.040144	726.925126	10363.549	8.722
081607	38.844395	89.230058	271.845403	726.191295	10369.219	9.843
081627	38.845266	89.278102	271.715134	725.920308	10372.55	1.247
081647	38.846128	89.325647	270.927777	725.992827	10370.321	-8.989
081707	38.846968	89.370668	270.92317	725.900809	10364.664	-9.718
081727	38.847793	89.416001	271.036769	726.412175	10362.238	-4.479
081747	38.848575	89.462583	270.997397	727.01829	10363.072	0.255
081807	38.849303	89.509502	271.0025	726.508277	10363.113	0.379
081827	38.850063	89.556475	270.977174	725.043403	10362.934	-0.149
081847	38.85076	89.602889	271.013731	723.967737	10363.012	-0.008
081907	38.851358	89.648335	271.111316	724.14423	10363.059	-0.185
081927	38.852328	89.693978	270.451673	723.091465	10362.832	0.667
081947	38.85214	89.740368	267.55805	720.778024	10363.09	-0.374
082007	38.848704	89.787131	262.394158	719.195299	10363.653	-6.205
082027	38.843061	89.833323	259.888918	719.108862	10360.004	-9.387
082047	38.836637	89.879068	260.037483	718.820514	10355.675	-7.476
082107	38.830401	89.924638	260.027883	716.725479	10355.875	-2.365
082127	38.82449	89.968813	260.011961	715.180422	10355.388	4.651
082147	38.818597	90.012388	259.976374	715.046469	10356.628	7.916
082207	38.812406	90.056978	259.874864	715.259819	10362.257	2.791
082227	38.806103	90.102337	260.54187	713.871935	10360.764	-4.943
082247	38.799876	90.147519	260.954759	713.128054	10355.565	-7.84
082307	38.793755	90.191901	260.129139	715.369992	10355.729	-2.543
082327	38.787544	90.236302	260.377517	716.139886	10355.629	4.136
082347	38.78126	90.280743	260.997252	716.141294	10356.472	8.48
082407	38.775005	90.325084	260.265271	718.215075	10361.531	9.195
082427	38.768659	90.370425	259.854893	720.023808	10363.938	3.858
082447	38.762237	90.416232	260.019775	721.193055	10362.758	0.097
082507	38.755835	90.461285	260.020624	722.592206	10362.227	5.599
082527	38.749437	90.505913	259.980577	723.423053	10366.153	10.642
082547	38.742765	90.552292	260.008608	722.780467	10371.633	6.586
082607	38.735775	90.600886	260.039616	721.134129	10372.56	-5.33
082627	38.729367	90.645515	259.881007	721.824277	10366.831	-6.729
082647	38.723392	90.687131	260.064715	722.956757	10363.198	0.572
082707	38.717047	90.731162	260.907943	721.272846	10369.508	1.694
082727	38.710355	90.777495	260.593466	721.976118	10369.014	-4.084
082747	38.70364	90.823848	260.024656	724.076071	10362.599	-7.893
082807	38.697131	90.868617	260.895927	723.316123	10362.387	-2.277
082827	38.690451	90.91451	260.371521	723.265368	10363.308	1.067
082847	38.683622	90.961091	258.915732	724.003945	10362.971	-0.1
082907	38.67694	91.006087	258.898442	723.267836	10362.956	-0.154
082927	38.670349	91.050744	258.959827	723.019039	10363.021	0.081
082947	38.663734	91.095823	259.053068	722.920202	10362.999	-0.009
083007	38.657056	91.141079	259.856786	721.487211	10363.001	-0.029
083027	38.650454	91.18598	259.730052	720.777179	10362.987	0.063
083047	38.643827	91.230929	258.951968	721.019334	10363.008	-0.032
083107	38.637015	91.276437	258.926494	721.018013	10363.063	-0.251
083127	38.630289	91.321214	259.036907	721.029461	10362.798	0.8
083147	38.623628	91.365442	258.996551	720.976543	10363.11	-0.44
083207	38.616871	91.410012	258.994723	720.802903	10363.881	-6.647
083227	38.610266	91.453943	259.00265	721.763274	10359.739	-6.712
083247	38.603616	91.498346	258.999752	723.075384	10356.059	0.881
083307	38.596524	91.545152	258.999621	723.116852	10360.908	7.712
083327	38.589193	91.59305	259.00019	722.936374	10364.137	4.879
083347	38.582123	91.639245	258.999982	723.008609	10362.811	-0.006
083407	38.575605	91.682255	258.999973	723.033915	10362.069	5.365
083427	38.568958	91.726219	259.000014	722.913969	10366.115	9.861
083447	38.562	91.771864	258.999999	723.045437	10371.301	7.494
083507	38.555001	91.817136	258.999998	723.752325	10371.507	1.504
083527	38.547991	91.862012	259.0	724.155189	10370.591	-0.141
083547	38.54088	91.907771	259.0	723.963506	10371.121	-0.279
083607	38.53365	91.954904	259.000003	723.381301	10371.831	-5.831
083627	38.526629	91.99977	258.999992	722.250675	10367.923	-9.527
083647	38.51982	92.042723	259.000005	720.870632	10362.702	-7.578
083707	38.512918	92.087027	259.00004	719.637126	10362.533	-2.128
083727	38.505655	92.133514	258.99989	718.048526	10363.082	1.344
083747	38.498457	92.179283	259.000031	715.880374	10363.03	-0.203
083807	38.491895	92.221211	259.000535	713.625758	10363.686	-5.731
083827	38.485015	92.264929	258.998482	712.788767	10360.62	-9.482
083847	38.477631	92.31164	259.000429	713.001929	10355.856	-7.769
083907	38.47038	92.357642	259.007455	712.859731	10355.486	-1.813
083927	38.463371	92.401639	258.978853	713.592245	10356.363	0.206
083947	38.45634	92.445225	259.00597	715.062781	10355.945	0.129
084007	38.449022	92.490579	259.11079	715.85534	10355.127	5.487
084027	38.441887	92.535007	258.692238	716.043505	10358.317	8.916
084047	38.435	92.5781	258.0	716.0	10363.0	8.0
084107	38.427937	92.622182	257.927734	715.992091	10362.693	7.598
084127	38.420597	92.667138	258.029574	716.003167	10365.132	8.685
084147	38.413167	92.712072	258.001594	716.000152	10370.815	8.176
084207	38.40594	92.756295	257.994353	715.999837	10371.705	2.527
084227	38.398754	92.800643	258.001995	715.999193	10370.634	-0.369
084247	38.391466	92.84546	258.000116	715.999698	10370.944	0.092
084307	38.384118	92.890148	257.999556	716.006606	10371.949	-4.622
084327	38.376758	92.934731	258.000137	715.987285	10369.115	-9.313
084347	38.36943	92.979096	258.000017	715.991731	10363.378	-8.423
084407	38.362133	93.023012	257.999969	716.088416	10362.262	-2.657
084427	38.354697	93.067844	258.00001	715.823937	10363.334	0.314
084447	38.347148	93.113412	258.000001	715.884954	10363.107	-0.185
084507	38.339771	93.157444	257.999998	717.879234	10362.094	4.529
084527	38.332483	93.200981	258.000001	719.246498	10364.874	9.333
084547	38.32522	93.244674	258.0	719.002965	10370.622	8.421
084607	38.318008	93.287821	258.0	719.300855	10371.73	2.709
084627	38.310343	93.333279	258.0	718.212044	10370.684	-0.427
084647	38.302281	93.380838	258.0	715.364046	10370.869	0.169
084707	38.294677	93.425685	258.0	713.706518	10371.711	-3.585
084727	38.287311	93.469214	258.0	712.50145	10369.737	-10.412
084747	38.2799	93.513162	258.0	711.115949	10363.946	-14.887
084807	38.272634	93.556345	258.000003	710.938717	10358.317	-12.441
084827	38.265244	93.599757	257.999996	710.87414	10355.606	-5.983
084847	38.25755	93.644381	257.999993	710.114203	10355.879	-0.605
084907	38.249831	93.689524	258.000038	709.893455	10356.113	0.577
084927	38.242242	93.733993	257.999942	710.024063	10355.978	-0.159
084947	38.234851	93.776912	257.999909	710.004981	10356.001	-0.08
085007	38.227646	93.818511	258.000535	710.010227	10355.952	0.262
085027	38.220215	93.861401	257.999188	709.974632	10356.084	-0.346
085047	38.212428	93.906441	257.998475	709.949451	10356.16	-0.636
085107	38.204846	93.950276	258.007244	710.368001	10355.235	4.004
085127	38.197278	93.993667	257.990793	711.255347	10357.005	8.63
085147	38.189511	94.037878	257.979282	712.571902	10362.24	8.307
085207	38.181994	94.081048	258.100483	714.378906	10362.884	7.624
085227	38.174322	94.125107	257.867224	714.848238	10363.937	8.25
085247	38.166203	94.171241	257.132775	713.307155	10369.918	8.483
085307	38.15839	94.215563	256.899519	712.811677	10371.638	4.736
085327	38.150787	94.258609	257.020715	712.981101	10371.1	-1.61
085347	38.142987	94.302597	257.0092	712.867163	10371.544	-7.059
085407	38.134993	94.347694	256.992786	713.984572	10367.044	-9.325
085427	38.127199	94.391583	257.001487	715.155693	10362.391	-6.903
085447	38.119656	94.433855	257.000661	715.064612	10362.769	-1.203
085507	38.11156	94.479172	256.999482	714.97233	10362.981	1.709
085527	38.103429	94.524763	257.000107	714.976381	10363.26	-1.402
085547	38.095812	94.567495	257.000047	714.926292	10363.667	-7.419
085607	38.088002	94.611116	256.999963	715.503047	10358.808	-5.754
085627	38.080008	94.655558	257.000008	716.069193	10356.39	2.092
085647	38.072085	94.699383	257.000003	716.014591	10361.841	7.859
085707	38.064098	94.743165	256.999997	716.070331	10363.834	4.73
085727	38.055942	94.787774	257.000001	715.876586	10362.891	-0.978
085747	38.047717	94.832924	257.0	715.143716	10363.086	-0.884
085807	38.039785	94.876429	257.0	714.854934	10362.229	3.95
085827	38.0319	94.919537	257.0	715.053394	10363.831	8.625
085847	38.023705	94.964195	257.0	715.124824	10369.728	8.819
085907	38.015336	95.009581	257.0	714.320008	10371.628	4.816
085927	38.007224	95.053714	257.0	712.603492	10371.07	-1.237
085947	37.999527	95.095819	256.999999	710.583178	10371.672	-6.661
090007	37.991569	95.138629	257.000002	709.193269	10367.665	-9.282
090027	37.983379	95.182482	256.999998	707.696276	10362.581	-7.37
090047	37.975322	95.226179	256.999991	705.47688	10362.644	-1.702
090107	37.967215	95.269579	257.000031	704.901743	10363.057	1.497
090127	37.959089	95.31277	256.999975	704.890467	10363.108	-0.665
090147	37.951087	95.3558	256.999881	703.434097	10363.642	-6.363
090207	37.943118	95.398561	257.000429	702.759497	10360.021	-9.339
090227	37.935089	95.441202	256.999658	703.037256	10355.664	-7.451
090247	37.926961	95.484073	256.998348	703.059328	10355.827	-2.191
090307	37.918774	95.527488	257.005971	702.874327	10355.558	3.985
090327	37.91057	95.571133	256.995238	703.091124	10356.492	8.46
090347	37.902371	95.614536	256.976996	704.32316	10361.603	8.988
090407	37.894156	95.657903	257.083165	706.475414	10363.695	4.685
090427	37.885842	95.701725	256.932679	708.130479	10362.949	-0.581
090447	37.877422	95.74599	256.22897	708.122839	10363.148	-1.252
090507	37.869141	95.789281	255.783232	707.929467	10362.174	4.03
090527	37.860835	95.832471	256.103269	708.009581	10363.703	8.033
090547	37.852292	95.876843	256.889294	708.01033	10369.982	3.244
090607	37.843919	95.920502	256.731073	707.994587	10368.918	-4.735
090627	37.835796	95.962904	255.976302	708.000268	10362.807	-7.919
090647	37.827654	96.005089	255.922826	708.001084	10362.372	-2.473
090707	37.819204	96.048448	256.034278	707.998902	10363.279	1.004
090727	37.810683	96.09215	255.99831	708.000224	10362.986	-0.05
090747	37.802475	96.134718	255.994654	708.003647	10362.956	-0.166
090807	37.793898	96.17907	256.001908	707.989798	10363.017	0.083
090827	37.78518	96.223636	256.000035	708.002874	10363.0	-0.007
090847	37.777104	96.264546	256.002332	708.049971	10363.013	-0.063
090907	37.768957	96.30624	255.992433	707.858266	10362.955	0.152
090927	37.760363	96.350434	256.002177	708.040079	10363.013	-0.042
090947	37.751588	96.394951	256.037996	709.381949	10363.227	-0.72
091007	37.74306	96.438102	255.892155	710.441038	10362.355	2.435
091027	37.734675	96.480545	256.03048	709.925563	10363.183	8.249
091047	37.726037	96.523984	256.870796	708.18519	10369.062	9.798
091107	37.717405	96.567199	256.698787	708.797082	10372.701	1.095
091127	37.708802	96.610457	255.931104	709.989484	10370.25	-8.831
091147	37.700074	96.654683	255.935167	708.528546	10364.292	-8.813
091207	37.691299	96.698771	256.037115	707.700622	10362.863	-7.418
091227	37.682745	96.741475	255.995047	708.048905	10362.582	-8.169
091247	37.674466	96.782911	255.995312	708.088041	10357.453	-8.589
091307	37.665789	96.82603	256.002798	707.787318	10355.323	-5.416
091327	37.656932	96.869914	255.999752	708.0998	10355.991	0.636
091347	37.648424	96.912286	255.999645	709.560812	10355.448	6.353
091407	37.63972	96.955387	256.000095	710.140292	10358.509	9.361
091427	37.630641	96.999946	256.000019	710.011092	10363.136	7.788
091447	37.621537	97.044488	256.000453	710.680523	10363.447	2.055
091507	37.612999	97.086457	255.998627	711.171039	10362.794	-0.848
091527	37.6047	97.1273	256.0	711.0	10363.0	0.0
091547	37.595781	97.170834	256.006914	710.7635	10363.035	0.146
091607	37.586647	97.215512	255.982561	711.623672	10362.986	-0.058
091627	37.5777	97.2594	256.0	713.0	10363.0	0.0
091647	37.56893	97.302122	256.096067	713.129973	10363.002	0.012
091707	37.559984	97.345465	255.720163	712.975564	10363.0	-0.008
091727	37.5509	97.3895	255.0	713.0	10363.0	-0.0
091747	37.542028	97.432676	254.782473	712.8339	10362.995	0.02
091807	37.533117	97.475908	255.43306	713.515708	10363.014	-0.048
091827	37.524	97.5198	256.0	715.0	10363.0	0.0
091847	37.514813	97.56379	255.228925	715.952038	10362.925	0.265
091907	37.50588	97.606615	255.268609	715.762864	10363.189	-0.67
091927	37.4969	97.6497	256.0	716.0	10363.0	0.0
091947	37.487312	97.69546	255.274323	718.457589	10361.957	6.062
092007	37.47814	97.739141	255.216014	718.239274	10365.932	7.277
092027	37.469625	97.779677	255.990816	716.022047	10370.991	0.424
092047	37.460918	97.821063	255.447014	717.666925	10366.346	-6.895
092107	37.451656	97.865066	254.859787	719.444355	10361.959	-6.4
092127	37.442074	97.910551	254.99194	719.033392	10362.94	-0.21
092147	37.432779	97.95453	255.028555	718.721135	10363.212	0.745
092207	37.423767	97.996964	254.989933	719.521741	10362.925	-0.263
092227	37.414757	98.039163	254.999421	720.942803	10362.996	-0.015
092247	37.40544	98.082634	255.00205	721.439299	10363.015	0.053
092307	37.395882	98.12731	254.999277	720.246014	10362.995	-0.019
092327	37.386367	98.17182	254.999958	718.991856	10363.0	-0.001
092347	37.377159	98.214664	255.000146	720.363787	10363.001	0.004
092407	37.367894	98.258096	254.99995	720.758449	10363.0	-0.001
092427	37.358468	98.302417	254.999997	719.071036	10363.0	-0.0
092447	37.349161	98.345381	255.000001	718.558021	10363.0	0.0
092507	37.339701	98.388962	255.000018	719.648279	10363.0	-0.0
092527	37.330077	98.43359	255.000006	720.970506	10363.0	0.0
092547	37.32065	98.477114	254.999866	720.923253	10363.0	-0.0
092607	37.311262	98.520264	255.000304	721.49746	10363.0	0.001
092627	37.301776	98.563725	255.000093	722.955309	10363.0	0.0
092647	37.292244	98.607265	254.998028	723.110483	10363.002	-0.005
092707	37.282657	98.651309	255.003773	723.084544	10362.997	0.01
092727	37.273056	98.695528	255.002451	723.084789	10362.998	0.007
092747	37.263527	98.7388	254.972727	721.599076	10363.022	-0.075
092807	37.253912	98.782429	255.045581	721.216599	10362.964	0.126
092827	37.244233	98.826666	255.048139	722.815839	10362.962	0.133
092847	37.234805	98.86949	254.457371	723.225036	10363.288	-0.997
092907	37.225367	98.912176	253.842893	722.943742	10362.497	1.844
092927	37.215742	98.955691	253.91349	722.994442	10362.465	7.683
092947	37.206186	98.998767	254.709346	722.959743	10368.466	5.23
093007	37.196656	99.041635	254.888877	723.094524	10370.188	-3.031
093027	37.186976	99.08509	254.091714	723.104345	10363.77	-8.129
093047	37.177041	99.129513	253.886246	721.847444	10361.891	-3.119
093107	37.167193	99.173556	254.031465	720.805369	10363.579	-0.496
093127	37.157627	99.216415	254.006513	720.954384	10363.397	-7.009
093147	37.148081	99.25906	253.991833	721.098542	10359.082	-10.597
093207	37.138379	99.302385	254.002259	720.899747	10355.012	-4.668
093227	37.128492	99.346406	254.000468	720.905036	10355.498	6.762
093247	37.118559	99.39005	253.999413	722.058811	10360.211	10.252
093307	37.108835	99.432704	254.000163	723.378022	10363.621	6.007
093327	37.099187	99.475401	254.000034	723.957117	10363.136	0.486
093347	37.089035	99.520457	253.999955	724.104777	10362.764	-0.455
093407	37.078929	99.565069	254.000011	723.904407	10363.133	-0.161
093427	37.069245	99.607485	254.000003	723.864221	10363.157	-0.452
093447	37.0594	99.650647	253.999997	725.08221	10362.141	4.101
093507	37.049596	99.693609	254.000001	726.172397	10364.346	8.957
093527	37.039963	99.735649	254.0	726.053392	10370.22	8.615
093547	37.029945	99.779263	254.0	725.948189	10371.546	4.246
093607	37.019761	99.823477	254.0	726.013147	10371.151	-1.87
093627	37.009712	99.867057	254.0	726.005044	10371.471	-7.238
093647	36.999624	99.910975	254.0	725.989182	10366.741	-9.414
093707	36.989625	99.954363	254.0	726.011663	10362.292	-6.534
093727	36.979777	99.996778	254.0	726.017221	10362.778	-0.764
093747	36.969805	100.039859	253.999999	725.900352	10363.231	0.661
093807	36.959626	100.083877	254.000002	726.157958	10362.917	-0.074
093827	36.949295	100.128306	254.000003	726.873149	10362.922	0.13
093847	36.938919	100.172511	253.999987	727.095231	10363.29	-0.896
093907	36.928654	100.216143	254.000017	726.981237	10362.649	1.234
093927	36.91865	100.258904	254.000038	726.99354	10362.215	7.344
093947	36.908916	100.300616	253.999814	726.995571	10367.801	5.815
094007	36.898775	100.343855	254.000237	727.013021	10370.561	-2.107
094027	36.888082	100.389153	254.000534	727.031885	10364.349	-7.872
094047	36.878153	100.43133	253.997346	726.725502	10361.915	-4.717
094107	36.868226	100.473488	254.002602	725.730204	10363.18	0.599
094127	36.857466	100.518944	254.008345	724.288654	10363.114	0.38
094147	36.84728	100.561918	253.965461	723.817866	10362.923	-0.248
094207	36.837371	100.603625	254.035881	724.032673	10363.014	0.038
094227	36.826833	100.647785	254.116002	724.025796	10363.012	0.011
094247	36.816057	100.69281	253.41745	723.961133	10362.978	0.048
094307	36.805537	100.736859	253.062987	724.029144	10363.018	-0.065
094327	36.795477	100.779135	253.87969	724.088495	10363.055	-0.219
094347	36.785533	100.820618	253.671137	723.536373	10362.776	0.915
094407	36.775319	100.863061	252.911421	722.936237	10363.233	-0.97
094427	36.764705	100.907275	252.943655	722.96514	10363.753	-7.173
094447	36.754092	100.9513	253.037434	722.998456	10359.169	-5.98
094507	36.743919	100.993408	252.993493	723.025779	10356.184	1.602
094527	36.734132	101.034034	252.99519	723.1071	10361.222	17.507
094547	36.723729	101.077189	253.002739	722.612022	10366.13	65.972
094607	36.712887	101.121935	252.999635	723.315524	10393.154	131.082
094627	36.702339	101.165142	252.999656	727.19921	10460.436	182.324
094647	36.691944	101.207575	253.000197	732.251017	10524.505	227.248
094707	36.681258	101.251351	252.999974	733.768471	10597.769	284.063
094727	36.670181	101.29697	252.999975	729.063051	10713.317	340.676
094747	36.659658	101.340024	253.000014	723.844063	10842.095	308.007
094807	36.649304	101.381943	252.999998	720.623065	10937.069	193.885
094827	36.638434	101.425897	252.999998	719.085728	10970.146	75.396
094847	36.628058	101.468371	253.000001	719.47934	10974.358	12.303
094907	36.618093	101.50931	253.0	721.195276	10972.878	-0.314
094927	36.6078	101.551028	253.0	722.809059	10972.813	-0.48
094947	36.597256	101.593697	252.999999	722.548325	10973.094	0.24
095007	36.586639	101.636687	253.0	720.821886	10972.991	-0.022
095027	36.576	101.679483	253.000003	719.369552	10972.986	-0.031
095047	36.565182	101.722748	252.99999	718.727137	10973.01	0.006
095107	36.554324	101.766225	253.000006	719.083274	10972.998	0.005
095127	36.543699	101.809021	253.000046	720.360516	10972.985	0.046
095147	36.533226	101.850985	252.999852	721.949593	10973.046	-0.157
095207	36.522776	101.892584	253.000039	723.027739	10972.988	0.041
095227	36.512228	101.934634	253.000665	723.087357	10972.794	0.712
095247	36.501412	101.977799	252.998117	722.969962	10973.584	-2.41
095307	36.490455	102.021469	253.000531	722.999061	10972.835	-8.256
095327	36.479639	102.06442	253.009244	722.955292	10967.388	-10.202
095347	36.46888	102.10705	252.973779	723.191747	10963.474	-2.207
095407	36.458056	102.149959	253.007401	724.062302	10965.231	8.291
095427	36.447129	102.193293	253.128751	725.484725	10971.147	8.374
095447	36.436187	102.236183	252.585293	726.35012	10973.331	6.146
095507	36.425338	102.278488	251.995498	726.946703	10972.907	6.905
095527	36.414606	102.320879	252.669636	728.384899	10977.275	8.667
095547	36.403689	102.363923	252.884103	729.034574	10980.718	6.17
095607	36.392518	102.40754	252.061626	728.929614	10980.091	0.376
095627	36.381381	102.451046	251.887784	730.596872	10979.822	-0.637
095647	36.370227	102.494719	252.035161	732.779092	10980.079	0.106
095707	36.359099	102.538219	252.004403	733.945604	10980.025	-0.046
095727	36.348201	102.580504	251.991943	734.094956	10979.792	0.728
095747	36.337105	102.623349	252.002524	733.977309	10980.394	-1.686
095807	36.32597	102.666359	252.000316	734.001585	10980.255	-7.515
095827	36.315593	102.706567	251.999422	733.948512	10975.76	-9.838
095847	36.304627	102.748931	252.000181	734.114495	10972.135	-5.339
095907	36.292761	102.794623	252.000023	734.075995	10972.803	0.03
095927	36.281603	102.837747	251.999958	732.752211	10974.33	-5.147
095947	36.270697	102.879896	252.000013	731.826503	10970.468	-7.172
100007	36.259439	102.923225	252.000002	731.992119	10964.967	-0.528
100027	36.248038	102.966945	251.999997	731.862439	10970.361	1.203
100047	36.236898	103.009489	252.000001	732.3887	10971.683	-0.867
100107	36.225839	103.051569	252.0	733.862861	10965.201	-0.416
100127	36.214139	103.096039	252.0	734.833929	10969.028	5.863
100147	36.202549	103.140111	252.0	734.960776	10974.083	6.92
100207	36.191419	103.182446	252.0	734.950453	10973.135	0.478
100227	36.180071	103.225553	252.0	736.012566	10972.765	-0.92
100247	36.168646	103.268833	252.0	737.662811	10973.052	0.388
100307	36.157306	103.311737	252.0	738.904576	10972.988	0.155
100327	36.145877	103.355071	252.000003	739.081476	10973.18	-0.817
100347	36.134369	103.398419	251.999995	739.052524	10972.657	1.425
100407	36.122884	103.441342	251.999994	739.754359	10972.531	7.068
100427	36.111489	103.484197	252.000035	741.198437	10976.77	9.617
100447	36.099861	103.527819	251.999947	742.124968	10980.626	6.425
100507	36.088018	103.571866	251.999917	742.009559	10980.222	0.639
100527	36.076676	103.614252	252.000501	742.174292	10979.605	0.032
100547	36.065289	103.656873	251.999394	741.732399	10980.283	-0.85
100607	36.053373	103.701249	251.998646	740.248196	10980.563	-6.722
100627	36.041641	103.744842	252.006558	739.895951	10976.467	-9.587
100647	36.030116	103.787586	251.991639	739.910581	10972.486	-6.852
100707	36.018401	103.830972	251.981175	739.154599	10972.815	-1.188
100727	36.006247	103.876078	252.093614	738.868323	10972.919	1.764
100747	35.99442	103.919942	251.905868	739.029302	10973.242	-1.104
100807	35.983367	103.96072	251.193697	739.04182	10973.862	-7.239
100827	35.971822	104.003111	250.774545	738.871743	10968.545	-6.015
100847	35.959955	104.046591	251.146744	739.128192	10965.302	1.643
100907	35.94834	104.089138	251.932941	739.915	10971.389	7.633
100927	35.936352	104.133027	251.63587	739.674405	10973.864	5.536
100947	35.924498	104.17643	250.917435	738.883312	10973.018	-1.336
101007	35.913144	104.217969	250.947481	738.840175	10973.526	-6.735
101027	35.900868	104.262687	251.034893	739.578816	10969.608	-9.989
101047	35.888386	104.308087	250.993934	739.971588	10964.232	-6.39
101107	35.876776	104.350368	250.995514	739.264248	10963.818	4.833
101127	35.8649	104.393529	251.002562	738.770988	10968.607	10.29
101147	35.852954	104.436823	250.999652	739.098615	10973.398	7.22
101207	35.841634	104.477791	250.999626	739.852177	10973.427	1.556
101227	35.830111	104.519496	251.000191	739.916778	10972.787	-0.707
101247	35.817959	104.56337	250.99998	740.088065	10973.02	0.066
101307	35.805516	104.608088	250.999951	741.543114	10973.031	0.098
101327	35.793784	104.650298	251.000086	742.148795	10972.982	-0.039
101347	35.782195	104.691911	250.999959	742.0192	10973.003	-0.001
101407	35.769606	104.73679	250.999683	742.287119	10973.015	-0.042
101427	35.757004	104.781813	251.001007	740.870348	10972.959	0.154
101447	35.745033	104.82467	250.99945	740.133025	10973.022	-0.086
101507	35.733502	104.865812	250.995611	743.516255	10973.174	-0.687
101527	35.721499	104.908726	251.014008	746.364081	10972.446	2.707
101547	35.709061	104.953224	250.992344	747.017961	10973.305	8.493
101607	35.696793	104.996754	250.938867	747.018974	10978.179	9.996
101627	35.684582	105.039488	251.323105	747.018792	10981.352	1.84
101647	35.673254	105.082441	253.318553	746.983313	10979.6	-8.683
101707	35.664216	105.126701	257.803341	747.249824	10974.518	-9.714
101727	35.658104	105.172673	263.309464	750.083013	10972.325	-4.399
101747	35.654898	105.218472	267.232466	753.142489	10973.052	0.206
101807	35.653532	105.262748	268.004706	752.973737	10972.991	-0.036
101827	35.651829	105.309029	268.015985	752.886094	10972.97	-0.117
101847	35.650068	105.356306	267.990915	753.135452	10973.014	0.054
101907	35.6485	105.4034	268.0	753.0	10973.0	0.0
101927	35.646896	105.449782	268.011371	752.204978	10972.998	-0.009
101947	35.645326	105.493905	267.973388	752.168009	10973.001	0.003
102007	35.643763	105.536905	267.98613	752.943827	10973.0	0.0
102027	35.642059	105.582186	268.143518	753.11143	10972.999	0.003
102047	35.6403	105.629422	267.696899	752.946484	10973.002	-0.008
102107	35.638572	105.676666	267.00146	752.981638	10973.002	-0.005
102127	35.636848	105.722294	267.616932	753.161579	10972.984	0.057
102147	35.635091	105.768622	267.94037	752.670701	10973.033	-0.116
102207	35.633273	105.816684	267.151228	751.959133	10973.039	-0.138
102227	35.631392	105.864267	266.746799	752.821318	10972.778	0.778
102247	35.629569	105.910352	267.235988	752.533052	10973.334	-1.231
102307	35.627847	105.955627	267.972482	750.216062	10973.524	-7.041
102327	35.626074	106.002023	267.550307	750.709093	10968.713	-9.593
102347	35.624253	106.047379	266.888842	752.332826	10964.265	-6.508
102407	35.622388	106.09123	266.956344	752.817582	10964.681	-0.869
102427	35.620384	106.138305	267.038036	754.098642	10965.434	0.35
102447	35.61842	106.185639	266.995082	756.367209	10964.835	0.223
102507	35.616633	106.229492	266.994112	758.875096	10964.213	4.283
102527	35.614701	106.274812	267.002583	761.360664	10967.405	10.455
102547	35.612595	106.322703	266.99987	764.159467	10973.267	15.139
102607	35.610529	106.370541	266.99953	767.541497	10977.727	15.735
102627	35.608462	106.418575	267.00019	770.037098	10982.714	13.873
102647	35.606401	106.46599	267.00001	770.984147	10987.814	8.449
102707	35.604411	106.511316	266.999964	771.003255	10989.355	-2.719
102727	35.602358	106.557828	267.000012	771.120025	10985.7	-10.13
102747	35.600208	106.606111	267.000001	771.042757	10980.178	-8.284
102807	35.598072	106.652852	267.0	769.606923	10979.203	-1.652
102827	35.595937	106.698238	266.999994	768.983712	10980.663	-1.288
102847	35.593805	106.743607	266.999998	769.047277	10980.151	-7.736
102907	35.591701	106.790242	267.00004	767.084147	10975.37	-9.657
102927	35.58947	106.838801	266.99991	765.651941	10972.277	-5.535
102947	35.587117	106.888163	266.999972	765.97467	10972.956	-0.152
103007	35.584832	106.93598	267.000555	766.198621	10973.212	0.353
103027	35.582593	106.982614	266.998752	765.625461	10972.799	0.298
103047	35.580316	107.029247	266.999617	764.100848	10972.951	0.142
103107	35.577969	107.076393	267.008101	761.937625	10973.981	-5.047
103127	35.575729	107.12156	266.984505	760.757341	10970.99	-8.721
103147	35.573534	107.165856	266.989932	760.965248	10965.29	-8.061
103207	35.571067	107.214205	267.107625	761.111484	10965.214	-8.213
103227	35.568697	107.261031	266.766729	760.868105	10963.301	-7.126
103247	35.566527	107.304376	266.046927	760.922703	10958.173	-0.994
103307	35.564117	107.350397	265.914679	762.240551	10960.816	10.483
103327	35.561601	107.398269	266.026734	763.195243	10967.768	15.103
103347	35.559145	107.446034	266.003348	763.022814	10972.738	8.787
103407	35.556687	107.493529	265.993874	762.976223	10973.472	2.185
103427	35.554203	107.540261	266.001919	762.97108	10972.859	-0.55
103447	35.551741	107.585654	266.00024	762.97358	10972.986	-0.085
103507	35.549366	107.629846	265.99956	763.514574	10972.98	0.333
103527	35.54687	107.676317	266.000138	764.337355	10973.097	-0.464
103547	35.544173	107.725838	266.000017	765.768492	10973.069	-0.284
103607	35.541491	107.774342	265.999968	768.403809	10972.249	4.721
103627	35.539081	107.818539	266.00001	768.392476	10974.634	9.25
103647	35.536757	107.86179	266.000001	766.067389	10979.672	8.396
103707	35.533947	107.912426	265.999998	767.458752	10980.587	2.914
103727	35.531108	107.961975	266.000001	769.557017	10979.833	-0.814
103747	35.528553	108.006071	266.0	769.15391	10979.99	-0.14
103807	35.525983	108.051833	266.000001	767.146722	10979.902	0.678
103827	35.523329	108.098891	265.999998	765.547414	10980.269	-1.192
103847	35.520612	108.145603	265.999998	765.785826	10980.262	-6.119
103907	35.517852	108.192285	266.000015	767.79206	10976.834	-11.799
103927	35.515059	108.239023	265.999979	769.166439	10971.298	-14.03
103947	35.512265	108.285564	265.999949	768.934781	10966.284	-9.892
104007	35.509527	108.331497	266.000173	769.752795	10963.667	-0.228
104027	35.506706	108.378544	265.999913	771.071246	10965.432	8.559
104047	35.503687	108.427861	265.999314	771.065822	10971.216	9.504
104107	35.5008	108.475016	266.002186	771.174706	10973.838	4.573
104127	35.498016	108.520645	265.998804	772.124465	10972.912	-0.259
104147	35.495086	108.568359	265.987743	773.442288	10972.755	-0.356
104207	35.492117	108.616627	266.021246	774.151175	10973.164	-0.299
104227	35.489152	108.664275	266.019422	774.035178	10973.109	-0.416
104247	35.486114	108.711793	265.857472	773.905103	10972.265	4.732
104307	35.483221	108.759334	266.248089	774.115984	10974.349	8.5
104327	35.480298	108.806151	266.263498	774.115239	10979.438	6.449
104347	35.4764	108.850904	262.880208	772.590842	10981.089	3.857
104407	35.470516	108.895249	258.183533	769.967854	10980.185	1.235
104427	35.461822	108.941697	256.002852	767.375466	10980.276	-2.983
104447	35.45184	108.988591	256.023882	765.886633	10979.662	-8.982
104507	35.442541	109.033581	256.022501	765.880343	10975.158	-14.407
104527	35.4331	109.079396	255.987018	766.117541	10968.888	-13.369
104547	35.423475	109.12551	256.001813	765.945624	10964.666	-6.931
104607	35.414147	109.170067	256.002089	765.768037	10964.639	-0.989
104627	35.404818	109.214735	255.997322	767.05195	10965.385	-0.056
104647	35.395348	109.259918	256.000956	769.192609	10964.881	0.301
104707	35.385769	109.305193	256.006999	770.623316	10964.161	5.886
104727	35.376057	109.351273	255.978067	771.373972	10968.118	9.43
104747	35.366334	109.397471	256.011953	770.854839	10973.274	7.625
104807	35.356699	109.442854	256.095403	769.136484	10973.26	2.41
104827	35.346853	109.489258	255.632917	769.975878	10973.41	-3.442
104847	35.336908	109.536332	254.980946	772.043797	10972.841	-8.199
104907	35.327244	109.582049	254.937938	771.813817	10967.371	-9.846
104927	35.317875	109.625926	255.027598	773.247687	10963.595	-2.864
104947	35.308415	109.669965	254.99863	776.093343	10965.193	8.462
105007	35.298481	109.716423	254.995515	776.428605	10970.49	14.033
105027	35.288622	109.76218	255.002069	775.347687	10975.543	15.574
105047	35.2789	109.807	255.0	774.0	10980.0	15.0
105107	35.268924	109.853309	254.999645	772.615713	10985.708	11.591
105127	35.258913	109.899902	255.000141	771.490519	10989.195	2.88
105147	35.2492	109.9449	255.0	771.0	10988.0	-8.0
105207	35.23983	109.987969	254.999974	771.161235	10982.851	-13.863
105227	35.229931	110.033638	255.00001	770.430648	10977.608	-15.35
105247	35.219604	110.081469	255.000001	769.043788	10973.243	-14.121
105307	35.20982	110.126471	254.999998	768.836109	10968.026	-10.806
105327	35.199977	110.171272	255.0	768.982816	10964.662	-5.926
105347	35.189649	110.217991	254.999998	768.861081	10964.796	-0.966
105407	35.179734	110.263001	255.000009	769.850275	10965.086	0.775
105427	35.170032	110.307145	254.99999	771.196535	10965.036	-0.31
105447	35.159961	110.352832	254.999968	771.790361	10965.182	-0.751
105507	35.149774	110.398987	255.000133	772.790719	10964.193	3.712
105527	35.139855	110.444058	254.999862	774.313563	10965.867	8.536
105547	35.130134	110.488286	254.999554	775.699973	10971.842	8.379
105607	35.119698	110.535218	255.00185	776.359646	10973.161	7.586
105627	35.109311	110.581729	254.998078	775.756605	10973.572	8.239
105647	35.099741	110.624804	254.993785	774.273262	10978.748	8.677
105707	35.089566	110.670306	255.026318	773.970176	10980.824	4.483
105727	35.079196	110.716645	254.980319	773.891497	10979.9	-0.433
105747	35.069518	110.760272	254.905758	772.48561	10979.932	-0.524
105807	35.059522	110.805467	255.421466	771.45764	10979.939	0.743
105827	35.049428	110.852837	256.052865	770.891364	10980.087	-0.456
105847	35.040056	110.899606	256.049746	769.671967	10980.449	-5.659
105907	35.031115	110.943235	255.971528	767.483519	10977.783	-12.227
105927	35.02227	110.985409	256.003795	765.909602	10972.04	-14.899
105947	35.013211	111.02964	256.003571	766.076519	10966.239	-10.385
110007	35.003517	111.076635	255.997958	765.182841	10964.349	-3.745
110027	34.993651	111.123954	256.000271	763.921065	10965.087	0.305
110047	34.984301	111.168862	256.000247	764.066929	10965.082	0.284
110107	34.975161	111.21254	255.999887	763.428075	10964.95	-0.153
110127	34.965891	111.256587	255.999993	764.504306	10965.009	0.013
110147	34.956363	111.301823	255.999889	769.589111	10965.018	-0.021
110207	34.94675	111.347518	256.000459	771.881284	10964.953	0.14
110227	34.937027	111.393679	255.999627	772.188221	10965.035	-0.12
110247	34.927186	111.440203	255.998193	775.320739	10965.17	-0.585
110307	34.917645	111.485309	256.006538	780.532572	10964.388	2.769
110327	34.908011	111.530824	255.994786	785.668783	10965.496	8.909
110347	34.897876	111.57855	255.97481	789.102945	10970.962	13.866
110407	34.888203	111.624043	256.091069	791.43094	10976.051	16.033
110427	34.878611	111.669084	255.926377	793.255746	10980.862	14.512
110447	34.86836	111.717118	255.198522	794.688163	10986.733	9.791
110507	34.858401	111.763796	254.893311	795.228438	10988.429	4.952
110527	34.848461	111.810142	255.014488	794.916777	10988.131	-1.165
110547	34.837975	111.858672	255.015594	793.839406	10989.102	-10.804
110607	34.82812	111.904627	254.991913	791.266644	10983.385	-20.566
110627	34.818719	111.948642	255.00038	788.94785	10972.489	-21.661
110647	34.808761	111.994709	255.001218	789.03722	10965.449	-7.971
110707	34.798696	112.041023	254.999899	788.265478	10966.945	5.785
110727	34.7888	112.0866	255.0	785.0	10973.0	8.0
110747	34.778858	112.132426	254.997648	780.71355	10974.297	-2.054
110807	34.768667	112.178955	255.006155	777.94969	10970.805	-12.286
110827	34.7585	112.2253	255.0	777.0	10965.0	-15.0
110847	34.748829	112.270148	254.965874	776.209808	10959.578	-11.028
110907	34.739055	112.315126	255.086265	776.030179	10957.554	-5.117
110927	34.729	112.3605	255.0	776.0	10958.0	0.0
110947	34.719079	112.405151	254.497777	775.33591	10957.58	4.827
111007	34.709365	112.450797	256.22368	777.633272	10959.296	11.004
111027	34.700855	112.497934	259.848973	781.87062	10964.67	15.027
111047	34.694998	112.544967	261.7043	782.384916	10971.051	10.696
111107	34.689992	112.590915	262.071664	782.032981	10973.08	7.425
111127	34.684472	112.636879	262.008313	782.100253	10972.739	8.09
111147	34.6787	112.685092	261.984797	780.120927	10977.927	4.409
111207	34.673113	112.732481	262.004765	778.807905	10979.147	-3.326
111227	34.667745	112.777841	262.000598	779.037981	10973.448	-8.126
111247	34.662153	112.824286	261.998898	777.817579	10971.942	-2.537
111307	34.65639	112.872411	262.000363	776.814493	10973.821	-1.211
111327	34.650744	112.920118	262.000056	776.995926	10973.409	-7.698
111347	34.645413	112.964607	261.999775	776.797183	10967.158	-5.108
111407	34.639737	113.011282	262.000316	777.527151	10966.056	3.52
111427	34.633682	113.06091	262.000193	778.954168	10972.508	8.134
111447	34.628147	113.106626	261.997957	778.63898	10974.062	2.699
111507	34.62265	113.152299	262.004059	780.106355	10972.33	0.801
111527	34.616873	113.199931	262.002652	783.755023	10972.705	7.422
111547	34.611223	113.245511	261.971623	784.47654	10977.371	9.811
111607	34.605448	113.292267	262.056516	783.787898	10980.707	5.747
111627	34.599487	113.341188	262.03693	783.934082	10980.104	0.271
111647	34.593752	113.387932	261.388765	784.552584	10979.646	0.125
111707	34.588171	113.433156	260.887433	782.859478	10980.447	-1.435
111727	34.582553	113.478393	260.971721	779.338022	10980.38	-7.256
111747	34.5768	113.523953	261.089274	778.657026	10975.985	-9.797
111807	34.570943	113.570175	260.880244	778.96285	10972.248	-5.859
111827	34.565074	113.617193	260.878564	778.858091	10972.759	-0.178
111847	34.559331	113.664739	262.266074	780.765222	10973.968	-3.545
111907	34.553998	113.712322	262.987933	782.185288	10971.457	-9.654
111927	34.549045	113.759337	262.111154	781.948141	10965.676	-8.955
111947	34.543973	113.805361	261.870126	783.128898	10963.557	0.858
112007	34.538782	113.851418	262.021343	784.126737	10966.568	10.652
112027	34.533511	113.898529	261.989594	783.955883	10972.221	14.597
112047	34.528032	113.946661	262.132762	784.623387	10976.632	16.704
112107	34.52278	113.994347	261.779145	782.974969	10981.91	12.768
112127	34.517216	114.040632	260.306726	777.759286	10987.63	1.677
112147	34.509252	114.086208	258.041206	773.85118	10986.57	-7.586
112207	34.499734	114.131133	256.158274	772.12786	10980.877	-12.585
112227	34.490414	114.17534	255.803377	771.549392	10975.818	-14.231
112247	34.48107	114.219947	256.057467	770.459508	10971.404	-15.704
112307	34.471354	114.265388	256.015027	769.043323	10965.972	-15.691
112327	34.461791	114.310489	255.956858	769.888051	10959.535	-7.173
112347	34.452442	114.354627	256.054837	771.425004	10959.004	3.027
112407	34.443041	114.398648	256.05497	771.966587	10964.495	7.738
112427	34.433253	114.444604	255.41067	772.092393	10964.927	8.095
112447	34.423351	114.491039	254.923144	771.883072	10966.354	8.369
112507	34.413568	114.536519	254.998558	771.882902	10972.344	8.478
112527	34.403757	114.581686	254.889565	773.231522	10973.958	2.825
112547	34.394003	114.626772	255.241439	774.061599	10972.478	0.239
112607	34.38435	114.671835	255.97784	773.905034	10972.631	0.904
112627	34.374647	114.71695	255.514204	775.500724	10975.489	-17.406
112647	34.364872	114.761899	254.880262	777.621534	10968.049	-82.707
112707	34.354997	114.807104	254.975199	777.40758	10929.114	-184.006
112727	34.344982	114.853508	255.031221	773.232984	10841.817	-257.88
112747	34.335268	114.898424	254.991149	770.876658	10741.757	-287.805
112807	34.325846	114.941414	254.997949	773.480088	10652.074	-289.951
112827	34.315944	114.986565	255.004267	776.359719	10552.038	-288.451
112847	34.30593	115.032188	254.995826	776.801461	10450.968	-241.762
112907	34.296092	115.07691	254.996092	776.645646	10377.374	-138.172
112927	34.285986	115.122893	255.028514	781.1486	10359.054	-44.211
112947	34.275699	115.169226	254.950417	784.397615	10364.268	0.814
113007	34.265579	115.214798	254.947345	782.417962	10363.259	0.919
113027	34.255915	115.260142	255.576896	779.562425	10362.704	-1.255
113047	34.246306	115.305665	256.097122	772.914302	10363.032	0.512
113107	34.236619	115.350783	256.022744	762.386822	10362.956	0.273
113127	34.22735	115.394215	255.950989	755.459171	10363.447	-1.641
113147	34.217931	115.43854	256.049735	751.996054	10362.185	2.556
113207	34.208216	115.48401	256.047076	751.566544	10362.128	-8.036
113227	34.199062	115.526465	255.473622	756.277378	10366.818	-86.679
113247	34.189738	115.569741	254.812056	757.115123	10322.909	-198.575
113307	34.17979	115.615649	254.880326	753.002801	10218.795	-277.657
113327	34.170279	115.659407	256.54509	757.771034	10124.544	-284.22
113347	34.162937	115.703694	260.933449	764.752104	10030.828	-294.173
113407	34.157814	115.749515	263.446797	768.963162	9925.033	-296.273
113427	34.153699	115.794921	263.086066	769.438613	9827.361	-247.136
113447	34.149577	115.839065	262.894318	764.780826	9760.915	-149.362
113507	34.145076	115.885494	263.025419	763.792171	9732.104	-56.328
113527	34.140382	115.934177	263.001385	770.04049	9730.473	-15.836
113547	34.136003	115.978893	263.028339	774.33548	9731.06	-37.079
113607	34.131637	116.023399	262.939056	772.631186	9713.823	-119.194
113627	34.127076	116.070061	262.933394	764.640014	9659.631	-229.603
113647	34.122659	116.114315	263.684389	752.913593	9555.591	-301.5
113707	34.118226	116.159052	263.895774	745.389363	9441.288	-322.052
113727	34.113675	116.205673	263.093136	742.75871	9342.103	-313.34
113747	34.109249	116.249765	262.884514	734.666232	9236.683	-309.073
113807	34.104847	116.293388	263.031854	727.1819	9131.111	-299.625
113827	34.100299	116.338167	263.006503	724.503931	9035.568	-282.998
113847	34.095577	116.381549	262.99255	719.35717	8946.387	-288.329
113907	34.090871	116.424118	263.000749	712.841683	8848.903	-308.152
113927	34.086331	116.4666	262.994977	707.364819	8739.532	-319.036
113947	34.081929	116.507909	263.004549	701.831054	8636.969	-297.017
114007	34.07766	116.54703	262.984985	697.568812	8546.803	-282.738
114027	34.073388	116.586429	263.100462	698.939171	8451.857	-359.998
114047	34.069021	116.629973	263.814694	702.615682	8330.536	-443.795
114107	34.065163	116.673418	264.730507	701.421918	8143.437	-496.34
114127	34.061459	116.714685	265.163526	689.479694	7981.828	-552.674
114147	34.057712	116.754927	264.714733	677.591221	7801.413	-659.085
114207	34.053981	116.795367	264.021261	674.263793	7545.904	-686.551
114227	34.050154	116.835256	264.056832	668.080281	7336.542	-429.786
114247	34.04656	116.873455	262.95058	647.386048	7238.178	-313.594
114307	34.042385	116.911372	261.534899	620.495414	7148.965	-392.458
114327	34.037398	116.949464	261.012698	598.710581	6990.607	-521.006
114347	34.032649	116.985671	261.034352	586.064588	6790.612	-620.534
114407	34.028293	117.018708	260.873758	582.602249	6570.495	-686.336
114427	34.024117	117.051042	260.911805	583.126794	6334.048	-722.569
114447	34.019939	117.087603	262.387879	579.965584	6078.179	-706.976
114507	34.015934	117.12281	262.869806	580.012319	5854.492	-581.914
114527	34.011987	117.155197	261.902914	580.189033	5694.318	-424.388
114547	34.007766	117.189832	261.903356	567.586219	5572.853	-404.037
114607	34.003681	117.2235	262.078544	552.591204	5449.944	-453.022
114627	33.999777	117.255884	262.027036	541.130872	5293.956	-518.811
114647	33.995801	117.289286	261.979365	533.237546	5085.352	-585.325
114707	33.991971	117.321975	262.010665	526.593553	4866.169	-623.671
114727	33.988472	117.35205	262.028718	519.138774	4676.732	-620.324
114747	33.984785	117.382837	261.885854	513.050137	4468.176	-612.799
114807	33.981244	117.413272	262.117799	514.118476	4246.959	-608.602
114827	33.977863	117.442427	262.380446	519.407179	4055.052	-548.832
114847	33.973769	117.474982	262.903912	508.211667	3919.742	-351.246
114907	33.975608	117.504883	281.620074	504.020136	3813.045	-435.828
114927	33.980498	117.533962	285.739358	504.454258	3666.652	-483.885
114947	33.985945	117.563544	280.963451	503.494208	3490.816	-463.129
115007	33.991138	117.593255	279.744705	499.984017	3318.076	-431.313
115027	33.996208	117.621877	282.40856	495.573804	3190.486	-344.263
115047	34.001217	117.649664	284.488989	490.801145	3124.069	-221.247
115107	34.005382	117.680618	273.58048	482.79907	3056.377	-273.096
115127	34.004609	117.708039	264.022665	478.603962	2948.382	-333.474
115147	34.001487	117.734004	263.043925	476.741046	2837.928	-357.681
115207	33.99897	117.76288	264.017747	474.995952	2720.994	-406.092
115227	33.996139	117.79256	263.422926	475.749915	2561.423	-428.545
115247	33.993188	117.821359	262.764032	472.058028	2420.855	-408.432
115307	33.990444	117.849264	263.208708	467.604741	2299.981	-356.514
115327	33.987868	117.877515	263.985016	474.428117	2174.405	-295.162
115347	33.985046	117.906811	263.477908	492.916554	2094.303	-239.552
115407	33.982165	117.935885	262.870307	489.561379	2029.152	-218.516
115427	33.97946	117.963285	262.983757	457.254942	1950.978	-228.311
115447	33.976937	117.988545	263.029731	431.246871	1873.273	-229.232
115507	33.974569	118.013238	262.990662	413.010024	1800.152	-248.858
115527	33.97224	118.038141	262.998816	398.951609	1717.116	-287.562
115547	33.96978	118.062339	263.002322	393.523646	1603.536	-293.731
115607	33.967343	118.08608	262.998955	392.941333	1505.263	-290.817
115627	33.965029	118.109578	262.999671	392.995876	1426.741	-315.31
115647	33.962725	118.132708	263.002783	393.188166	1305.146	-370.992
115707	33.960321	118.156673	262.994713	395.017824	1162.844	-383.019
115727	33.957844	118.181217	262.996571	396.216141	1039.431	-338.698
115747	33.955485	118.204111	263.036646	389.070682	945.809	-323.284
115807	33.953408	118.225831	262.935694	367.618954	832.958	-334.232
115827	33.95131	118.24694	263.277288	350.130856	709.171	-328.972
115847	33.949008	118.267206	263.994793	343.831141	614.719	-295.668
115907	33.94706	118.286686	263.431901	314.744574	516.088	-268.389
115927	33.945323	118.304918	262.867955	284.41545	428.893	-246.033
115947	33.943616	118.321934	263.009392	269.496123	358.51	-239.631
120007	33.941964	118.338358	263.097296	263.033762	284.966	-269.194
120027	33.94035	118.354296	263.062634	262.992513	203.591	-294.319
120047	33.938742	118.369729	263.004592	268.691995	113.361	-261.29
120107	33.937119	118.384871	263.000602	268.891569	27.036	-135.436
