052526	73.7771	40.6305	213.0	-28.203966	-302.688844	3.703
052546	73.767674	40.618138	393.405	138.647154	252.565677	1.975
052606	73.763369	40.602306	503.18	-193.821098	-265.136409	1.712
052626	73.758344	40.585476	608.545	349.163984	103.745431	1.643
052646	73.7629	40.566621	721.069	-368.412836	-169.23098	2.386
052706	73.774862	40.547212	917.196	-118.498686	411.569611	3.673
052726	73.788742	40.528068	1193.639	68.651147	427.775456	4.297
052746	73.802044	40.508741	1489.992	322.515395	288.585239	3.97
052806	73.815264	40.490412	1725.632	412.6515	151.051776	3.277
052826	73.836477	40.474655	1900.632	101.044827	457.980242	3.304
052846	73.863723	40.463914	2165.634	-426.619524	-199.548697	4.212
052906	73.890453	40.452992	2437.198	-466.759124	-21.096792	4.089
052926	73.917951	40.441605	2695.981	-464.043717	-63.170343	3.567
052946	73.945717	40.430183	2926.304	-473.727277	-34.481814	2.934
053006	73.973722	40.418611	3100.925	-489.876282	-48.40462	2.213
053026	74.002818	40.406563	3204.883	-521.977303	-52.938574	1.567
053046	74.033144	40.394081	3279.864	-557.27074	-53.419922	1.547
053106	74.065632	40.380734	3378.854	-585.702897	-57.07733	2.057
053126	74.101459	40.365876	3541.724	-605.186108	-58.949355	2.44
053146	74.138084	40.350613	3730.626	-618.351824	-60.179144	2.579
053206	74.172433	40.336337	3891.112	-629.194998	-63.161015	2.593
053226	74.207204	40.321912	4053.927	-639.615972	-59.436876	2.686
053246	74.244652	40.306381	4245.496	-648.124428	-60.032697	2.855
053306	74.283173	40.290434	4438.723	-651.417562	-88.418125	2.791
053326	74.321787	40.274374	4617.09	-662.620995	-21.060781	2.529
053346	74.359801	40.258521	4772.098	-669.46236	-18.521957	2.292
053406	74.397007	40.243095	4907.779	-668.350289	-117.717413	2.275
053426	74.436044	40.226577	5065.74	225.337555	646.267161	2.248
053446	74.476236	40.210816	5212.3	-372.862134	589.765676	2.25
053506	74.518779	40.200143	5346.981	-517.576211	493.685002	2.367
053526	74.565889	40.196144	5508.929	720.744632	47.75991	2.521
053546	74.615268	40.193461	5687.173	721.778318	37.740881	2.542
053606	74.664173	40.189326	5859.549	719.39568	68.607411	2.361
053626	74.710648	40.18547	6000.993	722.103863	86.998876	2.084
053646	74.757504	40.18176	6123.133	730.577396	75.470837	1.908
053706	74.805774	40.177809	6245.54	736.31665	78.849847	1.877
053726	74.852769	40.173976	6372.51	741.047548	79.997612	1.848
053746	74.900413	40.170113	6491.476	747.230262	79.525243	1.904
053806	74.950077	40.166104	6608.984	753.37232	80.232394	2.117
053826	74.999852	40.162128	6771.177	751.045783	80.131492	2.389
053846	75.047765	40.158219	6930.825	749.411772	79.895359	2.143
053906	75.096766	40.154096	7038.577	755.82458	80.584105	1.58
053926	75.148935	40.149793	7145.299	759.366779	80.957987	1.739
053946	75.194083	40.146114	7271.707	761.122964	81.179747	1.822
054006	75.243553	40.142013	7393.697	762.731846	81.204426	1.637
054026	75.297324	40.137463	7491.607	767.387768	81.883578	1.368
054046	75.345463	40.13334	7568.0	776.861069	83.363173	1.211
054106	75.395163	40.129124	7642.876	784.777648	81.944206	1.237
054126	75.447971	40.12465	7728.072	788.814224	85.05154	1.37
054146	75.499831	40.120171	7824.095	791.605252	92.015253	1.464
054206	75.55051	40.115767	7923.715	796.749056	60.581821	1.452
054226	75.601595	40.111353	8017.914	794.080299	97.999575	1.387
054246	75.654205	40.106823	8103.302	779.063586	189.468781	1.362
054306	75.705902	40.102269	8192.852	748.086185	-298.953006	1.341
054326	75.758199	40.097626	8283.64	519.992128	-621.621268	1.263
054346	75.813735	40.092809	8362.291	809.983451	-83.804584	1.153
054406	75.868173	40.088096	8429.567	816.181184	-66.291096	1.276
054426	75.919891	40.0833	8514.697	460.063963	-679.834616	1.528
054446	75.970707	40.078453	8639.081	549.818301	-604.447031	1.576
054506	76.023216	40.075316	8745.407	-729.802851	366.293554	1.385
054526	76.07705	40.074315	8817.615	671.517082	473.052259	1.201
054546	76.129974	40.074568	8884.662	695.203451	446.508923	1.339
054606	76.182622	40.075072	8983.164	806.496821	-167.410929	1.529
054626	76.23585	40.075371	9103.507	605.44862	547.62731	1.647
054646	76.289637	40.075699	9196.094	390.17992	716.654645	1.924
054706	76.344479	40.076018	9331.154	692.019209	419.91466	2.148
054726	76.398292	40.076275	9510.064	786.883577	-107.356965	2.017
054746	76.44737	40.076532	9617.318	763.708678	-196.736815	1.432
054806	76.49842	40.076818	9678.253	782.446393	-120.992823	0.853
054826	76.552449	40.07708	9727.428	782.995476	-137.648411	0.531
054846	76.601151	40.077223	9750.116	778.971363	-143.652659	0.251
054906	76.650612	40.077371	9754.762	777.627255	-137.713475	0.059
054926	76.704175	40.077581	9754.1	777.834664	-138.937116	0.002
054946	76.756059	40.077738	9753.772	774.338453	-138.793166	-0.002
055006	76.806141	40.077831	9754.164	773.027787	-138.147452	-0.001
055026	76.856056	40.077892	9754.112	776.245987	-138.804118	-0.002
055046	76.906917	40.077953	9753.242	777.716618	-139.109948	0.022
055106	76.959549	40.078028	9755.39	777.626228	-139.063344	0.046
055126	77.012439	40.078094	9760.482	777.656243	-139.073937	0.043
055146	77.061903	40.078106	9761.666	777.653757	-139.076698	0.017
055206	77.111409	40.0781	9760.868	777.685905	-139.080207	-0.004
055226	77.163627	40.078103	9760.997	777.702614	-139.083509	-0.002
055246	77.21551	40.078065	9760.775	777.269262	-139.006026	0.006
055306	77.267375	40.077962	9761.401	776.368099	-138.845231	-0.008
055326	77.320261	40.077823	9761.645	775.042019	-138.608279	-0.041
055346	77.373195	40.077732	9756.063	773.28299	-138.291015	-0.05
055406	77.423696	40.077636	9753.415	772.343011	-138.133815	-0.038
055426	77.473009	40.077482	9753.85	771.623196	-137.991468	-0.043
055446	77.524086	40.077282	9749.041	770.025102	-137.671315	-0.074
055506	77.575035	40.077083	9741.274	770.343414	-137.892951	-0.054
055526	77.625708	40.076877	9738.189	771.845835	-137.967479	0.005
055546	77.676982	40.076619	9744.022	771.879425	-137.493577	0.036
055606	77.726915	40.076306	9746.342	771.801242	-139.779852	0.042
055626	77.776806	40.075966	9746.28	772.923818	-137.270831	0.041
055646	77.829094	40.075634	9751.987	773.89629	-130.753572	0.044
055706	77.881134	40.075296	9754.935	768.874223	-161.941296	0.025
055726	77.932206	40.074969	9753.913	776.989018	-125.576531	-0.002
055746	77.983206	40.074653	9753.865	786.32615	-34.101876	-0.002
055806	78.033395	40.074224	9754.071	618.208132	-487.202765	0.001
055826	78.084326	40.073759	9753.992	317.740776	-719.908522	-0.0
055846	78.137333	40.073379	9753.975	732.724666	-282.957099	0.0
055906	78.187608	40.07286	9754.054	716.327571	-320.659035	-0.001
055926	78.236405	40.072242	9753.972	263.579263	-739.422805	0.0
055946	78.288095	40.071713	9753.783	237.689676	-747.573795	0.004
060006	78.339918	40.071151	9754.692	348.634534	-701.274073	-0.015
060026	78.390404	40.07054	9753.62	285.971859	-727.741733	-0.043
060046	78.440506	40.069946	9747.826	202.591179	-755.006987	-0.046
060106	78.49213	40.069308	9745.266	594.855053	-508.807144	-0.026
060126	78.544359	40.068633	9746.011	770.566736	-145.005986	0.003
060146	78.595089	40.06797	9745.569	498.944958	-605.607225	0.029
060206	78.645501	40.067281	9748.196	187.527523	-763.130953	0.06
060226	78.696797	40.066564	9754.332	308.800213	-723.912398	0.076
060246	78.749012	40.065838	9759.941	349.921168	-704.836778	0.051
060306	78.799878	40.065071	9760.64	200.017517	-761.785536	0.037
060326	78.849045	40.064259	9761.224	329.118189	-717.13497	0.046
060346	78.89856	40.063427	9768.231	768.323649	-180.074095	0.047
060406	78.950728	40.062566	9769.598	638.986589	-460.000006	0.027
060426	79.003537	40.061696	9769.461	203.941454	-756.321059	-0.018
060446	79.055116	40.060831	9769.733	278.98151	-726.06843	-0.07
060506	79.106201	40.059958	9760.408	320.498178	-703.385527	-0.09
060526	79.156442	40.059106	9752.544	289.166452	-714.172955	-0.059
060546	79.205873	40.05824	9753.677	294.589902	-712.278894	-0.005
060606	79.255694	40.057251	9754.575	296.719828	-713.331497	0.002
060626	79.306086	40.056271	9753.542	299.383686	-714.538705	0.006
060646	79.356786	40.055347	9753.601	300.413881	-715.4717	0.037
060706	79.407501	40.0543	9758.135	276.846504	-724.053945	0.048
060726	79.457864	40.053241	9761.55	332.273322	-698.357356	0.033
060746	79.507744	40.052251	9761.027	333.947468	-696.137006	0.005
060806	79.55748	40.05121	9761.636	-145.205709	-758.160142	-0.027
060826	79.607851	40.050111	9759.551	-492.827894	-594.106719	-0.044
060846	79.658656	40.048974	9754.412	-446.453224	-628.778996	-0.041
060906	79.708373	40.047809	9754.203	-461.888137	-616.037048	-0.039
060926	79.757735	40.046751	9752.588	-371.973955	-672.384194	-0.043
060946	79.807741	40.045692	9746.622	-362.840571	-675.034813	-0.043
061006	79.858316	40.044308	9745.257	-759.896819	-82.756456	-0.016
061026	79.908821	40.043654	9746.158	642.049783	-422.582799	0.003
061046	79.958894	40.04531	9745.943	210.924192	-748.970332	-0.001
061106	80.008924	40.049723	9745.921	332.408698	709.158274	-0.001
061126	80.05948	40.055184	9746.014	4.214822	783.813628	0.0
061146	80.110777	40.060403	9746.019	5.281179	782.20688	-0.0
061206	80.162186	40.065553	9745.956	50.367313	781.140632	0.001
061226	80.212666	40.070654	9746.032	8.632143	785.359967	-0.001
061246	80.262036	40.075632	9746.151	-47.437672	786.5841	-0.003
061306	80.312572	40.080759	9745.447	334.329266	716.857447	0.012
061326	80.363776	40.085903	9746.284	694.46728	383.041172	0.044
061346	80.414126	40.090823	9751.381	701.580342	369.767216	0.074
061406	80.465299	40.095842	9757.725	669.095652	426.380222	0.065
061426	80.517409	40.101019	9761.079	683.19055	406.998853	0.039
061446	80.569422	40.106167	9760.453	685.70094	407.22877	0.038
061506	80.621718	40.111209	9764.01	683.646183	411.492592	0.044
061526	80.672881	40.116077	9769.264	683.652018	409.487152	0.039
061546	80.721603	40.120792	9769.084	682.800307	408.886186	0.016
061606	80.771402	40.125632	9770.022	680.110202	407.667417	-0.032
061626	80.822976	40.130595	9768.328	677.503829	405.962282	-0.08
061646	80.87438	40.135479	9757.607	677.048394	405.682813	-0.088
061706	80.924515	40.140253	9752.125	675.733137	404.92323	-0.043
061726	80.975097	40.145043	9754.124	673.249865	403.424982	0.001
061746	81.028303	40.149979	9755.002	671.45469	402.348397	-0.024
061806	81.080957	40.154868	9751.407	669.949463	401.447944	-0.051
061826	81.1305	40.1595	9746.0	668.21654	400.40936	-0.036
061846	81.177139	40.163821	9744.56	666.339296	399.287059	0.012
061906	81.22574	40.168211	9748.259	665.420888	398.728283	0.047
061926	81.277429	40.172833	9753.649	665.60981	398.843924	0.043
061946	81.328403	40.177504	9754.797	665.786583	398.989429	0.011
062006	81.378262	40.182157	9753.428	665.398924	398.64923	0.005
062026	81.427668	40.186747	9753.727	664.117252	397.906201	0.038
062046	81.477277	40.191253	9758.226	662.042489	397.20897	0.052
062106	81.528888	40.19588	9761.964	661.412421	395.339851	0.023
062126	81.581081	40.200551	9761.268	660.130213	394.916531	-0.035
062146	81.629319	40.204861	9757.377	653.923245	398.74229	-0.072
062206	81.67739	40.209144	9751.493	660.711814	382.221569	-0.072
062226	81.727429	40.213565	9746.3	658.392669	385.579932	-0.044
062246	81.776498	40.217831	9745.408	608.601747	460.214422	-0.011
062306	81.826039	40.222163	9746.283	727.424525	230.276431	0.001
062326	81.87627	40.226573	9746.096	698.783655	-306.39633	-0.001
062346	81.924505	40.230683	9745.156	652.217456	-395.830058	0.022
062406	81.972175	40.234749	9747.769	692.587263	-320.505462	0.049
062426	82.021117	40.238975	9753.555	685.574526	-336.943677	0.044
062446	82.071639	40.243228	9755.442	683.408127	-343.955309	-0.008
062506	82.123166	40.24753	9752.118	687.606081	-339.162563	-0.054
062526	82.173728	40.251789	9746.478	688.887915	-341.234146	-0.045
062546	82.221198	40.255789	9743.987	690.698788	-342.716429	0.027
062606	82.270376	40.259875	9749.229	691.987202	-342.857745	0.101
062626	82.322716	40.264174	9760.015	691.753101	-342.845626	0.119
062646	82.373358	40.268348	9767.237	691.413598	-342.719404	0.074
062706	82.423226	40.272434	9769.288	692.206174	-343.076559	0.025
062726	82.473175	40.276498	9768.971	693.455799	-343.703372	0.002
062746	82.521918	40.280492	9769.766	692.764126	-343.363319	-0.026
062806	82.57177	40.28453	9767.165	690.965049	-342.469765	-0.047
062826	82.623043	40.2886	9761.38	689.18667	-341.5887	-0.043
062846	82.67258	40.292508	9760.3	687.431699	-340.715497	-0.014
062906	82.721373	40.296326	9761.238	685.547791	-339.791362	0.003
062926	82.770497	40.300124	9761.041	683.776945	-338.911431	0.0
062946	82.819545	40.303882	9760.797	682.432006	-338.19528	0.002
063006	82.869903	40.307801	9761.32	679.349837	-336.802794	-0.007
063026	82.920919	40.311813	9761.201	674.994067	-334.612386	-0.037
063046	82.969478	40.315526	9757.352	673.072501	-332.97932	-0.066
063106	83.017877	40.319183	9751.8	670.740278	-333.68221	-0.079
063126	83.067222	40.32293	9746.526	669.082826	-332.429996	-0.077
063146	83.115161	40.326543	9741.301	672.844619	-324.193654	-0.064
063206	83.162219	40.330047	9736.807	664.002111	-341.942077	-0.015
063226	83.209971	40.333587	9736.53	659.777115	-350.829247	0.062
063246	83.259625	40.337312	9746.186	713.01778	-240.176812	0.093
063306	83.30937	40.340994	9755.193	610.881396	-451.60311	0.064
063326	83.357648	40.344444	9754.518	110.623876	-755.787038	0.009
063346	83.406215	40.347912	9753.652	437.027254	-624.375386	-0.008
063406	83.45561	40.351513	9753.997	665.661592	-359.269121	0.003
063426	83.505384	40.355191	9753.838	212.519383	-720.171725	0.004
063446	83.55476	40.358758	9754.939	-17.957449	-748.929249	-0.023
063506	83.602692	40.362119	9752.733	103.525738	-743.264503	-0.041
063526	83.649736	40.365366	9746.591	92.226929	-746.218585	-0.013
063546	83.699219	40.368805	9748.494	75.745474	-747.568589	0.046
063606	83.749868	40.372402	9755.709	84.241601	-744.749023	0.078
063626	83.79901	40.375946	9760.408	83.257947	-743.424133	0.051
063646	83.846564	40.379284	9761.484	82.120139	-743.882525	0.014
063706	83.89565	40.382677	9760.843	82.622792	-742.733393	-0.001
063726	83.947103	40.386244	9760.807	82.086854	-738.448547	0.002
063746	83.995248	40.389501	9761.776	81.681854	-735.579747	-0.02
063806	84.041283	40.392578	9760.011	81.564859	-734.095336	-0.044
063826	84.088311	40.39575	9754.86	81.407038	-732.685149	-0.042
063846	84.135557	40.398891	9754.283	81.369316	-732.594456	-0.042
063906	84.183056	40.402037	9753.089	81.367458	-732.24409	-0.038
063926	84.231098	40.405246	9746.714	81.168826	-730.113351	-0.012
063946	84.27904	40.408389	9748.752	80.715681	-728.603831	0.028
064006	84.327961	40.411541	9754.734	81.016151	-727.098797	0.037
064026	84.378053	40.414762	9754.608	81.294781	-724.844456	0.004
064046	84.425537	40.417793	9752.982	77.348987	-724.839887	0.013
064106	84.470994	40.420676	9754.826	83.732416	-723.970873	0.044
064126	84.517102	40.423602	9760.074	90.746772	-721.018526	0.044
064146	84.564551	40.426624	9760.888	36.428929	-723.794786	0.035
064206	84.612122	40.42957	9761.748	125.374866	-713.019999	0.037
064226	84.658778	40.432376	9767.728	324.011379	-646.783888	0.035
064246	84.706033	40.435479	9767.6	-230.66288	-681.021	-0.029
064306	84.753212	40.437525	9759.523	503.121483	496.395742	-0.108
064326	84.798144	40.436295	9753.704	-255.717038	642.483489	-0.084
064346	84.843409	40.433953	9747.706	20.456957	688.580187	-0.052
064406	84.888553	40.431727	9745.529	-561.491952	402.839954	-0.028
064426	84.933453	40.429359	9745.971	-312.538566	614.934767	0.002
064446	84.978584	40.426073	9745.349	631.149185	265.518377	0.037
064506	85.023213	40.422629	9750.755	683.066231	-46.198899	0.028
064526	85.0685	40.418909	9753.496	683.298732	59.24656	-0.009
064546	85.114829	40.415465	9747.157	586.592138	355.116397	-0.033
064606	85.159358	40.414905	9745.946	-404.884336	-565.365746	-0.036
064626	85.203137	40.41574	9745.574	428.98513	559.996445	-0.043
064646	85.2491	40.4155	9738.0	693.989275	-124.112392	-0.046
064706	85.297907	40.415142	9734.69	346.043228	-617.657958	0.054
064726	85.345196	40.414892	9744.071	256.098514	-662.83134	0.149
064746	85.390493	40.414617	9760.359	271.507107	-656.061081	0.154
064806	85.43759	40.414229	9767.774	275.95145	-654.61088	0.087
064826	85.483358	40.413822	9769.704	271.83408	-657.520396	0.009
064846	85.527717	40.413422	9769.162	273.492176	-658.358405	-0.039
064906	85.574916	40.412957	9763.908	274.635613	-660.232836	-0.053
064926	85.622237	40.412506	9759.734	274.782523	-661.512782	-0.019
064946	85.667928	40.412118	9760.815	274.754454	-661.217348	0.038
065006	85.713681	40.411742	9765.984	274.536669	-660.630175	0.059
065026	85.76087	40.411269	9770.739	274.185693	-659.852032	0.008
065046	85.808921	40.410726	9769.341	272.945355	-656.850803	-0.073
065106	85.855602	40.410254	9759.048	270.14609	-650.109844	-0.094
065126	85.900525	40.409775	9752.394	269.82461	-649.34087	-0.05
065146	85.945217	40.409228	9753.882	272.340698	-655.394756	-0.001
065206	85.991826	40.408644	9754.942	273.215534	-657.499851	-0.018
065226	86.038378	40.408003	9752.247	272.22459	-655.115147	-0.055
065246	86.085178	40.407333	9746.329	270.600163	-651.205989	-0.075
065306	86.133913	40.406713	9740.208	269.548996	-648.677695	-0.076
065326	86.174999	40.406154	9737.33	269.419701	-648.362887	0.001
065346	86.217903	40.405556	9740.682	268.915258	-647.164366	0.066
065406	86.269069	40.404864	9746.171	267.803667	-644.472252	0.039
065426	86.314854	40.40414	9746.686	267.530805	-643.749904	0.005
065446	86.358903	40.40337	9745.31	267.203619	-643.230072	0.007
065506	86.404399	40.402559	9746.141	266.673023	-641.699543	0.043
065526	86.450754	40.401748	9751.025	266.224368	-639.708541	0.075
065546	86.497559	40.400996	9757.625	264.172337	-638.472783	0.059
065606	86.543103	40.400262	9760.992	264.61376	-636.029856	-0.004
065626	86.585929	40.399463	9757.091	268.16129	-631.991223	-0.065
065646	86.629409	40.398667	9750.19	249.811357	-639.006278	-0.07
065706	86.674345	40.397857	9745.931	266.980466	-631.819962	-0.04
065726	86.719103	40.39698	9746.426	325.879991	-599.759198	-0.036
065746	86.764492	40.39617	9743.501	33.859613	-678.968534	-0.047
065806	86.809605	40.395355	9737.808	-397.870695	-550.183031	-0.039
065826	86.85274	40.394356	9737.031	-422.026617	-531.506649	0.011
065846	86.896237	40.39338	9739.837	-371.078364	-569.720781	0.076
065906	86.941614	40.392452	9746.475	-388.772435	-559.097955	0.118
065926	86.988209	40.391444	9757.308	-389.684452	-556.566015	0.102
065946	87.033183	40.39049	9762.779	-385.973933	-559.242773	0.033
070006	87.076466	40.38955	9760.824	-388.056561	-559.65277	-0.044
070026	87.120045	40.388479	9756.521	-388.018206	-559.319984	-0.076
070046	87.163364	40.387451	9750.506	-388.708198	-560.895173	-0.067
070106	87.208026	40.386447	9745.898	-390.93087	-563.912544	-0.039
070126	87.255752	40.385312	9746.02	-392.249173	-565.787581	-0.016
070146	87.300841	40.384207	9744.954	-392.76701	-566.602927	0.029
070206	87.343589	40.383145	9746.339	-393.135098	-567.095284	0.078
070226	87.388863	40.382012	9757.154	-393.830761	-568.006704	0.085
070246	87.434364	40.380888	9761.998	-394.828525	-569.818697	0.061
070306	87.479258	40.379739	9761.098	-396.022382	-571.188927	0.04
070326	87.52493	40.378472	9766.58	-396.65467	-570.83154	0.043
070346	87.571148	40.377227	9769.988	-394.205988	-572.46615	0.027
070406	87.617073	40.37604	9768.949	-396.443707	-570.796121	-0.001
070426	87.662273	40.374838	9768.795	-403.707654	-563.643859	-0.001
070446	87.70828	40.37365	9769.203	-368.037931	-583.701359	-0.005
070506	87.754135	40.372437	9768.959	-398.258062	-559.651281	-0.044
070526	87.797498	40.371153	9765.593	-501.665404	-467.805788	-0.118
070546	87.840122	40.369969	9752.244	23.680398	-685.727726	-0.148
070606	87.885195	40.368724	9740.317	171.576	-663.339674	-0.101
070626	87.932686	40.36733	9737.995	-406.090659	-550.403349	-0.039
070646	87.979146	40.365981	9738.29	-440.020229	-525.268795	-0.018
070706	88.020213	40.364707	9737.139	-376.406083	-574.285197	0.043
070726	88.062752	40.36339	9741.511	-397.452597	-560.539815	0.118
070746	88.110836	40.361971	9753.451	-391.712732	-564.414859	0.119
070806	88.155852	40.360561	9760.708	-390.925328	-564.111942	0.044
070826	88.198315	40.359182	9759.257	-388.599861	-565.200215	-0.023
070846	88.242008	40.357773	9754.133	-390.050357	-564.312695	-0.041
070906	88.289383	40.356251	9754.168	-406.792712	-552.400862	-0.039
070926	88.334984	40.354718	9752.261	-353.310968	-588.004565	-0.045
070946	88.377734	40.353245	9746.445	-369.088044	-578.242325	-0.043
071006	88.422823	40.351792	9744.662	-645.0509	-233.573682	0.005
071026	88.468243	40.350288	9747.634	-679.394639	94.445094	0.058
071046	88.512145	40.348732	9753.124	-684.903449	37.566996	0.076
071106	88.556147	40.3472	9758.54	-686.634551	7.515305	0.064
071126	88.60146	40.345651	9761.764	-686.299801	29.063557	0.024
071146	88.647991	40.344033	9761.503	-685.658375	25.59788	-0.027
071206	88.694099	40.34235	9757.734	-685.431371	22.890951	-0.06
071226	88.738311	40.340695	9752.851	-685.663464	24.553684	-0.081
071246	88.781198	40.339104	9747.758	-686.317849	24.444704	-0.085
071306	88.826368	40.337454	9739.929	-687.904993	24.081996	-0.025
071326	88.871831	40.335789	9739.418	-693.608054	24.783945	0.051
071346	88.915774	40.334124	9750.72	-704.042869	25.564065	0.077
071406	88.962242	40.332258	9755.921	-712.50928	22.922791	0.044
071426	89.009709	40.330306	9753.913	-715.565124	25.877651	-0.001
071446	89.054524	40.3285	9753.716	-714.709402	34.694022	-0.004
071506	89.100113	40.326698	9754.126	-718.229653	-1.216549	0.002
071526	89.147583	40.324803	9753.994	-723.521891	33.183055	-0.0
071546	89.195201	40.322859	9753.979	-711.178667	156.978103	-0.0
071606	89.243167	40.320972	9754.01	-631.683854	-363.930064	0.0
071626	89.292383	40.318948	9753.987	-488.099619	-542.18339	0.0
071646	89.341258	40.316799	9754.004	-730.513512	48.850059	-0.0
071706	89.38691	40.314936	9754.08	-727.579382	100.88663	-0.001
071726	89.433905	40.313	9753.773	-734.800579	-7.7827	0.004
071746	89.482714	40.310895	9754.064	-733.45518	27.719598	-0.001
071806	89.530213	40.308831	9755.118	-733.657319	33.22766	-0.034
071826	89.578155	40.30674	9750.436	-735.649693	18.317533	-0.032
071846	89.626709	40.304592	9746.07	-736.501538	27.686787	0.001
071906	89.67447	40.302449	9752.214	-735.047071	52.530602	0.008
071926	89.722609	40.300352	9752.182	-735.995919	-48.195658	-0.016
071946	89.771555	40.298186	9745.831	-737.558056	47.119921	-0.041
072006	89.820283	40.295836	9746.084	-475.892208	566.444052	-0.041
072026	89.866955	40.293608	9743.704	-519.257555	527.629154	-0.046
072046	89.913842	40.291491	9737.784	-742.114003	8.688262	-0.039
072106	89.964152	40.289228	9736.708	-746.255287	-14.245971	0.016
072126	90.011911	40.286968	9740.697	-748.99978	-5.242083	0.058
072146	90.058888	40.284681	9746.234	-748.913427	41.897971	0.078
072206	90.111295	40.282212	9750.737	-545.219329	518.424625	0.109
072226	90.161592	40.279788	9759.89	-310.521062	685.950646	0.111
072246	90.207909	40.277486	9769.244	-387.762589	645.57992	0.074
072306	90.255097	40.275177	9769.47	-397.072718	642.948543	0.025
072326	90.3047	40.272733	9769.746	-379.795377	651.974588	-0.031
072346	90.355525	40.270171	9768.699	-382.80417	644.709633	-0.078
072406	90.405127	40.267629	9758.47	-382.201165	642.177109	-0.089
072426	90.452793	40.265207	9752.456	-380.795563	642.733776	-0.051
072446	90.4999	40.2628	9754.0	-381.121619	642.460358	0.0
072506	90.548623	40.260209	9754.224	-380.394706	641.08725	0.006
072526	90.597597	40.257622	9754.034	-380.239189	641.028452	-0.005
072546	90.6461	40.2551	9754.0	-381.121619	642.460358	-0.0
072606	90.694991	40.252513	9753.217	-381.569662	643.223445	0.028
072626	90.745202	40.249881	9756.282	-381.65892	643.323436	0.045
072646	90.7956	40.2472	9761.0	-381.631822	643.320412	0.041
072706	90.843859	40.244451	9760.702	-381.412703	643.208672	0.038
072726	90.891126	40.24179	9763.13	-380.62513	640.972664	0.046
072746	90.9386	40.2392	9769.0	-378.570604	638.160088	0.041
072806	90.986647	40.236498	9770.274	-376.240807	637.796667	-0.012
072826	91.035586	40.23368	9766.802	-381.13845	633.402909	-0.06
072846	91.084584	40.23084	9761.269	-377.183079	633.300763	-0.076
072906	91.132212	40.228086	9756.435	-352.817977	644.723082	-0.076
072926	91.179591	40.22539	9751.93	-422.115051	599.766294	-0.079
072946	91.22705	40.222731	9746.336	-388.450363	620.533672	-0.077
073006	91.273511	40.220113	9739.651	144.822911	715.442448	-0.037
073026	91.319514	40.217384	9738.925	246.812044	685.739688	0.025
073046	91.366236	40.214493	9745.314	-325.95548	652.072589	0.073
073106	91.414649	40.211563	9751.092	-513.841879	516.06765	0.082
073126	91.463668	40.208621	9755.997	-145.80253	711.043838	0.072
073146	91.511702	40.20569	9760.623	324.438498	646.289747	0.046
073206	91.557918	40.202818	9762.722	-99.630067	715.885317	-0.026
073226	91.604145	40.199945	9758.121	-359.07848	627.429652	-0.08
073246	91.650998	40.197043	9748.911	105.586743	714.082615	-0.077
073306	91.69647	40.19417	9745.589	391.275432	604.49754	-0.056
073326	91.7416	40.1913	9746.0	322.145554	642.793312	-0.041
073346	91.789195	40.188361	9740.149	315.579577	647.207616	-0.023
073406	91.836522	40.185462	9738.621	313.338118	650.374393	0.038
073426	91.8834	40.1825	9746.0	323.93774	646.369353	0.117
073446	91.932206	40.179279	9756.146	403.799272	598.789086	0.134
073506	91.979827	40.176219	9765.144	71.187731	715.746238	0.086
073526	92.025423	40.173348	9769.025	-364.598042	616.327798	0.004
073546	92.071346	40.170283	9764.88	31.346471	714.68893	-0.062
073606	92.117639	40.16728	9758.085	403.303496	589.306577	-0.071
073626	92.164045	40.164396	9754.128	328.81908	630.677754	-0.038
073646	92.21058	40.161331	9754.425	296.874563	644.639802	-0.032
073706	92.256178	40.158226	9752.641	325.727927	631.546027	-0.045
073726	92.301209	40.155168	9746.75	322.581256	635.597575	-0.04
073746	92.34813	40.151969	9744.106	301.146773	646.674754	0.004
073806	92.395712	40.148676	9747.387	338.815179	627.226231	0.04
073826	92.442163	40.145406	9753.321	361.489018	614.405209	0.04
073846	92.487498	40.142232	9753.293	99.798331	706.557818	0.049
073906	92.531445	40.139285	9755.712	559.974353	440.198188	0.038
073926	92.577031	40.134921	9761.027	-709.61413	14.657117	-0.013
073946	92.626468	40.126787	9754.874	-346.909797	-620.433681	-0.041
074006	92.670087	40.117309	9752.664	-606.944162	370.490982	-0.014
074026	92.712789	40.107158	9754.808	-589.530427	397.843907	-0.005
074046	92.759217	40.096496	9754.613	-135.097582	699.792464	-0.038
074106	92.804753	40.086038	9748.315	6.042036	714.662192	-0.025
074126	92.847783	40.076069	9747.084	-94.532404	710.435114	0.011
074146	92.89005	40.066229	9753.502	-77.541964	714.497374	0.037
074206	92.935058	40.05571	9753.099	-67.545739	717.405679	0.065
074226	92.980043	40.045189	9757.115	-74.808428	716.849186	0.077
074246	93.023405	40.035045	9768.261	-73.404773	715.428735	0.049
074306	93.068195	40.024535	9765.84	-72.624573	715.025506	-0.015
074326	93.112572	40.014116	9759.786	-73.195703	715.46523	-0.038
074346	93.15636	40.003817	9760.693	-73.102681	715.436022	-0.003
074406	93.203432	39.99265	9761.816	-72.852031	713.613607	-0.014
074426	93.248597	39.981918	9759.923	-72.74107	711.885993	-0.054
074446	93.290289	39.972043	9754.918	-72.757372	712.097639	-0.076
074506	93.335976	39.961205	9748.781	-72.781799	713.949805	-0.062
074526	93.382157	39.95028	9745.372	-73.365864	715.813837	-0.028
074546	93.425949	39.939896	9745.83	-73.50751	717.047836	-0.001
074606	93.471277	39.928936	9746.521	-71.419273	718.697428	-0.004
074626	93.516471	39.918108	9745.312	-76.938847	719.124764	0.012
074646	93.560274	39.907782	9745.305	-77.218516	719.694139	0.067
074706	93.605065	39.896935	9753.89	-46.094219	723.953239	0.113
074726	93.649813	39.886051	9763.907	-121.747959	715.495027	0.107
074746	93.693406	39.87557	9768.609	-124.468075	713.409	0.05
074806	93.736862	39.864977	9770.06	415.995571	592.258788	-0.01
074826	93.781785	39.854017	9767.581	489.774635	533.319645	-0.053
074846	93.828101	39.842856	9761.854	-45.476509	722.614231	-0.075
074906	93.873435	39.831978	9756.883	262.414305	674.504776	-0.078
074926	93.91798	39.821226	9752.324	612.427435	386.958017	-0.077
074946	93.962949	39.810273	9746.892	571.44844	447.615661	-0.077
075006	94.009016	39.799025	9740.947	611.10699	392.146978	-0.064
075026	94.05409	39.788017	9737.093	445.989303	575.739575	-0.023
075046	94.097897	39.777332	9737.536	-57.983667	731.028432	0.034
075106	94.143656	39.766193	9742.181	275.487272	682.97327	0.066
075126	94.189783	39.75484	9747.86	627.249935	386.889491	0.081
075146	94.235122	39.743517	9753.093	587.615748	444.627553	0.08
075206	94.281554	39.731965	9759.308	563.088433	478.004891	0.037
075226	94.327615	39.720564	9760.176	583.274929	456.164342	-0.017
075246	94.372285	39.709511	9754.806	581.224304	460.60294	-0.041
075306	94.417244	39.698342	9753.356	581.253433	465.198335	-0.024
075326	94.463769	39.686785	9753.98	585.289365	465.624301	0.009
075346	94.511009	39.675079	9753.729	586.610951	467.05216	0.035
075406	94.555844	39.663945	9756.935	586.643647	467.409234	0.064
075426	94.60135	39.652587	9762.868	586.748346	467.291088	0.076
075446	94.649345	39.640568	9768.262	586.815329	467.371487	0.05
075506	94.695347	39.62905	9770.234	585.36776	466.242297	-0.003
075526	94.740071	39.617801	9767.815	584.152564	465.259959	-0.053
075546	94.785211	39.606375	9762.207	584.318854	465.394327	-0.075
075606	94.829881	39.595086	9756.678	583.72809	464.925718	-0.067
075626	94.874589	39.583787	9753.296	582.279027	463.77007	-0.025
075646	94.920297	39.572175	9753.437	580.701985	462.513972	0.032
075706	94.96718	39.560185	9757.712	579.23727	461.350545	0.056
075726	95.013297	39.548464	9761.865	577.443324	459.915091	0.026
075746	95.057719	39.53726	9761.633	575.297218	458.203552	-0.032
075806	95.102578	39.525745	9757.096	573.726953	456.9951	-0.053
075826	95.148444	39.513968	9753.37	571.922192	455.467334	-0.031
075846	95.194125	39.502368	9753.722	569.228325	453.291057	-0.002
075906	95.237468	39.491195	9754.773	566.664777	451.830361	-0.014
075926	95.280686	39.479994	9752.982	565.2949	449.496552	-0.052
075946	95.325344	39.46849	9747.343	563.395715	447.560594	-0.076
080006	95.368949	39.457159	9740.88	557.557657	450.918038	-0.062
080026	95.412144	39.445914	9737.562	564.899033	439.621994	-0.032
080046	95.456466	39.434441	9737.956	567.820269	436.042648	-0.005
080106	95.50188	39.422644	9737.486	510.888546	501.848854	0.021
080126	95.545457	39.411314	9739.033	625.551723	348.042721	0.049
080146	95.586729	39.400604	9744.778	697.731541	-159.764217	0.073
080206	95.630566	39.389167	9750.292	654.242079	-294.993198	0.083
080226	95.675378	39.377412	9755.773	686.16042	-215.425093	0.069
080246	95.718635	39.366046	9760.621	682.409467	-226.322401	0.044
080306	95.761625	39.354792	9760.463	679.780394	-236.126231	0.04
080326	95.806084	39.343126	9762.538	680.160252	-229.744059	0.037
080346	95.851744	39.331068	9768.686	675.656545	-229.089177	0.007
080406	95.895516	39.319496	9765.408	675.754827	-229.8845	-0.028
080426	95.938852	39.308007	9760.24	676.888825	-229.805597	-0.04
080446	95.98249	39.296422	9760.925	673.382635	-228.677269	-0.036
080506	96.023322	39.285673	9759.031	667.563467	-226.755214	-0.081
080526	96.06571	39.274459	9750.872	664.316502	-225.619435	-0.123
080546	96.111403	39.262246	9739.713	665.357174	-225.977233	-0.092
080606	96.15314	39.251162	9735.002	666.419357	-226.342673	0.01
080626	96.193656	39.240359	9740.955	668.451928	-227.028899	0.091
080646	96.236716	39.228742	9752.454	671.85964	-228.185985	0.085
080706	96.2799	39.217135	9755.508	672.277837	-228.340035	0.034
080726	96.323551	39.205435	9753.734	669.50333	-227.37533	-0.006
080746	96.368099	39.193457	9753.966	666.165536	-226.222832	-0.005
080806	96.411449	39.181769	9753.533	665.870866	-226.286622	0.015
080826	96.453934	39.170327	9754.13	667.626976	-226.720007	0.036
080846	96.496842	39.15881	9758.538	668.21172	-226.374365	0.045
080906	96.539255	39.147381	9762.183	666.483563	-227.573716	0.018
080926	96.581454	39.135947	9761.511	665.346561	-226.974694	-0.03
080946	96.625045	39.124143	9756.774	668.875208	-219.93606	-0.049
081006	96.667922	39.112486	9753.389	663.688009	-237.996842	-0.031
081026	96.708955	39.101276	9753.872	663.260884	-238.624625	-0.003
081046	96.750332	39.090022	9754.173	693.635991	-135.436766	0.003
081106	96.792343	39.078569	9753.931	594.220229	-385.287119	-0.0
081126	96.834707	39.066951	9753.964	185.08717	-683.33192	0.0
081146	96.877498	39.055249	9754.213	471.922843	-529.24247	-0.004
081206	96.920412	39.043462	9753.644	695.550514	-143.462827	0.008
081226	96.96384	39.031442	9753.624	678.800912	-208.23995	0.037
081246	97.008746	39.019046	9758.09	655.028885	-274.158125	0.048
081306	97.051755	39.007181	9761.59	687.250499	-177.250962	0.033
081326	97.092127	38.996009	9761.064	685.370382	-178.684218	0.004
081346	97.134476	38.98428	9761.368	356.78098	-609.557852	-0.023
081406	97.176685	38.972586	9760.017	271.024452	-650.133832	-0.051
081426	97.21811	38.961101	9754.906	655.286846	-254.823388	-0.075
081446	97.263111	38.948608	9749.066	509.409776	-484.395743	-0.068
081506	97.307741	38.9362	9745.178	91.825438	-696.890879	-0.024
081526	97.34899	38.924696	9745.339	145.374558	-687.628246	0.033
081546	97.390734	38.912999	9750.311	194.065324	-677.102586	0.052
081606	97.433531	38.900991	9754.561	164.911109	-685.163053	0.034
081626	97.476301	38.888986	9754.252	167.098375	-682.257955	0.005
081646	97.518426	38.877087	9753.787	170.841181	-680.733312	-0.003
081706	97.560457	38.865234	9754.064	168.776665	-681.216934	0.0
081726	97.602673	38.85342	9754.071	168.609802	-679.711514	-0.001
081746	97.643902	38.841839	9753.72	168.749742	-679.047578	0.004
081806	97.684697	38.830264	9754.263	168.693551	-679.468632	-0.005
081826	97.726437	38.818352	9754.836	168.728017	-679.573929	-0.036
081846	97.769881	38.806074	9749.732	168.466631	-678.424063	-0.034
081906	97.812892	38.793912	9746.094	168.185584	-677.337458	0.012
081926	97.854106	38.782106	9751.711	168.216365	-677.459	0.068
081946	97.897066	38.769853	9758.393	168.085851	-676.9266	0.068
082006	97.940212	38.757613	9761.164	167.978374	-676.496717	0.035
082026	97.980755	38.746044	9760.793	168.047123	-676.773091	0.012
082046	98.020759	38.734444	9762.484	167.481397	-674.496676	-0.04
082106	98.062156	38.722478	9759.319	166.619594	-671.022214	-0.079
082126	98.104823	38.710355	9748.022	166.260602	-669.571173	-0.091
082146	98.145537	38.698671	9746.786	166.489038	-670.524122	-0.228
082206	98.186217	38.68687	9733.162	166.777395	-671.639246	-0.567
082226	98.229425	38.674378	9674.919	166.723042	-671.342054	-1.029
082246	98.270321	38.662514	9589.888	167.146289	-673.50349	-1.328
082306	98.310419	38.650909	9495.768	169.13122	-680.850497	-1.502
082326	98.353596	38.638513	9396.266	172.02696	-691.384604	-1.646
082346	98.396923	38.625951	9277.843	171.399862	-695.424166	-1.433
082406	98.439756	38.613409	9179.469	173.250027	-693.610328	-0.919
082426	98.482986	38.60075	9146.353	178.989355	-692.756111	-0.417
082446	98.525597	38.588223	9143.83	160.699862	-695.277103	-0.104
082506	98.567413	38.575904	9143.919	150.848754	-692.702613	-0.007
082526	98.609675	38.563567	9144.068	234.705034	-668.220061	0.003
082546	98.652733	38.551034	9143.984	138.283478	-696.501988	-0.0
082606	98.695898	38.538369	9143.895	-354.036462	-615.370785	0.001
082626	98.737537	38.526134	9144.32	-544.027077	-457.604586	-0.005
082646	98.778435	38.514075	9143.826	-482.132577	-525.560998	0.003
082706	98.820732	38.501504	9142.506	-462.71116	-545.096138	0.052
082726	98.864559	38.488542	9148.848	-544.579187	-467.39913	0.095
082746	98.908235	38.475669	9159.392	-480.326201	-537.933597	0.073
082806	98.9499	38.463307	9161.75	44.889327	-722.027747	-0.031
082826	98.991329	38.451052	9153.958	26.520991	-720.618871	-0.097
082846	99.0338	38.4385	9144.0	-490.822211	-519.921683	-0.076
082906	99.076966	38.425595	9142.989	-531.645389	-470.041463	-0.02
082926	99.119229	38.412944	9144.423	-466.859335	-531.30299	0.007
082946	99.1609	38.4005	9144.0	-486.016959	-514.831541	0.0
083006	99.20343	38.387742	9143.777	-490.822305	-513.222005	0.001
083026	99.244214	38.375487	9144.41	-486.997335	-518.525445	-0.006
083046	99.2848	38.3633	9144.0	-488.076353	-517.013031	-0.0
083106	99.329538	38.349858	9141.891	-487.983693	-516.433599	0.037
083126	99.373513	38.336617	9149.319	-488.848924	-518.022297	-0.112
083146	99.4153	38.324	9144.0	-490.822211	-519.921683	-0.503
083206	99.457919	38.311114	9085.363	-490.962932	-520.035962	-0.965
083226	99.498917	38.298719	9004.248	-490.945795	-520.066365	-1.313
083246	99.5393	38.2865	8915.0	-491.508676	-520.648847	-1.509
083306	99.582913	38.273249	8805.15	-491.586674	-520.728917	-1.612
083326	99.625634	38.260188	8693.742	-491.449678	-520.58747	-1.479
083346	99.6667	38.2476	8603.0	-491.508676	-520.648847	-1.082
083406	99.709372	38.234593	8547.361	-491.697169	-520.847619	-0.575
083426	99.75155	38.221743	8529.727	-490.965921	-520.075792	-0.18
083446	99.7929	38.2091	8534.0	-489.449282	-518.467357	-0.0
083506	99.83543	38.196057	8534.758	-488.399856	-517.345792	0.014
083526	99.877935	38.183019	8533.738	-487.833728	-516.781041	-0.006
083546	99.9194	38.1703	8534.0	-487.389888	-516.285867	-0.0
083606	99.960148	38.157774	8533.795	-486.665547	-515.373328	0.005
083626	100.0017	38.144977	8534.571	-485.335445	-514.431085	-0.011
083646	100.044756	38.131699	8534.624	-484.055398	-513.093151	-0.034
083706	100.088557	38.118167	8529.45	-483.906204	-510.717589	-0.047
083726	100.13089	38.105061	8527.336	-481.257444	-512.597357	-0.25
083746	100.170878	38.092658	8513.602	-481.47511	-514.439229	-0.741
083806	100.21084	38.08026	8436.375	-498.075648	-501.616587	-1.274
083826	100.252395	38.067354	8326.624	-468.543452	-536.133931	-1.595
083846	100.295537	38.053933	8223.475	-448.828307	-562.257306	-1.627
083906	100.338438	38.040582	8115.626	-669.699118	-270.551188	-1.551
083926	100.380741	38.027349	8011.627	-691.210038	203.199362	-1.272
083946	100.42278	38.014122	7937.051	-676.324915	238.484306	-0.715
084006	100.46428	38.001181	7917.591	-655.4557	-281.411102	-0.214
084026	100.505117	37.988458	7926.252	-512.15411	-492.701841	0.021
084046	100.545949	37.975576	7925.762	-710.088454	3.736787	-0.067
084106	100.58854	37.962084	7921.792	-692.19031	152.850605	-0.441
084126	100.631551	37.948499	7884.077	-678.485926	171.259257	-0.957
084146	100.672388	37.935624	7788.034	-579.594093	353.78927	-1.399
084206	100.710504	37.923539	7683.782	-72.965691	-653.425112	-1.543
084226	100.748924	37.912608	7585.68	584.317686	267.248822	-1.575
084246	100.788819	37.902596	7480.593	494.732814	396.953405	-1.535
084306	100.827499	37.89267	7371.667	497.714292	386.073358	-1.133
084326	100.86358	37.883289	7314.337	490.310371	394.177402	-0.547
084346	100.89833	37.874356	7314.659	493.388394	393.186844	-0.09
084406	100.934947	37.86489	7316.404	495.439543	393.715171	0.022
084426	100.973822	37.854826	7314.625	496.282126	395.515821	-0.007
084446	101.013108	37.844673	7314.922	496.273092	395.319682	-0.001
084506	101.049822	37.835147	7315.097	492.201164	391.954366	0.002
084526	101.086512	37.825574	7314.973	489.25703	389.715296	-0.001
084546	101.125016	37.815509	7314.995	490.85196	390.973414	-0.0
084606	101.163237	37.805552	7315.006	493.007188	392.522436	0.0
084626	101.201442	37.79559	7315.0	493.495495	393.304516	-0.0
084646	101.239674	37.785576	7315.002	493.371371	393.220086	-0.0
084706	101.276569	37.77589	7314.983	495.737813	392.803713	0.0
084726	101.313733	37.766119	7315.026	494.813951	397.104794	-0.001
084746	101.352159	37.75601	7315.079	492.532047	401.462089	-0.002
084806	101.38983	37.746098	7314.831	507.551799	384.545327	0.004
084826	101.426915	37.736301	7314.954	500.22337	393.086469	0.001
084846	101.465257	37.726088	7315.906	439.160131	454.163724	-0.03
084906	101.503173	37.716054	7312.781	601.057803	222.943553	-0.037
084926	101.541223	37.706051	7308.073	628.566193	-206.298043	-0.004
084946	101.582636	37.695037	7311.396	658.838261	106.317107	0.029
085006	101.624732	37.683774	7315.658	481.046238	460.396538	0.032
085026	101.664784	37.673082	7315.142	515.704174	423.925063	0.006
085046	101.703608	37.662754	7315.253	495.037048	449.768949	-0.014
085106	101.743182	37.652206	7314.467	566.429388	352.761759	0.014
085126	101.783741	37.641342	7313.728	654.615325	-109.467158	0.136
085146	101.822077	37.631082	7325.705	560.641878	-353.38167	0.406
085206	101.860259	37.620911	7363.081	659.340795	-122.317427	0.874
085226	101.901415	37.609939	7437.154	570.263285	383.79541	1.486
085246	101.944404	37.598298	7555.548	650.665753	256.077637	1.972
085306	101.987312	37.586629	7703.69	660.490934	-240.950559	2.222
085326	102.028711	37.575514	7857.456	647.557435	-274.042543	2.28
085346	102.069293	37.564565	8005.201	672.754087	-204.418656	2.302
085406	102.110613	37.553326	8153.764	665.233885	-227.130977	2.281
085426	102.153782	37.541622	8310.497	663.404246	-229.198955	2.099
085446	102.197166	37.529834	8439.231	669.787445	-225.741385	1.814
085506	102.239372	37.518336	8538.873	677.301606	-230.124687	1.634
085526	102.280446	37.507171	8642.808	680.416046	-231.412741	1.763
085546	102.322734	37.49566	8767.745	680.925224	-231.144709	2.054
085606	102.3661	37.4838	8915.0	680.80507	-231.225986	2.088
085626	102.408186	37.47222	9062.11	679.549925	-230.803845	1.474
085646	102.44961	37.460774	9140.774	672.661041	-228.499581	0.718
085706	102.491289	37.449282	9146.023	664.979936	-225.905725	0.219
085726	102.533528	37.437739	9142.284	668.950771	-226.941108	0.021
085746	102.575513	37.426194	9144.275	672.894843	-228.792321	0.0
085806	102.616758	37.414667	9144.148	666.578096	-227.196648	0.002
085826	102.658576	37.403091	9144.023	668.375399	-223.609484	-0.011
085846	102.700543	37.391588	9143.904	672.061162	-230.815132	0.008
085906	102.741954	37.380174	9143.477	669.296756	-239.574303	0.125
085926	102.784222	37.368365	9149.027	682.733903	-187.845748	0.369
085946	102.826419	37.356574	9192.903	659.702619	-258.546689	0.893
090006	102.866448	37.345464	9289.159	703.262246	-120.618537	1.526
090026	102.907431	37.333926	9391.796	576.659371	423.644064	1.81
090046	102.952897	37.321185	9517.176	671.121713	-249.008665	1.96
090106	102.994615	37.309502	9655.661	674.782216	-220.134266	1.156
090126	103.035882	37.297971	9731.55	632.433224	-313.356436	0.738
090146	103.077278	37.286376	9756.053	691.689916	-136.877362	0.464
090206	103.119021	37.274613	9755.304	583.246421	399.703342	0.079
090226	103.162122	37.262414	9753.14	680.474463	204.243996	-0.05
090246	103.204706	37.250346	9754.143	660.864951	-268.874975	0.009
090306	103.245146	37.2389	9754.083	684.077763	-207.324497	0.007
090326	103.286164	37.227315	9754.037	541.154921	-467.674974	-0.005
090346	103.32877	37.215267	9753.928	131.482533	-704.086419	0.002
090406	103.372072	37.202969	9753.584	128.696059	-706.77651	0.023
090426	103.414427	37.190929	9755.74	196.159459	-691.94656	0.059
090446	103.455873	37.179106	9761.35	172.187457	-698.086142	0.076
090506	103.497812	37.167061	9767.91	169.815304	-699.007159	0.031
090526	103.54139	37.154591	9767.509	174.531619	-696.190024	-0.038
090546	103.584466	37.14231	9760.639	172.20409	-693.843656	-0.076
090606	103.624406	37.130862	9755.041	171.728206	-692.639452	-0.054
090626	103.666267	37.118816	9754.142	171.624729	-690.803378	-0.034
090646	103.709821	37.106291	9753.849	171.093987	-689.039434	-0.041
090706	103.750876	37.094507	9748.303	171.315308	-689.524308	-0.047
090726	103.792454	37.082499	9744.899	171.115696	-690.482439	-0.023
090746	103.835224	37.070084	9746.102	171.419045	-689.963836	-0.0
090806	103.876956	37.058001	9747.153	172.622703	-688.41875	-0.029
090826	103.917472	37.046294	9742.68	166.97916	-691.773476	-0.038
090846	103.958622	37.034385	9737.986	173.88221	-694.789308	0.003
090906	104.002189	37.021717	9742.708	195.776101	-692.596737	0.058
090926	104.045178	37.009176	9749.267	109.62567	-714.057659	0.086
090946	104.086889	36.99699	9754.267	192.507871	-697.971336	0.075
091006	104.128866	36.984719	9759.512	620.868054	-372.34288	0.046
091026	104.170326	36.97256	9760.875	643.943917	-331.878862	0.034
091046	104.211301	36.960519	9760.534	233.93612	-687.122123	0.036
091106	104.253274	36.948218	9766.412	100.093332	-719.262111	0.02
091126	104.297246	36.935288	9768.148	195.421337	-699.127322	-0.011
091146	104.34162	36.922181	9761.705	179.27807	-703.479036	-0.034
091206	104.38251	36.910157	9760.415	168.838799	-706.321677	-0.033
091226	104.42367	36.898056	9760.616	176.132262	-704.053631	-0.042
091246	104.467977	36.884937	9755.987	175.207825	-702.833608	-0.073
091306	104.51113	36.872056	9749.292	173.995607	-702.448486	-0.063
091326	104.553468	36.859469	9745.856	174.557858	-702.816403	-0.038
091346	104.596647	36.846778	9746.642	174.751664	-704.063242	-0.04
091406	104.638313	36.834436	9742.202	175.652484	-705.672506	-0.032
091426	104.679071	36.822257	9738.029	175.418035	-707.926571	0.008
091446	104.720943	36.809751	9743.43	174.589454	-710.302989	0.062
091506	104.763548	36.796957	9749.783	182.664488	-709.582773	0.086
091526	104.80686	36.783932	9754.825	172.093813	-713.926181	0.073
091546	104.850748	36.770798	9759.994	151.717855	-721.920305	0.047
091606	104.893703	36.757907	9760.78	257.974456	-694.121473	0.039
091626	104.936685	36.744984	9761.379	134.242822	-729.888775	0.04
091646	104.980886	36.73174	9767.499	-443.077529	-595.946467	0.019
091706	105.022471	36.719217	9767.995	-309.221198	-672.442581	-0.038
091726	105.063668	36.706744	9760.545	182.24686	-716.310766	-0.07
091746	105.109192	36.692973	9753.269	-227.246367	-709.407415	-0.007
091806	105.153831	36.679436	9757.875	-575.151946	-478.925307	0.05
091826	105.195434	36.666769	9768.682	-519.794082	-534.316562	0.043
091846	105.237848	36.653859	9764.133	-493.955093	-552.90081	0.016
091906	105.280906	36.640773	9762.458	-512.426738	-533.513666	-0.01
091926	105.324129	36.627631	9769.001	-508.584732	-537.56069	-0.037
091946	105.368123	36.61421	9761.144	-505.580744	-537.870083	-0.073
092006	105.411056	36.601091	9752.319	-501.770826	-530.880848	-0.064
092026	105.452395	36.588445	9753.537	-495.376451	-524.571422	-0.008
092046	105.494485	36.575525	9754.432	-497.341494	-526.995853	0.008
092106	105.537394	36.562339	9753.916	-500.743155	-530.389908	-0.002
092126	105.579886	36.549267	9754.004	-498.76581	-528.323602	-0.001
092146	105.620812	36.536591	9753.807	-498.118778	-527.663272	0.005
092206	105.661805	36.523881	9754.268	-498.244051	-527.78158	-0.005
092226	105.704181	36.510787	9754.611	-496.761206	-526.213065	-0.034
092246	105.746368	36.497698	9750.03	-495.242772	-524.5983	-0.049
092306	105.787967	36.484791	9745.344	-495.082705	-524.443416	-0.034
092326	105.829691	36.471891	9745.642	-496.534242	-525.992225	-0.004
092346	105.872602	36.458532	9746.618	-498.467496	-527.923197	-0.004
092406	105.915152	36.445236	9745.443	-501.283402	-531.12764	0.009
092426	105.956094	36.432477	9744.826	-505.072763	-535.299727	0.065
092446	105.997296	36.419651	9753.456	-507.73025	-536.421627	0.088
092506	106.039682	36.406413	9761.723	-507.732367	-539.220826	0.071
092526	106.082907	36.392847	9760.889	-508.775186	-543.408289	0.043
092546	106.125512	36.379482	9764.329	-520.891274	-531.86404	0.024
092606	106.1678	36.3662	9769.0	-509.356756	-539.55509	0.0
092626	106.21084	36.352618	9764.72	-466.955823	-576.09407	-0.051
092646	106.25421	36.338975	9758.748	-590.052655	-450.501768	-0.087
092706	106.297443	36.325382	9754.295	-535.459234	-513.786368	-0.078
092726	106.340334	36.312006	9747.657	622.423297	-398.531217	-0.031
092746	106.382162	36.300666	9747.18	44.182253	734.172896	0.021
092806	106.424316	36.291084	9753.469	-634.849939	365.107472	0.038
092826	106.469637	36.280634	9755.773	-680.352438	260.892706	-0.007
092846	106.514964	36.269924	9752.169	-638.801363	346.447362	-0.05
092906	106.558088	36.259798	9746.545	-646.576645	332.343326	-0.044
092926	106.600816	36.249842	9745.279	-650.519616	323.717681	-0.014
092946	106.642251	36.240157	9746.284	-648.613681	330.304468	0.001
093006	106.68341	36.230438	9746.144	-652.397234	330.925803	-0.001
093026	106.728571	36.219738	9745.154	-654.540074	331.19156	0.021
093046	106.773853	36.209075	9747.508	-654.808249	331.999322	0.047
093106	106.816801	36.199036	9753.186	-654.825194	331.946394	0.045
093126	106.861231	36.188597	9754.93	-653.997305	330.765938	0.013
093146	106.905544	36.178104	9753.526	-652.469307	331.512983	0.003
093206	106.947948	36.168012	9753.477	-652.383314	331.973076	0.035
093226	106.990559	36.157872	9757.859	-656.053092	324.231207	0.045
093246	107.033622	36.147623	9761.547	-648.190028	340.928187	0.03
093306	107.076623	36.137372	9761.119	-643.399139	353.031858	0.008
093326	107.119519	36.127132	9761.487	-691.503835	243.750385	-0.021
093346	107.162526	36.116829	9760.316	-601.736148	416.638858	-0.044
093406	107.205749	36.106424	9755.178	-113.967267	723.170609	-0.046
093426	107.248833	36.096027	9753.245	-386.143252	620.611331	-0.021
093446	107.29195	36.085609	9754.142	-643.007786	342.478117	0.002
093506	107.335313	36.075132	9754.13	-224.274075	691.016759	0.001
093526	107.378525	36.064721	9753.734	8.829958	724.946907	0.003
093546	107.422101	36.054201	9754.164	-69.267833	720.514993	-0.003
093606	107.466038	36.04353	9754.757	-0.207286	723.04518	-0.031
093626	107.507816	36.033417	9750.639	-410.619315	595.473712	-0.049
093646	107.548333	36.02361	9745.566	-639.548161	339.526736	-0.037
093706	107.590265	36.013388	9745.546	-250.393094	679.507824	-0.007
093726	107.634069	36.002731	9746.437	29.599055	722.86201	0.001
093746	107.678389	35.991924	9745.878	-82.681391	718.271506	0.002
093806	107.721537	35.98129	9745.173	-87.658146	718.388152	0.03
093826	107.763756	35.970878	9749.057	-66.440733	721.08132	0.046
093846	107.805826	35.960568	9754.31	-74.256483	720.167559	0.033
093906	107.848189	35.950235	9754.585	-74.87195	720.080456	0.009
093926	107.889963	35.940002	9753.773	-73.049788	720.346752	-0.003
093946	107.931587	35.929723	9753.99	-73.542453	720.26441	-0.0
094006	107.974559	35.91906	9753.995	-73.652144	720.069135	0.002
094026	108.018023	35.908231	9754.097	-73.579146	720.694242	-0.002
094046	108.060704	35.897618	9754.034	-73.763316	722.167677	-0.001
094106	108.102065	35.887429	9753.27	-73.885744	723.267659	0.023
094126	108.143498	35.877116	9755.535	-73.830615	722.830235	0.049
094146	108.18616	35.866385	9760.603	-73.763701	722.154043	0.044
094206	108.229948	35.855519	9762.344	-73.982338	724.286385	-0.009
094226	108.273475	35.844666	9759.19	-74.045355	724.909425	-0.051
094246	108.315903	35.833956	9754.312	-73.794979	722.456984	-0.043
094306	108.357826	35.823473	9753.377	-73.701717	721.549309	-0.012
094326	108.400825	35.812742	9754.311	-73.864292	723.125075	0.001
094346	108.444357	35.801776	9754.111	-74.071163	725.154005	-0.001
094406	108.485668	35.791263	9752.964	-73.991665	724.462349	0.026
094426	108.526995	35.780795	9755.76	-73.834008	722.706743	0.039
094446	108.569863	35.770023	9760.858	-73.853163	722.886784	0.007
094506	108.612684	35.759167	9757.595	-74.131545	726.807763	-0.033
094526	108.657069	35.747859	9753.142	-74.940448	731.815015	-0.035
094546	108.7026	35.736278	9753.801	-75.271378	734.930078	-0.003
094606	108.744845	35.72553	9754.415	-73.630158	735.718309	0.0
094626	108.785514	35.715132	9753.594	-77.91974	736.797628	0.006
094646	108.828099	35.704213	9753.619	-78.466522	740.382323	0.037
094706	108.874052	35.692496	9758.052	-54.691597	744.604893	0.049
094726	108.919091	35.680972	9761.678	-112.774614	738.499128	0.031
094746	108.961029	35.670127	9761.161	-115.070113	738.094117	0.002
094806	109.003589	35.659092	9760.641	342.791997	663.710487	0.001
094826	109.047886	35.647662	9761.378	625.485002	408.320793	-0.006
094846	109.092778	35.636111	9761.361	593.325822	453.776154	-0.037
094906	109.136172	35.624855	9757.105	572.235622	480.917924	-0.05
094926	109.179594	35.613584	9753.396	588.123885	462.481293	-0.032
094946	109.22407	35.602088	9753.779	586.132498	465.00111	-0.003
095006	109.267662	35.590758	9754.423	583.138654	466.220921	-0.001
095026	109.310776	35.57952	9753.579	582.449553	463.481757	0.007
095046	109.354538	35.568116	9753.391	580.769757	462.437472	0.038
095106	109.398928	35.556486	9758.573	579.079534	461.347961	0.027
095126	109.441296	35.545385	9760.361	577.634507	460.041059	-0.011
095146	109.48131	35.534941	9754.765	576.582386	459.223973	-0.038
095206	109.523814	35.523798	9753.956	576.513848	459.187798	-0.04
095226	109.569009	35.511878	9752.923	576.308145	459.012611	-0.034
095246	109.61398	35.499985	9747.128	575.233981	458.158297	-0.035
095306	109.655103	35.489145	9745.896	574.455694	457.540161	-0.036
095326	109.694967	35.478646	9745.377	574.068114	457.230651	-0.043
095346	109.737346	35.467435	9739.587	573.963249	457.147172	-0.047
095406	109.780578	35.455959	9736.367	575.075756	458.033382	-0.006
095426	109.824795	35.444211	9738.942	576.812718	459.416768	0.041
095446	109.869803	35.43226	9744.512	577.914151	460.294028	0.04
095506	109.911629	35.421117	9746.009	577.934147	460.309982	0.035
095526	109.951881	35.410342	9746.156	578.106968	460.447612	0.041
095546	109.995227	35.398712	9751.922	579.821083	461.812813	0.042
095606	110.038695	35.38703	9754.384	580.477907	462.336151	0.039
095626	110.081237	35.37563	9754.104	580.439978	462.305758	0.041
095646	110.124304	35.364156	9758.783	582.040576	463.579885	0.045
095706	110.167115	35.352644	9761.769	582.935992	464.295646	0.028
095726	110.21	35.341	9761.0	582.748022	464.144097	-0.0
095746	110.254184	35.329061	9760.906	583.544662	464.768533	-0.004
095806	110.298124	35.317216	9760.936	585.196307	466.119607	0.004
095826	110.3415	35.3055	9761.0	586.659082	467.259158	0.0
095846	110.385233	35.293642	9761.65	586.903995	467.313243	-0.026
095906	110.42761	35.282095	9759.083	586.326391	467.354003	-0.051
095926	110.46936	35.270685	9754.187	586.579058	467.295542	-0.042
095946	110.513414	35.25866	9752.73	588.599368	466.809665	0.013
100006	110.558412	35.246387	9756.033	586.348536	471.532326	0.051
100026	110.602968	35.234214	9760.728	587.681645	470.715452	0.043
100046	110.647091	35.222106	9761.327	602.550448	452.07291	0.018
100106	110.690641	35.210132	9761.236	560.716921	501.817515	-0.012
100126	110.733783	35.198284	9761.242	570.135505	490.149481	-0.039
100146	110.777049	35.186425	9756.715	753.565721	41.585704	-0.048
100206	110.820235	35.174553	9753.29	687.735661	-313.2646	-0.03
100226	110.862882	35.162767	9753.911	710.059831	-251.222321	-0.002
100246	110.904995	35.151112	9754.16	718.478602	-224.274357	0.004
100306	110.948983	35.138925	9753.981	711.351135	-246.968324	-0.001
100326	110.994846	35.126182	9754.02	711.901961	-242.897537	-0.001
100346	111.038719	35.113931	9753.785	711.278305	-240.186647	0.004
100406	111.082172	35.101831	9754.393	709.873334	-241.482442	-0.008
100426	111.125723	35.089749	9754.421	710.081491	-241.248829	-0.037
100446	111.166177	35.078421	9749.382	710.392805	-241.174905	-0.048
100506	111.207618	35.066796	9745.23	709.826016	-241.110952	-0.032
100526	111.252358	35.0543	9745.793	708.508134	-240.6428	-0.004
100546	111.296172	35.042024	9746.165	707.585669	-240.314055	0.004
100606	111.338347	35.030175	9746.013	707.279556	-240.219592	-0.002
100626	111.380074	35.018451	9746.117	707.803026	-240.396354	-0.003
100646	111.422609	35.00648	9745.456	710.030918	-241.151552	0.015
100706	111.466639	34.994085	9746.593	713.856028	-242.451386	0.047
100726	111.511512	34.981451	9751.8	718.257076	-243.946114	0.074
100746	111.554734	34.96919	9757.774	721.655295	-245.100158	0.067
100806	111.59824	34.956777	9761.261	723.638988	-245.773933	0.035
100826	111.644544	34.943589	9761.247	724.850449	-246.185374	0.006
100846	111.689794	34.930753	9760.852	726.392242	-246.709098	-0.003
100906	111.732598	34.918605	9761.014	728.343608	-247.371756	0.0
100926	111.774531	34.906633	9761.023	729.860933	-247.886862	0.0
100946	111.81869	34.894031	9760.982	729.668425	-247.822592	-0.0
101006	111.864193	34.881008	9761.005	727.946588	-247.236485	-0.0
101026	111.908282	34.868267	9761.036	725.959055	-246.558231	-0.001
101046	111.952238	34.855578	9760.888	724.575356	-246.103671	0.002
101106	111.995777	34.843073	9761.061	723.238052	-245.631367	-0.001
101126	112.037931	34.830979	9761.485	721.204531	-244.896212	-0.027
101146	112.080931	34.818596	9759.005	720.11031	-244.737645	-0.061
101206	112.125626	34.805694	9753.362	719.524802	-244.288049	-0.076
101226	112.170648	34.79271	9747.465	718.134923	-243.198969	-0.054
101246	112.212922	34.780489	9745.338	717.73156	-246.020974	-0.021
101306	112.254379	34.768456	9746.063	720.003861	-243.305666	0.001
101326	112.298598	34.755617	9746.106	721.264007	-235.134529	0.002
101346	112.342133	34.743056	9745.916	707.33015	-271.569349	-0.001
101406	112.384455	34.730623	9746.024	722.969074	-227.935104	0.0
101426	112.42772	34.717874	9746.166	611.646627	448.091303	-0.0
101446	112.472285	34.707105	9745.42	-400.112575	-642.960492	0.002
101506	112.517415	34.699179	9745.006	-661.508717	366.117421	0.015
101526	112.561852	34.693432	9747.808	139.928173	-743.43436	0.047
101546	112.606143	34.688646	9753.689	-219.445701	-725.498441	0.076
101606	112.652204	34.683401	9759.188	-313.667308	-690.023561	0.061
101626	112.698813	34.677992	9761.545	-214.29213	-727.548911	0.024
101646	112.744637	34.67276	9761.039	-239.691861	-721.153715	0.0
101706	112.789513	34.667554	9760.694	-246.687868	-719.196715	0.002
101726	112.834339	34.662375	9761.49	-239.184619	-720.887403	-0.009
101746	112.880077	34.657165	9761.141	-240.506601	-718.918315	-0.039
101806	112.926892	34.651816	9756.406	-240.509604	-717.293346	-0.048
101826	112.972537	34.64657	9753.263	-239.770585	-716.807703	-0.028
101846	113.016595	34.641458	9753.954	-239.944111	-716.903319	-0.001
101906	113.061116	34.63622	9754.227	-239.987259	-716.915114	0.002
101926	113.106277	34.63091	9753.769	-239.952126	-716.933565	0.002
101946	113.151815	34.625569	9753.942	-239.957072	-716.918066	0.001
102006	113.197554	34.620158	9755.118	-239.889692	-716.709172	-0.03
102026	113.242944	34.614813	9751.29	-240.12249	-717.411006	-0.037
102046	113.287679	34.609563	9746.009	-240.574457	-718.760392	-0.002
102106	113.332096	34.604269	9750.819	-240.651788	-719.002411	0.031
102126	113.377595	34.598831	9754.599	-240.544151	-718.645618	0.043
102146	113.423997	34.593278	9753.921	-240.579857	-718.769331	0.041
102206	113.469575	34.58774	9758.38	-240.923727	-719.958198	0.044
102226	113.515275	34.582208	9761.797	-241.490052	-721.14954	0.03
102246	113.561406	34.576676	9761.044	-241.573702	-721.639695	0.001
102306	113.606876	34.571188	9760.874	-240.755362	-721.448905	-0.004
102326	113.651739	34.565773	9760.973	-242.493504	-719.67105	0.003
102346	113.696369	34.560372	9760.977	-241.054261	-718.716099	0.001
102406	113.741283	34.554842	9761.512	-231.245108	-720.653208	-0.022
102426	113.787794	34.549069	9759.637	-259.677507	-709.046589	-0.056
102446	113.834719	34.543279	9754.315	-245.174777	-712.051921	-0.076
102506	113.878954	34.537875	9748.209	-111.77517	-744.009408	-0.059
102526	113.9228	34.532375	9745.339	-509.519874	-555.978239	-0.026
102546	113.967379	34.526823	9745.923	-741.160474	-149.268644	-0.001
102606	114.011413	34.521663	9746.146	-303.703582	-689.920526	0.002
102626	114.05764	34.514777	9745.948	165.621892	735.421292	0.0
102646	114.102815	34.50603	9746.139	-634.946944	-413.374756	-0.002
102706	114.14436	34.497061	9746.043	-71.80364	-756.54259	-0.001
102726	114.189162	34.487591	9745.133	116.851867	-751.196848	0.026
102746	114.234646	34.478009	9748.166	-81.870688	-755.432119	0.047
102806	114.279242	34.468481	9753.825	-33.151175	-759.249655	0.042
102826	114.32484	34.458808	9754.558	-21.241038	-760.434357	0.015
102846	114.368725	34.44948	9753.944	-30.474504	-760.351762	-0.007
102906	114.411217	34.440369	9754.038	-29.406239	-760.395331	-0.001
102926	114.456218	34.430719	9753.016	-51.539754	-760.590038	0.032
102946	114.500915	34.421176	9756.489	18.890828	-762.885629	0.034
103006	114.544575	34.411875	9761.033	-15.17627	-762.832111	0.001
103026	114.590067	34.402126	9755.939	-489.554193	-586.28389	-0.004
103046	114.635372	34.392322	9755.57	-695.101561	-316.327647	0.002
103106	114.679761	34.382684	9760.978	-660.992605	-382.878562	0.0
103126	114.725026	34.372947	9756.193	-653.760219	-402.779831	-0.002
103146	114.769965	34.363266	9755.35	-665.140924	-383.936457	0.003
103206	114.814001	34.353681	9760.926	-659.042776	-386.638029	0.001
103226	114.858076	34.344011	9757.167	-659.132674	-388.583255	-0.031
103246	114.902069	34.334382	9752.996	-660.489641	-387.048048	-0.034
103306	114.946534	34.324694	9753.94	-658.063783	-386.315958	-0.001
103326	114.992292	34.314696	9754.267	-656.867214	-388.016076	0.003
103346	115.036239	34.305049	9753.783	-659.687118	-382.488632	0.001
103406	115.079165	34.295593	9753.951	-656.904507	-384.272337	0.001
103426	115.12573	34.285325	9754.914	-642.614614	-407.544832	-0.026
103446	115.172051	34.275058	9751.756	-683.642341	-333.706186	-0.047
103506	115.215924	34.265374	9746.152	-664.260653	-369.286201	-0.041
103526	115.259921	34.255918	9745.896	-231.742778	-724.324401	-0.019
103546	115.306087	34.246137	9745.038	-78.035185	-757.284761	0.018
103606	115.350061	34.236813	9745.649	-64.638037	-758.306596	0.05
103626	115.387604	34.228794	9754.965	650.593013	-392.753701	0.047
103646	115.433968	34.21887	9754.915	229.378275	-725.321693	0.01
103706	115.479648	34.20905	9753.451	-215.339205	-729.893592	-0.005
103726	115.523469	34.199656	9754.093	28.56395	-760.586528	0.0
103746	115.569898	34.189707	9754.181	181.535327	-740.653578	-0.002
103806	115.614369	34.179848	9753.535	-671.173176	-363.408819	0.012
103826	115.657373	34.170984	9754.222	-524.749776	-553.868194	0.038
103846	115.702592	34.163761	9757.929	-717.287943	259.9333	0.05
103906	115.750026	34.158073	9761.517	690.654782	324.310766	0.027
103926	115.797423	34.153537	9761.782	686.286447	-333.438715	-0.027
103946	115.840056	34.14947	9757.805	289.982109	-705.766618	-0.056
104006	115.883041	34.145201	9753.382	506.555294	-570.558539	-0.031
104026	115.931382	34.140499	9753.14	496.373955	-579.370509	0.027
104046	115.977268	34.135974	9757.291	465.098151	-605.250627	0.053
104106	116.021083	34.131649	9761.331	479.515851	-593.18895	0.036
104126	116.066697	34.12725	9761.32	478.012838	-591.533101	0.006
104146	116.112006	34.122817	9760.783	475.165547	-593.021122	-0.005
104206	116.15715	34.118316	9761.04	476.143988	-592.180634	-0.105
104226	116.203439	34.113709	9754.416	475.125805	-590.96797	-0.477
104246	116.249674	34.109145	9714.878	475.196463	-591.188828	-1.232
104306	116.2949	34.104618	9600.005	476.195978	-592.60457	-2.224
104326	116.339297	34.100006	9397.733	476.136287	-592.750014	-3.073
104346	116.384377	34.095235	9184.238	475.263874	-588.489881	-3.346
104406	116.429085	34.09042	8967.281	466.90149	-585.888655	-3.315
104426	116.473037	34.085625	8742.723	461.233862	-579.098539	-3.292
104446	116.517858	34.080772	8531.931	480.065012	-552.666082	-3.248
104506	116.56127	34.07604	8322.342	446.45988	-573.324278	-3.258
104526	116.603344	34.071555	8101.011	479.811204	-539.806252	-3.241
104546	116.6488	34.0673	7894.0	705.998629	75.272415	-2.916
104606	116.68835	34.06376	7715.733	392.746753	574.118001	-2.858
104626	116.728202	34.060146	7528.529	381.732097	568.253716	-2.936
104646	116.771069	34.056175	7326.209	636.969338	229.769962	-2.95
104706	116.812363	34.052327	7139.491	669.861606	0.528576	-2.859
104726	116.849869	34.048914	6956.173	638.607551	180.034867	-2.837
104746	116.888801	34.044863	6764.405	522.179139	-402.163222	-2.894
104806	116.930965	34.03966	6577.354	-622.99083	-202.839681	-2.867
104826	116.969312	34.03472	6389.577	-650.183947	-42.079222	-2.837
104846	117.005709	34.029929	6204.173	-634.832294	-121.409221	-2.816
104906	117.042728	34.025134	6021.202	-625.588227	-131.968132	-2.823
104926	117.080502	34.020606	5834.82	46.530362	-630.803506	-2.88
104946	117.118728	34.016245	5643.054	370.818625	-504.679208	-2.911
105006	117.156634	34.011916	5450.463	-174.487841	-596.18955	-2.896
105026	117.193406	34.007568	5264.15	-320.16775	-528.406206	-2.895
105046	117.23	34.0031	5075.0	-194.566271	-581.302818	-2.896
105106	117.267128	33.99851	4877.831	-179.906754	-576.908975	-2.859
105126	117.302589	33.994214	4700.027	-185.821943	-566.886848	-2.74
105146	117.337094	33.990192	4526.211	-221.315311	-546.547966	-2.738
105206	117.372599	33.986078	4340.561	-164.094901	-558.737741	-2.77
105226	117.408114	33.981901	4158.946	-215.863231	-536.079268	-2.536
105246	117.441076	33.978082	3989.715	-573.588551	-34.34091	-2.203
105306	117.474176	33.974257	3882.492	-403.580661	378.364277	-1.712
105326	117.505988	33.975806	3777.823	-442.804298	293.513224	-2.01
105346	117.537312	33.981533	3618.942	-140.829891	508.071046	-2.374
105406	117.568986	33.986931	3461.597	281.262059	-446.565691	-2.099
105426	117.599272	33.992281	3347.59	40.689239	-519.683828	-1.932
105446	117.631125	33.99794	3211.901	367.400961	359.597459	-1.976
105506	117.662167	34.003404	3085.079	34.173615	-510.97749	-1.549
105526	117.68996	34.005795	3031.203	400.904131	-319.038734	-0.973
105546	117.720712	34.002806	2955.757	-169.101127	-474.690817	-2.038
105606	117.752181	33.999865	2802.691	465.216241	-172.553867	-2.491
105626	117.782752	33.997002	2613.511	438.486868	242.007553	-2.488
105646	117.812083	33.994162	2448.694	507.081805	38.844963	-2.216
105706	117.841254	33.991375	2330.985	496.972212	99.012034	-1.863
105726	117.872304	33.988429	2217.017	365.99877	-334.573532	-1.766
105746	117.902692	33.985581	2098.733	445.558217	-220.801202	-1.678
105806	117.931141	33.982856	1991.218	223.221554	454.935989	-1.375
105826	117.960443	33.979823	1910.543	463.053996	-137.928441	-1.089
105846	117.988204	33.97703	1851.431	323.238548	-315.925196	-0.959
105906	118.013866	33.974578	1794.813	423.705232	50.58622	-1.012
105926	118.038909	33.972106	1721.228	350.215869	-196.421977	-1.201
105946	118.062628	33.969679	1636.288	192.198304	-335.619451	-1.469
110006	118.085114	33.967389	1533.056	239.97518	-294.059399	-1.711
110026	118.107248	33.965233	1403.726	234.554441	-282.78136	-1.796
110046	118.128801	33.96309	1286.906	216.139322	-281.437053	-1.672
110106	118.149995	33.960981	1188.028	222.696454	-267.562385	-1.527
110126	118.171029	33.958924	1091.91	227.22416	-263.444498	-1.533
110146	118.191452	33.95679	988.716	170.326029	-302.689922	-1.608
110206	118.211691	33.954691	879.475	268.601344	-217.451559	-1.629
110226	118.232229	33.952699	771.808	338.370626	37.918644	-1.544
110246	118.252433	33.950668	673.358	275.085755	-169.914152	-1.437
110306	118.270802	33.948819	583.44	165.812375	-245.709544	-1.341
110326	118.287525	33.947113	498.838	169.451761	-215.785676	-1.233
110346	118.30402	33.945344	419.573	99.160399	-251.77603	-1.104
110406	118.320303	33.943774	356.86	266.322054	7.752438	-1.09
110426	118.335758	33.942274	295.192	216.061657	139.095643	-1.148
110446	118.350593	33.940724	221.349	246.749211	-42.982242	-1.198
110506	118.365395	33.939141	131.133	150.832502	-204.360337	-1.201
110526	118.380403	33.937573	38.754	152.274541	-208.586056	-1.018
110546	118.394813	33.936164	13.113	130.658323	-158.415053	-0.213
