061248	40.6463	73.7667	31.0	307.0	107.0	0.0
061308	40.65828	73.756373	40.052346	307.382216	366.455	627.454
061328	40.664509	73.736543	81.673739	349.415364	506.365	383.344
061348	40.664818	73.710004	89.858632	390.747671	637.769	360.397
061408	40.665357	73.681656	87.34924	440.463049	744.757	391.8
061428	40.665156	73.651419	91.346816	493.094628	881.115	562.968
061448	40.666647	73.619444	84.673658	511.980186	1126.771	782.445
061508	40.675041	73.587215	60.818126	502.000273	1440.383	887.999
061528	40.686832	73.559266	62.821949	504.225121	1716.856	819.358
061548	40.698299	73.528606	61.279017	521.07945	1976.806	784.752
061608	40.71569	73.503655	36.470194	500.08011	2235.713	740.906
061628	40.737169	73.490677	34.92165	491.372856	2473.352	747.994
061648	40.761686	73.490992	385.306	471.853916	2734.541	740.45
061708	40.784064	73.501017	308.563355	469.13567	2973.501	550.629
061728	40.803493	73.516612	304.485561	482.745609	3160.481	507.94
061748	40.823759	73.534695	332.015812	509.881896	3313.244	523.485
061808	40.846661	73.553283	329.62802	539.449833	3471.169	552.477
061828	40.869821	73.572351	327.52384	548.483839	3694.824	686.918
061848	40.893166	73.591916	328.601247	553.411642	3939.128	761.959
061908	40.91694	73.611804	328.162525	561.400019	4178.703	738.443
061928	40.94077	73.63178	327.857443	564.148647	4426.85	714.857
061948	40.964272	73.651497	327.968354	564.180248	4671.413	710.636
062008	40.987298	73.670762	328.001175	568.784619	4892.585	697.142
062028	41.011832	73.691294	328.028127	570.822117	5132.014	643.152
062048	41.037463	73.712804	327.905194	581.243567	5322.606	572.119
062108	41.061787	73.733497	328.562676	589.704262	5506.597	567.316
062128	41.085667	73.753107	327.487563	591.665864	5703.221	544.189
062148	41.108048	73.778885	310.400446	601.056806	5861.378	518.02
062208	41.121637	73.816382	284.434807	608.421069	6045.514	626.835
062228	41.127616	73.854212	280.905302	605.222849	6263.202	627.015
062248	41.13225	73.891499	283.397805	601.075383	6468.764	572.236
062308	41.13876	73.929462	282.190209	601.627807	6643.076	517.73
062328	41.145568	73.970141	281.815881	604.779358	6807.702	481.717
062348	41.151788	74.009439	281.957088	608.01769	6964.66	456.351
062408	41.157813	74.046773	281.895713	612.015979	7110.848	433.808
062428	41.1647	74.088375	282.557405	620.411409	7250.044	421.727
062448	41.170149	74.129271	278.667957	627.364944	7392.248	435.213
062508	41.174201	74.170389	276.638467	630.119575	7538.213	445.518
062528	41.17809	74.212792	277.149988	631.566448	7687.902	437.036
062548	41.182185	74.255194	277.058984	633.654567	7835.246	414.89
062608	41.18623	74.296934	276.709273	635.89499	7965.783	390.141
062628	41.190171	74.338673	277.463155	637.415071	8091.984	379.952
062648	41.194101	74.380578	277.48499	640.11963	8219.133	362.338
062708	41.197177	74.422057	270.991212	648.859762	8326.887	287.042
062728	41.193154	74.465096	257.887366	665.187888	8411.126	270.031
062748	41.179665	74.505361	239.48825	695.994598	8508.982	292.704
062808	41.161672	74.544513	239.22721	699.951011	8604.428	300.481
062828	41.143682	74.58377	239.34795	701.999491	8703.525	323.43
062848	41.125592	74.623552	238.824492	703.636055	8820.749	321.345
062908	41.107147	74.663966	239.016831	705.359586	8932.437	294.473
062928	41.088598	74.704658	239.029116	710.804902	9011.804	283.556
062948	41.070159	74.744723	238.974204	715.167884	9105.919	312.117
063008	41.051877	74.784256	239.00839	714.686276	9225.266	339.158
063028	41.033708	74.823774	239.019974	711.097384	9340.061	322.764
063048	41.015514	74.863215	238.764019	712.396738	9432.146	342.105
063108	40.996192	74.905813	239.570916	707.046927	9564.322	408.403
063128	40.978947	74.94748	243.285707	694.231477	9716.724	362.092
063148	40.966746	74.984941	248.701865	686.989536	9798.244	182.537
063208	40.95539	75.027561	251.811152	687.665305	9845.23	160.626
063228	40.945058	75.072974	252.934301	696.017193	9896.139	210.84
063248	40.934409	75.119114	253.122158	698.883701	9975.553	253.345
063308	40.923814	75.163634	253.009985	697.160357	10071.496	271.302
063328	40.914071	75.204989	252.981428	696.204914	10163.066	268.609
063348	40.904312	75.246762	253.006586	693.308699	10256.012	234.967
063408	40.894013	75.290666	253.002871	687.669545	10338.307	165.375
063428	40.883789	75.333979	252.998421	684.211479	10367.875	71.115
063448	40.873674	75.376906	253.000188	684.145586	10362.176	2.167
063508	40.863408	75.420765	253.000074	685.612121	10362.202	-3.27
063528	40.853122	75.464256	253.000349	686.167595	10363.541	1.638
063548	40.842999	75.506841	252.999644	686.009119	10362.861	0.012
063608	40.833034	75.549071	252.998222	686.15553	10362.559	1.086
063628	40.822808	75.592087	253.006472	685.192921	10364.424	-5.903
063648	40.812462	75.635335	252.994833	683.876084	10361.87	-16.032
063708	40.802245	75.678145	252.975036	683.820776	10350.871	-16.825
063728	40.791678	75.7223	253.090257	684.339223	10346.774	-9.509
063748	40.781307	75.765522	252.927024	683.768051	10347.921	1.76
063808	40.771619	75.805879	252.201647	682.90955	10346.791	12.33
063828	40.761133	75.849387	251.88201	688.815206	10354.201	17.591
063848	40.750201	75.894748	252.023498	695.437626	10363.812	13.715
063908	40.739939	75.937442	252.058399	693.516151	10363.78	2.726
063928	40.729746	75.979508	251.829444	689.527519	10362.495	-1.147
063948	40.719327	76.022536	252.131943	685.210708	10363.114	-0.095
064008	40.70888	76.065948	253.079266	679.527085	10363.323	-4.809
064028	40.698817	76.106764	252.023948	676.293168	10361.43	-14.886
064048	40.689034	76.148539	252.468255	671.922053	10354.504	-17.005
064108	40.68058	76.192517	258.335899	662.543934	10348.121	1.285
064128	40.676639	76.23219	265.034272	658.168191	10357.437	21.093
064148	40.676011	76.279614	272.202686	665.446941	10362.583	12.525
064208	40.678964	76.32143	278.866488	674.971435	10363.215	2.044
064228	40.68504	76.363181	281.368989	681.471749	10362.95	-0.313
064248	40.692117	76.40952	280.831571	686.056114	10363.023	0.143
064308	40.698587	76.454236	280.990103	688.97671	10363.001	0.008
064328	40.704849	76.496782	281.04085	687.380709	10362.995	-0.035
064348	40.71151	76.541088	280.988878	685.872682	10363.001	0.009
064408	40.718493	76.587545	280.997493	686.877295	10363.0	0.002
064428	40.724884	76.630801	281.005259	686.89365	10362.999	-0.005
064448	40.731075	76.673317	281.00106	686.10777	10363.0	-0.001
064508	40.737829	76.719756	280.999188	686.184695	10363.0	0.002
064528	40.744481	76.765645	281.000166	687.373404	10363.0	-0.002
064548	40.750423	76.807056	281.00007	688.797381	10363.001	-0.004
064608	40.756511	76.849682	280.999963	689.07548	10362.995	0.019
064628	40.763089	76.895188	280.999985	689.086167	10363.007	-0.024
064648	40.769926	76.941829	280.999944	689.824247	10363.015	-0.054
064708	40.776437	76.986797	281.000296	690.247031	10362.927	0.261
064728	40.782641	77.030364	280.999618	689.800522	10363.094	-0.333
064748	40.788832	77.07412	280.999139	689.024481	10363.211	-0.75
064808	40.795161	77.118741	281.004178	689.507958	10361.977	4.637
064828	40.801452	77.162695	280.994672	689.963729	10364.341	7.769
064848	40.807684	77.205996	280.988003	689.175898	10370.566	1.815
064908	40.814342	77.25288	281.058192	688.864384	10367.755	-4.088
064928	40.821027	77.300185	280.922353	689.029688	10362.279	-6.164
064948	40.827231	77.343927	280.403803	689.022397	10362.93	-5.702
065008	40.833181	77.3865	279.901299	689.00947	10362.209	-6.533
065028	40.839168	77.430035	279.877477	689.032207	10356.997	-8.377
065048	40.845404	77.474699	280.619683	688.832898	10355.211	-4.042
065108	40.851802	77.520251	280.940586	689.229241	10356.204	0.449
065128	40.858144	77.565995	280.165381	691.22176	10356.179	-0.184
065148	40.864279	77.610714	279.873836	694.7685	10355.41	3.089
065208	40.870311	77.654679	280.026158	697.371204	10356.727	9.566
065228	40.876438	77.699015	280.011938	697.817797	10361.594	14.3
065248	40.882754	77.744725	279.989019	699.176099	10367.035	15.793
065308	40.889056	77.790879	280.004331	699.907428	10372.355	14.461
065328	40.895178	77.836376	280.006379	698.370912	10377.171	9.983
065348	40.901284	77.881694	279.972427	697.44688	10379.074	0.009
065408	40.907445	77.927208	280.03447	696.707785	10377.173	-9.997
065428	40.91359	77.972788	280.077368	695.249965	10372.36	-14.487
065448	40.919526	78.017762	279.499953	694.830221	10367.008	-15.667
065508	40.925193	78.062691	278.922701	695.010818	10361.629	-14.459
065528	40.930652	78.10791	278.965668	694.95267	10356.804	-9.924
065548	40.936051	78.152349	279.02692	695.301219	10355.034	-0.354
065608	40.941622	78.197844	278.99445	694.58719	10356.692	10.448
065628	40.947327	78.244541	278.997535	692.36057	10361.335	15.507
065648	40.952623	78.28729	279.001933	691.886844	10368.469	8.841
065708	40.957839	78.329722	278.999602	691.811698	10370.419	-2.563
065728	40.963395	78.375884	278.999823	690.32679	10364.276	-8.101
065748	40.968978	78.421611	279.000139	689.6146	10362.028	-4.377
065808	40.974463	78.466072	278.999971	690.248803	10363.2	0.696
065828	40.979864	78.510493	278.999987	689.908931	10363.089	0.309
065848	40.985175	78.555551	279.00001	683.967558	10362.93	-0.243
065908	40.990398	78.599902	278.999998	678.143252	10363.015	0.051
065928	40.995607	78.643148	278.999998	678.362382	10363.008	0.027
065948	41.000988	78.688271	279.000003	680.399962	10362.995	-0.018
070008	41.006352	78.734009	278.999997	680.867721	10363.001	0.003
070028	41.011479	78.777781	278.999992	679.341457	10363.0	0.002
070048	41.016589	78.82051	279.000018	678.927965	10363.0	-0.0
070108	41.021943	78.865955	278.999874	679.05762	10363.0	0.0
070128	41.027323	78.912086	279.000161	678.991074	10363.0	-0.0
070148	41.032474	78.956014	278.999414	679.004356	10363.0	0.0
070208	41.037534	78.999679	278.998546	679.004266	10363.0	-0.0
070228	41.04261	79.043396	279.007188	678.984843	10363.0	0.0
070248	41.047651	79.087306	278.990805	679.018188	10363.0	-0.0
070308	41.05264	79.13151	278.979288	679.040553	10363.0	-0.0
070328	41.057735	79.175958	279.100479	678.803687	10363.0	0.001
070348	41.062883	79.22073	278.867225	679.259539	10363.0	-0.001
070408	41.067952	79.26553	278.132776	680.720886	10363.001	-0.003
070428	41.072901	79.309419	277.899519	681.266781	10362.996	0.014
070448	41.077846	79.353422	278.020715	680.874623	10363.005	-0.018
070508	41.082914	79.398842	278.0092	680.79259	10363.012	-0.041
070528	41.08808	79.445276	277.992786	682.306252	10362.943	0.199
070548	41.093141	79.490561	278.001487	684.503704	10363.073	-0.254
070608	41.097992	79.533776	278.000661	685.856853	10363.165	-0.571
070628	41.102852	79.577609	277.999482	686.020745	10362.2	3.77
070648	41.107704	79.621765	278.000107	686.107785	10364.057	8.912
070708	41.112553	79.665862	278.000047	686.856127	10369.926	8.935
070728	41.117653	79.712232	277.999963	687.109175	10371.862	3.583
070748	41.122743	79.758839	278.000008	686.977503	10370.76	-0.317
070808	41.127529	79.803151	278.000003	686.990031	10370.76	0.323
070828	41.132212	79.846507	277.999997	687.007701	10371.866	-3.603
070848	41.137028	79.89142	278.000001	686.99856	10369.92	-8.911
070908	41.141986	79.938168	278.000001	686.999679	10364.044	-8.859
070928	41.146724	79.982602	277.999996	686.998636	10362.264	-4.024
070948	41.151377	80.025798	278.000004	687.002341	10363.083	0.895
071008	41.156184	80.070475	278.00001	687.00548	10362.89	0.982
071028	41.161042	80.116509	277.999952	686.973208	10363.833	-4.733
071048	41.165753	80.161457	278.000061	687.034212	10361.843	-7.86
071108	41.170269	80.204298	278.000137	687.077044	10356.396	-2.094
071128	41.174857	80.248422	277.999334	686.501272	10358.779	5.765
071148	41.179596	80.294407	278.000852	685.921046	10363.704	7.406
071208	41.184385	80.340907	278.002204	685.958677	10363.375	1.488
071228	41.189025	80.386296	277.991073	686.024344	10362.754	-0.946
071248	41.19348	80.430019	278.009242	685.998862	10363.041	0.165
071308	41.197916	80.473226	278.029864	686.008641	10363.023	0.115
071328	41.202659	80.518916	277.876202	685.953674	10362.997	-0.12
071348	41.207424	80.565009	278.131007	686.052243	10362.987	0.066
071408	41.211924	80.60931	278.927899	686.674129	10362.951	0.183
071428	41.21663	80.655731	278.617687	687.973906	10363.209	-0.733
071448	41.221296	80.701759	277.942783	689.167794	10362.782	0.776
071508	41.225598	80.744444	278.032726	689.24516	10362.294	6.542
071528	41.230055	80.788858	277.577047	688.033901	10366.74	9.409
071548	41.234591	80.83453	276.925435	686.872582	10371.471	7.239
071608	41.238969	80.879222	276.946261	686.910108	10371.151	1.872
071628	41.243484	80.92517	277.063048	687.098044	10371.547	-4.25
071648	41.247974	80.971275	276.960865	686.941101	10370.219	-8.612
071708	41.252273	81.016188	276.886923	686.328358	10364.343	-8.946
071728	41.25683	81.062711	277.558958	684.995312	10362.152	-4.145
071748	41.261372	81.108707	277.963421	683.867572	10363.145	0.498
071808	41.265545	81.151963	277.206656	683.870907	10363.094	0.309
071828	41.269826	81.196808	276.868436	684.280179	10362.931	-0.175
071848	41.274145	81.242203	277.022433	683.743863	10363.019	-0.001
071908	41.278315	81.286078	277.014263	681.680337	10363.033	-0.098
071928	41.282708	81.331756	276.990554	679.696682	10362.886	0.485
071948	41.287022	81.37675	277.001611	678.997181	10363.114	-0.536
072008	41.290924	81.418433	277.001024	679.197815	10363.368	-5.775
072028	41.294968	81.462022	276.999321	677.698556	10360.765	-13.293
072048	41.299271	81.508379	277.000116	675.747334	10354.49	-14.001
072108	41.303568	81.554686	277.000075	675.713074	10348.285	-3.371
072128	41.307544	81.597735	276.999943	676.94088	10351.244	5.382
072148	41.311531	81.640715	277.000017	678.18875	10356.435	8.236
072208	41.315834	81.686813	277.000032	678.809227	10355.749	8.139
072228	41.319903	81.731305	276.999885	679.674954	10359.162	7.954
072248	41.323783	81.774993	277.000116	681.442427	10363.294	7.96
072308	41.327782	81.820437	277.000374	683.624105	10362.631	7.825
072328	41.331852	81.865577	276.998451	684.091884	10366.471	8.764
072348	41.335905	81.910111	277.00161	684.135	10371.565	7.18
072408	41.339903	81.954833	277.005204	685.560245	10371.358	1.312
072428	41.343901	81.99977	276.978423	686.667424	10370.767	-0.8
072448	41.347897	82.044502	277.022085	687.047478	10371.035	0.109
072508	41.3519	82.089	277.0	687.0	10371.0	-0.0
072528	41.35589	82.13432	276.373375	686.332491	10370.973	0.116
072548	41.359289	82.18071	275.700172	685.824939	10371.043	-0.388
072608	41.362	82.2267	275.0	686.0	10371.0	0.0
072628	41.364509	82.270594	274.015444	686.399261	10370.786	2.231
072648	41.367148	82.315453	274.554538	684.914274	10371.377	-5.987
072708	41.369831	82.361018	275.327983	682.547807	10367.837	-12.067
072728	41.372511	82.407042	274.894776	680.739082	10362.557	-7.046
072748	41.375272	82.454114	274.168697	679.269576	10362.621	-1.394
072808	41.377822	82.497641	273.910715	678.937061	10363.073	1.307
072828	41.38028	82.541071	274.011902	678.946778	10363.103	-0.63
072848	41.382893	82.588923	274.0112	678.21712	10363.625	-6.28
072908	41.385425	82.633805	273.99359	677.884931	10360.077	-9.572
072928	41.387869	82.676443	274.000855	678.013815	10355.621	-7.273
072948	41.390343	82.721635	274.000804	678.005882	10355.616	-1.337
073008	41.392763	82.767272	273.99954	678.023533	10356.323	0.254
073028	41.395164	82.811652	274.000061	677.975637	10355.876	0.332
073048	41.39763	82.8551	274.000058	677.87793	10355.504	5.582
073108	41.400111	82.90017	273.999967	678.525904	10358.287	12.121
073128	41.402565	82.945712	274.000004	678.968101	10363.916	15.031
073148	41.404971	82.989652	274.000004	678.19407	10369.561	11.062
073208	41.407321	83.03435	273.999998	678.061055	10372.369	0.62
073228	41.409651	83.079641	274.0	677.859773	10370.333	-8.921
073248	41.41199	83.124134	274.0	676.361044	10364.549	-9.612
073308	41.414283	83.168804	274.0	675.96823	10362.038	-3.609
073328	41.416538	83.213585	274.0	675.875718	10363.234	-0.138
073348	41.418803	83.258126	273.999999	674.39273	10363.711	-5.674
073408	41.421084	83.303566	274.000002	673.887053	10360.165	-10.458
073428	41.423332	83.348337	273.999998	673.937283	10355.5	-6.721
073448	41.425523	83.391073	273.999991	673.132698	10354.996	4.766
073508	41.427776	83.435646	274.000033	673.299887	10359.162	10.318
073528	41.430031	83.481501	273.999973	674.06825	10363.33	7.223
073548	41.432167	83.526024	273.999871	674.06038	10363.256	1.523
073608	41.434257	83.570441	274.000411	673.979596	10363.038	-1.143
073628	41.436321	83.615747	273.998946	673.993065	10362.608	1.936
073648	41.438394	83.661346	273.999626	673.994906	10362.848	7.776
073708	41.440542	83.705719	274.0077	674.11436	10368.212	9.54
073728	41.442608	83.749241	273.982619	673.711082	10371.868	5.523
073748	41.444598	83.792895	273.994661	673.01607	10371.057	0.135
073808	41.446711	83.837498	274.107703	673.048032	10370.653	0.033
073828	41.448861	83.882894	273.730747	672.687855	10371.456	-1.401
073848	41.450903	83.928255	273.022326	671.107187	10371.125	-7.642
073908	41.452777	83.972662	272.921034	668.845315	10366.504	-13.834
073928	41.454663	84.016777	273.027839	667.797886	10360.266	-14.024
073948	41.456605	84.060815	273.0016	668.001332	10356.102	-8.313
074008	41.458469	84.104336	272.994331	667.730381	10355.756	-2.723
074028	41.460369	84.148601	273.001999	668.785547	10355.82	2.219
074048	41.462306	84.193391	273.000115	670.930754	10355.911	7.691
074108	41.464124	84.237076	272.999594	671.265243	10359.707	13.608
074128	41.465907	84.281855	273.000141	670.859772	10365.88	14.219
074148	41.46771	84.327294	273.000008	670.978114	10370.861	8.359
074208	41.469498	84.370125	272.999984	671.360348	10371.547	1.858
074228	41.471341	84.413685	272.99998	670.141262	10370.682	-0.081
074248	41.473209	84.45923	272.999991	668.052845	10370.945	0.124
074308	41.474962	84.503956	273.000187	668.042302	10371.951	-5.107
074328	41.476672	84.547739	272.999576	667.376889	10368.712	-8.918
074348	41.478412	84.591852	272.99987	665.102937	10363.14	-8.064
074408	41.480167	84.637348	273.002629	663.609135	10363.127	-7.553
074428	41.481831	84.681488	272.994087	662.434186	10361.331	-8.668
074448	41.483419	84.723686	272.998185	661.065791	10356.167	-8.19
074508	41.485062	84.766596	273.03263	660.058127	10355.466	-2.146
074528	41.486681	84.810631	272.902251	660.369512	10356.375	0.348
074548	41.488258	84.854772	273.058655	660.997343	10355.88	0.244
074608	41.489865	84.89819	273.866814	659.582137	10355.1	5.594
074628	41.491505	84.942373	273.702904	655.345838	10358.764	9.357
074648	41.493114	84.986614	272.897377	651.594823	10363.535	7.081
074708	41.494642	85.029499	272.908736	651.726014	10363.357	1.312
074728	41.496184	85.072922	273.191421	652.314997	10362.68	-1.119
074748	41.497708	85.116598	273.107196	652.776648	10362.943	-0.2
074808	41.499121	85.159113	272.337384	654.325852	10363.055	0.19
074828	41.500536	85.20231	272.078546	654.853053	10362.986	-0.044
074848	41.502013	85.246854	272.864383	653.289854	10362.995	-0.011
074908	41.503404	85.289636	273.168534	652.550545	10363.009	-0.005
074928	41.504856	85.332506	272.890178	653.39014	10362.992	0.025
074948	41.506151	85.376978	272.225557	654.817244	10362.988	0.044
075008	41.506428	85.420376	270.833641	655.151854	10363.066	-0.261
075028	41.506287	85.463213	269.847947	654.99291	10362.9	0.395
075048	41.506386	85.506605	269.952971	655.042227	10362.843	0.622
075108	41.506364	85.550093	270.04526	654.688304	10363.922	-4.864
075128	41.506289	85.594297	269.989083	655.510601	10361.552	-7.8
075148	41.5063	85.638949	269.996623	657.722076	10356.253	-1.703
075208	41.506266	85.681885	270.003252	658.113735	10359.103	6.122
075228	41.506164	85.72493	269.999212	658.21151	10363.768	7.138
075248	41.506028	85.769379	269.999751	659.697656	10363.238	0.96
075308	41.505893	85.812888	270.000271	660.811252	10362.771	-0.906
075328	41.50576	85.856393	269.999886	660.946544	10363.055	0.218
075348	41.505626	85.900719	269.999892	660.871481	10363.017	0.068
075408	41.505499	85.944044	270.000547	662.110453	10362.984	-0.065
075428	41.50535	85.986914	269.999196	663.112112	10363.004	0.016
075448	41.505147	86.030678	269.99874	662.954335	10363.001	0.005
075508	41.504893	86.075898	270.008612	663.792675	10362.998	-0.007
075528	41.504614	86.122173	270.001586	664.969378	10363.0	-0.0
075548	41.504343	86.168239	269.97059	665.018922	10363.0	0.001
075608	41.504086	86.210901	270.065106	665.225883	10363.0	-0.0
075628	41.503815	86.251857	270.019941	665.975558	10363.0	-0.0
075648	41.503487	86.296883	269.343961	666.078773	10363.0	0.0
075708	41.503153	86.342095	268.896118	665.98993	10363.0	-0.0
075728	41.502818	86.385874	268.994029	666.004659	10363.0	-0.0
075748	41.502427	86.431243	269.021156	665.876337	10363.0	0.0
075808	41.502017	86.475606	268.992542	666.344143	10363.0	-0.0
075828	41.50162	86.518342	268.999571	667.89623	10363.0	-0.0
075848	41.501226	86.562316	269.001519	670.110284	10363.0	0.0
075908	41.500805	86.607024	268.999465	671.292066	10363.0	-0.0
075928	41.500326	86.652028	268.999969	671.025826	10363.0	-0.0
075948	41.499786	86.697691	269.000109	670.723635	10363.0	0.0
080008	41.499287	86.742367	268.999962	671.576781	10363.0	-0.0
080028	41.498825	86.786272	268.999998	672.962516	10363.0	-0.0
080048	41.498289	86.831568	269.000008	673.030936	10363.0	0.0
080108	41.497787	86.876533	268.999997	673.249867	10363.0	-0.0
080128	41.497325	86.920406	269.0	673.985287	10363.0	-0.0
080148	41.496755	86.96459	269.000001	673.873472	10363.0	0.0
080208	41.496098	87.009231	268.999999	674.50936	10363.0	-0.0
080228	41.495432	87.054328	269.0	675.954321	10363.0	-0.0
080248	41.494821	87.100045	269.000003	676.148335	10363.0	0.0
080308	41.494237	87.14593	268.999994	675.978166	10363.0	-0.0
080328	41.493632	87.191442	268.999998	676.007759	10363.0	-0.0
080348	41.492976	87.236417	269.000036	675.788113	10363.0	0.0
080408	41.492289	87.281821	268.999919	676.552967	10363.0	-0.0
080428	41.49163	87.325024	268.999975	677.960827	10363.0	-0.0
080448	41.491032	87.363086	269.000076	678.016887	10363.0	0.0
080508	41.490294	87.408185	268.997285	677.769546	10363.0	-0.0
080528	41.489426	87.45875	268.998099	677.884152	10363.0	-0.0
080548	41.488525	87.507918	269.007531	678.529412	10363.0	0.001
080608	41.487711	87.551915	268.990734	679.071384	10363.0	-0.002
080628	41.486991	87.592794	268.979256	679.032004	10363.001	-0.004
080648	41.486167	87.6393	269.100504	678.973393	10362.995	0.018
080708	41.485283	87.687391	268.86722	679.007415	10363.007	-0.023
080728	41.484423	87.731177	268.132773	679.007452	10363.015	-0.052
080748	41.4835	87.774526	267.899521	678.973087	10362.927	0.252
080808	41.482577	87.81936	268.020715	679.032419	10363.093	-0.322
080828	41.481717	87.864864	268.0092	679.072328	10363.209	-0.724
080848	41.480819	87.908582	267.992786	678.524823	10361.985	4.512
080908	41.479853	87.95272	268.001487	677.890897	10364.331	7.928
080928	41.478849	87.999375	268.000661	677.894032	10370.543	2.174
080948	41.47786	88.045802	267.999482	678.49943	10367.868	-6.078
081008	41.476835	88.091165	268.000107	679.106812	10362.134	-7.022
081028	41.47576	88.13588	268.000047	679.110792	10362.467	-0.513
081048	41.474758	88.180327	267.999963	678.467194	10364.168	-3.598
081108	41.473727	88.22503	268.000008	677.93781	10361.77	-8.083
081128	41.472582	88.270082	268.000003	677.990392	10356.354	-2.169
081148	41.471496	88.314794	267.999997	677.91628	10358.863	5.705
081208	41.470425	88.360056	268.000001	678.138268	10363.622	7.569
081228	41.469285	88.4062	268.0	678.888953	10363.168	1.771
081248	41.468156	88.451168	268.0	678.985725	10363.416	-4.53
081308	41.467005	88.495894	268.0	679.136824	10362.182	-8.949
081328	41.465799	88.541191	268.0	680.482732	10357.093	-9.369
081348	41.464616	88.58488	267.999999	682.758873	10354.593	-0.125
081408	41.463376	88.629168	268.000001	684.124494	10357.057	9.554
081428	41.462031	88.675635	268.000003	683.938738	10362.089	9.319
081448	41.460747	88.720517	267.999987	684.888493	10363.88	2.783
081508	41.459473	88.765167	268.000017	686.231088	10362.575	0.521
081528	41.458133	88.811708	268.000038	686.784602	10362.285	6.68
081548	41.456817	88.858264	267.999815	688.055025	10367.225	9.092
081608	41.45544	88.9053	268.000236	689.12925	10371.382	7.665
081628	41.453959	88.952789	268.000532	689.027172	10370.759	7.614
081648	41.452585	88.997561	267.997419	689.131855	10374.143	9.504
081708	41.451263	89.041763	268.003291	688.768227	10378.77	6.084
081728	41.449861	89.087807	268.00741	687.32266	10378.677	-5.38
081748	41.448402	89.133292	267.964056	686.415949	10374.898	-12.914
081808	41.446935	89.178805	268.04584	685.80186	10369.696	-15.451
081828	41.445472	89.224977	268.103209	684.480813	10364.421	-15.635
081848	41.443958	89.26939	267.374367	682.316428	10358.681	-11.424
081908	41.442416	89.313312	267.087543	680.800405	10355.83	-7.477
081928	41.440884	89.358759	267.905109	680.899465	10356.361	-7.774
081948	41.439344	89.405092	267.652086	681.139042	10352.506	-7.898
082008	41.437826	89.451102	266.864242	680.892378	10346.879	-4.856
082028	41.436349	89.496059	266.794792	680.516392	10345.33	1.192
082048	41.434846	89.540428	267.017883	681.141864	10348.536	6.354
082108	41.43326	89.585045	267.05477	683.191826	10354.542	7.938
082128	41.431591	89.631241	266.881335	684.871304	10356.114	7.991
082148	41.42994	89.67728	267.060403	686.157708	10356.283	8.012
082208	41.428364	89.721381	267.86801	688.13723	10361.457	8.108
082228	41.426631	89.768354	267.724417	690.225024	10363.174	7.648
082248	41.424827	89.81644	266.952494	692.201153	10363.273	8.193
082308	41.42317	89.860806	266.9273	694.228948	10368.805	9.539
082328	41.421441	89.905163	267.036503	696.031026	10372.601	2.064
082348	41.419619	89.951508	266.996589	697.045992	10370.539	-8.7
082408	41.417826	89.998936	266.99478	697.037821	10364.734	-9.716
082428	41.415985	90.045669	267.002621	697.153343	10362.206	-4.482
082448	41.414115	90.09122	266.999755	698.14555	10363.074	0.259
082508	41.412308	90.136217	266.999625	699.680405	10363.11	0.406
082528	41.410543	90.1813	267.00019	699.91578	10362.955	-0.239
082548	41.408709	90.227385	266.999981	700.130085	10362.999	0.041
082608	41.406714	90.274956	266.999963	702.325474	10362.956	0.208
082628	41.40469	90.322632	267.000045	703.171582	10363.161	-0.587
082648	41.402702	90.369429	266.999981	703.059048	10362.91	0.317
082708	41.400714	90.41557	266.99986	704.458156	10362.279	5.656
082728	41.39865	90.462929	267.000441	705.326369	10365.814	10.391
082748	41.396602	90.509965	266.99976	704.930064	10371.434	7.078
082808	41.394682	90.554366	266.99808	704.585893	10372.529	-5.117
082828	41.392664	90.599832	267.006126	706.421581	10366.844	-6.829
082848	41.390476	90.648018	266.996652	707.969555	10363.197	0.58
082908	41.38825	90.697169	266.973265	705.86464	10369.509	1.695
082928	41.386196	90.743152	267.085323	704.607762	10369.004	-4.047
082948	41.384191	90.788166	266.953072	705.029481	10362.606	-7.917
083008	41.381991	90.836486	266.233263	704.989296	10362.437	-2.473
083028	41.37979	90.883464	265.8924	705.191086	10363.148	1.697
083048	41.377571	90.92915	266.010054	704.881698	10363.058	-0.447
083108	41.375222	90.976661	266.015386	703.253655	10363.652	-6.061
083128	41.372976	91.023824	265.992275	703.603443	10360.353	-9.502
083148	41.370772	91.070633	266.000722	705.064806	10355.731	-7.532
083208	41.368423	91.117949	266.001105	704.902024	10355.56	-1.599
083228	41.366179	91.162353	265.999445	705.897114	10356.315	0.311
083248	41.36397	91.206285	266.000052	708.216695	10355.92	0.197
083308	41.36157	91.254361	266.000079	709.743568	10355.485	5.195
083328	41.359174	91.302668	265.99996	710.036147	10358.013	11.997
083348	41.356749	91.350185	266.000004	710.036473	10363.635	14.955
083408	41.354186	91.398163	266.000006	710.757705	10369.517	10.759
083428	41.35182	91.4445	265.999997	711.08895	10371.712	3.869
083448	41.349566	91.489766	266.0	711.004155	10370.91	-0.118
083508	41.347109	91.536144	265.999999	711.103419	10370.678	0.463
083528	41.344594	91.583109	266.000003	710.561153	10371.774	-2.883
083548	41.342039	91.630838	265.999998	709.9971	10370.596	-8.321
083608	41.339408	91.679119	265.999987	710.224085	10364.668	-8.525
083628	41.336972	91.724317	266.000042	708.999192	10362.752	-7.623
083648	41.33454	91.769578	265.999977	708.068133	10362.745	-8.096
083708	41.331791	91.819662	265.999815	710.222219	10357.702	-8.621
083728	41.329158	91.867681	266.000589	711.251531	10355.357	-5.598
083748	41.326641	91.913218	265.999678	711.036466	10355.982	0.67
083808	41.323968	91.960362	265.997428	712.305942	10355.366	6.557
083828	41.321343	92.00695	266.008207	713.922238	10358.785	8.738
083848	41.318731	92.053191	265.995514	715.099281	10363.177	7.883
083908	41.315983	92.10079	265.964182	715.846742	10362.685	7.443
083928	41.313335	92.147881	266.114312	716.0678	10365.621	9.535
083948	41.310732	92.194001	265.937229	715.993466	10371.447	7.177
084008	41.307948	92.240523	265.106754	715.988449	10372.505	-4.816
084028	41.30507	92.289255	265.360154	716.010961	10366.999	-7.479
084048	41.302219	92.338279	266.000648	715.996201	10363.105	0.911
084108	41.29943	92.384846	265.306071	715.972581	10368.767	7.439
084128	41.296562	92.432154	264.855843	716.085649	10371.891	6.081
084148	41.293603	92.480255	265.01347	715.953051	10371.0	-0.696
084208	41.290657	92.527065	265.020613	715.233308	10371.645	-6.452
084228	41.28779	92.573898	264.98965	714.892123	10368.018	-9.276
084248	41.284905	92.621735	265.000967	715.010217	10362.693	-7.569
084308	41.281896	92.670126	265.00148	715.016699	10362.53	-1.781
084328	41.278947	92.71685	264.999257	714.988076	10363.236	0.818
084348	41.275997	92.763371	265.000069	715.003017	10362.978	-0.076
084408	41.272906	92.81183	265.000106	715.019436	10362.966	-0.117
084428	41.269975	92.85766	264.999946	714.940941	10363.017	0.059
084448	41.267102	92.902187	265.000005	715.032027	10362.998	-0.005
084508	41.263982	92.949984	265.000011	715.255404	10362.997	-0.007
084528	41.260789	92.998907	264.999985	714.057096	10363.002	0.001
084548	41.257698	93.046191	265.000006	713.022836	10362.999	0.001
084608	41.254719	93.091295	265.000047	714.450737	10362.996	0.014
084628	41.251601	93.138413	264.99985	715.17041	10363.013	-0.046
084648	41.248382	93.18686	265.000082	715.030793	10362.993	0.025
084708	41.24525	93.233339	265.000651	715.802466	10362.942	0.202
084728	41.242099	93.279849	264.997921	715.888637	10363.186	-0.646
084748	41.238875	93.327384	265.001136	716.119382	10362.898	0.355
084808	41.235611	93.375349	265.009073	718.206013	10362.186	5.973
084828	41.232335	93.423075	264.971043	719.574513	10366.109	9.373
084848	41.229076	93.470302	265.015826	718.835517	10371.273	7.637
084908	41.225823	93.517249	265.126372	716.710759	10371.245	2.487
084928	41.222475	93.564523	264.532686	715.450545	10371.454	-3.684
084948	41.21906	93.611548	264.009166	714.917708	10370.645	-8.321
085008	41.215667	93.657794	264.707395	713.62076	10364.891	-9.107
085028	41.212224	93.705512	265.142557	712.125112	10362.148	-4.883
085048	41.208755	93.753985	264.983904	710.890624	10363.068	0.347
085108	41.205348	93.800898	264.953757	710.093655	10363.017	0.938
085128	41.201989	93.847106	265.095119	710.109024	10363.285	-2.338
085148	41.19867	93.892954	264.952156	709.910435	10362.814	-8.795
085208	41.19536	93.938416	264.231863	708.461676	10358.732	-15.29
085228	41.191899	93.984824	263.893103	707.825223	10351.253	-9.808
085248	41.188348	94.032135	264.009988	707.995906	10348.281	0.617
085308	41.184876	94.079201	264.015286	707.834702	10354.864	0.966
085328	41.181432	94.125407	263.992325	708.740095	10353.075	-0.56
085348	41.177949	94.171317	264.000717	710.081724	10348.099	0.092
085408	41.174412	94.217835	264.001098	710.550666	10354.486	0.454
085428	41.170894	94.264439	263.999447	712.432112	10353.591	-1.266
085448	41.167338	94.311081	264.000052	716.474109	10347.875	0.681
085508	41.163624	94.358339	264.00009	721.284295	10352.644	11.177
085528	41.159761	94.406845	263.999961	724.406296	10359.074	16.427
085548	41.155912	94.455384	264.000002	727.207203	10363.219	14.956
085608	41.152244	94.502343	264.000006	732.28305	10368.374	15.312
085628	41.14855	94.550182	264.0	734.722843	10374.191	13.174
085648	41.144704	94.59947	263.999999	735.071458	10378.091	7.722
085708	41.140761	94.648545	263.999988	737.807764	10378.135	2.471
085728	41.136884	94.696575	264.000035	739.699395	10378.417	-3.285
085748	41.133001	94.744756	263.99999	740.024584	10377.848	-8.161
085808	41.128933	94.794687	263.999827	741.146646	10372.847	-8.996
085828	41.124904	94.843956	264.00049	743.237499	10370.411	-5.772
085848	41.121007	94.89189	263.999862	745.052723	10370.988	0.351
085908	41.117146	94.939687	263.997592	745.22528	10370.261	6.711
085928	41.113245	94.987165	264.00683	744.74222	10373.736	7.184
085948	41.109191	95.035364	263.998072	745.056346	10378.034	-0.556
090008	41.104927	95.085708	263.966462	746.615273	10374.181	-12.111
090028	41.100685	95.136331	264.095132	746.707988	10367.283	-14.501
090048	41.096599	95.185287	263.973112	744.8972	10362.89	-7.633
090108	41.092616	95.232227	263.190741	742.926751	10362.653	-1.837
090128	41.088535	95.280243	263.186571	741.130958	10363.01	1.109
090148	41.0843	95.3302	264.0	740.0	10363.0	-0.0
090208	41.080022	95.380152	264.196837	740.00756	10363.795	-5.69
090228	41.0758	95.428845	263.658039	739.727961	10360.669	-8.701
090248	41.0716	95.4769	263.0	739.0	10356.0	-8.0
090308	41.067327	95.525781	262.934358	738.953056	10356.588	-8.475
090328	41.063102	95.573745	263.025972	738.949388	10353.137	-6.187
090348	41.0589	95.6211	263.0	739.0	10348.0	0.0
090408	41.054569	95.669972	262.995285	739.742636	10353.142	6.146
090428	41.05026	95.718408	263.00187	739.970872	10356.577	8.6
090448	41.046	95.7659	263.0	740.0	10356.0	8.0
090508	41.041644	95.814065	262.999625	741.319693	10360.694	8.0
090528	41.037181	95.862976	263.000131	742.202866	10363.287	7.773
090548	41.032719	95.911877	263.000008	742.010815	10362.896	7.92
090608	41.028393	95.959925	262.999973	741.979004	10367.861	9.653
090628	41.023994	96.008049	263.000009	741.967554	10372.406	3.834
090648	41.01943	96.056938	263.000001	741.986343	10371.21	-7.6
090708	41.014834	96.10631	262.999997	742.289606	10365.571	-10.126
090728	41.010222	96.155412	263.000002	741.288891	10362.232	-5.4
090748	41.005628	96.203799	263.000001	739.991392	10362.956	-0.153
090808	41.001105	96.251719	262.999989	741.425336	10363.156	0.541
090828	40.99652	96.300322	263.000024	741.598918	10362.945	-0.19
090848	40.991924	96.349014	263.000007	740.021078	10362.997	-0.011
090908	40.987507	96.395981	262.999851	741.077472	10363.012	0.035
090928	40.982831	96.444186	263.000335	742.333955	10362.993	-0.004
090948	40.977847	96.494665	263.000103	742.032063	10362.999	0.002
091008	40.973047	96.54482	262.997928	741.623193	10363.017	-0.055
091028	40.968442	96.592948	263.00466	742.819446	10362.962	0.128
091048	40.963835	96.64019	263.001431	744.931551	10362.989	0.04
091108	40.95905	96.689426	262.97114	745.285966	10363.231	-0.801
091128	40.954258	96.738385	263.064912	744.798285	10362.48	2.017
091148	40.949537	96.785927	263.01993	744.958546	10362.84	7.779
091208	40.944738	96.834037	262.344	746.265738	10368.253	9.477
091228	40.939694	96.884932	261.896104	747.343542	10371.821	5.66
091248	40.934641	96.935898	261.994028	747.055093	10371.045	0.177
091308	40.93004	96.981278	262.021159	745.573703	10370.896	-0.815
091328	40.925299	97.027672	261.992541	744.9713	10370.912	0.721
091348	40.920159	97.078068	261.999571	745.039424	10370.958	0.17
091408	40.915013	97.128171	262.001519	743.257996	10371.9	-5.258
091428	40.909902	97.178137	261.999464	741.200661	10368.737	-8.888
091448	40.904938	97.226869	261.999969	740.045812	10363.144	-8.069
091508	40.900297	97.271939	262.000109	739.253464	10363.067	-7.388
091528	40.895462	97.318596	261.999962	738.92595	10361.46	-9.06
091548	40.890352	97.367789	261.999998	738.99513	10356.206	-8.311
091608	40.885431	97.41477	262.000008	739.029792	10354.647	2.278
091628	40.88038	97.462955	261.999997	738.960645	10358.097	10.174
091648	40.875066	97.513577	262.0	738.9892	10362.856	8.254
091708	40.869807	97.563087	262.0	739.212919	10363.504	2.434
091728	40.864758	97.610442	262.0	738.469083	10362.833	-0.756
091748	40.859847	97.656584	262.0	737.047073	10362.994	-0.054
091808	40.854836	97.703552	261.999999	736.792855	10362.958	0.416
091828	40.849633	97.752252	262.000002	737.166514	10363.163	-0.66
091848	40.84427	97.80211	262.000001	737.037237	10363.053	-0.19
091908	40.838888	97.851437	261.999986	735.794082	10361.914	5.812
091928	40.833703	97.899378	262.000031	734.505111	10365.664	7.366
091948	40.828656	97.946529	262.00001	734.003906	10370.978	0.439
092008	40.823429	97.994456	261.999807	734.097768	10366.438	-7.123
092028	40.818104	98.04291	262.000434	733.655044	10361.825	-5.915
092048	40.812858	98.090392	262.000133	732.100781	10362.902	-0.063
092108	40.807754	98.135726	261.997315	729.960489	10363.965	-4.259
092128	40.80249	98.182749	262.006039	728.54451	10361.048	-9.645
092148	40.797067	98.231699	262.001854	728.923802	10356.155	-8.232
092208	40.791814	98.278539	261.962605	731.055192	10355.41	-2.331
092228	40.786443	98.325992	262.084109	732.214096	10356.309	0.306
092248	40.780877	98.375152	262.025824	731.992523	10356.048	-0.094
092308	40.775422	98.423469	261.224018	732.914217	10355.187	4.588
092328	40.770057	98.470935	261.197217	734.815161	10357.621	9.403
092348	40.764649	98.518334	261.978889	736.821112	10362.651	8.484
092408	40.759085	98.566337	261.489171	738.334489	10363.841	1.999
092428	40.753443	98.615068	260.866779	739.367612	10362.319	1.151
092448	40.747852	98.663709	260.983316	739.969672	10362.653	7.548
092508	40.7424	98.710797	261.030527	740.057407	10368.239	8.686
092528	40.737089	98.75667	260.990434	739.977036	10371.275	8.065
092548	40.731749	98.802793	260.998801	739.994005	10370.765	8.183
092608	40.726098	98.85085	261.002203	740.045209	10375.896	4.014
092628	40.720256	98.900219	260.99929	739.898781	10377.125	-2.748
092648	40.714382	98.949864	260.999866	739.185569	10371.555	-7.704
092708	40.708526	98.999139	261.000169	737.698648	10370.832	-7.703
092728	40.70284	99.046841	260.999952	736.931991	10370.031	-9.332
092748	40.697314	99.093172	260.999987	737.089089	10364.285	-14.47
092808	40.691661	99.140429	261.000013	735.960898	10358.614	-13.504
092828	40.685842	99.188565	260.999997	734.819895	10355.294	-4.683
092848	40.679967	99.236705	260.999999	734.948268	10355.41	6.46
092908	40.674169	99.284585	261.0	735.025532	10359.898	10.137
092928	40.668334	99.3327	261.000001	735.030653	10363.577	6.371
092948	40.662452	99.380709	261.000002	735.064837	10363.18	0.73
093008	40.656788	99.426887	260.99999	734.450382	10362.819	-0.735
093028	40.651016	99.473682	261.000013	733.967174	10363.034	0.16
093048	40.644974	99.522369	261.000029	734.060516	10363.009	0.096
093108	40.639249	99.568946	260.999862	733.322127	10363.024	-0.203
093128	40.633527	99.615712	261.000176	731.448371	10362.956	0.205
093148	40.627486	99.664537	261.000397	729.342264	10362.895	0.442
093208	40.621692	99.71043	260.998027	728.67828	10363.525	-3.085
093228	40.615913	99.756017	261.001934	729.102322	10362.468	-9.273
093248	40.60982	99.804668	261.006203	729.216803	10357.763	-14.314
093308	40.603847	99.852204	260.974325	727.995142	10351.923	-14.212
093328	40.597886	99.899263	261.026673	726.943412	10347.249	-5.395
093348	40.591727	99.94757	261.086232	728.160944	10346.624	10.594
093408	40.585736	99.994043	260.54087	731.643292	10354.333	21.968
093428	40.579795	100.040233	259.932356	735.758662	10364.757	21.957
093448	40.573659	100.088504	259.949993	738.531696	10370.168	11.913
093508	40.567515	100.136242	260.028481	739.165378	10371.54	2.439
093528	40.561373	100.183012	259.996198	739.03713	10370.835	0.263
093548	40.555163	100.230013	259.9964	739.311343	10370.408	5.646
093608	40.549019	100.277585	260.002155	737.386128	10373.538	11.066
093628	40.542881	100.325119	259.999806	733.618146	10378.414	6.857
093648	40.536618	100.372169	259.999697	729.391266	10379.688	-9.471
093708	40.530339	100.420164	260.000172	722.350461	10372.747	-18.435
093728	40.5242	100.467704	260.000009	715.229185	10363.296	-14.397
093748	40.518279	100.5122	259.999959	713.800454	10361.676	-5.455
093808	40.512267	100.556988	260.000008	717.10002	10363.196	1.013
093828	40.505982	100.60438	260.000005	720.812085	10362.972	0.894
093848	40.499684	100.651601	259.99999	719.092312	10363.623	-3.925
093908	40.49346	100.697769	260.000007	715.54583	10362.294	-8.66
093928	40.487266	100.743503	260.000022	715.035116	10357.163	-8.939
093948	40.481013	100.789817	259.99991	714.380294	10355.25	-4.333
094008	40.474633	100.836896	260.000067	712.737237	10356.082	0.438
094028	40.468243	100.883698	260.000323	711.270347	10356.009	0.641
094048	40.462302	100.927802	259.998835	710.927146	10356.252	-1.233
094108	40.456369	100.971839	260.000929	710.955575	10355.763	0.863
094128	40.44992	101.018703	260.004488	710.260314	10354.829	10.748
094148	40.44378	101.06338	259.983774	709.565522	10361.474	21.935
094208	40.437767	101.107156	260.012939	707.484816	10372.472	21.607
094228	40.431246	101.154027	260.062511	703.186931	10378.145	5.188
094248	40.42457	101.201717	259.774006	700.95423	10374.901	-4.909
094308	40.418311	101.246476	260.180473	699.662829	10370.951	-11.685
094328	40.412337	101.28953	261.057824	697.496543	10369.112	-22.808
094348	40.405875	101.336157	260.170604	697.760925	10358.218	-22.315
094408	40.399679	101.380277	259.808095	699.119601	10349.763	-12.781
094428	40.393425	101.424241	260.024547	700.062584	10348.219	2.567
094448	40.386758	101.471053	260.028676	700.007179	10353.149	18.924
094508	40.380561	101.515005	259.962008	700.195361	10362.217	26.386
094528	40.374579	101.557607	260.01385	699.881905	10371.873	20.88
094548	40.368039	101.603713	260.11003	698.254824	10377.802	6.145
094608	40.361303	101.650809	259.653431	698.62085	10375.789	-4.869
094628	40.354783	101.696204	258.980176	700.01133	10370.888	-8.051
094648	40.348556	101.739479	258.935065	698.805956	10371.278	-8.106
094708	40.342071	101.784106	259.030034	697.366125	10368.6	-8.087
094728	40.3354	101.8298	259.0	697.0	10363.0	-7.0
094748	40.329036	101.873761	258.994265	696.999934	10362.384	-2.431
094808	40.3225	101.919114	259.002059	696.96493	10363.141	1.087
094828	40.315838	101.965123	259.000239	696.976402	10362.972	0.308
094848	40.309708	102.006907	258.999563	697.471365	10363.539	-4.262
094908	40.303372	102.050015	259.000137	698.427911	10361.713	-10.412
094928	40.296569	102.096368	259.000017	699.82811	10356.546	-9.18
094948	40.290052	102.140265	258.999969	701.548832	10353.087	10.493
095008	40.283342	102.18538	259.00001	701.784817	10361.21	27.679
095028	40.276372	102.232624	259.000001	700.177144	10376.919	24.452
095048	40.269934	102.276514	258.999998	698.686331	10380.659	4.291
095108	40.263481	102.319824	259.0	697.700096	10376.257	-11.51
095128	40.256629	102.365076	259.0	697.068776	10371.61	-14.524
095148	40.249856	102.410296	259.000003	696.789797	10367.486	-20.141
095208	40.243143	102.455015	258.999995	697.291936	10359.38	-22.706
095228	40.236333	102.499955	258.999995	698.011575	10348.947	-16.312
095248	40.229435	102.545918	259.000042	697.283777	10347.015	-7.289
095308	40.222782	102.590044	258.999952	697.245132	10347.803	2.552
095328	40.216311	102.632239	258.999893	699.40995	10347.076	12.68
095348	40.209154	102.679091	259.000518	701.328342	10354.836	20.687
095408	40.202158	102.724917	258.99934	702.089729	10364.944	22.714
095428	40.195984	102.765017	258.998513	702.045892	10369.794	17.139
095448	40.189286	102.808565	259.007394	701.932321	10375.509	7.827
095508	40.182046	102.85564	258.992752	702.040258	10377.646	-1.815
095528	40.174841	102.902391	258.976754	702.115483	10372.376	-7.84
095548	40.167749	102.948523	259.096214	701.330486	10370.165	-4.972
095608	40.160837	102.993281	258.897679	699.59709	10371.102	0.78
095628	40.154111	103.03629	258.164858	697.526687	10370.94	0.928
095648	40.147376	103.079188	257.896117	696.06006	10371.581	-3.302
095708	40.140515	103.122781	258.017713	694.657665	10370.323	-9.168
095728	40.133514	103.167098	258.011262	692.610142	10364.748	-14.048
095748	40.126449	103.211948	257.992541	690.809913	10359.702	-15.964
095808	40.119238	103.257627	258.001272	689.90888	10354.869	-14.436
095828	40.111981	103.303242	258.000809	689.927296	10349.14	-9.877
095848	40.105307	103.345185	257.999461	690.112202	10347.2	-3.267
095908	40.098894	103.38596	258.000095	689.914655	10348.226	0.039
095928	40.092006	103.429902	258.000069	689.74	10348.423	-0.943
095948	40.084437	103.476553	257.999917	691.572476	10346.508	6.346
100008	40.076979	103.52221	258.000053	696.11081	10349.542	16.426
100028	40.070232	103.564808	258.000155	701.768698	10360.529	16.959
100048	40.06324	103.608885	257.99937	704.402309	10364.568	7.617
100108	40.055791	103.654808	258.000652	705.24053	10362.721	-0.873
100128	40.048236	103.700585	258.002107	707.253775	10362.788	-0.436
100148	40.040888	103.745653	257.991265	709.894522	10363.292	-0.227
100208	40.033797	103.789421	258.009076	714.03943	10362.794	0.589
100228	40.02666	103.833157	258.029344	719.672151	10362.383	5.605
100248	40.018862	103.881571	257.871117	722.6905	10366.276	8.639
100308	40.01114	103.929512	258.029404	722.990529	10371.142	6.789
100328	40.004279	103.971063	258.838098	722.862932	10371.5	1.576
100348	39.99652	104.017897	258.762603	723.422836	10370.668	-0.231
100408	39.988213	104.068242	257.974665	723.998301	10371.047	-0.095
100428	39.981091	104.111138	257.915429	723.348271	10371.671	-4.879
100448	39.973697	104.15553	258.043646	722.822329	10368.78	-11.683
100508	39.965817	104.20268	257.996168	723.018458	10362.687	-14.991
100528	39.95844	104.246546	257.958904	723.56786	10357.397	-11.12
100548	39.950834	104.292164	258.102479	724.770295	10355.393	-4.081
100608	39.942797	104.340509	257.971647	727.156624	10356.049	0.037
100628	39.934859	104.3876	257.166232	730.659772	10356.49	-0.98
100648	39.927275	104.432307	257.232803	733.047955	10354.812	4.416
100708	39.919599	104.477121	258.026299	734.04509	10356.327	15.47
100728	39.911323	104.525047	258.100344	734.884945	10366.799	19.177
100748	39.903533	104.572121	257.85841	734.807156	10373.079	7.513
100808	39.895639	104.61744	256.814041	735.154302	10370.528	-9.18
100828	39.886178	104.663224	254.558333	737.863422	10365.042	-14.302
100848	39.876285	104.709173	254.052852	740.231599	10360.527	-16.509
100908	39.866274	104.756465	255.083226	742.266354	10355.284	-14.194
100928	39.855901	104.805502	255.258145	745.567349	10348.345	0.08
100948	39.846198	104.850388	254.50351	748.34321	10351.869	16.588
101008	39.836699	104.893808	254.010964	750.079948	10363.511	22.888
101028	39.826194	104.942745	254.778187	751.555344	10369.948	13.37
101048	39.816064	104.990016	254.788805	752.285117	10371.319	3.617
101108	39.806293	105.03524	253.973486	753.074385	10370.999	-0.136
101128	39.795688	105.084208	253.913642	755.153001	10371.247	-1.421
101148	39.784907	105.134073	254.038395	756.527053	10370.151	3.909
101208	39.7746	105.181591	253.998096	755.9223	10371.246	7.855
101228	39.764818	105.226217	253.993799	753.835663	10377.702	-2.192
101248	39.754855	105.271882	254.002758	752.479582	10373.503	-13.119
101308	39.744476	105.319598	253.999863	753.076931	10362.69	-14.827
101328	39.734057	105.367029	253.99955	755.154285	10362.359	-8.988
101348	39.724092	105.412242	254.00021	756.64569	10361.853	-10.469
101408	39.714077	105.45756	253.999987	758.122137	10355.618	-14.932
101428	39.703192	105.506499	253.999907	761.484328	10348.921	-6.132
101448	39.692542	105.554476	254.000188	764.361002	10349.754	6.89
101508	39.682169	105.601404	253.99995	766.083946	10356.296	15.247
101528	39.671312	105.650422	253.999144	767.994308	10360.853	16.39
101548	39.660836	105.697216	254.002423	770.304151	10366.376	12.315
101608	39.650348	105.743758	253.999316	772.046403	10371.095	7.869
101628	39.638836	105.795209	253.987311	772.156971	10370.691	7.472
101648	39.627946	105.844111	254.031006	771.926522	10373.033	8.354
101708	39.6179	105.8892	254.0	771.0	10378.0	8.0
101728	39.607295	105.93644	253.830119	767.811702	10378.142	4.634
101748	39.596272	105.984947	254.465477	764.495326	10378.688	-7.207
101808	39.585506	106.032351	255.010014	762.365023	10375.566	-20.787
101828	39.575162	106.078373	254.174065	761.118703	10364.509	-23.626
101848	39.564563	106.125092	253.156627	760.511036	10357.588	-15.364
101908	39.553668	106.172753	253.193213	759.55657	10355.633	-4.712
101928	39.54269	106.220665	253.971586	758.17921	10355.798	0.034
101948	39.531805	106.267989	253.460809	757.824357	10356.818	-3.19
102008	39.521172	106.314256	253.069592	758.032306	10355.055	-9.392
102028	39.510675	106.360115	253.897213	758.007876	10349.37	-9.921
102048	39.499777	106.407661	253.66155	758.59397	10345.615	2.915
102108	39.4887	106.455713	252.913084	765.131851	10349.684	16.799
102128	39.477788	106.502802	252.944349	780.115828	10360.607	17.136
102148	39.466711	106.550694	253.038766	795.040005	10364.578	7.786
102208	39.455116	106.600513	252.994945	803.765329	10362.798	-0.72
102228	39.443049	106.651798	252.994724	804.381137	10362.808	-0.89
102248	39.431404	106.701901	253.00219	799.964924	10363.017	0.834
102308	39.420049	106.751172	253.000033	794.527008	10363.041	-0.29
102328	39.408358	106.801306	253.001897	790.990311	10363.394	-5.225
102348	39.396847	106.850472	252.99279	788.736107	10361.275	-12.359
102408	39.385642	106.898166	253.001924	786.910764	10355.648	-14.853
102428	39.374389	106.94569	253.033248	785.347143	10349.068	-6.047
102448	39.362722	106.995029	252.905817	785.202663	10349.549	7.361
102508	39.351143	107.044054	253.026615	789.375207	10356.345	15.083
102528	39.340295	107.089675	253.804167	798.976173	10361.645	10.831
102548	39.328737	107.138037	253.827934	804.976281	10363.447	3.906
102608	39.316326	107.18996	253.055425	805.877248	10363.038	0.22
102628	39.304388	107.240061	252.891746	808.323418	10363.053	-0.869
102648	39.292683	107.289137	253.02934	810.44014	10362.769	1.086
102708	39.28072	107.339032	253.006002	812.297264	10362.733	6.795
102728	39.268507	107.389736	252.993028	819.914033	10366.492	14.75
102748	39.256402	107.440112	253.00095	830.778076	10373.819	11.696
102808	39.244426	107.490106	252.999202	837.085333	10378.359	-4.648
102828	39.232051	107.541356	253.009328	831.16589	10370.454	-15.442
102848	39.219626	107.59257	252.988652	822.384891	10361.837	-13.067
102908	39.207513	107.642552	252.974592	820.577626	10362.48	-2.036
102928	39.195408	107.692573	253.126206	823.144888	10363.426	1.644
102948	39.182973	107.743621	252.873944	823.536722	10362.933	-0.29
103008	39.170301	107.795138	252.091321	817.01354	10362.968	-0.24
103028	39.158281	107.84421	252.28771	806.042153	10362.966	0.441
103048	39.146597	107.892132	252.967762	796.376775	10362.942	0.272
103108	39.134345	107.942156	252.577907	794.393227	10363.273	-1.005
103128	39.122286	107.991106	251.912764	799.855201	10362.653	1.255
103148	39.110806	108.037485	251.974478	807.053844	10362.22	7.349
103208	39.098212	108.088229	251.953024	807.709212	10367.784	5.829
103228	39.085399	108.140101	252.095117	805.867694	10370.581	-2.133
103248	39.073483	108.188391	252.226425	808.57121	10364.393	-7.934
103308	39.061111	108.236379	250.389427	815.660736	10361.709	-4.386
103328	39.046397	108.28461	247.176103	823.960067	10363.566	0.53
103348	39.028459	108.332452	244.18316	830.72034	10365.08	-1.743
103408	39.008637	108.380676	242.175025	836.239155	10363.621	-5.701
103428	38.988461	108.429767	241.675388	840.91837	10358.203	-4.771
103448	38.969041	108.477431	242.295109	843.641177	10356.403	3.984
103508	38.950479	108.522888	242.983285	844.763408	10361.946	14.373
103528	38.931705	108.568948	242.561675	847.217293	10368.324	12.334
103548	38.912101	108.616889	241.900388	851.002847	10371.256	5.86
103608	38.891639	108.666571	241.912509	854.713572	10370.734	5.456
103628	38.871003	108.716513	242.036449	856.715566	10372.482	8.944
103648	38.850554	108.76593	242.00596	857.739616	10377.303	8.239
103708	38.830302	108.814756	241.992547	859.522429	10380.193	-5.468
103728	38.810586	108.86218	242.002061	855.298277	10374.858	-17.769
103748	38.791383	108.908358	242.000427	845.847209	10364.07	-16.211
103808	38.771968	108.955187	241.999465	845.158232	10361.678	-5.799
103828	38.751875	109.003691	242.000148	849.344081	10363.363	1.273
103848	38.731493	109.052728	242.000031	851.054573	10363.072	0.27
103908	38.711974	109.099376	241.99996	849.810862	10362.931	-0.387
103928	38.692491	109.145942	242.000013	851.23539	10362.981	0.195
103948	38.672365	109.194198	242.000008	856.659407	10362.913	0.244
104008	38.652248	109.242203	241.999987	858.571414	10363.347	-0.711
104028	38.631846	109.290621	241.999998	858.871015	10363.077	-0.148
104048	38.610505	109.341207	242.00005	864.123352	10361.023	5.159
104108	38.589235	109.391645	242.000008	870.750251	10362.686	12.645
104128	38.569122	109.439361	241.999861	873.614749	10372.447	16.883
104148	38.549385	109.48608	242.000314	874.161949	10380.763	7.583
104208	38.529107	109.533926	242.000398	874.72125	10379.829	-10.708
104228	38.507969	109.583736	241.998215	875.797679	10369.777	-17.386
104248	38.486763	109.6336	242.002247	872.305691	10362.249	-13.865
104308	38.466141	109.68201	242.005048	864.671543	10363.227	-9.199
104328	38.445453	109.730736	241.975525	866.88428	10359.108	-4.256
104348	38.424404	109.780212	242.031211	871.277672	10356.386	1.583
104408	38.403342	109.829398	242.070271	869.148294	10361.963	7.203
104428	38.383128	109.876613	241.534138	871.457242	10363.111	8.427
104448	38.362639	109.924308	240.879154	875.674311	10363.877	8.128
104508	38.341059	109.974214	240.86764	876.645316	10369.864	8.522
104528	38.320018	110.022915	241.627405	879.267103	10371.822	4.233
104548	38.299439	110.070866	241.938983	882.704346	10370.882	-0.868
104608	38.278341	110.120224	241.164647	884.594457	10371.058	-0.819
104628	38.256262	110.171433	240.874528	886.282203	10370.396	3.839
104648	38.235019	110.220417	241.025868	886.973575	10371.87	9.058
104708	38.215194	110.266139	241.011491	886.723385	10376.959	9.346
104728	38.193281	110.316535	240.990981	889.18374	10379.22	0.508
104748	38.170377	110.369101	241.00187	892.759038	10377.169	-10.126
104808	38.148586	110.419121	241.000854	894.699604	10372.414	-14.036
104828	38.126951	110.468873	240.999191	895.318645	10366.748	-11.993
104848	38.105215	110.518674	241.000034	891.639124	10362.9	-6.707
104908	38.083632	110.567718	241.000112	882.6578	10362.671	-1.429
104928	38.062301	110.616272	240.99995	879.955444	10363.156	0.516
104948	38.041143	110.664725	241.000003	884.204945	10362.989	-0.016
105008	38.020001	110.713164	241.000011	886.634134	10362.917	0.115
105028	37.998887	110.761062	240.999988	887.149257	10363.181	-0.549
105048	37.9774	110.8095	241.0	887.0	10363.0	0.0
105108	37.955241	110.859761	241.00004	886.872026	10362.147	5.31
105128	37.933983	110.908042	240.9999	887.312989	10365.442	9.461
105148	37.9135	110.9544	241.0	888.0	10371.0	8.0
105208	37.892056	111.00276	241.000549	888.081806	10371.628	2.119
105228	37.870145	111.051992	240.998613	887.906554	10370.643	-0.345
105248	37.8482	111.1012	241.0	887.0	10371.0	0.0
105308	37.826114	111.150775	241.007641	884.125107	10371.751	-4.685
105328	37.804165	111.200031	240.980687	879.563953	10368.893	-10.993
105348	37.7826	111.2483	241.0	875.0	10363.0	-15.0
105408	37.761434	111.2955	241.106429	872.521537	10358.371	-15.669
105428	37.740332	111.342617	240.693973	871.76657	10353.16	-13.774
105448	37.719	111.3902	240.0	871.0	10348.0	-8.0
105508	37.69739	111.438062	239.926809	868.509751	10346.81	3.02
105528	37.675891	111.48588	240.031227	865.612465	10350.274	11.117
105548	37.6547	111.5332	240.0	863.0	10356.0	13.0
105608	37.633682	111.579733	239.974649	860.364821	10360.311	11.535
105628	37.612577	111.626287	240.006363	858.962184	10363.262	5.045
105648	37.591316	111.673253	240.049703	859.868228	10364.454	-5.001
105708	37.570441	111.719107	239.885684	862.326439	10359.783	-4.844
105728	37.549749	111.764757	239.968712	863.101392	10355.856	6.399
105748	37.52823	111.812793	240.649902	860.635861	10364.897	15.203
105808	37.505131	111.860736	238.649518	870.508907	10372.72	11.725
105828	37.480113	111.90701	234.420752	890.181772	10371.377	0.891
105848	37.453505	111.952847	233.479748	892.702988	10370.127	0.28
105908	37.427133	111.997515	234.143899	885.818385	10371.948	-2.702
105928	37.401803	112.040885	234.029782	882.28072	10371.915	-13.93
105948	37.376101	112.084808	233.962686	881.314095	10361.547	-14.34
110008	37.349469	112.130146	234.010264	882.856074	10355.988	-3.37
110028	37.322407	112.176253	234.002066	886.421937	10362.196	7.458
110048	37.296069	112.221349	233.997863	890.038083	10363.988	4.603
110108	37.269664	112.266349	233.99979	892.895943	10362.747	-1.167
110128	37.243008	112.311396	233.999142	894.799393	10362.968	-0.317
110148	37.21741	112.354744	234.007394	895.572993	10362.884	0.984
110208	37.190761	112.399941	233.986729	894.229202	10363.311	-1.406
110228	37.162708	112.447449	233.981989	892.077938	10363.442	-6.977
110248	37.136795	112.491265	234.103692	893.351118	10359.366	-10.222
110308	37.111028	112.534738	233.835906	895.344123	10355.175	-5.431
110328	37.083622	112.58088	233.103638	895.772883	10355.467	6.035
110348	37.05718	112.625334	232.89496	897.905117	10359.233	12.629
110408	37.031265	112.668883	233.023262	900.508917	10364.229	14.199
110428	37.0047	112.713516	233.020232	901.287684	10368.819	11.864
110448	36.977914	112.758433	232.99207	900.393215	10372.936	-0.971
110508	36.951231	112.803165	232.999572	899.943121	10371.411	-14.758
110528	36.924622	112.847903	233.001534	902.461639	10359.526	-9.084
110548	36.897756	112.892885	232.999419	904.660493	10358.272	7.971
110608	36.870563	112.938134	232.999955	904.093503	10370.5	15.353
110628	36.84336	112.983382	233.000403	901.516524	10374.07	-3.317
110648	36.816415	113.028191	232.9993	899.099187	10366.521	-19.74
110708	36.789373	113.073119	232.999795	899.819287	10356.331	-15.611
110728	36.761541	113.119308	233.004103	905.309987	10354.388	-0.075
110748	36.733805	113.165164	232.990787	908.867124	10357.772	12.253
110808	36.706472	113.210325	232.997172	908.960705	10362.714	15.035
110828	36.678851	113.256211	233.057035	910.951333	10368.557	11.965
110848	36.651174	113.301739	232.871716	912.107549	10372.038	3.558
110908	36.62421	113.346195	232.960614	909.26277	10371.153	-7.492
110928	36.598512	113.390503	234.302463	902.854198	10366.516	-14.811
110948	36.572336	113.437065	235.230294	899.021966	10360.002	-12.474
111008	36.54566	113.484729	235.053747	899.720665	10355.931	-2.145
111028	36.520684	113.528849	234.948379	900.720478	10359.419	6.504
111048	36.495909	113.572338	235.012683	901.077925	10363.68	7.089
111108	36.469911	113.618053	235.004271	901.076757	10363.192	1.009
111128	36.443997	113.663442	234.993765	900.604813	10362.928	-1.346
111148	36.417307	113.710155	235.004729	901.607025	10362.846	0.986
111208	36.389752	113.758443	235.006313	903.866616	10362.695	6.39
111228	36.363894	113.803533	234.964327	902.819499	10366.08	14.792
111248	36.338617	113.847447	235.053529	900.436426	10373.595	11.765
111308	36.312715	113.892426	235.084113	899.891122	10378.67	-5.322
111328	36.287533	113.936071	234.355103	900.794991	10369.321	-11.456
111348	36.262144	113.980031	234.080677	900.678941	10363.244	-5.689
111408	36.235258	114.026582	234.874673	898.471021	10370.274	0.028
111428	36.207229	114.075055	235.09986	896.576443	10367.873	-4.551
111448	36.180883	114.120597	235.003947	895.948743	10362.023	-7.51
111508	36.156975	114.161962	235.043377	896.04243	10362.701	-1.064
111528	36.131464	114.206087	234.549301	895.451803	10363.267	0.938
111548	36.103714	114.253647	233.758777	895.014246	10362.966	-0.126
111608	36.075851	114.297913	231.435132	898.77483	10363.017	0.107
111628	36.048344	114.336586	228.162062	905.549326	10362.999	0.025
111648	36.018764	114.377555	228.301428	907.014024	10363.034	-0.198
111708	35.987621	114.420836	229.000404	905.470805	10362.937	0.306
111728	35.956619	114.463748	228.114878	904.206235	10362.933	0.319
111748	35.927156	114.504518	227.856593	902.528087	10363.507	-3.839
111808	35.897357	114.54569	228.04077	900.039493	10362.028	-10.223
111828	35.866664	114.587987	228.011374	898.040926	10357.17	-14.689
111848	35.837671	114.6279	227.988409	899.280092	10351.381	-13.531
111908	35.807956	114.66873	228.002341	901.337032	10347.266	-5.259
111928	35.77594	114.712645	228.001061	901.277559	10347.167	6.127
111948	35.745693	114.754154	227.999054	900.114561	10352.208	9.537
112008	35.716469	114.794221	228.000224	901.799376	10356.289	7.697
112028	35.686102	114.835736	228.000351	906.043763	10355.697	7.657
112048	35.655554	114.877441	227.998862	901.957488	10359.022	8.878
112108	35.625715	114.918268	228.00113	895.193467	10363.498	7.158
112128	35.596484	114.958355	228.003627	894.830669	10363.321	1.29
112148	35.566441	114.999314	227.984986	894.32022	10362.77	-0.75
112208	35.536086	115.040742	228.015597	891.243676	10363.057	0.064
112228	35.506438	115.08129	228.050425	887.641605	10363.091	-0.158
112248	35.47691	115.120541	227.717978	886.782725	10362.648	1.169
112308	35.446999	115.159279	227.183334	887.82489	10362.525	1.763
112328	35.416432	115.198839	226.938006	887.595375	10363.85	-3.573
112348	35.386	115.2385	227.0	888.0	10363.0	-8.0
112408	35.356644	115.276731	227.011105	893.029198	10356.558	1.295
112428	35.325891	115.316727	226.995924	895.182232	10359.794	13.374
112448	35.2943	115.3578	227.0	893.0	10371.0	15.0
112508	35.264846	115.396073	226.998732	892.501758	10372.535	3.482
112528	35.234752	115.435075	227.004928	893.733647	10369.712	1.878
112548	35.2032	115.4759	227.0	895.0	10371.0	9.0
112608	35.172286	115.515924	226.984725	895.053326	10377.462	2.14
112628	35.142027	115.555049	227.103624	894.89876	10375.16	-6.512
112648	35.111793	115.594026	226.83205	895.099187	10370.182	-7.092
112708	35.080978	115.633574	226.096622	895.143111	10370.768	-1.018
112728	35.049297	115.673982	225.938215	893.872772	10371.097	1.4
112748	35.018109	115.713729	225.97101	892.888081	10371.169	-1.067
112808	34.987908	115.752307	225.925028	892.403471	10371.341	-6.519
112828	34.956886	115.791814	226.626638	889.26938	10367.693	-14.036
112848	34.925952	115.831125	226.938089	888.493945	10360.752	-12.971
112908	34.8958	115.869448	226.152729	891.754374	10355.876	-1.682
112928	34.86483	115.908789	225.741981	890.309512	10360.261	1.644
112948	34.833786	115.948192	226.242289	887.56304	10362.227	-0.488
113008	34.803596	115.986434	226.986419	887.889702	10356.41	-0.336
113028	34.773521	116.024363	226.478881	887.672007	10359.617	-3.172
113048	34.742758	116.063354	226.052248	886.912929	10362.324	-53.946
113108	34.711164	116.103796	226.87299	887.452288	10336.093	-166.488
113128	34.679916	116.143637	226.675021	889.901963	10250.358	-250.927
113148	34.649778	116.181936	225.911331	892.32743	10146.743	-309.832
113208	34.620128	116.219687	225.945376	892.938615	10056.718	-389.958
113228	34.588523	116.259702	226.028584	893.105646	9903.612	-492.003
113248	34.557502	116.299	226.002974	891.328864	9707.278	-576.844
113308	34.52898	116.335229	226.026276	885.968323	9516.64	-612.249
113328	34.497453	116.374559	225.978487	879.109525	9303.557	-623.649
113348	34.465882	116.415048	227.5838	869.79708	9088.344	-621.348
113408	34.438895	116.453878	231.777362	855.827856	8894.861	-622.741
113428	34.413728	116.496113	236.089861	838.32616	8682.897	-673.586
113448	34.392763	116.537479	241.1155	825.212484	8434.722	-734.487
113508	34.373979	116.581286	243.89829	824.826172	8175.708	-668.874
113528	34.355335	116.626913	243.799603	832.5404	7973.248	-548.944
113548	34.336889	116.671195	243.037041	838.042125	7833.156	-517.622
113608	34.31841	116.716309	243.449594	833.326029	7655.152	-600.161
113628	34.300001	116.761952	244.09736	824.717049	7425.507	-689.28
113648	34.281943	116.806797	244.01374	817.748889	7179.38	-697.795
113708	34.264445	116.850277	244.086689	807.224459	6954.083	-667.229
113728	34.247049	116.893394	243.827442	797.794293	6740.392	-657.503
113748	34.229293	116.937363	243.718582	789.757585	6521.124	-656.846
113808	34.2122	116.9816	247.0	772.0	6309.0	-586.0
113828	34.200104	117.022686	252.684311	759.549879	6125.119	-623.635
113848	34.188302	117.066305	252.434408	756.789613	5902.34	-622.729
113908	34.176855	117.108675	251.715194	751.94859	5699.713	-608.817
113928	34.165165	117.151623	252.045536	743.152728	5505.76	-629.341
113948	34.152869	117.196544	252.010974	733.139476	5281.331	-681.942
114008	34.141887	117.236469	251.962952	721.937718	5047.191	-695.009
114028	34.130799	117.276923	252.045876	720.135858	4814.707	-640.925
114048	34.118791	117.320617	252.027226	723.462924	4605.104	-530.696
114108	34.107323	117.361624	251.714415	708.160181	4453.144	-402.287
114128	34.097065	117.3999	252.615613	675.768398	4354.674	-297.084
114148	34.088367	117.435637	254.470379	646.134525	4270.808	-227.832
114208	34.08024	117.469027	254.431911	629.80394	4186.729	-207.597
114228	34.069874	117.503851	250.889572	605.302479	4155.619	-300.137
114248	34.057817	117.539464	246.738611	577.726478	4095.727	-477.953
114308	34.046095	117.573193	246.424513	564.676544	3873.093	-668.508
114328	34.034967	117.604504	247.927786	568.732021	3535.24	-780.356
114348	34.023391	117.634587	244.785165	580.61487	3264.678	-713.07
114408	34.012287	117.666558	246.316555	583.534238	3101.527	-525.32
114428	34.004843	117.70227	263.699568	565.329739	2950.66	-431.914
114448	34.001855	117.734657	263.362222	556.945791	2812.27	-469.42
114508	33.998677	117.768216	262.3639	562.109713	2641.996	-489.017
114528	33.995138	117.801833	263.139139	564.357826	2473.669	-469.105
114548	33.991925	117.834645	262.979706	557.659722	2330.195	-424.927
114608	33.988581	117.868854	263.66713	552.84717	2189.216	-356.024
114628	33.985351	117.90175	263.901137	547.119437	2081.796	-285.895
114648	33.982392	117.932177	263.074065	534.725658	2011.211	-250.944
114708	33.979432	117.962765	262.751919	513.81467	1927.64	-280.025
114728	33.976354	117.993606	263.325669	489.079031	1823.19	-330.968
114748	33.973371	118.023279	263.994975	466.862747	1704.455	-357.496
114808	33.970896	118.050162	263.459738	451.838208	1579.108	-347.092
114828	33.968521	118.075478	262.876002	443.012187	1467.044	-329.88
114848	33.965878	118.101313	262.984471	435.874276	1366.703	-327.644
114908	33.963074	118.128709	263.028413	425.224242	1251.413	-334.617
114928	33.960558	118.153942	262.991097	413.446846	1137.044	-350.362
114948	33.958333	118.17648	262.998885	403.000527	1025.378	-365.451
115008	33.955863	118.200678	263.00204	391.557176	891.798	-358.953
115028	33.953515	118.223847	262.999361	369.08543	771.852	-328.308
115048	33.951499	118.244297	262.99992	342.632656	680.121	-298.051
115108	33.949483	118.264348	263.000146	334.896224	582.266	-300.299
115128	33.94755	118.283414	262.999955	317.09554	474.324	-266.868
115148	33.945774	118.300988	262.999995	282.64896	386.42	-201.051
115208	33.944043	118.317893	263.000004	267.45816	353.834	-215.222
115228	33.942343	118.334115	262.999992	259.765712	296.163	-274.597
115248	33.94071	118.349604	262.999993	253.104185	198.009	-316.979
115308	33.939194	118.364444	262.999999	251.5634	93.06	-291.982
115328	33.937812	118.378817	263.0	255.262582	15.237	-164.505
