062336	40.6435	73.8062	300.0	274.0	221.0	786.0
062356	40.646436	73.825253	262.946098	302.256475	431.666	440.292
062416	40.640098	73.844285	240.903337	346.792709	533.554	287.07
062436	40.626603	73.861935	210.291388	412.114616	628.805	336.024
062456	40.605487	73.864951	170.930924	486.71166	771.248	742.984
062516	40.583985	73.846303	130.82485	501.713538	1110.041	855.015
062536	40.572759	73.818343	113.140456	510.304482	1329.185	720.512
062556	40.56074	73.788031	116.897123	521.069006	1596.392	774.712
062616	40.547963	73.757844	119.940298	534.483481	1866.662	795.414
062636	40.53985	73.724475	98.709564	539.639303	2112.688	546.067
062656	40.544448	73.690063	65.384948	528.870409	2231.134	436.783
062716	40.558706	73.659535	55.769169	536.113815	2402.466	527.525
062736	40.574194	73.63045	56.237528	556.363869	2591.254	549.688
062756	40.589048	73.599839	55.782632	569.849007	2765.456	554.163
062816	40.607899	73.573267	35.832839	543.196536	2956.781	484.356
062836	40.632531	73.560918	9.198256	515.625944	3098.068	342.173
062856	40.658401	73.557253	7.462326	543.991555	3190.332	391.303
062916	40.685724	73.553133	1.146621	569.035764	3343.663	489.126
062936	40.714548	73.548538	17.946907	581.943081	3532.421	560.583
062956	40.744252	73.544228	18.749305	594.523379	3719.49	579.863
063016	40.773777	73.538715	-50.969967	607.947041	3921.129	565.128
063036	40.803387	73.541607	309.130721	579.941981	4102.377	648.365
063056	40.829505	73.555309	358.219886	552.72556	4340.726	765.382
063116	40.854825	73.570514	314.895181	545.643002	4627.227	726.4
063136	40.87988	73.584	341.932531	554.065621	4842.233	528.054
063156	40.904686	73.597086	338.73927	574.15698	4949.937	319.283
063216	40.932367	73.611769	338.630302	599.699004	5048.251	235.672
063236	40.96298	73.628783	335.828505	623.652676	5097.304	73.949
063256	40.985814	73.654919	307.009118	616.726958	5098.497	9.352
063316	40.99704	73.692689	283.043129	615.117787	5104.866	-0.454
063336	41.0025	73.7325	281.0	616.0	5098.0	-0.0
063356	41.008109	73.770771	281.070619	616.068516	5104.14	0.561
063416	41.014023	73.810867	280.89208	615.549159	5103.559	-6.037
063436	41.019861	73.85225	281.018034	616.384998	5096.877	-5.161
063456	41.025552	73.892455	281.014626	618.215198	5096.141	7.949
063516	41.030991	73.930435	280.986071	616.114482	5104.263	2.509
063536	41.036856	73.971816	281.046245	615.630935	5099.666	-0.788
063556	41.042212	74.010104	280.561136	583.759994	5099.876	1.284
063616	41.046996	74.044504	279.861877	535.115211	5105.736	-1.113
063636	41.051755	74.078683	279.665505	502.283266	5103.281	-6.406
063656	41.0561	74.1097	280.0	476.0	5098.0	-6.0
063716	41.059813	74.136015	280.699807	448.38095	5096.535	4.211
063736	41.063763	74.164407	281.159524	435.503482	5100.826	7.908
063756	41.0681	74.1959	281.0	438.0	5105.0	0.0
063816	41.072162	74.225207	280.324684	439.200915	5100.791	-7.966
063836	41.076019	74.253122	279.81053	438.876227	5096.613	-3.963
063856	41.0799	74.2812	280.0	439.0	5098.0	8.0
063916	41.083944	74.310071	280.808733	439.209642	5102.759	11.154
063936	41.088051	74.339951	280.817526	438.467403	5106.352	2.095
063956	41.092	74.3692	280.0	438.0	5105.0	-8.0
064016	41.095654	74.395762	279.77536	439.141479	5099.094	-3.876
064036	41.09944	74.422871	280.412609	434.963711	5099.904	2.188
064056	41.1035	74.4522	281.0	438.0	5105.0	0.0
064116	41.107643	74.482916	280.379643	471.474772	5101.039	-7.645
064136	41.112051	74.51569	279.847885	515.468998	5096.337	-3.457
064156	41.1167	74.5499	280.0	546.0	5098.0	8.0
064216	41.121378	74.584075	280.132231	552.764582	5103.934	4.693
064236	41.126309	74.620006	279.717044	551.676339	5103.148	-4.101
064256	41.1311	74.657	280.0	550.0	5098.0	-9.0
064316	41.136845	74.691658	285.559887	546.050281	5097.798	27.278
064336	41.14929	74.723736	299.059661	553.106679	5107.907	207.215
064356	41.163158	74.755659	301.642507	559.958907	5207.227	411.096
064416	41.177211	74.788533	299.256794	562.991419	5378.32	528.136
064436	41.191717	74.821984	299.558284	564.605746	5573.626	543.277
064456	41.205927	74.854694	300.220929	568.264035	5758.032	524.203
064516	41.219742	74.886594	300.142369	574.473345	5922.65	506.374
064536	41.233761	74.918907	299.985429	580.732643	6084.046	488.448
064556	41.248137	74.951992	300.016125	585.309481	6247.423	468.987
064616	41.26238	74.984972	299.858585	588.342371	6399.349	448.545
064636	41.27715	75.019249	300.233521	592.641093	6542.731	423.98
064656	41.292385	75.05454	301.034798	599.777725	6681.441	401.534
064716	41.306717	75.087793	300.707805	607.362654	6811.654	397.136
064736	41.321149	75.121353	300.021506	612.827751	6942.254	400.87
064756	41.336709	75.157581	299.924358	614.864716	7080.32	398.064
064816	41.352371	75.193997	300.025692	617.715776	7212.933	376.372
064836	41.367723	75.229691	300.001188	623.653393	7332.299	342.521
064856	41.38353	75.266598	300.003449	630.743326	7442.616	319.184
064916	41.399606	75.304145	299.996022	636.430466	7546.079	305.914
064936	41.415535	75.341259	299.943314	639.634428	7644.664	297.423
064956	41.4311	75.3777	300.0	644.0	7742.0	295.0
065016	41.44657	75.414064	300.062109	651.204051	7841.036	300.514
065036	41.463178	75.452684	298.781683	653.242402	7941.45	309.053
065056	41.477508	75.490663	294.332296	650.085642	8045.523	290.345
065116	41.489183	75.528862	290.372502	649.948665	8141.366	251.095
065136	41.501022	75.570246	290.808033	656.700364	8216.432	229.805
065156	41.512857	75.611581	291.17183	661.290262	8285.059	238.078
065216	41.524639	75.652514	290.977758	663.792611	8374.742	268.133
065236	41.536667	75.694493	291.013285	665.72925	8475.868	270.628
065256	41.5484	75.7355	291.0	668.0	8557.0	255.0
065316	41.55924	75.773345	290.999584	672.772065	8639.017	296.127
065336	41.571902	75.817679	291.000756	671.883756	8752.804	288.231
065356	41.58477	75.862872	290.999783	671.732915	8846.473	237.548
065416	41.596209	75.903154	290.999985	675.693516	8902.092	204.173
065436	41.60707	75.941433	290.999917	676.649484	8973.638	229.653
065456	41.618834	75.9829	291.000332	674.427842	9058.782	269.594
065516	41.631388	76.0272	290.998701	671.921705	9157.894	253.632
065536	41.6435	76.0702	291.0	673.0	9243.0	186.0
065556	41.654781	76.110684	291.004032	679.639203	9269.677	153.157
065616	41.666883	76.153893	290.972646	683.964361	9312.22	250.443
065636	41.679034	76.196855	291.04054	677.581008	9436.054	405.661
065656	41.690695	76.237945	290.931259	663.015517	9620.479	461.606
065716	41.702935	76.281523	290.196134	654.305597	9763.642	350.247
065736	41.714403	76.322977	289.921061	652.489511	9846.186	249.703
065756	41.725241	76.362334	289.989967	652.94906	9908.897	218.965
065816	41.736475	76.4026	289.894547	651.951252	9992.402	214.374
065836	41.748046	76.443599	290.504558	653.294041	10062.013	207.368
065856	41.759621	76.484768	290.980285	655.028316	10121.839	207.842
065916	41.770961	76.525778	290.249157	653.101531	10197.245	223.071
065936	41.782214	76.566683	289.864677	650.201658	10278.655	196.418
065956	41.793497	76.607659	290.018028	650.38537	10339.493	125.025
070016	41.804876	76.648935	290.016912	654.286698	10361.076	49.658
070036	41.816424	76.690708	289.990518	654.135324	10363.895	8.462
070056	41.827899	76.732408	290.001108	651.896865	10362.872	-0.369
070116	41.838995	76.773145	290.000315	653.745942	10362.836	-0.204
070136	41.84981	76.812685	290.002571	657.440098	10363.255	-0.427
070156	41.860779	76.85276	289.997487	660.294736	10362.839	0.494
070216	41.872194	76.894741	289.987496	661.071602	10362.253	6.066
070236	41.883551	76.936098	290.045473	660.717562	10366.327	10.019
070256	41.894791	76.976998	289.963704	661.22444	10371.461	6.957
070316	41.90599	77.018391	289.824627	662.973702	10371.584	-0.157
070336	41.916746	77.05814	290.699728	661.494099	10370.312	5.774
070356	41.928427	77.101426	290.807929	657.709979	10374.212	8.185
070416	41.940673	77.147079	289.944682	654.795416	10377.923	-0.924
070436	41.951595	77.187821	289.915276	653.496638	10372.89	-7.203
070456	41.961787	77.225705	290.042768	651.91374	10370.546	-7.498
070516	41.972294	77.26478	289.995881	649.805061	10370.81	-7.242
070536	41.983594	77.307076	289.992222	648.016265	10365.985	-12.422
070556	41.994591	77.348309	290.003017	645.793815	10360.58	-16.232
070616	42.0052	77.388	290.0	644.0	10356.0	-15.0
070636	42.016298	77.429309	289.999452	644.170376	10350.045	-10.644
070656	42.027424	77.470258	290.000217	643.120976	10347.428	-5.365
070716	42.0384	77.5103	290.0	642.0	10348.0	0.0
070736	42.049597	77.551293	289.99996	645.1766	10347.347	5.576
070756	42.061049	77.593569	290.000018	648.010967	10350.223	10.012
070816	42.0723	77.6352	290.0	649.0	10356.0	15.0
070836	42.082932	77.674253	289.999984	651.302029	10359.628	22.187
070856	42.094178	77.71583	290.000036	654.881156	10368.652	19.996
070916	42.105752	77.75887	290.00001	657.912123	10377.907	8.546
070936	42.116105	77.797107	289.999808	658.379819	10373.302	0.98
070956	42.126781	77.836772	290.00043	657.707081	10372.632	0.721
071016	42.138418	77.880147	290.000132	657.936105	10378.037	0.316
071036	42.149865	77.922379	289.99924	659.823036	10371.644	-8.581
071056	42.161244	77.965201	290.009868	660.87167	10369.823	-4.819
071116	42.17267	78.008198	289.979749	661.019755	10371.37	1.324
071136	42.183745	78.049446	289.986708	661.002222	10371.047	0.162
071156	42.193973	78.088154	290.142379	660.998694	10370.903	-0.259
071216	42.204848	78.129625	289.697426	660.99482	10371.051	0.005
071236	42.216731	78.174765	289.001633	660.995848	10371.019	-0.047
071256	42.228012	78.217488	289.615443	661.046048	10370.826	0.611
071316	42.239043	78.258965	289.941846	660.888768	10371.337	-1.368
071336	42.250117	78.301076	289.094529	660.126615	10371.219	-5.701
071356	42.260666	78.343257	288.352978	658.62599	10367.23	-6.743
071416	42.270879	78.385221	288.014925	657.941748	10363.17	-6.013
071436	42.281118	78.426794	287.973015	659.36709	10363.314	-6.87
071456	42.291188	78.467631	288.008455	659.792323	10361.511	-8.726
071516	42.301179	78.508359	288.001059	658.147093	10356.351	-8.349
071536	42.311609	78.5504	287.998063	657.503426	10355.319	-2.795
071556	42.322013	78.592323	288.000607	658.675102	10356.302	0.363
071616	42.332257	78.63395	288.000076	660.806517	10356.093	-0.175
071636	42.342873	78.677221	287.999861	662.328872	10355.218	4.474
071656	42.35329	78.719888	288.000044	663.453767	10357.614	9.428
071716	42.363374	78.761302	288.000005	664.832139	10362.652	8.482
071736	42.373857	78.804083	287.99999	666.748784	10363.825	2.065
071756	42.384358	78.847078	288.000003	668.801783	10362.355	1.006
071816	42.394581	78.889206	288.0	670.791281	10362.677	7.451
071836	42.404834	78.931274	287.999999	672.6981	10367.982	9.716
071856	42.415345	78.974249	288.0	672.571189	10371.787	5.859
071916	42.426037	79.017873	288.0	671.045799	10371.1	0.337
071936	42.436604	79.060807	288.000001	671.928611	10370.804	-0.564
071956	42.447342	79.104495	287.999997	673.489677	10371.089	0.08
072016	42.458149	79.148853	287.999998	673.981755	10371.029	-0.051
072036	42.468361	79.191313	288.000018	674.070458	10370.755	0.758
072056	42.478506	79.233325	287.999964	673.882807	10371.465	-1.737
072116	42.489114	79.276756	287.999976	673.126926	10371.302	-7.547
072136	42.500039	79.321565	288.000254	671.617795	10366.045	-9.494
072156	42.510442	79.364549	287.999495	670.953176	10362.229	-6.025
072216	42.520376	79.405925	287.99967	671.060985	10362.918	-0.418
072236	42.530981	79.450218	288.003533	669.506678	10362.995	1.372
072256	42.541538	79.494229	287.992964	666.994695	10363.317	-1.821
072316	42.551514	79.5357	287.995402	665.105831	10363.237	-7.491
072336	42.561432	79.577014	288.049205	664.7717	10358.886	-10.337
072356	42.571619	79.619925	287.902001	665.144992	10354.907	-4.111
072416	42.582056	79.663627	287.935963	665.064203	10355.657	7.246
072436	42.592352	79.705508	288.685339	663.945127	10360.407	9.406
072456	42.601855	79.748747	286.479813	662.383998	10363.808	4.96
072516	42.609453	79.794228	280.452125	661.214776	10363.458	0.678
072536	42.613706	79.837555	275.12546	660.987617	10362.605	0.39
072556	42.61568	79.879591	272.938494	660.957386	10363.129	-0.403
072616	42.617656	79.923923	273.579183	660.202373	10363.914	-6.606
072636	42.619779	79.969495	274.273673	660.096646	10359.708	-6.681
072656	42.621913	80.015154	273.935471	661.142029	10356.069	0.85
072716	42.624	80.060477	273.206319	662.606347	10360.986	7.452
072736	42.625948	80.10546	272.905961	663.181425	10363.894	5.72
072756	42.627782	80.150655	273.00877	662.981535	10362.944	-0.47
072816	42.62959	80.196221	273.013285	662.95996	10363.127	-1.472
072836	42.631345	80.240211	272.993779	663.059302	10362.229	3.758
072856	42.633074	80.282869	273.00034	662.973371	10363.455	8.039
072916	42.634859	80.326317	272.998485	662.77884	10369.809	3.56
072936	42.636765	80.372162	273.006708	663.702066	10369.003	-4.225
072956	42.638693	80.419117	272.998003	665.036878	10362.817	-7.988
073016	42.640493	80.464562	272.964946	665.080944	10362.646	-3.533
073036	42.642312	80.509654	273.099605	665.128582	10362.446	4.332
073056	42.644083	80.554849	272.971842	666.067448	10363.224	7.95
073116	42.645585	80.599481	272.167758	667.536034	10369.837	2.847
073136	42.646937	80.643685	272.229498	668.181413	10368.544	-1.977
073156	42.648379	80.688256	273.027188	667.991242	10362.963	0.321
073216	42.650055	80.733682	273.115669	667.975529	10367.962	7.612
073236	42.651641	80.778132	272.868771	667.998945	10372.787	3.456
073256	42.653072	80.822471	273.028563	668.003345	10370.764	-8.406
073316	42.654536	80.868806	273.813604	668.067378	10364.971	-10.009
073336	42.656003	80.91408	273.837515	667.803822	10362.211	-4.696
073356	42.657475	80.958459	272.953249	668.055702	10363.041	0.124
073416	42.658968	81.004504	272.199791	669.99676	10363.176	0.268
073436	42.660311	81.050022	271.893476	671.975825	10362.802	0.282
073456	42.661565	81.095088	272.013477	673.033853	10363.043	-0.125
073516	42.662914	81.141617	272.184466	673.594262	10363.705	-5.047
073536	42.664167	81.187842	271.504298	674.77913	10360.677	-11.103
073556	42.665475	81.231936	272.138939	676.031167	10355.835	-8.444
073616	42.667813	81.274812	276.414101	676.027907	10355.549	7.187
073636	42.673031	81.322636	278.752519	676.01393	10360.153	11.444
073656	42.679116	81.371131	279.023434	675.909092	10363.63	5.718
073716	42.684258	81.416096	279.004845	675.892676	10363.13	0.445
073736	42.68925	81.46004	278.993965	677.185212	10362.837	-0.548
073756	42.694232	81.503802	279.001596	678.134535	10363.045	0.152
073816	42.699228	81.548242	279.000256	677.98126	10363.009	0.031
073836	42.704496	81.594838	279.000256	678.566925	10362.988	-0.039
073856	42.709662	81.640721	278.99891	679.042393	10363.004	0.01
073916	42.71463	81.684871	278.998738	678.95297	10363.001	0.001
073936	42.719958	81.73082	279.009621	679.855881	10362.996	0.008
073956	42.725364	81.777592	278.983056	681.710771	10363.005	-0.018
074016	42.7305	81.823381	278.97707	683.679668	10363.007	-0.025
074036	42.735448	81.868181	279.13193	685.000573	10362.961	0.147
074056	42.740398	81.913439	278.793418	686.599529	10363.059	-0.221
074116	42.745473	81.959955	278.036846	688.707579	10363.093	-0.348
074136	42.750623	82.00654	278.439299	689.535696	10362.455	3.255
074156	42.75571	82.052696	279.115826	690.429306	10363.883	10.351
074216	42.760668	82.098303	279.049211	691.920425	10369.271	15.39
074236	42.765613	82.1434	278.939423	691.153615	10376.026	8.815
074256	42.770688	82.189733	279.040653	689.843021	10377.399	-2.405
074316	42.775903	82.237984	279.078775	689.993461	10371.982	-7.702
074336	42.781018	82.28532	278.505637	689.560051	10370.727	-7.353
074356	42.785894	82.330825	277.912874	688.917575	10370.417	-9.252
074416	42.790664	82.375836	277.942645	688.979051	10364.83	-14.933
074436	42.795757	82.423198	278.139494	688.937095	10357.909	-9.507
074456	42.800825	82.471269	277.850698	689.118772	10356.597	2.981
074516	42.805642	82.517441	277.673812	689.847515	10361.978	9.458
074536	42.810964	82.562078	279.996505	690.148995	10363.469	3.042
074556	42.816979	82.606962	281.562288	689.509956	10362.621	-0.957
074616	42.823213	82.652316	280.898727	689.01623	10363.104	-0.173
074636	42.829285	82.697819	280.073971	689.756671	10363.691	-5.444
074656	42.835758	82.746056	280.289655	689.989845	10360.434	-10.474
074716	42.842331	82.793953	281.054262	690.067661	10355.67	-7.083
074736	42.848383	82.8375	281.111269	691.519784	10355.278	5.449
074756	42.854614	82.883198	280.472814	693.467584	10359.596	10.78
074816	42.860971	82.931191	279.928546	695.532575	10363.583	6.317
074836	42.867155	82.978819	279.968805	697.570289	10363.391	0.326
074856	42.873366	83.026333	280.021721	699.037104	10362.022	3.108
074916	42.87952	83.073198	279.999016	700.370113	10364.095	9.034
074936	42.885508	83.118948	280.007095	701.778784	10369.945	8.957
074956	42.891508	83.164345	279.956282	702.176867	10371.837	3.726
075016	42.897654	83.209936	280.057673	701.949932	10370.779	-0.551
075036	42.903762	83.25617	280.130519	701.94843	10370.797	-0.222
075056	42.909185	83.303564	279.103351	702.268298	10371.84	-0.201
075116	42.913945	83.351843	277.533045	702.760917	10372.031	-3.132
075136	42.918425	83.400305	276.819957	703.183077	10368.916	-9.714
075156	42.9227	83.4479	277.0	703.0	10363.0	-15.0
075216	42.926679	83.494093	277.032423	702.043661	10357.603	-11.586
075236	42.93082	83.541557	276.987716	702.64288	10355.444	-4.458
075256	42.9351	83.5898	277.0	705.0	10356.0	0.0
075316	42.939093	83.636001	276.998785	707.082496	10356.255	-0.338
075336	42.943197	83.683695	277.008071	708.928358	10355.559	2.011
075356	42.9475	83.7333	277.0	711.0	10356.0	8.0
075416	42.951664	83.781518	276.950573	713.555727	10360.305	11.332
075436	42.955727	83.829146	277.13662	716.493847	10365.379	12.246
075456	42.959771	83.877157	277.306114	718.772174	10369.114	10.255
075516	42.963816	83.925596	276.626783	718.532135	10371.851	2.497
075536	42.967814	83.97372	275.911745	716.27059	10371.625	-7.934
075556	42.971696	84.0205	277.472823	715.595648	10365.116	-10.477
075616	42.97585	84.069464	278.032566	717.437157	10361.684	-4.137
075636	42.980124	84.11986	276.79618	719.059652	10363.31	-0.221
075656	42.984123	84.168668	275.940804	719.591582	10363.918	-6.358
075716	42.988084	84.217681	276.551753	725.546863	10359.536	-7.129
075736	42.992105	84.267216	275.523545	721.630836	10355.994	1.709
075756	42.996116	84.316121	273.66975	713.342681	10360.491	12.731
075816	43.00004	84.363658	284.445495	774.946363	10367.414	15.178
075836	43.004009	84.412498	269.231179	688.74705	10371.214	7.371
075856	43.008131	84.464547	228.502912	457.749155	10370.819	-1.114
075916	43.012137	84.515744	256.72391	616.463245	10370.628	-0.331
075936	43.015776	84.56448	281.336346	765.549563	10371.531	-1.534
075956	43.018773	84.611987	273.437696	736.933262	10371.15	-6.827
080016	43.020965	84.661304	270.963473	726.8014	10366.124	-7.562
080036	43.022899	84.711194	273.385228	739.105308	10362.798	-7.161
080056	43.024983	84.760386	273.171098	739.51249	10363.461	-8.208
080116	43.026999	84.809997	272.86584	738.913877	10358.973	-5.172
080136	43.029018	84.861029	273.027658	740.35584	10356.352	1.985
080156	43.031161	84.913114	273.012284	741.631351	10361.815	7.841
080216	43.033288	84.963896	272.990368	743.382235	10363.899	4.595
080236	43.035281	85.01328	273.001986	745.547746	10362.82	-0.76
080256	43.037136	85.062482	273.000882	747.571798	10362.932	-0.378
080316	43.039026	85.112688	272.999307	749.062408	10362.992	0.501
080336	43.041	85.164527	273.000144	750.331116	10363.08	-0.365
080356	43.043007	85.217454	273.000067	751.688638	10363.204	-0.725
080416	43.044936	85.269394	272.999933	752.74217	10361.959	4.416
080436	43.046756	85.319612	273.000022	752.948971	10364.043	7.945
080456	43.048542	85.369175	273.000049	752.747993	10370.384	2.497
080516	43.050462	85.420907	272.999818	754.423867	10368.126	-5.43
080536	43.052362	85.472739	273.000186	756.14234	10362.347	-7.6
080556	43.054081	85.522631	273.000598	755.938833	10362.629	-1.761
080616	43.055862	85.574694	272.997521	756.901425	10363.053	1.884
080636	43.057644	85.626543	273.002576	758.079338	10363.189	-1.127
080656	43.059299	85.675792	273.008329	757.875664	10363.738	-7.243
080716	43.06101	85.72878	272.965471	759.145114	10359.124	-6.056
080736	43.062738	85.782614	273.035879	761.395362	10356.249	1.696
080756	43.064395	85.83293	273.116001	762.744466	10361.545	7.808
080816	43.066113	85.885205	272.41745	763.464391	10363.942	4.804
080836	43.067837	85.938934	272.062988	764.170986	10362.823	-0.556
080856	43.069443	85.990752	272.879692	765.442858	10362.837	-0.178
080916	43.070933	86.040762	272.671127	767.556658	10363.328	-0.643
080936	43.072396	86.090851	271.911431	769.180371	10362.717	0.915
080956	43.073925	86.143293	271.943689	769.151542	10362.115	7.109
081016	43.075528	86.198994	272.037293	768.739782	10367.458	6.145
081036	43.077107	86.253589	271.993641	769.214359	10370.711	-1.711
081056	43.078574	86.303731	271.995957	770.670735	10364.658	-7.817
081116	43.079983	86.354677	272.002677	771.232293	10361.931	-4.8
081136	43.08138	86.408448	271.999543	770.934726	10363.196	0.557
081156	43.082781	86.463179	271.99971	770.878754	10363.167	0.184
081216	43.084173	86.514775	272.000192	771.527725	10362.706	0.615
081236	43.085587	86.564981	271.999968	772.008995	10363.239	-0.886
081256	43.087004	86.616778	271.999981	771.863822	10363.741	-7.015
081316	43.088249	86.668219	272.000004	772.908746	10359.246	-6.534
081336	43.089453	86.7214	272.000008	774.121875	10356.1	2.132
081356	43.090793	86.777965	272.000031	774.038757	10361.052	12.709
081416	43.092119	86.832723	271.999868	774.142272	10366.808	17.297
081436	43.093331	86.883888	272.000138	773.797396	10372.218	13.685
081456	43.094454	86.933711	272.000446	772.310774	10377.503	3.746
081516	43.095646	86.986982	271.99815	771.892541	10376.116	-8.843
081536	43.096823	87.041496	272.001922	771.925232	10369.621	-15.239
081556	43.09788	87.093422	272.006215	771.160079	10363.962	-10.316
081616	43.098983	87.144886	271.974233	770.995969	10362.407	-3.285
081636	43.100125	87.197117	272.026775	770.895999	10363.099	0.362
081656	43.101198	87.250015	272.086566	769.60233	10363.057	0.256
081716	43.102167	87.302815	271.539484	767.402142	10362.987	-0.282
081736	43.103084	87.354961	270.933811	765.838307	10362.976	0.164
081756	43.104017	87.406762	270.957711	765.896543	10362.904	0.465
081816	43.104961	87.459777	271.028907	766.071358	10363.413	-2.48
081836	43.105879	87.512904	270.994125	765.984844	10362.556	-6.705
081856	43.106742	87.564414	270.989942	765.970319	10358.915	-8.206
081916	43.107585	87.614935	271.000705	766.003321	10355.829	-5.511
081936	43.108445	87.665571	271.001089	766.014289	10355.696	-0.431
081956	43.109342	87.71775	270.999421	765.962196	10356.293	-2.011
082016	43.110175	87.771145	271.000071	766.019726	10355.898	1.36
082036	43.110876	87.824142	270.999615	765.804442	10356.94	18.191
082056	43.111616	87.876181	270.997747	764.288969	10364.282	19.935
082116	43.1124	87.9282	271.0	763.0	10371.0	12.0
082136	43.113172	87.980708	271.005264	763.041219	10371.47	3.465
082156	43.113772	88.03201	270.987043	762.55621	10371.18	-2.797
082216	43.1144	88.0837	271.0	761.0	10371.0	-8.0
082236	43.115235	88.138737	270.774762	760.188997	10366.285	-13.816
082256	43.114842	88.190589	268.487099	763.019457	10359.876	-13.922
082316	43.1119	88.2395	264.0	769.0	10356.0	-8.0
082336	43.105853	88.292048	259.123119	775.224002	10356.118	-1.78
082356	43.097041	88.344121	254.965844	783.114965	10354.588	5.987
082416	43.085075	88.395056	250.946593	790.581457	10358.005	10.251
082436	43.071223	88.444743	248.320051	793.746764	10364.904	6.769
082456	43.05756	88.493192	248.78475	793.192479	10363.603	1.037
082516	43.042782	88.545495	249.271376	793.084376	10362.235	-1.26
082536	43.027585	88.599205	249.101499	794.284554	10362.71	-0.458
082556	43.013676	88.648277	248.958438	795.856352	10363.129	0.157
082616	43.000299	88.695253	249.001966	797.040918	10362.991	0.001
082636	42.98554	88.746792	249.004779	797.636857	10362.927	0.155
082656	42.9708	88.79821	249.002656	798.702562	10363.161	-0.516
082716	42.956588	88.84767	248.998549	800.050902	10362.956	0.149
082736	42.942144	88.897672	248.972648	800.709824	10362.247	5.344
082756	42.927269	88.949315	249.078749	801.551077	10365.526	10.28
082816	42.912478	89.000698	248.977685	803.091333	10371.223	7.557
082836	42.898326	89.049438	248.269289	805.090685	10372.633	-4.587
082856	42.883787	89.099371	247.892279	806.999186	10367.216	-7.123
082916	42.868417	89.152077	248.005341	808.01469	10363.078	0.302
082936	42.852789	89.205455	248.017396	807.880764	10369.197	1.837
082956	42.838079	89.255955	247.992266	808.643307	10369.32	-3.722
083016	42.823984	89.304454	248.000383	810.043543	10362.788	-7.967
083036	42.809289	89.354541	248.001249	810.167007	10362.327	-2.674
083056	42.794479	89.404987	247.999445	809.851634	10363.252	1.231
083116	42.779538	89.456001	248.000028	810.027843	10363.0	-0.099
083136	42.763976	89.508996	248.000089	810.78434	10363.224	-0.976
083156	42.748325	89.56199	247.999961	810.929749	10362.245	2.751
083216	42.733271	89.612758	248.000002	809.926772	10363.218	8.177
083236	42.718835	89.661431	248.000003	808.326171	10369.747	8.649
083256	42.70329	89.713647	247.999997	807.300016	10371.802	4.764
083316	42.687248	89.767339	248.0	805.427315	10371.063	-1.272
083336	42.672189	89.817691	248.0	801.92797	10371.729	-6.825
083356	42.65823	89.864498	248.0	800.272907	10367.387	-8.671
083416	42.644044	89.911957	248.0	799.832698	10362.609	-7.79
083436	42.628582	89.963292	247.999999	798.423003	10363.203	-7.579
083456	42.613201	90.014231	248.000003	797.327253	10360.194	-9.525
083516	42.598363	90.063461	247.999997	796.970015	10355.309	-6.414
083536	42.583574	90.112626	247.999991	796.980775	10355.075	5.178
083556	42.567989	90.164219	248.000036	797.013429	10359.432	10.443
083616	42.552347	90.215896	247.999963	796.996989	10363.431	6.884
083636	42.537627	90.264555	247.99988	796.995847	10363.285	1.092
083656	42.523171	90.311989	248.000496	797.01246	10362.764	-0.517
083716	42.508249	90.360793	247.999485	796.987838	10363.089	-0.082
083736	42.49273	90.411716	247.998334	796.96108	10363.209	-0.579
083756	42.477503	90.461574	248.006906	797.161014	10362.202	3.482
083816	42.462475	90.510536	247.992824	796.828005	10363.837	8.695
083836	42.447249	90.560001	247.9768	795.435272	10369.735	8.85
083856	42.432148	90.609206	248.096184	794.151362	10371.611	4.854
083916	42.416603	90.659764	247.897684	792.604822	10371.086	-1.304
083936	42.400459	90.711835	247.164862	790.460726	10371.646	-6.979
083956	42.385556	90.759645	246.896115	789.512717	10367.195	-8.684
084016	42.371296	90.805452	247.017714	788.721582	10362.648	-7.832
084036	42.35624	90.853988	247.011262	787.142894	10363.26	-7.734
084056	42.340672	90.903846	246.992541	787.725936	10360.015	-8.865
084116	42.325113	90.953445	247.001272	789.161921	10355.486	-7.121
084136	42.309751	91.00242	247.000809	789.091793	10355.64	-1.143
084156	42.294095	91.052054	246.999464	789.089204	10356.384	0.117
084216	42.278389	91.101916	247.000092	790.398343	10355.785	0.616
084236	42.26311	91.150743	247.000059	792.598205	10355.397	6.394
084256	42.248142	91.198172	246.999958	793.097293	10359.115	9.728
084316	42.23299	91.246021	247.000006	793.111893	10363.352	7.283
084336	42.217317	91.295817	247.000008	794.573745	10363.331	1.467
084356	42.201609	91.34539	246.999985	795.21477	10362.81	-0.781
084416	42.185941	91.394352	247.00001	794.982937	10363.025	0.103
084436	42.170186	91.443455	247.000047	795.037973	10363.025	0.094
084456	42.154592	91.4923	246.999831	794.774088	10362.983	-0.043
084516	42.13906	91.541026	247.000134	795.193227	10363.005	-0.003
084536	42.123338	91.590068	247.000649	796.833733	10363.016	-0.043
084556	42.107492	91.63936	246.997653	796.209949	10362.947	0.176
084616	42.091622	91.688692	247.001874	794.996172	10363.042	-0.143
084636	42.075884	91.73759	247.009922	796.366062	10363.22	-0.761
084656	42.060546	91.785227	246.969213	797.468035	10362.317	2.876
084716	42.044876	91.833834	247.016755	798.118297	10363.374	8.406
084736	42.028229	91.885311	247.133696	800.047058	10369.119	9.31
084756	42.012347	91.934038	246.509372	802.305645	10371.91	4.538
084816	41.99679	91.981644	246.021902	802.921186	10370.892	-0.184
084836	41.980092	92.033077	246.809092	801.291654	10370.659	0.328
084856	41.963667	92.083621	246.754	801.658991	10371.757	-2.705
084916	41.948061	92.131403	245.94973	803.018897	10370.612	-8.397
084936	41.932552	92.178724	245.92307	801.731512	10364.803	-9.101
084956	41.916009	92.229183	246.038627	800.280225	10362.316	-5.293
085016	41.89904	92.280839	245.996391	800.015072	10362.986	0.607
085036	41.883026	92.329308	245.994477	800.187141	10362.368	6.19
085056	41.867505	92.376145	246.002773	799.232159	10365.858	9.823
085116	41.85193	92.423262	245.999741	797.930187	10371.382	7.293
085136	41.836045	92.471502	245.999604	797.931721	10372.08	-3.53
085156	41.819855	92.520317	246.000198	797.841996	10368.302	-12.775
085216	41.803578	92.56918	245.999982	796.865614	10362.394	-14.873
085236	41.78744	92.617828	245.999975	795.420215	10357.211	-10.557
085256	41.771317	92.666195	246.000003	794.754314	10355.446	-4.232
085316	41.754973	92.714967	246.000002	795.023296	10356.024	0.123
085336	41.738437	92.764377	246.000049	795.274744	10356.035	0.559
085356	41.722671	92.811451	245.999855	794.194004	10356.109	-0.72
085416	41.707204	92.857461	246.000041	792.990406	10355.96	0.166
085436	41.69069	92.906387	246.000766	794.038959	10355.231	5.444
085456	41.673718	92.956587	245.998128	795.897161	10358.153	9.381
085516	41.6571	93.0058	246.0	797.0	10363.0	8.0
085536	41.641127	93.05322	246.010255	796.977572	10363.499	2.319
085556	41.624887	93.101241	245.974085	797.299449	10362.812	-0.833
085616	41.6084	93.1497	246.0	798.0	10363.0	0.0
085636	41.592462	93.196441	246.142809	797.905951	10362.975	0.356
085656	41.576075	93.24456	245.602025	798.480304	10363.14	-0.592
085716	41.559	93.2947	245.0	800.0	10363.0	0.0
085736	41.541997	93.344416	245.729816	801.002038	10362.151	5.332
085756	41.524971	93.394072	245.824631	800.647023	10365.448	9.427
085816	41.5081	93.4434	245.0	801.0	10371.0	8.0
085836	41.491775	93.491238	244.926468	804.678143	10371.583	2.286
085856	41.475296	93.538364	245.016886	805.874316	10370.758	-0.766
085916	41.4589	93.5868	246.0	803.0	10371.0	-0.0
085936	41.444086	93.63804	249.751909	799.486381	10371.14	-0.031
085956	41.432524	93.688512	255.100479	793.449586	10370.935	0.169
090016	41.424206	93.737198	259.089754	786.854584	10371.043	-0.143
090036	41.416214	93.789053	258.662992	788.011044	10371.805	-5.508
090056	41.408225	93.841449	257.632808	788.820884	10368.291	-9.668
090116	41.400414	93.892307	258.041539	786.934683	10362.83	-7.736
090136	41.392716	93.942255	258.87777	786.783374	10362.299	-1.296
090156	41.384814	93.993634	258.744531	787.107749	10363.743	-1.624
090216	41.376916	94.044655	257.975681	786.991502	10362.844	-8.292
090236	41.369384	94.09237	257.920792	786.918188	10358.047	-10.27
090256	41.361418	94.142941	258.035216	787.19568	10354.696	-2.323
090316	41.353091	94.196325	257.998254	786.946268	10356.197	8.337
090336	41.345143	94.247358	257.994313	785.385265	10361.302	9.557
090356	41.337203	94.297936	258.002528	785.315246	10363.51	5.561
090416	41.329094	94.349162	257.999875	787.095137	10363.019	-0.351
090436	41.320967	94.400335	257.999592	788.625521	10363.823	-6.893
090456	41.312801	94.451689	258.000182	789.143686	10360.049	-6.568
090516	41.304589	94.503281	257.999991	788.992581	10356.026	0.378
090536	41.296378	94.554745	257.99997	789.31303	10360.853	6.601
090556	41.288222	94.605549	258.000016	791.385506	10363.391	8.218
090616	41.279981	94.656703	257.999999	792.987336	10363.113	8.074
090636	41.271533	94.709234	257.999984	790.989893	10368.379	9.697
090656	41.26338	94.75973	258.000041	789.57939	10372.829	2.181
090716	41.2554	94.8089	258.0	790.0	10371.0	-8.0
090736	41.247001	94.860592	257.999802	790.079846	10364.189	-3.837
090756	41.238397	94.913346	258.000498	789.95168	10365.249	2.007
090816	41.2299	94.9653	258.0	790.0	10371.0	0.0
090836	41.221658	95.015772	257.997255	790.114461	10366.15	-6.564
090856	41.213544	95.06505	258.006938	789.684692	10361.91	-6.492
090916	41.2051	95.1158	258.0	789.0	10363.0	0.0
090936	41.196037	95.170221	257.961766	788.967051	10362.953	1.718
090956	41.187714	95.220602	258.096632	788.930309	10363.559	-3.114
091016	41.1798	95.2686	258.0	789.0	10363.0	-8.0
091036	41.170701	95.323054	257.171177	789.831659	10357.413	-4.056
091056	41.162071	95.374578	257.271842	789.710007	10357.392	4.087
091116	41.1542	95.4215	258.0	789.0	10363.0	8.0
091136	41.145641	95.472019	257.397674	789.713217	10363.641	2.835
091156	41.136782	95.524312	256.85731	789.824597	10362.746	-1.004
091216	41.1281	95.5757	257.0	789.0	10363.0	-0.0
091236	41.119594	95.625875	257.025893	789.264484	10363.046	0.184
091256	41.110928	95.676721	256.989755	791.093614	10362.983	-0.076
091316	41.1022	95.7278	257.0	793.0	10363.0	-0.0
091336	41.093746	95.777287	257.001859	793.026596	10362.998	0.032
091356	41.084848	95.828961	256.999264	793.411924	10363.013	-0.054
091416	41.0756	95.8823	257.0	795.0	10363.0	-0.0
091436	41.066808	95.933051	257.000134	796.44119	10362.923	0.27
091456	41.057853	95.984731	256.999945	797.451099	10363.196	-0.68
091516	41.0487	96.0375	257.0	798.0	10363.0	0.0
091536	41.04	96.087607	257.00002	798.075994	10361.921	6.116
091556	41.031328	96.137029	256.99997	797.903457	10366.024	7.125
091616	41.0223	96.1882	257.0	798.0	10371.0	-0.0
091636	41.012952	96.241601	257.000145	799.030138	10366.043	-7.088
091656	41.003738	96.294181	256.999631	801.233766	10361.876	-6.237
091716	40.99475	96.344972	256.999898	802.98473	10362.939	-0.203
091736	40.985697	96.395652	257.002038	801.942491	10363.213	0.72
091756	40.976621	96.446483	256.995428	800.565471	10362.927	-0.262
091816	40.967555	96.497445	256.998597	800.934475	10362.996	-0.017
091836	40.95843	96.54866	257.028301	802.569655	10362.999	0.109
091856	40.94928	96.600042	256.93581	802.680807	10363.031	-0.149
091916	40.939876	96.652188	256.962498	801.113357	10363.021	-0.078
091936	40.930134	96.705872	257.827155	800.569283	10362.777	0.807
091956	40.922459	96.75829	260.088628	799.127889	10363.449	-1.728
092016	40.917482	96.808554	262.746832	797.050279	10363.419	-6.658
092036	40.912745	96.859439	263.39182	798.392681	10358.653	-5.497
092056	40.907747	96.911183	262.953516	800.031645	10356.227	1.18
092116	40.902744	96.963162	262.956259	798.614027	10361.341	7.572
092136	40.897775	97.015271	263.025038	797.478587	10363.895	5.258
092156	40.89287	97.066591	262.996661	798.2181	10362.883	-0.516
092216	40.887927	97.117518	262.99685	800.234339	10362.902	-0.526
092236	40.882529	97.172631	263.001831	802.213106	10363.011	0.457
092256	40.877132	97.227768	262.999734	803.00775	10363.034	-0.184
092316	40.872249	97.277747	262.999645	802.780127	10363.197	-0.746
092336	40.867045	97.330239	263.000598	804.228418	10362.262	3.244
092356	40.861739	97.383601	262.999608	806.163395	10363.6	8.537
092416	40.856906	97.432902	262.998175	806.153769	10369.466	8.961
092436	40.851867	97.484015	263.006548	805.91193	10371.655	5.079
092456	40.846485	97.537377	262.994785	806.011786	10371.042	-0.94
092516	40.841069	97.58989	262.974809	806.011305	10371.646	-6.581
092536	40.835779	97.641885	263.091071	805.992718	10367.69	-9.367
092556	40.830497	97.694337	262.926375	806.001611	10362.569	-7.326
092616	40.825038	97.747829	262.198515	806.004505	10362.594	-1.508
092636	40.81949	97.801759	261.893335	805.986123	10363.233	0.807
092656	40.813981	97.854985	262.014469	806.010776	10362.968	-0.11
092716	40.808606	97.906577	262.015493	806.056796	10362.966	-0.117
092736	40.803368	97.956942	261.992251	805.823936	10363.017	0.059
092756	40.797931	98.009141	262.000735	806.096385	10362.998	-0.006
092816	40.792031	98.06534	262.001259	807.540535	10362.997	-0.01
092836	40.786324	98.11976	261.999445	808.050602	10363.001	0.004
092856	40.78093	98.171048	262.000028	808.033495	10363.0	-0.0
092916	40.775437	98.222526	262.000092	809.41115	10363.0	-0.001
092936	40.769745	98.275674	261.999954	810.281806	10363.0	0.001
092956	40.763972	98.329652	261.999995	810.037251	10363.0	0.0
093016	40.758306	98.382519	262.000011	809.842987	10363.0	-0.001
093036	40.752597	98.435341	261.999992	810.248173	10362.999	0.003
093056	40.74678	98.488608	261.999996	810.95458	10363.0	0.002
093116	40.741017	98.541039	262.000042	811.087697	10363.005	-0.02
093136	40.735301	98.59297	261.999931	810.977777	10362.992	0.033
093156	40.729638	98.644481	261.999927	810.997025	10362.991	0.035
093216	40.724083	98.694862	262.000548	810.991121	10363.065	-0.265
093236	40.718347	98.746342	261.999043	811.02472	10362.886	0.462
093256	40.712239	98.800652	261.998983	811.027752	10362.879	0.491
093316	40.705957	98.856563	262.007629	810.789577	10363.911	-5.14
093336	40.699967	98.909874	261.986601	811.393235	10361.32	-7.763
093356	40.694274	98.960136	261.981875	812.822334	10356.212	-1.684
093416	40.6882	99.012957	262.104276	813.079703	10359.142	6.104
093436	40.682128	99.065992	261.835045	813.120545	10363.759	7.141
093456	40.67637	99.116854	261.102288	813.883925	10363.236	0.958
093516	40.670355	99.169046	260.903836	814.109739	10362.769	-0.889
093536	40.664133	99.222801	261.023206	813.973054	10363.063	0.191
093556	40.657936	99.276581	261.007193	813.990949	10363.03	0.024
093616	40.651772	99.329029	260.99298	814.013085	10362.91	0.19
093636	40.645686	99.380515	261.001844	813.990094	10363.118	-0.375
093656	40.639604	99.432509	261.001127	813.977987	10363.303	-1.03
093716	40.633232	99.48679	260.999448	814.060342	10362.133	3.505
093736	40.626765	99.541449	261.000052	813.967826	10363.468	8.078
093756	40.620525	99.593953	261.000079	813.744155	10369.862	3.582
093816	40.614109	99.647968	260.99996	814.943843	10369.032	-5.633
093836	40.607675	99.701906	261.000004	815.97669	10362.493	-7.382
093856	40.60162	99.752085	261.000006	814.545535	10361.406	4.491
093916	40.595469	99.803027	260.999997	813.841456	10367.034	7.68
093936	40.589052	99.856025	261.0	813.963021	10370.897	-0.951
093956	40.582525	99.909272	261.0	813.540148	10365.284	-7.659
094016	40.575959	99.962624	261.000002	815.892538	10361.93	-5.436
094036	40.569457	100.015541	260.999999	819.189455	10363.1	0.346
094056	40.563069	100.067552	260.999991	819.290022	10363.153	0.53
094116	40.556595	100.119955	261.00003	818.854079	10362.923	-0.266
094136	40.550048	100.17264	260.999984	819.013797	10363.007	0.025
094156	40.543536	100.224821	260.999868	819.022376	10363.011	0.038
094216	40.536888	100.277564	261.00042	818.984566	10362.994	-0.019
094236	40.530248	100.330318	260.99977	819.0037	10363.001	0.002
094256	40.523777	100.38233	260.998166	819.023241	10363.001	0.003
094316	40.516898	100.436447	261.005942	818.928788	10363.0	-0.001
094336	40.509859	100.491168	260.99845	819.01841	10363.0	0.0
094356	40.503274	100.543208	260.973329	819.316254	10363.0	0.0
094416	40.496529	100.596198	261.07549	817.957263	10363.0	-0.0
094436	40.489556	100.650152	260.978663	815.943146	10363.0	0.0
094456	40.48282	100.701986	260.293795	815.85447	10363.0	0.0
094516	40.476163	100.75346	259.897701	815.907242	10363.0	-0.0
094536	40.4693	100.8067	260.0	816.0	10363.0	0.0
094556	40.462158	100.861678	260.021072	817.85038	10363.0	0.0
094616	40.455418	100.913032	259.986052	819.943914	10363.0	-0.0
094636	40.448668	100.963755	259.997826	820.980548	10363.0	-0.0
094656	40.440916	101.021228	259.993493	820.993962	10363.0	-0.0
094716	40.433679	101.074191	259.846502	820.96802	10363.0	-0.0
094736	40.426815	101.124717	260.359624	821.0287	10363.0	0.0
094756	40.419846	101.176419	261.000095	820.992257	10363.0	-0.0
094816	40.41262	101.229443	260.342269	820.867838	10363.0	-0.0
094836	40.405206	101.283262	259.859856	821.422776	10363.0	0.0
094856	40.397727	101.337299	260.006942	821.997718	10363.0	-0.0
094916	40.390302	101.391003	260.022493	821.336332	10363.0	-0.0
094936	40.382998	101.443847	259.990343	820.857188	10363.0	0.0
094956	40.375623	101.496783	260.000384	821.008539	10363.0	-0.0
095016	40.368054	101.55045	259.999626	821.052817	10363.0	-0.0
095036	40.36107	101.6004	260.004947	820.902927	10363.0	0.0
095056	40.354236	101.649602	259.998436	821.025155	10363.0	-0.0
095116	40.346471	101.704749	259.972278	821.773102	10363.0	-0.0
095136	40.338676	101.759887	260.078914	821.99135	10363.0	0.0
095156	40.331229	101.812294	259.977677	822.027412	10363.0	-0.0
095216	40.323765	101.864197	259.269262	823.236607	10363.0	-0.001
095236	40.316297	101.916638	258.892291	824.910565	10362.999	0.004
095256	40.308825	101.96921	259.00534	826.028947	10363.0	-0.001
095316	40.301259	102.021289	259.017394	826.096394	10363.007	-0.019
095336	40.293524	102.074817	258.992267	825.950932	10362.981	0.055
095356	40.285823	102.128519	259.000383	826.004147	10363.005	-0.016
095416	40.278385	102.179683	259.001249	826.042906	10363.095	-0.271
095436	40.270743	102.231831	258.999445	825.894403	10362.73	0.768
095456	40.262913	102.285243	259.000028	826.029146	10363.076	-0.217
095516	40.255229	102.337648	259.00009	826.847294	10364.326	-1.028
095536	40.247244	102.391677	258.999959	826.774342	10359.55	32.941
095556	40.2391	102.4466	259.0	827.0	10371.0	105.0
095616	40.231324	102.499375	259.000006	830.146949	10431.249	184.45
095636	40.223341	102.553123	258.999999	833.424698	10507.569	240.601
095656	40.215195	102.607464	259.0	834.961621	10587.48	268.935
095716	40.207564	102.65854	258.99999	834.955528	10687.364	285.025
095736	40.199886	102.709819	259.000024	832.640552	10787.034	277.51
095756	40.191816	102.763229	259.000014	830.059242	10872.924	231.978
095816	40.183658	102.816679	258.999851	831.219723	10946.203	146.829
095836	40.17559	102.869386	259.000296	831.704502	10979.554	58.031
095856	40.167602	102.921979	259.000193	830.052102	10973.823	2.798
095916	40.159544	102.975645	258.997931	831.031138	10971.475	-5.044
095936	40.151483	103.02846	259.004149	832.207491	10973.519	1.529
095956	40.14342	103.080147	259.003876	831.982793	10973.123	0.203
100016	40.135225	103.133316	258.97142	832.454141	10972.656	0.403
100036	40.127061	103.186595	259.049787	831.04719	10973.43	-1.374
100056	40.118866	103.239645	259.052885	827.394516	10973.43	-7.275
100116	40.110244	103.29498	258.421351	826.188688	10968.363	-9.607
100136	40.101847	103.348378	257.905948	825.610354	10964.25	-6.203
100156	40.093983	103.398099	257.980519	824.126473	10964.844	-0.545
100216	40.085906	103.449512	258.024525	824.016972	10965.198	0.67
100236	40.077353	103.504166	257.99304	823.664862	10964.941	-0.179
100256	40.068672	103.559487	257.998075	822.197844	10964.98	-0.035
100316	40.060611	103.610466	258.001847	821.876189	10965.043	-0.053
100336	40.052669	103.660154	257.999558	821.93561	10964.953	0.144
100356	40.044297	103.712291	257.999868	821.838346	10964.931	0.241
100416	40.035803	103.765578	258.000097	823.627308	10965.399	-1.434
100436	40.0272	103.819384	258.000023	827.161053	10964.398	2.29
100456	40.018582	103.87271	258.000076	829.937736	10964.054	13.179
100516	40.010333	103.923706	257.999489	828.428241	10972.776	18.182
100536	40.00194	103.975333	258.000628	827.112462	10981.122	12.641
100556	39.993087	104.029359	258.001407	829.461757	10980.523	1.758
100616	39.984531	104.081628	257.993011	830.481122	10979.459	-0.965
100636	39.976086	104.133432	258.00685	829.873866	10980.195	-0.276
100656	39.96734	104.187088	258.021968	829.776061	10980.451	-4.543
100716	39.958584	104.240297	257.894872	830.973359	10977.719	-8.281
100736	39.949961	104.292331	257.895943	832.073994	10973.772	-8.026
100756	39.941437	104.343912	258.463399	830.946778	10972.506	-3.254
100816	39.932652	104.397082	259.117207	830.075749	10973.155	0.287
100836	39.923535	104.451863	259.123027	831.638187	10973.177	-0.301
100856	39.914827	104.503674	258.419009	832.337038	10972.314	3.403
100916	39.906374	104.554521	257.99696	831.853238	10973.872	9.185
100936	39.897537	104.607633	258.122766	831.768213	10978.929	9.482
100956	39.887826	104.661565	257.024976	833.275738	10981.401	-0.002
101016	39.877491	104.715623	255.840232	833.814027	10978.93	-9.479
101036	39.867073	104.769418	255.929037	832.172355	10973.874	-9.18
101056	39.856916	104.821979	256.055653	832.773288	10972.303	-3.425
101116	39.847056	104.87338	255.988513	834.172775	10973.19	0.328
101136	39.837222	104.924794	255.994869	834.01512	10973.185	-0.225
101156	39.826942	104.977947	256.004172	834.42529	10972.345	2.804
101216	39.816691	105.030759	255.998945	835.094033	10973.815	6.506
101236	39.806907	105.08147	255.998493	834.857611	10978.431	5.087
101256	39.79698	105.132863	256.000104	833.87755	10979.785	-0.738
101316	39.786592	105.186293	256.000162	832.525668	10974.807	-7.334
101336	39.776567	105.237758	255.999912	831.284765	10972.159	-5.597
101356	39.766561	105.288763	256.000012	829.814943	10973.079	0.36
101416	39.755873	105.342634	256.000048	827.721512	10973.124	0.539
101436	39.745779	105.393779	255.999876	826.304615	10972.927	-0.232
101456	39.735983	105.443663	256.000065	826.007498	10973.013	0.001
101516	39.725377	105.497301	256.000515	826.134321	10973.066	-0.159
101536	39.714862	105.550434	255.998358	825.395848	10972.813	0.614
101556	39.704929	105.600589	256.000897	823.840545	10973.101	-0.347
101616	39.695193	105.649483	256.007164	822.432459	10973.8	-5.921
101636	39.684604	105.702562	255.977138	821.51726	10969.937	-9.533
101656	39.673759	105.756914	256.012495	820.946209	10964.702	-7.551
101716	39.663881	105.806305	256.099775	820.718037	10964.556	-1.795
101736	39.654025	105.855156	255.617569	821.997789	10965.182	0.966
101756	39.643639	105.906448	254.962478	824.202827	10965.005	-0.166
101816	39.632893	105.959688	254.942578	825.687615	10965.178	-0.844
101836	39.622257	106.012099	255.028831	826.243791	10964.342	2.898
101856	39.611991	106.062575	254.997306	827.17307	10965.369	8.414
101916	39.601857	106.112621	254.995878	829.394197	10971.095	9.405
101936	39.590869	106.166237	255.002069	830.127289	10973.979	4.218
101956	39.579741	106.220268	254.999807	830.068449	10972.855	-0.005
102016	39.569586	106.270052	254.999711	831.513517	10972.365	4.894
102036	39.558674	106.323093	255.000128	832.162251	10975.143	12.118
102056	39.547431	106.37737	254.999997	832.018697	10980.585	14.96
102116	39.537375	106.426185	255.00007	832.292228	10986.151	10.89
102136	39.527171	106.47569	254.999721	830.848226	10989.865	2.749
102156	39.516049	106.529211	255.000155	830.144627	10987.278	-11.966
102216	39.504827	106.582736	254.998584	832.355358	10977.713	-22.013
102236	39.494526	106.631942	255.003204	831.777184	10972.775	-7.389
102256	39.483564	106.684417	255.01533	830.210735	10973.339	-6.775
102316	39.472406	106.737176	254.932201	830.226379	10969.683	-9.53
102336	39.461758	106.788248	255.050048	829.700224	10964.568	-7.299
102356	39.451301	106.838308	254.794091	827.124924	10964.598	-1.438
102416	39.438511	106.889801	251.213441	828.896903	10965.21	0.594
102436	39.423074	106.940534	247.098837	832.980706	10964.922	-0.047
102456	39.406365	106.988225	246.025405	834.15871	10964.921	0.215
102516	39.389533	107.036007	245.991345	833.064817	10965.233	-1.139
102536	39.372102	107.086348	246.002101	831.885688	10964.777	1.248
102556	39.354	107.138	246.0	832.0	10965.0	9.0
102616	39.337264	107.185477	245.985217	832.072359	10970.663	9.319
102636	39.32077	107.232188	246.037116	831.897582	10973.435	7.141
102656	39.3035	107.2811	246.0	832.0	10973.0	6.0
102716	39.285623	107.331738	245.594979	832.92223	10977.177	3.617
102736	39.268044	107.381426	245.066538	833.912344	10980.215	0.464
102756	39.251505	107.427963	244.805435	834.105095	10975.561	-1.658
102816	39.234634	107.475336	245.264445	833.976209	10973.557	2.472
102836	39.216842	107.525291	245.982332	834.000442	10979.236	8.266
102856	39.199607	107.57357	245.510661	833.957809	10981.542	-0.468
102916	39.18262	107.621176	244.877451	834.08564	10978.439	-9.842
102936	39.165295	107.669739	244.965166	834.118242	10973.627	-7.962
102956	39.147779	107.718507	245.040115	833.032857	10972.361	-3.273
103016	39.130286	107.767063	244.994579	831.908149	10973.043	0.463
103036	39.112935	107.815317	244.990361	831.910076	10972.78	1.849
103056	39.095585	107.863434	245.002075	831.929259	10973.411	-1.72
103116	39.078112	107.911759	245.000642	831.845132	10973.663	-7.577
103136	39.060496	107.960733	244.999382	833.263973	10967.876	-5.518
103156	39.042779	108.009744	245.000149	833.864555	10965.598	2.619
103216	39.025169	108.057978	245.000046	832.288263	10971.925	8.134
103236	39.008009	108.105266	244.999955	831.583493	10974.224	3.282
103256	38.990767	108.152771	245.000011	832.334037	10972.388	0.629
103316	38.973048	108.201238	245.000004	833.689977	10972.211	7.045
103336	38.955316	108.2498	244.999997	834.675798	10977.25	6.189
103356	38.937703	108.298186	245.0	835.040557	10979.645	-2.362
103416	38.92011	108.346456	245.0	835.016914	10974.276	-8.369
103436	38.902409	108.394622	245.000002	834.992306	10971.561	-1.483
103456	38.8845	108.443236	244.999997	834.994405	10973.917	8.869
103516	38.866577	108.492063	244.999988	834.972177	10978.327	9.737
103536	38.849297	108.539014	245.00003	835.07687	10981.162	1.632
103556	38.8319	108.5861	245.0	835.0	10980.0	-8.0
103616	38.813165	108.636785	244.999852	834.322969	10975.042	-9.753
103636	38.795084	108.685539	245.000376	833.848089	10972.273	-5.275
103656	38.777969	108.73156	245.000104	833.982493	10972.961	-0.153
103716	38.760108	108.779712	244.997922	834.251015	10973.124	0.581
103736	38.741965	108.828605	245.004661	833.422663	10972.985	-0.301
103756	38.723999	108.876797	245.001431	832.034643	10973.008	-0.046
103816	38.705941	108.924973	244.969768	832.043398	10972.787	0.78
103836	38.687658	108.973887	245.058212	831.604835	10973.429	-1.572
103856	38.669396	109.022891	245.054072	830.150636	10973.401	-7.218
103916	38.651684	109.070042	244.419864	829.813578	10968.588	-10.336
103936	38.634133	109.116542	243.906372	830.051553	10963.852	-4.739
103956	38.616515	109.163334	243.98062	830.01066	10964.422	6.748
104016	38.599204	109.209494	244.024303	829.986723	10969.823	10.259
104036	38.581487	109.256479	243.993278	830.003513	10973.699	6.022
104056	38.562994	109.305145	243.998609	830.000565	10973.145	0.507
104116	38.54448	109.353987	244.001743	830.00055	10972.815	-0.613
104136	38.526478	109.401508	243.99952	829.997626	10973.057	0.148
104156	38.508792	109.448032	243.999903	829.99725	10973.017	0.009
104216	38.490549	109.495882	244.000105	830.020976	10972.936	0.156
104236	38.47225	109.543848	244.000001	829.963251	10973.093	-0.338
104256	38.454297	109.590855	244.00003	829.96093	10973.096	-0.37
104316	38.436191	109.638051	243.999729	830.293113	10972.288	4.249
104336	38.417877	109.685735	244.000488	829.44977	10974.332	9.412
104356	38.39961	109.733414	244.00052	827.268765	10979.424	8.856
104416	38.38172	109.780212	243.996094	826.185972	10981.093	-0.359
104436	38.363981	109.826497	244.006825	825.915312	10978.939	-11.452
104456	38.345956	109.873269	244.007254	825.925785	10974.015	-15.436
104516	38.327366	109.921343	243.945587	826.714833	10966.933	-7.648
104536	38.308925	109.969164	244.095068	826.850446	10965.991	3.448
104556	38.29099	110.01553	244.101029	826.046231	10972.281	8.119
104616	38.272851	110.061187	242.88599	826.410403	10973.951	3.913
104636	38.253903	110.107209	241.833465	827.144864	10972.775	-0.751
104656	38.234098	110.154207	241.947274	827.085857	10972.93	-0.233
104716	38.214187	110.20174	242.058809	826.657748	10973.073	0.234
104736	38.194851	110.248214	241.982063	827.391391	10972.984	-0.042
104756	38.176142	110.293146	241.976106	829.530822	10972.99	-0.009
104816	38.157111	110.338876	242.07702	830.300416	10973.014	-0.054
104836	38.13772	110.385237	241.923585	829.943365	10972.99	0.071
104856	38.118482	110.431089	241.754785	829.94718	10972.97	0.237
104916	38.099599	110.47691	243.015041	830.311139	10973.123	-0.991
104936	38.079286	110.52383	240.922917	832.798147	10972.875	1.054
104956	38.05587	110.570522	233.707843	837.156761	10973.096	8.31
105016	38.030461	110.612156	230.964698	838.288693	10976.849	10.695
105036	38.004385	110.651946	231.046229	837.963121	10980.71	4.617
105056	37.978176	110.693239	231.020566	838.045481	10980.793	-6.198
105116	37.951089	110.73586	230.983706	837.525957	10976.085	-9.279
105136	37.923864	110.778626	231.003573	836.916064	10972.822	-7.838
105156	37.89731	110.820666	231.002049	836.95997	10973.519	-8.148
105216	37.870915	110.86215	230.996055	837.04532	10968.562	-5.769
105236	37.845701	110.901693	231.003796	836.97289	10965.167	2.839
105256	37.821538	110.939761	231.008116	836.949655	10971.106	13.761
105316	37.794931	110.981285	230.959179	837.244758	10977.515	13.089
105336	37.767096	111.024467	231.028736	836.826727	10980.114	6.183
105356	37.740542	111.065566	231.136396	835.286625	10979.806	2.163
105416	37.714398	111.105566	230.508676	835.093169	10981.249	-6.405
105436	37.688442	111.146342	231.397587	833.389032	10978.921	-16.015
105456	37.663602	111.188917	235.595388	827.578554	10968.045	-17.042
105516	37.641445	111.231998	238.577081	825.103126	10963.179	-8.545
105536	37.62064	111.2755	238.981554	826.035141	10965.093	0.209
105556	37.598818	111.31995	238.281987	826.019883	10965.472	0.071
105616	37.576947	111.36436	237.886348	826.318776	10964.29	2.161
105636	37.555309	111.408736	238.005714	827.012955	10965.173	8.241
105656	37.533319	111.453658	238.020539	826.891407	10970.612	9.772
105716	37.511655	111.497774	237.991957	827.548505	10973.953	4.706
105736	37.4902	111.5414	238.0	830.0	10973.0	0.0
105756	37.468087	111.586293	238.00146	833.281471	10972.048	5.005
105816	37.445752	111.631636	237.999421	833.545069	10975.354	9.105
105836	37.4239	111.676	238.0	832.0	10980.0	8.0
105856	37.402776	111.718839	238.000119	833.379592	10979.617	7.28
105916	37.381071	111.762812	237.999954	833.607399	10982.034	6.481
105936	37.358636	111.808212	237.999987	830.804369	10987.566	2.191
105956	37.336838	111.852211	238.00001	828.026815	10985.381	-8.812
110016	37.314908	111.896342	237.999998	826.914835	10978.321	-15.179
110036	37.292427	111.941499	237.999999	827.068266	10973.616	-9.015
110056	37.271473	111.98361	238.000001	826.104115	10972.423	-2.585
110116	37.2508	112.0252	238.0	824.0	10973.0	0.0
110136	37.228273	112.070495	238.0	821.923946	10973.094	0.205
110156	37.205684	112.11571	238.0	820.392878	10972.967	-0.069
110216	37.184071	112.158766	238.0	819.079466	10972.998	-0.003
110236	37.162668	112.201433	238.0	817.187412	10973.013	-0.004
110256	37.141441	112.243769	238.0	815.314104	10972.987	0.034
110316	37.120295	112.285929	238.0	814.11098	10972.989	0.035
110336	37.098843	112.328684	237.999999	813.575384	10973.078	-0.273
110356	37.077401	112.371297	238.000001	812.55621	10972.888	0.395
110416	37.05603	112.413638	238.000002	810.524277	10972.792	0.738
110436	37.033983	112.457365	237.99999	808.692187	10973.988	-4.499
110456	37.011469	112.501916	238.000013	807.945421	10971.707	-7.964
110516	36.989374	112.545436	238.000033	808.065715	10965.55	-2.501
110536	36.968661	112.586337	237.999867	807.348924	10967.903	5.486
110556	36.948227	112.626742	238.000138	805.60886	10973.662	7.534
110616	36.926734	112.66907	238.000446	803.580513	10973.421	1.544
110636	36.905002	112.711685	237.99815	801.823462	10972.721	-0.981
110656	36.88338	112.754085	238.001922	800.912848	10973.047	0.169
110716	36.861886	112.79636	238.006215	800.949326	10973.029	0.111
110736	36.840684	112.83791	237.973682	801.012675	10972.984	-0.092
110756	36.818952	112.880331	238.019681	801.015066	10972.999	0.023
110816	36.796321	112.924505	238.094242	801.091797	10972.984	0.072
110836	36.774897	112.966424	237.578534	800.572762	10973.065	-0.234
110856	36.754263	113.006702	236.947135	799.953564	10972.947	0.183
110916	36.732915	113.048112	236.950254	799.982739	10972.746	0.883
110936	36.711546	113.089668	237.028473	799.909981	10973.921	-3.84
110956	36.690166	113.131282	236.996204	800.091828	10972.258	-8.041
111016	36.668327	113.173569	236.996428	800.904291	10965.848	-2.986
111036	36.646231	113.216263	237.002045	800.642677	10967.474	5.347
111056	36.624632	113.258032	236.999727	799.969022	10973.574	7.555
111116	36.603898	113.298182	236.999742	800.558042	10973.685	1.198
111136	36.582733	113.339075	237.000155	801.953827	10972.047	1.984
111156	36.560907	113.381122	236.999986	803.061156	10973.36	8.483
111216	36.538887	113.423489	236.999979	803.112011	10978.413	9.385
111236	36.516583	113.466454	237.000011	802.882472	10980.735	4.643
111256	36.494539	113.508844	236.999999	803.043954	10979.929	-0.271
111316	36.473331	113.549394	236.999998	803.349456	10979.866	-0.414
111336	36.451957	113.590257	237.000001	801.907815	10980.095	0.04
111356	36.429882	113.632542	237.0	799.955239	10979.985	0.037
111416	36.407549	113.675289	236.999997	800.060786	10979.781	0.797
111436	36.386319	113.715763	237.000009	799.217151	10980.6	-2.735
111456	36.365308	113.755784	236.999998	796.889817	10979.831	-8.161
111516	36.342741	113.798938	236.999957	795.304128	10974.67	-8.531
111536	36.320988	113.840352	237.000123	794.951065	10972.859	-7.74
111556	36.3001	113.8799	237.0	795.0	10973.0	-8.0
111616	36.278177	113.921469	236.999384	794.034708	10967.543	-7.831
111636	36.256805	113.96199	237.001583	791.651861	10964.18	-5.417
111656	36.235953	114.001513	237.000838	789.963243	10964.976	-0.563
111716	36.213623	114.043918	236.990945	791.90722	10964.312	5.082
111736	36.190745	114.087222	237.015052	792.758677	10966.539	9.005
111756	36.168412	114.129195	237.015883	790.324796	10972.397	8.585
111816	36.146523	114.170214	236.881021	789.177092	10973.777	2.884
111836	36.125437	114.210332	237.197386	788.819894	10972.731	-0.114
111856	36.104489	114.249741	236.621871	789.396618	10972.863	0.635
111916	36.08138	114.288949	231.949547	794.002558	10973.25	-6.269
111936	36.055462	114.32715	229.030487	797.484089	10970.169	-11.976
111956	36.0284	114.3643	229.0	798.0	10965.0	-7.0
112016	36.00214	114.400741	229.183127	797.218505	10962.727	8.874
112036	35.976832	114.435898	228.586327	797.181217	10970.255	16.481
112056	35.9511	114.4713	228.0	798.0	10980.0	8.0
112116	35.923606	114.509208	228.731061	798.164712	10976.395	-5.662
112136	35.897272	114.545701	228.827674	797.780743	10971.322	-4.552
112156	35.8718	114.581	228.0	798.0	10973.0	8.0
112216	35.844117	114.619052	227.903579	799.605983	10978.139	9.967
112236	35.817096	114.656123	228.038144	799.601036	10980.481	5.714
112256	35.7912	114.6917	228.0	798.0	10980.0	-0.0
112316	35.764004	114.729045	227.993114	797.800533	10980.877	-6.797
112336	35.737177	114.765809	228.002645	798.115238	10977.267	-6.42
112356	35.7114	114.8011	228.0	798.0	10973.0	0.0
112416	35.685446	114.836676	228.000022	797.453327	10978.072	1.834
112436	35.658739	114.873173	227.998885	796.419699	10978.846	-3.446
112456	35.6317	114.9101	228.0	795.0	10973.0	-8.0
112516	35.605201	114.946496	228.007193	793.546049	10972.097	-2.187
112536	35.578714	114.982739	227.981743	792.686468	10973.839	-1.232
112556	35.5522	115.0189	228.0	793.0	10973.0	-8.0
112616	35.526127	115.054601	228.100685	794.450613	10967.431	-9.638
112636	35.499645	115.090252	227.709305	795.116239	10964.09	-5.208
112656	35.472466	115.126014	227.022155	794.985355	10964.941	-0.119
112716	35.445179	115.161574	226.9084	795.983883	10965.407	-0.155
112736	35.418217	115.196583	227.062743	797.953888	10964.399	1.591
112756	35.390728	115.232336	227.012618	799.922653	10964.83	7.696
112816	35.361702	115.27029	226.770967	800.911646	10970.402	11.229
112836	35.33557	115.304397	227.522293	800.915098	10973.497	4.397
112856	35.309166	115.338699	227.908926	801.566959	10972.45	0.051
112916	35.28	115.3766	227.0	803.0	10973.0	8.0
112936	35.25408	115.410285	226.893834	803.10277	10977.11	14.034
112956	35.227156	115.445108	227.03098	803.068977	10983.0	14.453
113016	35.1982	115.4825	227.0	803.0	10988.0	8.0
113036	35.170808	115.517967	227.064043	801.702133	10989.446	-3.995
113056	35.143557	115.552786	226.858132	800.435751	10984.997	-8.705
113116	35.1165	115.5884	228.0	797.0	10980.0	-9.0
113136	35.091608	115.624943	231.862506	789.272626	10980.206	-17.665
113156	35.067573	115.662592	232.486511	787.910334	10970.374	-18.354
113216	35.043312	115.700853	231.828482	789.671919	10963.631	-11.335
113236	35.018547	115.739457	231.99014	789.12378	10965.0	-0.633
113256	34.993698	115.778277	232.034939	785.803331	10963.395	4.09
113316	34.969867	115.815595	231.987666	785.852752	10968.856	-50.058
113336	34.946862	115.851585	231.999286	788.939626	10952.789	-162.22
113356	34.923098	115.888664	232.002631	787.849853	10860.591	-260.601
113416	34.898384	115.927178	231.998838	787.232611	10753.109	-296.576
113436	34.873611	115.96581	231.999864	788.948093	10664.545	-289.884
113456	34.84985	116.002911	232.001898	788.972383	10566.253	-305.079
113516	34.82557	116.04069	231.997184	789.52288	10460.062	-298.451
113536	34.799478	116.081117	232.020421	790.390274	10362.089	-274.337
113556	34.776192	116.117155	231.982937	789.851626	10273.909	-273.522
113616	34.755253	116.149558	232.140104	788.638257	10182.378	-282.942
113636	34.728322	116.191226	232.886641	789.239532	10084.728	-281.513
113656	34.705681	116.226274	233.075046	795.385657	9993.899	-298.046
113716	34.680737	116.264763	232.445287	802.877313	9891.561	-310.867
113736	34.653496	116.306732	231.926027	806.441216	9783.21	-311.308
113756	34.628254	116.345625	231.990534	805.99906	9681.857	-295.429
113816	34.604255	116.382569	231.922012	807.394366	9584.341	-253.668
113836	34.579776	116.420228	232.096952	810.676351	9502.787	-301.741
113856	34.554035	116.459813	232.838558	814.637558	9415.575	-498.881
113916	34.528604	116.498857	233.230799	821.006256	9224.2	-665.165
113936	34.503398	116.537497	233.08683	825.855405	8953.805	-713.751
113956	34.477563	116.577075	232.639519	822.174756	8697.105	-633.038
114016	34.452561	116.615334	231.703756	803.759415	8524.541	-495.755
114036	34.428594	116.651853	231.00796	777.511492	8407.282	-429.032
114056	34.403589	116.689802	231.795516	760.766912	8240.102	-452.726
114116	34.380176	116.725566	232.044216	742.56004	8102.298	-341.697
114136	34.358017	116.759386	231.960059	718.770377	8012.969	-268.614
114156	34.335984	116.792835	232.017673	695.797118	7911.387	-507.222
114216	34.314208	116.825947	231.9725	695.83687	7675.14	-874.088
114236	34.292749	116.858743	232.099153	722.918628	7301.952	-886.116
114256	34.270224	116.892983	232.357622	725.371866	7050.01	-731.288
114316	34.246599	116.928608	230.485774	716.718959	6844.059	-618.624
114336	34.225109	116.961173	233.614246	710.162109	6643.971	-607.795
114356	34.208863	116.994737	244.921837	706.237233	6440.305	-638.463
114416	34.19647	117.037592	252.432487	699.273972	6219.42	-639.512
114436	34.185719	117.077076	253.479986	692.469626	6011.408	-631.322
114456	34.174654	117.117768	252.275545	686.516253	5799.458	-610.985
114516	34.163913	117.157307	252.070808	680.312136	5597.524	-579.634
114536	34.154397	117.191707	253.015036	672.588009	5424.203	-565.998
114556	34.143416	117.23124	252.377152	665.049174	5232.629	-613.972
114616	34.132271	117.271857	251.884904	662.194675	5010.293	-633.322
114636	34.121895	117.309724	251.994509	660.805229	4791.12	-608.937
114656	34.111913	117.345538	251.790054	654.528474	4610.848	-597.919
114716	34.101805	117.382996	252.757154	650.486863	4408.156	-585.356
114736	34.091929	117.421584	254.017577	646.615783	4196.721	-562.81
114756	34.082964	117.45808	253.39161	635.567458	4035.908	-543.53
114816	34.07403	117.494392	252.860283	627.794038	3856.545	-542.972
114836	34.064843	117.530789	253.00075	623.701431	3655.67	-506.542
114856	34.055847	117.565725	252.896483	613.117932	3500.408	-375.357
114916	34.047163	117.599735	253.357852	592.262629	3410.227	-283.127
114936	34.038676	117.632707	252.896217	569.042025	3340.608	-300.108
114956	34.030338	117.664495	251.186149	556.343592	3222.679	-385.421
115016	34.022894	117.697852	258.602095	552.862455	3065.843	-438.017
115036	34.018492	117.730328	264.055386	548.185378	2916.169	-416.022
115056	34.015829	117.76223	262.644551	539.200597	2791.082	-407.459
115116	34.012468	117.795611	262.824212	533.055178	2660.585	-461.962
115136	34.009352	117.826908	263.722703	536.677	2482.19	-489.731
115156	34.006386	117.857923	263.916369	538.035727	2308.899	-470.185
115216	34.00323	117.890318	263.148194	530.265688	2176.339	-422.114
115236	34.000151	117.921415	262.733022	525.947689	2030.786	-362.131
115256	33.997246	117.951543	263.26438	510.881036	1917.635	-268.537
115316	33.9944	117.9818	264.0	480.0	1867.0	-172.0
115336	33.991437	118.011516	263.392311	458.371316	1814.89	-178.626
115356	33.988649	118.038289	262.859432	444.620023	1747.256	-235.211
115416	33.9861	118.0628	263.0	435.0	1661.0	-297.0
115436	33.983565	118.088311	263.025509	430.80082	1550.391	-363.137
115456	33.981044	118.114517	262.989904	432.588377	1416.393	-404.627
115516	33.9785	118.1405	263.0	435.0	1273.0	-404.0
115536	33.975873	118.165825	263.00185	428.284609	1141.468	-371.88
115556	33.973396	118.190679	262.999229	408.432074	1026.285	-352.677
115616	33.9711	118.2146	263.0	385.0	914.0	-351.0
115636	33.968811	118.236749	263.000386	372.665184	789.461	-335.773
115656	33.966636	118.257946	262.999305	358.793989	683.0	-323.068
115716	33.9646	118.2786	263.0	335.0	587.0	-290.0
115736	33.962628	118.298157	263.003552	305.324263	475.276	-203.605
115756	33.960832	118.315634	262.992696	278.732801	437.365	-189.915
115816	33.959179	118.331669	263.037384	265.851911	418.847	-283.132
115836	33.957551	118.347587	263.141145	267.486415	326.552	-384.642
115856	33.955932	118.363687	263.145268	273.629204	202.29	-390.838
115916	33.954314	118.380208	262.904806	273.992379	94.08	-207.963
