062227	73.7757	40.6286	221.0	-138.221003	264.005595	3.703
062247	73.768786	40.614627	387.358	-274.824825	-124.804665	1.797
062307	73.764197	40.59923	483.479	-266.9209	-214.224012	1.513
062327	73.759041	40.581118	579.219	-28.517403	-383.522974	1.27
062347	73.7541	40.5605	663.0	439.894819	31.201736	2.256
062407	73.763887	40.540228	865.716	-438.206365	-87.74288	3.71
062427	73.7896	40.5265	1143.0	146.927369	426.395765	4.181
062447	73.813384	40.515713	1418.529	237.869781	386.790806	3.978
062507	73.83854	40.503935	1671.023	373.274623	-271.881944	3.737
062527	73.865227	40.491721	1904.975	384.154556	276.889563	3.762
062547	73.891517	40.480006	2147.614	147.335605	457.879501	4.042
062607	73.919036	40.467576	2440.214	354.003345	318.213093	4.257
062627	73.946271	40.454989	2720.791	466.506025	74.458744	3.797
062647	73.972327	40.442894	2938.073	467.172195	120.370502	2.794
062707	73.99947	40.430601	3123.702	480.410137	141.004213	2.339
062727	74.028583	40.417397	3270.927	511.327371	125.482825	2.147
062747	74.059868	40.402891	3374.872	543.643448	129.007576	1.866
062807	74.091927	40.388056	3480.382	571.228625	140.401806	2.124
062827	74.124886	40.372984	3639.813	589.227134	143.607778	2.839
062847	74.160135	40.35683	3871.098	594.656875	144.826572	3.048
062907	74.194553	40.341069	4072.849	602.355826	146.31109	2.902
062927	74.228151	40.325702	4228.342	615.472544	149.777301	2.752
062947	74.264597	40.308952	4425.414	622.137721	154.918005	2.742
063007	74.301018	40.292173	4610.85	630.090942	145.718371	2.797
063027	74.336091	40.275964	4773.374	635.37067	148.220668	2.707
063047	74.372264	40.259164	4972.418	623.271028	199.560365	2.197
063107	74.410311	40.241783	5103.504	651.269031	75.740363	1.174
063127	74.447797	40.224447	5114.413	653.98967	71.016496	0.381
063147	74.4823	40.2089	5136.0	660.353639	-29.224504	1.199
063207	74.526095	40.200484	5271.685	-11.76771	677.082973	2.146
063227	74.572207	40.196955	5403.295	654.585797	216.432634	2.389
063247	74.617616	40.193343	5558.826	556.388747	-422.667817	3.051
063307	74.66241	40.189545	5796.72	644.75567	252.079185	3.539
063327	74.706704	40.186073	6069.431	671.443672	82.008024	3.35
063347	74.750366	40.182552	6250.71	676.250903	35.160458	2.804
063407	74.794223	40.179016	6404.877	677.518826	85.376348	2.457
063427	74.83867	40.17548	6575.792	680.03523	73.261362	2.402
063447	74.883297	40.171828	6727.925	681.782364	69.991774	2.24
063507	74.927803	40.168149	6867.029	684.894712	74.003795	2.058
063527	74.972539	40.164484	6996.98	690.738083	73.70975	1.982
063547	75.018323	40.160761	7112.13	697.655115	73.920949	2.026
063607	75.064935	40.156957	7243.296	701.318506	74.666978	2.243
063627	75.111625	40.15309	7424.964	697.433945	74.429602	2.646
063647	75.155446	40.149389	7617.494	689.585862	73.508072	2.664
063707	75.196992	40.145851	7771.345	684.762445	73.025415	2.034
063727	75.243086	40.141993	7896.795	686.711801	73.269768	1.521
063747	75.290549	40.138032	7979.095	696.827432	73.954532	1.05
063807	75.336932	40.134149	8029.011	711.579809	76.397096	0.685
063827	75.382073	40.130359	8064.222	726.87274	78.350221	0.519
063847	75.427721	40.126501	8091.563	741.053849	73.917034	0.489
063907	75.475766	40.122279	8128.228	751.193874	87.450342	0.675
063927	75.526524	40.117984	8184.351	765.124062	46.18089	0.944
063947	75.576953	40.113404	8249.985	-375.196544	-679.042186	0.997
064007	75.623808	40.10548	8316.143	-764.955573	164.809787	1.059
064027	75.672252	40.092367	8383.587	-597.554378	-511.779918	1.152
064047	75.722326	40.076343	8459.603	-771.62164	166.878314	1.23
064107	75.769559	40.061358	8550.399	-781.580506	124.880765	1.267
064127	75.815176	40.047222	8638.029	-779.05606	150.983086	1.215
064147	75.862214	40.03241	8708.276	-782.690848	149.096327	1.096
064207	75.911206	40.017009	8776.758	-789.105253	147.138597	1.068
064227	75.960157	40.001609	8848.567	-793.915562	149.764572	1.076
064247	76.008999	39.986188	8919.584	-796.881755	149.852781	1.117
064307	76.059905	39.970187	8989.478	-799.860685	149.813659	1.371
064327	76.109158	39.954648	9085.954	-798.391551	151.152828	1.998
064347	76.155408	39.939931	9241.193	-788.007351	148.450813	2.618
064407	76.201671	39.925182	9455.644	-769.311887	138.464928	2.45
064427	76.249394	39.910013	9605.928	-757.098506	156.007583	1.633
064447	76.297719	39.894659	9653.572	-767.225358	148.475691	0.767
064507	76.344461	39.879708	9683.252	-788.491925	61.717419	0.478
064527	76.390599	39.864966	9713.801	-716.65819	350.680992	0.557
064547	76.437071	39.850145	9751.624	-318.015787	737.124591	0.759
064607	76.48401	39.835066	9810.629	-242.73851	768.318245	1.047
064627	76.532982	39.819295	9892.098	-323.077898	737.649755	1.2
064647	76.583044	39.80319	9978.201	-302.769989	743.798659	1.166
064707	76.630935	39.787762	10044.532	-297.349076	745.965574	1.124
064727	76.678109	39.77249	10115.828	-302.78234	742.981011	1.134
064747	76.726171	39.756888	10199.051	-300.544816	741.484274	1.127
064807	76.774872	39.741125	10269.512	-299.983815	741.210958	0.965
064827	76.822199	39.725783	10325.841	-300.679064	741.755115	0.665
064847	76.868364	39.710761	10362.065	-300.471459	741.530609	0.325
064907	76.915869	39.695292	10366.306	-299.251611	738.595739	0.073
064927	76.963549	39.679714	10361.836	-298.162932	735.837298	-0.021
064947	77.010554	39.664272	10362.933	-297.806748	734.972957	-0.001
065007	77.057813	39.648696	10363.228	-297.792697	734.889375	0.004
065027	77.106854	39.632542	10362.938	-297.78069	735.017821	-0.001
065047	77.155816	39.616468	10363.002	-297.830381	734.905234	0.0
065107	77.201489	39.6015	10362.963	-297.951846	734.701834	0.001
065127	77.247175	39.586425	10363.166	-297.309428	736.035889	-0.003
065147	77.294076	39.570847	10362.863	-299.238367	736.671942	0.002
065207	77.341406	39.555112	10362.335	-301.711026	735.749865	0.024
065227	77.388777	39.539388	10366.004	-285.494904	741.356515	0.033
065247	77.435697	39.523817	10370.786	-279.82114	742.414074	0.015
065307	77.481641	39.50852	10368.641	-336.232072	717.842382	-0.021
065327	77.527749	39.493115	10362.823	-287.270441	739.200794	-0.04
065347	77.575515	39.477155	10362.465	-109.146497	786.39219	-0.011
065407	77.622887	39.4614	10363.111	-704.460646	358.136694	0.001
065427	77.670298	39.445529	10362.741	-713.973088	335.213353	0.003
065447	77.717671	39.429535	10363.229	-247.318789	750.300939	-0.005
065507	77.763737	39.414047	10363.721	-343.985947	710.019404	-0.037
065527	77.809172	39.39895	10359.318	258.125978	747.330603	-0.029
065547	77.854301	39.383086	10356.023	744.483195	-273.959551	0.006
065607	77.899567	39.365451	10360.085	3.002115	-793.149599	0.027
065627	77.946453	39.346627	10363.141	-406.08266	-681.419768	0.038
065647	77.994625	39.327561	10362.428	-382.34554	-696.805339	0.043
065707	78.040449	39.309345	10367.663	-346.376624	-714.96432	0.025
065727	78.084336	39.291853	10370.552	-364.569836	-703.663709	-0.009
065747	78.12848	39.274355	10364.264	-361.869318	-702.842172	-0.038
065807	78.17385	39.256291	10362.396	-358.314662	-702.18755	-0.038
065827	78.219399	39.238081	10362.635	-358.931684	-700.095222	-0.047
065847	78.264248	39.220119	10357.815	-358.797602	-700.177304	-0.076
065907	78.30947	39.201923	10350.385	-359.346591	-701.411399	-0.046
065927	78.353919	39.183998	10348.647	-359.674322	-702.357187	0.012
065947	78.397523	39.166437	10354.831	-359.706419	-702.82594	0.039
070007	78.443944	39.147767	10356.494	-362.749558	-704.752667	0.038
070027	78.490039	39.129211	10356.433	-360.856397	-708.691925	0.046
070047	78.533677	39.111584	10361.311	-358.518397	-709.501168	0.074
070107	78.58077	39.092504	10368.029	-382.01805	-698.740809	0.061
070127	78.62744	39.073587	10371.132	-339.392211	-722.540633	0.038
070147	78.670096	39.056316	10370.468	-308.028913	-736.331402	0.042
070207	78.715456	39.037933	10375.283	-659.346248	-448.935963	0.022
070227	78.761847	39.019083	10377.339	-798.183252	-15.590777	-0.004
070247	78.805972	39.001098	10371.495	-798.896431	-49.469994	-0.002
070307	78.850721	38.982846	10374.315	-795.659096	-104.053315	0.005
070327	78.896626	38.96408	10377.78	-800.041143	-67.734134	-0.006
070347	78.94253	38.94526	10372.303	-798.718186	-60.568951	-0.035
070407	78.987264	38.926933	10370.849	-785.026775	-138.715785	-0.043
070427	79.031488	38.908571	10370.31	-794.723928	-16.847569	-0.042
070447	79.077004	38.889805	10364.312	-745.390727	-277.564257	-0.05
070507	79.124969	38.872226	10362.549	284.768711	739.02093	-0.02
070527	79.169438	38.858998	10362.951	778.566295	108.103119	0.007
070547	79.218622	38.848643	10363.343	691.090039	-357.745518	-0.05
070607	79.269265	38.84175	10357.201	-33.834521	-771.012725	-0.091
070627	79.317806	38.83881	10350.806	-766.481432	36.817154	-0.069
070647	79.36595	38.837652	10346.665	535.286366	-547.941047	-0.015
070707	79.414595	38.836681	10345.419	22.677279	-767.51123	0.042
070727	79.464864	38.835574	10352.388	-555.241088	-532.796313	0.079
070747	79.515347	38.834358	10362.696	-445.396108	-626.981186	0.078
070807	79.562949	38.833268	10363.861	-410.9408	-647.560939	0.031
070827	79.610094	38.832229	10363.191	-445.254652	-622.999316	-0.021
070847	79.658736	38.831155	10363.157	-436.926904	-629.16264	-0.041
070907	79.708289	38.83004	10357.673	-434.451213	-630.62817	-0.02
070927	79.757568	38.82886	10357.268	-437.432816	-629.61507	0.016
070947	79.806176	38.827659	10362.843	-438.094749	-631.876286	0.04
071007	79.854811	38.826522	10362.844	-438.872562	-633.361965	0.042
071027	79.904341	38.825377	10364.908	-439.371575	-633.697928	0.042
071047	79.954324	38.824162	10370.808	-439.263999	-633.637105	0.041
071107	80.003381	38.822897	10371.666	-439.257288	-633.653564	0.014
071127	80.052797	38.821636	10370.797	-439.2158	-633.566146	-0.005
071147	80.103175	38.820366	10370.998	-439.243233	-633.612491	-0.0
071207	80.153197	38.819024	10370.818	-439.572478	-634.089309	0.005
071227	80.200607	38.817736	10371.502	-438.471839	-632.499642	-0.011
071247	80.247624	38.816468	10371.158	-436.467219	-629.608446	-0.04
071307	80.29956	38.815022	10365.756	-436.309592	-629.381221	-0.048
071327	80.351269	38.813547	10362.168	-436.17748	-629.190443	-0.029
071347	80.399264	38.812167	10362.952	-435.298841	-627.923062	-0.001
071407	80.445652	38.810844	10363.17	-435.194185	-627.772394	0.003
071427	80.493199	38.809464	10362.94	-435.224903	-627.815799	-0.001
071447	80.542701	38.807976	10362.996	-434.737136	-627.112622	-0.0
071507	80.592587	38.806435	10363.016	-433.921615	-625.940242	0.0
071527	80.641302	38.804938	10362.987	-433.398466	-625.173173	0.0
071547	80.689184	38.803475	10362.997	-433.026208	-624.642144	0.0
071607	80.738023	38.801942	10363.056	-432.116635	-623.385782	-0.001
071627	80.786618	38.800431	10362.876	-431.973146	-623.006425	0.002
071647	80.834141	38.798973	10362.962	-431.916551	-623.007461	0.001
071707	80.881485	38.797469	10363.768	-429.722451	-620.614696	-0.026
071727	80.930682	38.795864	10361.083	-429.317803	-617.64665	-0.047
071747	80.981027	38.794184	10356.146	-428.665812	-617.848805	-0.041
071807	81.029321	38.792513	10355.649	-423.65807	-621.33837	-0.017
071827	81.076844	38.790853	10355.741	-439.128109	-610.489774	0.014
071847	81.124978	38.789184	10355.872	-432.246317	-616.462747	0.04
071907	81.173504	38.787505	10360.548	-361.109139	-663.422205	0.048
071927	81.221417	38.785879	10363.751	-580.133002	-484.066053	0.029
071947	81.268277	38.784282	10363.046	-753.045791	9.827878	0.001
072007	81.314862	38.782586	10362.787	-747.256003	85.816491	-0.002
072027	81.363438	38.780768	10363.192	-754.427299	5.685931	-0.001
072047	81.413348	38.778893	10363.046	-757.461665	25.593236	-0.001
072107	81.461148	38.777073	10362.131	-757.743527	31.119211	0.025
072127	81.50806	38.775312	10365.15	-757.426878	25.289608	0.048
072147	81.555961	38.773496	10370.819	-757.515344	26.721484	0.042
072207	81.605169	38.771496	10371.682	-757.661003	27.124379	0.012
072227	81.652925	38.769548	10370.661	-757.200377	26.684737	-0.002
072247	81.699603	38.767692	10370.91	-755.730647	26.732486	0.001
072307	81.74881	38.765698	10371.713	-753.509827	26.690776	-0.02
072327	81.797046	38.763738	10369.514	-752.281526	26.616024	-0.055
072347	81.843283	38.761888	10363.633	-752.497834	26.630199	-0.076
072407	81.891797	38.759941	10358.056	-752.587256	26.636096	-0.061
072427	81.940972	38.757858	10355.636	-752.517493	26.631437	-0.03
072447	81.989313	38.755717	10355.98	-752.531056	26.632323	-0.004
072507	82.038071	38.753678	10355.599	-752.491032	26.630185	0.022
072527	82.085045	38.751931	10356.953	-752.601391	26.636242	0.052
072547	82.13075	38.750357	10362.048	-752.606963	26.63656	0.076
072607	82.180437	38.748482	10368.332	-751.941637	26.599721	0.061
072627	82.230605	38.746546	10371.475	-753.61883	26.691371	0.03
072647	82.278351	38.744768	10371.013	-757.26251	26.821719	0.004
072707	82.326401	38.742933	10371.641	-756.831316	26.619882	-0.024
072727	82.373959	38.741032	10369.56	-755.200992	27.013807	-0.048
072747	82.420698	38.739096	10363.71	-755.449129	27.040687	-0.045
072807	82.468868	38.737098	10361.415	-755.701419	24.455288	0.006
072827	82.518011	38.735113	10364.784	-755.325524	30.730041	0.05
072847	82.566562	38.733187	10370.445	-755.331466	30.981106	0.045
072907	82.613472	38.731266	10371.739	-756.204309	-5.118369	0.014
072927	82.660575	38.729309	10370.702	-751.098577	82.201056	-0.001
072947	82.708723	38.727303	10370.843	-748.553767	85.422142	0.002
073007	82.756282	38.725258	10371.776	-559.87486	-500.127598	-0.027
073027	82.805271	38.723086	10368.146	-544.361538	-515.753743	-0.046
073047	82.854706	38.720895	10362.88	-748.511985	46.570227	-0.04
073107	82.901352	38.718885	10363.198	-742.438319	91.434028	-0.039
073127	82.947869	38.716894	10360.834	-746.014479	-2.513714	-0.044
073147	82.995601	38.714792	10355.847	-744.444527	27.776745	-0.04
073207	83.043519	38.712588	10355.472	-744.025824	30.965756	-0.01
073227	83.090418	38.710418	10356.322	-745.50822	24.388521	0.002
073247	83.136731	38.708293	10355.96	-747.631904	26.539152	0.0
073307	83.184002	38.706111	10355.46	-749.18394	26.44916	0.025
073327	83.232582	38.703838	10357.791	-749.626891	27.519854	0.06
073347	83.282308	38.70148	10363.318	-749.535118	26.211935	0.076
073407	83.331816	38.69911	10369.301	-749.68263	20.957896	0.056
073427	83.376849	38.696939	10371.651	-748.821115	42.368468	0.022
073447	83.421619	38.694784	10370.97	-749.672694	22.049815	-0.001
073507	83.473187	38.692312	10370.94	-748.192855	-51.34521	-0.003
073527	83.521588	38.689922	10370.915	-696.793982	277.802896	0.003
073547	83.565873	38.687686	10371.035	-369.703382	652.505998	-0.001
073607	83.613164	38.685354	10371.643	-339.246914	667.0171	-0.026
073627	83.660125	38.683033	10368.763	-398.406604	629.455209	-0.058
073647	83.706582	38.680678	10362.696	-377.615056	638.633034	-0.076
073707	83.755284	38.678143	10357.567	-375.463635	639.750359	-0.06
073727	83.802665	38.675642	10354.894	-379.929599	637.282228	-0.01
073747	83.8485	38.6732	10356.0	-378.570604	638.160088	0.041
073807	83.895732	38.670673	10360.958	-379.201269	639.874451	0.05
073827	83.943356	38.668138	10363.705	-380.864465	641.535227	0.026
073847	83.991	38.6656	10363.0	-381.121619	642.460358	-0.0
073907	84.039291	38.662992	10362.872	-379.801257	641.796528	-0.003
073927	84.086385	38.660438	10363.052	-381.591723	639.39437	0.001
073947	84.1331	38.6579	10363.0	-380.101213	640.74025	-0.0
074007	84.181904	38.655223	10362.985	-371.484958	647.448683	-0.0
074027	84.228886	38.652628	10363.018	-404.502119	628.174952	-0.0
074047	84.2738	38.6501	10363.0	-381.121619	642.460358	0.0
074107	84.32109	38.647392	10362.922	-244.47208	706.118423	0.001
074127	84.372458	38.644674	10363.182	-696.384575	268.166913	-0.003
074147	84.421573	38.643497	10362.669	744.276516	28.312353	0.006
074207	84.463939	38.645288	10362.35	322.29223	-671.62415	0.038
074227	84.51076	38.648808	10368.134	735.460993	118.504577	0.028
074247	84.560433	38.652768	10370.365	612.133861	-424.927925	-0.013
074307	84.608064	38.656479	10364.013	653.619901	-358.084608	-0.041
074327	84.654549	38.660058	10362.164	670.21358	-320.447114	-0.019
074347	84.701815	38.663638	10363.271	677.978194	-302.833488	0.005
074407	84.749858	38.667241	10363.034	678.048768	-308.50759	0.001
074427	84.79648	38.670799	10362.938	372.709759	-643.24738	-0.001
074447	84.84264	38.674289	10363.019	-35.543984	-740.85798	0.0
074507	84.890205	38.677832	10363.002	44.658001	-740.678976	0.0
074527	84.939833	38.681597	10362.996	507.357679	-539.874232	-0.0
074547	84.987317	38.685175	10363.001	688.702069	-270.071937	0.0
074607	85.032127	38.688466	10363.0	665.475561	-323.561154	0.0
074627	85.079196	38.691936	10363.0	670.043085	-314.334908	-0.0
074647	85.125995	38.695543	10363.0	627.820089	-391.465322	0.0
074707	85.171303	38.6989	10363.0	177.928104	-718.210129	0.0
074727	85.218338	38.701575	10363.0	-716.558024	-189.731169	-0.0
074747	85.266436	38.703958	10362.999	-714.97775	199.070143	0.0
074807	85.313767	38.706364	10363.0	-610.794717	-421.315741	0.0
074827	85.359344	38.70868	10363.006	-440.193752	-597.554083	-0.0
074847	85.404967	38.711	10363.005	-552.391405	-495.672709	-0.0
074907	85.452826	38.713459	10362.982	-592.900664	-444.447814	0.0
074927	85.500426	38.715888	10363.022	-570.940752	-470.518944	-0.0
074947	85.546712	38.718199	10363.049	-573.078536	-468.024443	-0.001
075007	85.596872	38.720702	10362.761	-575.900097	-464.958973	0.005
075027	85.64607	38.723197	10363.305	-574.651953	-465.977901	-0.006
075047	85.690117	38.725447	10363.686	-574.599111	-464.849196	-0.037
075107	85.736052	38.727687	10358.797	-570.756777	-469.586833	-0.03
075127	85.784442	38.729972	10356.388	-578.004548	-460.074762	0.011
075147	85.832623	38.732241	10361.83	-582.105341	-452.46759	0.04
075207	85.879657	38.734453	10363.892	-522.806926	-519.168101	0.023
075227	85.926133	38.736654	10362.816	-628.86022	-384.404725	-0.004
075247	85.972703	38.738861	10362.918	-724.336183	136.140118	-0.002
075307	86.018889	38.74097	10363.064	-673.220323	299.869145	0.001
075327	86.064765	38.743009	10362.987	-704.553394	216.282018	-0.0
075347	86.111202	38.745071	10362.995	-702.014615	224.379545	-0.0
075407	86.159507	38.747214	10363.0	-698.235927	235.871867	0.0
075427	86.207261	38.749307	10363.004	-700.260908	229.786943	-0.0
075447	86.252892	38.751291	10363.011	-700.069015	230.365219	-0.0
075507	86.299803	38.753395	10362.943	-699.813395	231.195517	0.001
075527	86.347756	38.755517	10363.073	-699.926605	230.748018	-0.001
075547	86.394918	38.757508	10363.165	-699.891029	230.782346	-0.003
075607	86.440836	38.759493	10362.199	-700.10168	230.917493	0.019
075627	86.487152	38.761503	10364.059	-699.669002	230.739975	0.045
075647	86.534712	38.763506	10369.93	-698.273024	230.282896	0.045
075707	86.581295	38.765462	10371.841	-697.828573	230.141086	0.018
075727	86.628072	38.767375	10370.787	-698.05953	230.214641	-0.002
075747	86.675943	38.769244	10370.819	-698.037603	230.207561	0.001
075807	86.722051	38.771044	10371.579	-698.006185	230.198435	-0.013
075827	86.767982	38.772866	10370.295	-698.023032	230.202098	-0.035
075847	86.815861	38.774777	10365.917	-698.022031	230.198092	-0.04
075907	86.863924	38.776672	10362.663	-698.021137	230.205551	-0.027
075927	86.911005	38.778473	10362.788	-698.024831	230.212931	-0.005
075947	86.958105	38.780217	10363.13	-697.999142	230.157524	0.003
080007	87.004708	38.781946	10362.989	-698.041945	230.248409	-0.001
080027	87.050275	38.783681	10363.028	-698.090924	230.351782	-0.001
080047	87.09646	38.785409	10362.831	-697.629268	229.550185	0.004
080107	87.143559	38.787151	10363.185	-696.958871	230.395371	-0.004
080127	87.190466	38.788895	10363.602	-696.871524	231.580352	-0.033
080147	87.23546	38.790529	10359.789	-697.227587	222.680616	-0.049
080207	87.280047	38.792125	10355.524	-689.535916	234.912405	-0.036
080227	87.326421	38.793793	10355.663	-682.959432	249.461642	-0.005
080247	87.373966	38.795476	10356.37	-714.307274	135.415375	0.0
080307	87.422188	38.797126	10355.785	-652.226788	320.93112	0.003
080327	87.470452	38.798729	10355.39	-214.202825	693.860538	0.032
080347	87.51731	38.800284	10359.168	-488.283795	537.121616	0.05
080407	87.563162	38.801801	10363.533	-676.619608	263.22281	0.034
080427	87.608687	38.803274	10363.528	-256.164351	679.311891	0.002
080447	87.65294	38.80467	10361.831	-450.751069	569.141895	0.017
080507	87.698249	38.806097	10364.066	-686.560588	235.959311	0.041
080527	87.746336	38.807639	10370.395	-331.485779	645.816544	0.013
080547	87.793398	38.809144	10368.133	-80.123448	721.998348	-0.028
080607	87.839767	38.810587	10362.331	-198.420066	699.499288	-0.038
080627	87.886627	38.811994	10362.574	-192.267962	701.261112	-0.008
080647	87.93121	38.813319	10363.286	-174.135255	705.281037	0.005
080707	87.976694	38.814688	10362.948	-182.404856	702.703936	-0.001
080727	88.026125	38.816172	10362.955	-181.996575	702.955904	-0.0
080747	88.074166	38.817521	10363.079	-180.449699	702.295563	-0.001
080807	88.119862	38.818743	10362.935	-180.742635	700.932009	0.001
080827	88.165238	38.81997	10362.775	-180.728458	700.973279	0.005
080847	88.211474	38.821192	10363.786	-180.665162	701.157263	-0.019
080907	88.257492	38.822373	10362.37	-180.691305	701.081404	-0.041
080927	88.302092	38.823521	10356.841	-180.691544	701.081008	-0.017
080947	88.347383	38.824756	10357.969	-180.686436	701.094344	0.024
081007	88.394491	38.826022	10363.329	-180.688377	701.090474	0.04
081027	88.442266	38.827172	10363.503	-180.688752	701.093747	0.011
081047	88.486782	38.828223	10362.747	-180.686991	701.077956	-0.005
081107	88.531313	38.829317	10363.024	-180.688774	701.097395	0.0
081127	88.580695	38.83054	10363.036	-180.692858	701.1463	0.001
081147	88.627403	38.831612	10362.982	-180.673285	700.911962	-0.0
081207	88.672008	38.832607	10363.002	-180.696458	701.188545	0.0
081227	88.719727	38.833752	10363.002	-180.949682	702.633216	0.0
081247	88.766102	38.834815	10363.0	-181.628135	703.050675	-0.0
081307	88.811066	38.835803	10363.0	-180.970812	703.108873	0.0
081327	88.857676	38.836876	10362.996	-179.586486	704.183573	0.0
081347	88.904153	38.837902	10363.013	-187.743804	702.516145	-0.0
081407	88.950146	38.838861	10363.017	-189.388022	701.955919	-0.0
081427	88.996962	38.839849	10362.949	-157.443215	709.721146	0.001
081447	89.043857	38.840847	10363.039	-199.842695	698.992359	-0.001
081507	89.089767	38.841785	10363.188	-268.533603	675.564279	-0.003
081527	89.13625	38.842669	10362.321	204.138198	697.845637	0.015
081547	89.18322	38.843529	10363.549	472.521026	552.398424	0.044
081607	89.230058	38.844395	10369.219	-70.79186	722.73253	0.05
081627	89.278102	38.845266	10372.55	23.683298	725.533869	0.006
081647	89.325647	38.846128	10370.321	530.800227	495.294563	-0.046
081707	89.370668	38.846968	10364.664	533.009027	492.781252	-0.049
081727	89.416001	38.847793	10362.238	474.047983	550.411807	-0.023
081747	89.462583	38.848575	10363.072	495.759312	531.769028	0.001
081807	89.509502	38.849303	10363.113	492.693392	533.917126	0.002
081827	89.556475	38.850063	10362.934	505.03534	520.218456	-0.001
081847	89.602889	38.85076	10363.012	484.964247	537.53043	-0.0
081907	89.648335	38.851358	10363.059	430.390369	582.365003	-0.001
081927	89.693978	38.852328	10362.832	695.979476	196.147484	0.003
081947	89.740368	38.85214	10363.09	-624.545024	-359.811719	-0.002
082007	89.787131	38.848704	10363.653	51.142657	-717.374593	-0.032
082027	89.833323	38.843061	10360.004	-467.38783	546.503588	-0.048
082047	89.879068	38.836637	10355.675	-542.914381	471.112414	-0.038
082107	89.924638	38.830401	10355.875	-536.797633	474.914427	-0.012
082127	89.968813	38.82449	10355.388	-528.027722	482.35854	0.024
082147	90.012388	38.818597	10356.628	-510.435886	500.746103	0.04
082207	90.056978	38.812406	10362.257	-457.20097	550.058071	0.014
082227	90.102337	38.806103	10360.764	-698.141152	149.037146	-0.025
082247	90.147519	38.799876	10355.565	-698.546725	-143.471582	-0.04
082307	90.191901	38.793755	10355.729	-580.953378	417.429513	-0.013
082327	90.236302	38.787544	10355.629	-666.459419	262.084298	0.021
082347	90.280743	38.78126	10356.472	-694.744593	-173.747814	0.043
082407	90.325084	38.775005	10361.531	-634.743237	336.05642	0.047
082427	90.370425	38.768659	10363.938	-449.096731	562.802283	0.02
082447	90.416232	38.762237	10362.758	-536.25155	482.238218	0.0
082507	90.461285	38.755835	10362.227	-537.701943	482.71743	0.028
082527	90.505913	38.749437	10366.153	-518.540097	504.43739	0.054
082547	90.552292	38.742765	10371.633	-532.001506	489.270888	0.033
082607	90.600886	38.735775	10372.56	-545.668936	471.465635	-0.027
082627	90.645515	38.729367	10366.831	-464.798373	552.261496	-0.034
082647	90.687131	38.723392	10363.198	-558.737374	458.779924	0.003
082707	90.731162	38.717047	10369.508	-712.541923	-111.886224	0.009
082727	90.777495	38.710355	10369.014	-712.900716	114.114344	-0.021
082747	90.823848	38.70364	10362.599	-540.752036	481.532338	-0.04
082807	90.868617	38.697131	10362.387	-715.857034	-103.609461	-0.012
082827	90.91451	38.690451	10363.308	-671.491257	268.723434	0.005
082847	90.961091	38.683622	10362.971	190.086047	698.605044	-0.001
082907	91.006087	38.67694	10362.956	201.929816	694.507532	-0.001
082927	91.050744	38.670349	10363.021	158.88982	705.344282	0.0
082947	91.095823	38.663734	10362.999	92.514665	716.97605	-0.0
083007	91.141079	38.657056	10363.001	-451.076499	563.093054	-0.0
083027	91.18598	38.650454	10362.987	-375.916365	614.985063	0.0
083047	91.230929	38.643827	10363.008	163.973463	702.126472	-0.0
083107	91.276437	38.637015	10363.063	181.803638	697.72087	-0.001
083127	91.321214	38.630289	10362.798	103.817006	713.516302	0.004
083147	91.365442	38.623628	10363.11	132.509515	708.69486	-0.002
083207	91.410012	38.616871	10363.881	133.773211	708.280702	-0.034
083227	91.453943	38.610266	10359.739	128.325049	710.263969	-0.034
083247	91.498346	38.603616	10356.059	130.619467	711.1797	0.004
083307	91.545152	38.596524	10360.908	130.720347	711.203327	0.039
083327	91.59305	38.589193	10364.137	130.283019	711.100089	0.025
083347	91.639245	38.582123	10362.811	130.443972	711.144021	-0.0
083407	91.682255	38.575605	10362.069	130.455234	711.167683	0.027
083427	91.726219	38.568958	10366.115	130.404577	711.055028	0.05
083447	91.771864	38.562	10371.301	130.438866	711.1824	0.038
083507	91.817136	38.555001	10371.507	130.566753	711.877624	0.008
083527	91.862012	38.547991	10370.591	130.637909	712.274157	-0.001
083547	91.907771	38.54088	10371.121	130.603424	712.085601	-0.001
083607	91.954904	38.53365	10371.831	130.49678	711.513245	-0.03
083627	91.99977	38.526629	10367.923	130.300555	710.399749	-0.048
083647	92.042723	38.51982	10362.702	130.042365	709.04404	-0.038
083707	92.087027	38.512918	10362.533	129.794911	707.835344	-0.011
083727	92.133514	38.505655	10363.082	129.613942	706.253433	0.007
083747	92.179283	38.498457	10363.03	129.123706	704.139034	-0.001
083807	92.221211	38.491895	10363.686	128.362854	701.986254	-0.029
083827	92.264929	38.485015	10360.62	129.652024	700.898123	-0.048
083847	92.31164	38.477631	10355.856	128.325561	701.358896	-0.039
083907	92.357642	38.47038	10355.486	123.369491	702.103244	-0.009
083927	92.401639	38.463371	10356.363	143.545713	699.005379	0.001
083947	92.445225	38.45634	10355.945	124.796961	704.088418	0.001
084007	92.490579	38.449022	10355.127	50.500012	714.071856	0.028
084027	92.535007	38.441887	10358.317	336.455226	632.072924	0.045
084047	92.5781	38.435	10363.0	662.397443	271.819109	0.041
084107	92.622182	38.427937	10362.693	680.287245	223.279957	0.039
084127	92.667138	38.420597	10365.132	654.07302	291.288551	0.044
084147	92.712072	38.413167	10370.815	661.963563	272.874438	0.042
084207	92.756295	38.40594	10371.705	663.921744	268.074027	0.013
084227	92.800643	38.398754	10370.634	661.853053	273.139856	-0.002
084247	92.84546	38.391466	10370.944	662.365641	271.895798	0.0
084307	92.890148	38.384118	10371.949	662.524305	271.527172	-0.023
084327	92.934731	38.376758	10369.115	662.348386	271.905146	-0.047
084347	92.979096	38.36943	10363.378	662.385123	271.827349	-0.043
084407	93.023012	38.362133	10362.262	662.487784	271.83185	-0.014
084427	93.067844	38.354697	10363.334	662.231884	271.758791	0.002
084447	93.113412	38.347148	10363.107	662.290675	271.77625	-0.001
084507	93.157444	38.339771	10362.094	664.136604	272.531035	0.023
084527	93.200981	38.332483	10364.874	665.400702	273.052064	0.047
084547	93.244674	38.32522	10370.622	665.17557	272.959199	0.043
084607	93.287821	38.318008	10371.73	665.451223	273.072132	0.014
084627	93.333279	38.310343	10370.684	664.443878	272.658895	-0.002
084647	93.380838	38.302281	10370.869	661.809103	271.577666	0.001
084707	93.425685	38.294677	10371.711	660.275608	270.948548	-0.018
084727	93.469214	38.287311	10369.737	659.160902	270.490703	-0.053
084747	93.513162	38.2799	10363.946	657.879132	269.964702	-0.076
084807	93.556345	38.272634	10358.317	657.714279	269.899586	-0.063
084827	93.599757	38.265244	10355.606	657.656459	269.870386	-0.03
084847	93.644381	38.25755	10355.879	656.954049	269.580338	-0.003
084907	93.689524	38.249831	10356.113	656.737695	269.526097	0.003
084927	93.733993	38.242242	10355.978	656.884531	269.512304	-0.001
084947	93.776912	38.234851	10356.001	656.875838	269.483222	-0.0
085007	93.818511	38.227646	10355.952	656.711687	269.896799	0.001
085027	93.861401	38.220215	10356.084	657.041667	268.998561	-0.002
085047	93.906441	38.212428	10356.16	657.210201	268.519971	-0.003
085107	93.950276	38.204846	10355.235	655.216386	274.434299	0.02
085127	93.993667	38.197278	10357.005	660.465996	263.948549	0.044
085147	94.037878	38.189511	10362.24	664.68858	256.80305	0.042
085207	94.081048	38.181994	10362.884	630.358485	336.133011	0.039
085227	94.125107	38.174322	10363.937	691.438193	181.442081	0.042
085247	94.171241	38.166203	10369.918	633.415617	-328.011819	0.043
085307	94.215563	38.15839	10371.638	540.067829	-465.217398	0.024
085327	94.258609	38.150787	10371.1	592.491503	-396.605433	-0.008
085347	94.302597	38.142987	10371.544	587.791709	-403.336707	-0.036
085407	94.347694	38.134993	10367.044	582.003048	-413.577587	-0.047
085427	94.391583	38.127199	10362.391	586.5402	-409.167764	-0.035
085447	94.433855	38.119656	10362.769	586.127084	-409.600342	-0.006
085507	94.479172	38.11156	10362.981	585.568376	-410.237869	0.009
085527	94.524763	38.103429	10363.26	585.827872	-409.874285	-0.007
085547	94.567495	38.095812	10363.667	585.762504	-409.880339	-0.038
085607	94.611116	38.088002	10358.808	586.200346	-410.260605	-0.029
085627	94.655558	38.080008	10356.39	586.682597	-410.558912	0.011
085647	94.699383	38.072085	10361.841	586.636111	-410.530105	0.04
085707	94.743165	38.064098	10363.834	586.679285	-410.565628	0.024
085727	94.787774	38.055942	10362.891	586.521871	-410.452654	-0.005
085747	94.832924	38.047717	10363.086	585.921301	-410.032637	-0.004
085807	94.876429	38.039785	10362.229	585.684521	-409.867317	0.02
085827	94.919537	38.0319	10363.831	585.847208	-409.980981	0.044
085847	94.964195	38.023705	10369.728	585.905715	-410.02196	0.045
085907	95.009581	38.015336	10371.628	585.246395	-409.560412	0.024
085927	95.053714	38.007224	10371.07	583.839911	-408.576425	-0.006
085947	95.095819	37.999527	10371.672	582.18447	-407.418329	-0.034
090007	95.138629	37.991569	10367.665	581.046869	-406.619759	-0.047
090027	95.182482	37.983379	10362.581	579.818756	-405.76376	-0.037
090047	95.226179	37.975322	10362.644	577.997665	-404.495153	-0.009
090107	95.269579	37.967215	10363.057	577.542335	-404.142695	0.008
090127	95.31277	37.959089	10363.108	577.510736	-404.168182	-0.003
090147	95.3558	37.951087	10363.642	576.279616	-403.387324	-0.032
090207	95.398561	37.943118	10360.021	575.947425	-402.685329	-0.047
090227	95.441202	37.935089	10355.664	575.864473	-403.288349	-0.038
090247	95.484073	37.926961	10355.827	575.353845	-404.054911	-0.011
090307	95.527488	37.918774	10355.558	578.264843	-399.552363	0.02
090327	95.571133	37.91057	10356.492	574.120405	-405.860677	0.043
090347	95.614536	37.902371	10361.603	567.614437	-416.995162	0.046
090407	95.657903	37.894156	10363.695	610.467016	-355.580556	0.024
090427	95.701725	37.885842	10362.949	551.548585	-444.120405	-0.003
090447	95.74599	37.877422	10363.148	133.157007	-695.490594	-0.006
090507	95.789281	37.869141	10362.174	-179.646772	-684.756283	0.02
090527	95.832471	37.860835	10363.703	44.905386	-706.584088	0.041
090547	95.876843	37.852292	10369.982	531.676988	-467.544872	0.016
090607	95.920502	37.843919	10368.918	451.359093	-545.464302	-0.024
090627	95.962904	37.835796	10362.807	-44.927211	-706.573369	-0.04
090647	96.005089	37.827654	10362.372	-82.629751	-703.162754	-0.013
090707	96.048448	37.819204	10363.279	-3.910681	-707.988102	0.005
090727	96.09215	37.810683	10362.986	-29.367556	-707.390885	-0.0
090747	96.134718	37.802475	10362.956	-31.953454	-707.282221	-0.001
090807	96.17907	37.793898	10363.017	-26.821691	-707.481555	0.0
090827	96.223636	37.78518	10363.0	-28.147377	-707.443138	-0.0
090847	96.264546	37.777104	10363.013	-26.523792	-707.553002	-0.0
090907	96.30624	37.768957	10362.955	-33.517438	-707.064287	0.001
090927	96.350434	37.760363	10363.013	-26.633231	-707.538991	-0.0
090947	96.394951	37.751588	10363.227	-1.280561	-709.380793	-0.004
091007	96.438102	37.74306	10362.355	-104.513294	-702.711491	0.012
091027	96.480545	37.734675	10363.183	-6.617633	-709.894719	0.042
091047	96.523984	37.726037	10369.062	523.067218	-477.416956	0.05
091107	96.567199	37.717405	10372.701	434.007518	-560.384491	0.006
091127	96.610457	37.708802	10370.25	-77.022152	-705.799302	-0.045
091147	96.654683	37.700074	10364.292	-74.000875	-704.653511	-0.045
091207	96.698771	37.691299	10362.863	-1.901032	-707.698069	-0.038
091227	96.741475	37.682745	10362.582	-31.677974	-707.339917	-0.042
091247	96.782911	37.674466	10357.453	-31.492207	-707.387386	-0.044
091307	96.82603	37.665789	10355.323	-26.18422	-707.302817	-0.028
091327	96.869914	37.656932	10355.991	-28.35134	-707.531998	0.003
091347	96.912286	37.648424	10355.448	-28.485603	-708.988799	0.032
091407	96.955387	37.63972	10358.509	-28.18952	-709.58057	0.048
091427	96.999946	37.630641	10363.136	-28.238739	-709.449311	0.04
091447	97.044488	37.621537	10363.447	-27.957042	-710.130417	0.01
091507	97.086457	37.612999	10362.794	-29.273871	-710.568285	-0.004
091527	97.1273	37.6047	10363.0	-28.29123	-710.436912	0.0
091547	97.170834	37.595781	10363.035	-23.370937	-710.379161	0.001
091607	97.215512	37.586647	10362.986	-40.711129	-710.4582	-0.0
091627	97.2594	37.5777	10363.0	-28.370812	-712.435328	0.0
091647	97.302122	37.56893	10363.002	40.103836	-712.001433	0.0
091707	97.345465	37.559984	10363.0	-224.033135	-676.862844	-0.0
091727	97.3895	37.5509	10363.0	-614.822472	-361.057236	-0.0
091747	97.432676	37.542028	10362.995	-678.097429	-219.809114	0.0
091807	97.475908	37.533117	10363.014	-406.841683	-586.160823	-0.0
091827	97.5198	37.524	10363.0	-28.450393	-714.433744	0.0
091847	97.56379	37.514813	10362.925	-518.987454	-493.193008	0.001
091907	97.606615	37.50588	10363.189	-498.880077	-513.259336	-0.003
091927	97.6497	37.4969	10363.0	-28.490184	-715.432952	0.0
091947	97.69546	37.487312	10361.957	-497.806281	-518.044605	0.031
092007	97.739141	37.47814	10365.932	-526.989868	-488.005465	0.037
092027	97.779677	37.469625	10370.991	-35.060182	-715.163167	0.002
092047	97.821063	37.460918	10366.346	-400.942549	-595.223393	-0.035
092107	97.865066	37.451656	10361.959	-665.206539	-274.044595	-0.033
092127	97.910551	37.442074	10362.94	-622.939568	-359.103485	-0.001
092147	97.95453	37.432779	10363.212	-609.111931	-381.500623	0.004
092207	97.996964	37.423767	10362.925	-624.082647	-358.095497	-0.001
092227	98.039163	37.414757	10362.996	-621.882733	-364.719607	-0.0
092247	98.082634	37.40544	10363.015	-621.34944	-366.605421	0.0
092307	98.12731	37.395882	10362.995	-621.334145	-364.277641	-0.0
092327	98.17182	37.386367	10363.0	-620.004385	-364.065725	-0.0
092347	98.214664	37.377159	10363.001	-621.118846	-364.877192	0.0
092407	98.258096	37.367894	10363.0	-621.530979	-364.954771	-0.0
092427	98.302417	37.358468	10363.0	-620.05846	-364.130007	-0.0
092447	98.345381	37.349161	10363.0	-619.61486	-363.872307	0.0
092507	98.388962	37.339701	10363.0	-620.548711	-364.435101	-0.0
092527	98.43359	37.330077	10363.0	-621.6931	-365.097466	0.0
092547	98.477114	37.32065	10363.0	-621.703781	-364.985952	-0.0
092607	98.520264	37.311262	10363.0	-622.038864	-365.549227	0.0
092627	98.563725	37.301776	10363.0	-623.372804	-366.156695	0.0
092647	98.607265	37.292244	10363.002	-624.261832	-364.946484	-0.0
092707	98.651309	37.282657	10362.997	-622.132427	-368.513908	0.0
092727	98.695528	37.273056	10362.998	-622.619107	-367.691527	0.0
092747	98.7388	37.263527	10363.022	-631.97076	-348.307602	-0.0
092807	98.782429	37.253912	10362.964	-604.620605	-393.175924	0.001
092827	98.826666	37.244233	10362.962	-604.951113	-395.596876	0.001
092847	98.86949	37.234805	10363.288	-723.176091	8.413924	-0.005
092907	98.912176	37.225367	10362.497	-585.8098	423.644346	0.009
092927	98.955691	37.215742	10362.465	-614.276863	381.293716	0.039
092947	98.998767	37.206186	10368.466	-702.179668	-172.088651	0.027
093007	99.041635	37.196656	10370.188	-660.287221	-294.765121	-0.015
093027	99.08509	37.186976	10363.77	-672.245701	266.393714	-0.041
093047	99.129513	37.177041	10361.891	-602.70454	397.254287	-0.016
093107	99.173556	37.167193	10363.579	-652.903099	305.414346	-0.003
093127	99.216415	37.157627	10363.397	-645.213388	321.67516	-0.036
093147	99.25906	37.148081	10359.082	-640.549825	331.178243	-0.054
093207	99.302385	37.138379	10355.012	-643.790383	324.392337	-0.024
093227	99.346406	37.128492	10355.498	-643.212935	325.547526	0.034
093247	99.39005	37.118559	10360.211	-643.898262	326.74754	0.052
093307	99.432704	37.108835	10363.621	-645.319713	326.86118	0.031
093327	99.475401	37.099187	10363.136	-645.794246	327.205898	0.002
093347	99.520457	37.089035	10362.764	-645.899997	327.32388	-0.002
093407	99.565069	37.078929	10363.133	-645.739628	327.197073	-0.001
093427	99.607485	37.069245	10363.157	-645.701358	327.18369	-0.002
093447	99.650647	37.0594	10362.141	-646.785696	327.738424	0.021
093507	99.693609	37.049596	10364.346	-647.759462	328.228624	0.045
093527	99.735649	37.039963	10370.22	-647.653133	328.175178	0.044
093547	99.779263	37.029945	10371.546	-647.559135	328.127933	0.022
093607	99.823477	37.019761	10371.151	-647.617176	328.157102	-0.01
093627	99.867057	37.009712	10371.471	-647.609936	328.153461	-0.037
093647	99.910975	36.999624	10366.741	-647.595749	328.146367	-0.048
093707	99.954363	36.989625	10362.292	-647.615867	328.156399	-0.033
093727	99.996778	36.979777	10362.778	-647.620845	328.158874	-0.004
093747	100.039859	36.969805	10363.231	-647.516215	328.106801	0.003
093807	100.083877	36.959626	10362.917	-647.746822	328.221624	-0.0
093827	100.128306	36.949295	10362.922	-648.38522	328.544033	0.001
093847	100.172511	36.938919	10363.29	-648.57799	328.654935	-0.005
093907	100.216143	36.928654	10362.649	-648.486306	328.583673	0.006
093927	100.258904	36.91865	10362.215	-648.504278	328.575424	0.037
093947	100.300616	36.908916	10367.801	-648.432399	328.721743	0.03
094007	100.343855	36.898775	10370.561	-648.586947	328.455331	-0.011
094027	100.389153	36.888082	10364.349	-648.701202	328.271401	-0.04
094047	100.43133	36.878153	10361.915	-647.37838	330.198712	-0.024
094107	100.473488	36.868226	10363.18	-648.216076	326.343758	0.003
094127	100.518944	36.857466	10363.114	-648.788315	321.974806	0.002
094147	100.561918	36.84728	10362.923	-633.97601	349.265975	-0.001
094207	100.603625	36.837371	10363.014	-657.174707	303.882734	0.0
094227	100.647785	36.826833	10363.012	-679.381603	250.307794	0.0
094247	100.69281	36.816057	10362.978	-359.24526	628.540027	0.0
094307	100.736859	36.805537	10363.018	-118.765292	714.221959	-0.0
094327	100.779135	36.795477	10363.055	-601.95036	402.442435	-0.001
094347	100.820618	36.785533	10362.776	-505.198214	517.957187	0.005
094407	100.863061	36.775319	10363.233	-9.551192	722.87314	-0.005
094427	100.907275	36.764705	10363.753	-32.845047	722.218663	-0.036
094447	100.9513	36.754092	10359.169	-100.33465	716.002601	-0.03
094507	100.993408	36.743919	10356.184	-68.78915	719.746017	0.008
094527	101.034034	36.734132	10361.222	-70.018056	719.709212	0.089
094547	101.077189	36.723729	10366.13	-75.397344	718.667778	0.335
094607	101.121935	36.712887	10393.154	-73.237481	719.598234	0.666
094627	101.165142	36.702339	10460.436	-73.646301	723.460374	0.926
094647	101.207575	36.691944	10524.505	-74.551439	728.446041	1.154
094707	101.251351	36.681258	10597.769	-74.543256	729.97224	1.443
094727	101.29697	36.670181	10713.317	-74.066356	725.29105	1.731
094747	101.340024	36.659658	10842.095	-73.564082	720.096211	1.565
094807	101.381943	36.649304	10937.069	-73.225263	716.893063	0.985
094827	101.425897	36.638434	10970.146	-73.069129	715.363674	0.383
094847	101.468371	36.628058	10974.358	-73.111113	715.755046	0.062
094907	101.50931	36.618093	10972.878	-73.28471	717.462178	-0.002
094927	101.551028	36.6078	10972.813	-73.448807	719.067596	-0.002
094947	101.593697	36.597256	10973.094	-73.42176	718.808269	0.001
095007	101.636687	36.586639	10972.991	-73.247105	717.090687	-0.0
095027	101.679483	36.576	10972.986	-73.101578	715.64566	-0.0
095047	101.722748	36.565182	10973.01	-73.026464	715.007575	0.0
095107	101.766225	36.554324	10972.998	-73.074243	715.360685	0.0
095127	101.809021	36.543699	10972.985	-73.232717	716.628385	0.0
095147	101.850985	36.533226	10973.046	-73.254948	718.223452	-0.001
095207	101.892584	36.522776	10972.988	-73.498778	719.28231	0.0
095227	101.934634	36.512228	10972.794	-73.95564	719.295411	0.004
095247	101.977799	36.501412	10973.584	-72.110437	719.364755	-0.012
095307	102.021469	36.490455	10972.835	-73.85025	719.21748	-0.042
095327	102.06442	36.479639	10967.388	-80.108815	718.503258	-0.052
095347	102.10705	36.46888	10963.474	-54.600117	721.127679	-0.011
095407	102.149959	36.458056	10965.231	-78.904995	719.750108	0.042
095427	102.193293	36.447129	10971.147	-165.777605	706.290217	0.043
095447	102.236183	36.436187	10973.331	223.595472	691.078549	0.031
095507	102.278488	36.425338	10972.907	570.659632	450.332204	0.035
095527	102.320879	36.414606	10977.275	165.042934	709.440195	0.044
095547	102.363923	36.403689	10980.718	10.283273	728.962046	0.031
095607	102.40754	36.392518	10980.091	541.126385	488.385726	0.002
095627	102.451046	36.381381	10979.822	618.857773	388.312819	-0.003
095647	102.494719	36.370227	10980.079	556.785547	476.397999	0.001
095707	102.538219	36.359099	10980.025	572.082139	459.780574	-0.0
095727	102.580504	36.348201	10979.792	577.884053	452.708985	0.004
095747	102.623349	36.337105	10980.394	572.969734	458.724726	-0.009
095807	102.666359	36.32597	10980.255	574.00033	457.473439	-0.038
095827	102.706567	36.315593	10975.76	574.36782	456.926718	-0.05
095847	102.748931	36.304627	10972.135	574.150342	457.466366	-0.027
095907	102.794623	36.292761	10972.803	574.192752	457.351342	0.0
095927	102.837747	36.281603	10974.33	573.186612	456.48977	-0.026
095947	102.879896	36.270697	10970.468	572.43762	455.944297	-0.036
100007	102.923225	36.259439	10964.967	572.572357	456.040962	-0.003
100027	102.966945	36.248038	10970.361	572.473021	455.95753	0.006
100047	103.009489	36.236898	10971.683	572.882885	456.287637	-0.004
100107	103.051569	36.225839	10965.201	574.036364	457.20559	-0.002
100127	103.096039	36.214139	10969.028	574.79609	457.810395	0.03
100147	103.140111	36.202549	10974.083	574.895201	457.889561	0.035
100207	103.182446	36.191419	10973.135	574.887149	457.883102	0.002
100227	103.225553	36.180071	10972.765	575.717864	458.544914	-0.005
100247	103.268833	36.168646	10973.052	577.008953	459.572726	0.002
100307	103.311737	36.157306	10972.988	577.980268	460.346372	0.001
100327	103.355071	36.145877	10973.18	578.117296	460.458272	-0.004
100347	103.398419	36.134369	10972.657	578.097909	460.436141	0.007
100407	103.441342	36.122884	10972.531	578.647627	460.872472	0.036
100427	103.484197	36.111489	10976.77	579.758202	461.796005	0.049
100447	103.527819	36.099861	10980.626	580.523537	462.322281	0.033
100507	103.571866	36.088018	10980.222	580.447214	462.232859	0.003
100527	103.614252	36.076676	10979.605	580.306027	462.674394	0.0
100547	103.656873	36.065289	10980.283	580.4719	461.756781	-0.004
100607	103.701249	36.053373	10980.563	579.655006	460.399246	-0.034
100627	103.744842	36.041641	10976.467	575.720261	464.749609	-0.049
100647	103.787586	36.030116	10972.486	582.601035	456.118078	-0.035
100707	103.830972	36.018401	10972.815	586.741493	449.537475	-0.006
100727	103.876078	36.006247	10972.919	532.391234	512.333849	0.009
100747	103.919942	35.99442	10973.242	618.795118	404.05063	-0.006
100807	103.96072	35.983367	10973.862	732.44469	-98.527095	-0.037
100827	104.003111	35.971822	10968.545	628.796169	-388.003649	-0.031
100847	104.046591	35.959955	10965.302	727.097996	-132.811854	0.008
100907	104.089138	35.94834	10971.389	608.358947	421.15745	0.039
100927	104.133027	35.936352	10973.864	704.763967	224.557289	0.028
100947	104.17643	35.924498	10973.018	677.651896	-294.510536	-0.007
101007	104.217969	35.913144	10973.526	686.153485	-274.004014	-0.034
101027	104.262687	35.900868	10969.608	708.161794	-213.269075	-0.051
101047	104.308087	35.888386	10964.232	699.206293	-242.215834	-0.032
101107	104.350368	35.876776	10963.818	698.919264	-240.880657	0.025
101127	104.393529	35.8649	10968.607	700.132239	-235.791054	0.052
101147	104.436823	35.852954	10973.398	699.753291	-237.932962	0.037
101207	104.477791	35.841634	10973.427	700.460589	-238.193633	0.008
101227	104.519496	35.830111	10972.787	700.656069	-237.819072	-0.004
101247	104.56337	35.817959	10973.02	700.768088	-238.021912	0.0
101307	104.608088	35.805516	10973.031	702.138919	-238.510226	0.0
101327	104.650298	35.793784	10972.982	702.744558	-238.610392	-0.0
101347	104.691911	35.782195	10973.003	702.591722	-238.657421	-0.0
101407	104.73679	35.769606	10973.015	702.779408	-238.937796	-0.0
101427	104.781813	35.757004	10972.959	701.753111	-237.553035	0.001
101447	104.82467	35.745033	10973.022	700.684501	-238.407475	-0.0
101507	104.865812	35.733502	10973.174	702.962662	-242.198096	-0.003
101527	104.908726	35.721499	10972.446	710.008346	-230.103219	0.014
101547	104.953224	35.709061	10973.305	705.474736	-245.644521	0.043
101607	104.996754	35.696793	10978.179	691.337008	-283.00263	0.051
101627	105.039488	35.684582	10981.352	747.011863	-3.217509	0.009
101647	105.082441	35.673254	10979.6	-304.825467	681.957114	-0.044
101707	105.126701	35.664216	10974.518	733.412606	143.137171	-0.049
101727	105.172673	35.658104	10972.325	625.635235	-413.769354	-0.022
101747	105.218472	35.654898	10973.052	-738.561963	-147.478251	0.001
101807	105.262748	35.653532	10972.991	-426.071494	-620.832127	-0.0
101827	105.309029	35.651829	10972.97	-418.993547	-625.525281	-0.001
101847	105.356306	35.650068	10973.014	-434.685667	-615.029576	0.0
101907	105.4034	35.6485	10973.0	-429.003347	-618.841763	0.0
101927	105.449782	35.646896	10972.998	-421.493617	-623.021235	-0.0
101947	105.493905	35.645326	10973.001	-444.826216	-606.536356	0.0
102007	105.536905	35.643763	10973.0	-437.512483	-612.78645	0.0
102027	105.582186	35.642059	10972.999	-336.131936	-673.937792	0.0
102047	105.629422	35.6403	10973.002	-594.118042	-462.549629	-0.0
102107	105.676666	35.638572	10973.002	-752.548624	25.532634	-0.0
102127	105.722294	35.636848	10972.984	-629.348168	-413.730887	0.0
102147	105.768622	35.635091	10973.033	-464.917394	-591.91638	-0.001
102207	105.816684	35.633273	10973.039	-746.918464	-86.921497	-0.001
102227	105.864267	35.631392	10972.778	-721.692199	214.243566	0.004
102247	105.910352	35.629569	10973.334	-737.440764	-149.95704	-0.006
102307	105.955627	35.627847	10973.524	-444.219791	-604.560102	-0.036
102327	106.002023	35.626074	10968.713	-653.361832	-369.705909	-0.049
102347	106.047379	35.624253	10964.265	-744.270246	109.847537	-0.033
102407	106.09123	35.622388	10964.681	-750.467767	59.434355	-0.004
102427	106.138305	35.620384	10965.434	-754.095972	-2.006598	0.002
102447	106.185639	35.61842	10964.835	-755.753274	30.468743	0.001
102507	106.229492	35.616633	10964.213	-758.229121	31.305147	0.022
102527	106.274812	35.614701	10967.405	-760.951338	24.962407	0.053
102547	106.322703	35.612595	10973.267	-763.677851	27.1262	0.077
102607	106.370541	35.610529	10977.727	-767.048452	27.506753	0.08
102627	106.418575	35.608462	10982.714	-769.56049	27.088457	0.07
102647	106.46599	35.606401	10987.814	-770.50206	27.260415	0.043
102707	106.511316	35.604411	10989.355	-770.519892	27.296797	-0.014
102727	106.557828	35.602358	10985.7	-770.63791	27.263602	-0.051
102747	106.606111	35.600208	10980.178	-770.560371	27.269919	-0.042
102807	106.652852	35.598072	10979.203	-769.125425	27.219398	-0.008
102827	106.698238	35.595937	10980.663	-768.502447	27.201792	-0.007
102847	106.743607	35.593805	10980.151	-768.56607	27.201278	-0.039
102907	106.790242	35.591701	10975.37	-766.605297	27.099961	-0.049
102927	106.838801	35.58947	10972.277	-765.170482	27.148249	-0.028
102947	106.888163	35.587117	10972.956	-765.494693	27.112192	-0.001
103007	106.93598	35.584832	10973.212	-765.734172	26.674035	0.002
103027	106.982614	35.582593	10972.799	-765.112045	28.034001	0.002
103047	107.029247	35.580316	10972.951	-763.612373	27.317554	0.001
103107	107.076393	35.577969	10973.981	-761.654232	20.779184	-0.026
103127	107.12156	35.575729	10970.99	-759.773201	38.683526	-0.044
103147	107.165856	35.573534	10965.29	-760.179653	34.568822	-0.041
103207	107.214205	35.571067	10965.214	-759.125847	-54.942149	-0.042
103227	107.261031	35.568697	10963.301	-733.576485	201.954982	-0.036
103247	107.304376	35.566527	10958.173	-418.497294	635.502458	-0.005
103307	107.350397	35.564117	10960.816	-331.616518	686.324371	0.053
103327	107.398269	35.561601	10967.768	-406.79124	645.745977	0.077
103347	107.446034	35.559145	10972.738	-391.491392	654.933817	0.045
103407	107.493529	35.556687	10973.472	-385.245698	658.573055	0.011
103427	107.540261	35.554203	10972.859	-390.528913	655.447967	-0.003
103447	107.585654	35.551741	10972.986	-389.429108	656.10491	-0.0
103507	107.629846	35.549366	10972.98	-389.258557	656.835048	0.002
103527	107.676317	35.54687	10973.097	-390.057776	657.317673	-0.002
103547	107.725838	35.544173	10973.069	-390.708726	658.595533	-0.001
103607	107.774342	35.541491	10972.249	-392.021041	660.881167	0.024
103627	107.818539	35.539081	10974.634	-392.042656	660.855168	0.047
103647	107.86179	35.536757	10979.672	-390.850669	658.85886	0.043
103707	107.912426	35.533947	10980.587	-391.558287	660.056849	0.015
103727	107.961975	35.531108	10979.833	-392.63065	661.860389	-0.004
103747	108.006071	35.528553	10979.99	-392.424606	661.513919	-0.001
103807	108.051833	35.525983	10979.902	-391.401101	659.787292	0.003
103827	108.098891	35.523329	10980.269	-390.583255	658.412913	-0.006
103847	108.145603	35.520612	10980.262	-390.704954	658.617925	-0.031
103907	108.192285	35.517852	10976.834	-391.73939	660.336958	-0.06
103927	108.239023	35.515059	10971.298	-392.417051	661.532969	-0.071
103947	108.285564	35.512265	10966.284	-392.279335	661.345312	-0.05
104007	108.331497	35.509527	10963.667	-392.844664	661.961053	-0.001
104027	108.378544	35.506706	10965.432	-393.345143	663.197154	0.043
104047	108.427861	35.503687	10971.216	-392.944724	663.428176	0.048
104107	108.475016	35.5008	10973.838	-394.904355	662.390351	0.023
104127	108.520645	35.498016	10972.912	-393.14558	664.539497	-0.001
104147	108.568359	35.495086	10972.755	-386.42981	669.988788	-0.002
104207	108.616627	35.492117	10973.164	-409.030162	657.270392	-0.002
104227	108.664275	35.489152	10973.109	-407.768992	657.917096	-0.002
104247	108.711793	35.486114	10972.265	-296.298807	714.937847	0.024
104307	108.759334	35.483221	10974.349	-546.348245	548.415127	0.043
104327	108.806151	35.480298	10979.438	-554.732584	539.931629	0.033
104347	108.850904	35.4764	10981.089	408.569194	-655.719316	0.02
104407	108.895249	35.470516	10980.185	647.014411	417.400105	0.006
104427	108.941697	35.461822	10980.276	-28.347768	-766.851687	-0.015
104447	108.988591	35.45184	10979.662	-12.191472	-765.789595	-0.046
104507	109.033581	35.442541	10975.158	-13.249508	-765.765728	-0.073
104527	109.079396	35.4331	10968.888	-40.419772	-765.05054	-0.068
104547	109.12551	35.423475	10964.666	-29.090211	-765.393009	-0.035
104607	109.170067	35.414147	10964.639	-28.87216	-765.223553	-0.005
104627	109.214735	35.404818	10965.385	-32.573887	-766.359991	-0.0
104647	109.259918	35.395348	10964.881	-29.872358	-768.612328	0.002
104707	109.305193	35.385769	10964.161	-25.273992	-770.208751	0.03
104727	109.351273	35.376057	10968.118	-47.590164	-769.904528	0.048
104747	109.397471	35.366334	10973.274	-21.464019	-770.555954	0.039
104807	109.442854	35.356699	10973.26	42.743646	-767.947857	0.012
104827	109.489258	35.346853	10973.41	-304.718161	-707.113636	-0.017
104847	109.536332	35.336908	10972.841	-673.06417	-378.201333	-0.042
104907	109.582049	35.327244	10967.371	-688.497215	-348.809622	-0.05
104927	109.625926	35.317875	10963.595	-655.71547	-409.816065	-0.015
104947	109.669965	35.308415	10965.193	-669.765758	-392.090178	0.043
105007	109.716423	35.298481	10970.49	-671.273755	-390.170377	0.071
105027	109.76218	35.288622	10975.543	-667.771371	-394.011969	0.079
105047	109.807	35.2789	10980.0	-667.422992	-391.947125	0.076
105107	109.853309	35.268924	10985.708	-666.368319	-391.00934	0.059
105127	109.899902	35.258913	10989.195	-665.204108	-390.769901	0.015
105147	109.9449	35.2492	10988.0	-664.836082	-390.427951	-0.041
105207	109.987969	35.23983	10982.851	-664.985138	-390.492531	-0.07
105227	110.033638	35.229931	10977.608	-664.341031	-390.14661	-0.078
105247	110.081469	35.219604	10973.243	-663.149013	-389.437715	-0.072
105307	110.126471	35.20982	10968.026	-662.970944	-389.330823	-0.055
105327	110.171272	35.199977	10964.662	-663.096772	-389.406268	-0.03
105347	110.217991	35.189649	10964.796	-662.992477	-389.343469	-0.005
105407	110.263001	35.179734	10965.086	-663.84102	-389.851954	0.004
105427	110.307145	35.170032	10965.036	-665.009413	-390.520904	-0.002
105447	110.352832	35.159961	10965.182	-665.530126	-390.806874	-0.004
105507	110.398987	35.149774	10964.193	-666.328248	-391.423251	0.019
105527	110.444058	35.139855	10965.867	-667.747487	-392.013759	0.043
105547	110.488286	35.130134	10971.842	-669.064094	-392.509472	0.043
105607	110.535218	35.119698	10973.161	-668.729299	-394.379797	0.039
105627	110.581729	35.109311	10973.572	-669.691619	-391.550056	0.042
105647	110.624804	35.099741	10978.748	-670.082509	-387.928493	0.044
105707	110.670306	35.089566	10980.824	-656.852495	-409.358807	0.023
105727	110.716645	35.079196	10979.9	-674.91256	-378.683358	-0.002
105747	110.760272	35.069518	10979.932	-699.972288	-326.761095	-0.003
105807	110.805467	35.059522	10979.939	-447.198449	-628.617879	0.004
105827	110.852837	35.049428	10980.087	10.07067	-770.825581	-0.002
105847	110.899606	35.040056	10980.449	7.65384	-769.63391	-0.029
105907	110.943235	35.031115	10977.783	-52.358201	-765.695481	-0.062
105927	110.985409	35.02227	10972.04	-27.571266	-765.413185	-0.076
105947	111.02964	35.013211	10966.239	-27.74915	-765.573783	-0.053
110007	111.076635	35.003517	10964.349	-32.008269	-764.513081	-0.019
110027	111.123954	34.993651	10965.087	-30.190461	-763.324262	0.002
110047	111.168862	34.984301	10965.082	-30.214147	-763.469303	0.001
110107	111.21254	34.975161	10964.95	-30.463632	-762.820027	-0.001
110127	111.256587	34.965891	10965.009	-30.425793	-763.898622	0.0
110147	111.301823	34.956363	10965.018	-30.708228	-768.976206	-0.0
110207	111.347518	34.94675	10964.953	-30.359803	-771.283994	0.001
110227	111.393679	34.937027	10965.035	-31.013716	-771.565161	-0.001
110247	111.440203	34.927186	10965.17	-32.250619	-774.649693	-0.003
110307	111.485309	34.917645	10964.388	-25.95853	-780.100795	0.014
110327	111.530824	34.908011	10965.496	-35.355169	-784.872887	0.045
110347	111.57855	34.897876	10970.962	-51.248477	-787.437015	0.07
110407	111.624043	34.888203	10976.051	40.556733	-790.391096	0.081
110427	111.669084	34.878611	10980.862	-89.781991	-788.158532	0.074
110447	111.717118	34.86836	10986.733	-592.437331	-529.667146	0.05
110507	111.763796	34.858401	10988.429	-724.711352	-327.386202	0.025
110527	111.810142	34.848461	10988.131	-679.556019	-412.427327	-0.006
110547	111.858672	34.837975	10989.102	-678.179011	-412.618747	-0.055
110607	111.904627	34.82812	10983.385	-685.53031	-395.159584	-0.104
110627	111.948642	34.818719	10972.489	-680.160747	-399.775023	-0.11
110647	111.994709	34.808761	10965.449	-679.902454	-400.390295	-0.04
110707	112.041023	34.798696	10966.945	-679.764594	-399.102194	0.029
110727	112.0866	34.7888	10973.0	-676.908332	-397.517433	0.041
110747	112.132426	34.778858	10974.297	-674.139929	-393.762624	-0.01
110807	112.178955	34.768667	10970.805	-668.391563	-398.068384	-0.062
110827	112.2253	34.7585	10965.0	-670.009903	-393.4663	-0.076
110847	112.270148	34.748829	10959.578	-682.34989	-370.000397	-0.056
110907	112.315126	34.739055	10957.554	-632.82726	-449.168674	-0.026
110927	112.3605	34.729	10958.0	-669.1476	-392.959909	0.0
110947	112.405151	34.719079	10957.58	-775.015008	-22.304963	0.025
111007	112.450797	34.709365	10959.296	142.186142	-764.523778	0.056
111027	112.497934	34.700855	10964.67	-484.045817	614.020613	0.076
111047	112.544967	34.694998	10971.051	-453.756208	-637.362895	0.054
111107	112.590915	34.689992	10973.08	-194.480065	-757.464908	0.038
111127	112.636879	34.684472	10972.739	-242.064911	-743.697105	0.041
111147	112.685092	34.6787	10977.927	-258.828633	-735.932334	0.022
111207	112.732481	34.673113	10979.147	-243.671789	-739.706572	-0.017
111227	112.777841	34.667745	10973.448	-246.825277	-738.902875	-0.041
111247	112.824286	34.662153	10971.942	-247.692075	-737.325452	-0.013
111307	112.872411	34.65639	10973.821	-246.29365	-736.736178	-0.006
111327	112.920118	34.650744	10973.409	-246.576968	-736.832727	-0.039
111347	112.964607	34.645413	10967.158	-246.720987	-736.574923	-0.026
111407	113.011282	34.639737	10966.056	-246.554289	-737.40047	0.018
111427	113.06091	34.633682	10972.508	-247.097248	-738.723593	0.041
111447	113.106626	34.628147	10974.062	-248.64807	-737.870449	0.014
111507	113.152299	34.62265	10972.33	-244.600786	-740.767427	0.004
111527	113.199931	34.616873	10972.705	-246.792249	-743.885423	0.038
111547	113.245511	34.611223	10977.371	-269.999859	-736.548381	0.05
111607	113.292267	34.605448	10980.707	-206.393492	-756.125119	0.029
111627	113.341188	34.599487	10980.104	-221.203454	-752.078238	0.001
111647	113.387932	34.593752	10979.646	-630.887314	-466.373192	0.001
111707	113.433156	34.588171	10980.447	-775.710914	-105.553498	-0.007
111727	113.478393	34.582553	10980.38	-760.633793	-169.717371	-0.037
111747	113.523953	34.5768	10975.985	-734.836811	-257.529851	-0.05
111807	113.570175	34.570943	10972.248	-772.584919	-99.476955	-0.03
111827	113.617193	34.565074	10972.759	-772.647056	-98.165437	-0.001
111847	113.664739	34.559331	10973.968	-44.411739	-779.501077	-0.018
111907	113.712322	34.553998	10971.457	482.621878	-615.540371	-0.049
111927	113.759337	34.549045	10965.676	-164.405953	-764.469475	-0.045
111947	113.805361	34.543973	10963.557	-342.649644	-704.18896	0.004
112007	113.851418	34.538782	10966.568	-232.956513	-748.722915	0.054
112027	113.898529	34.533511	10972.221	-256.550201	-740.789323	0.074
112047	113.946661	34.528032	10976.632	-148.35636	-770.470149	0.085
112107	113.994347	34.52278	10981.91	-405.132831	-670.012829	0.065
112127	114.040632	34.517216	10987.63	-701.858316	335.118501	0.009
112147	114.086208	34.509252	10986.57	703.207795	323.02391	-0.039
112207	114.131133	34.499734	10980.877	91.262091	-766.715503	-0.064
112227	114.17534	34.490414	10975.818	-180.718635	-750.086154	-0.072
112247	114.219947	34.48107	10971.404	13.609943	-770.339291	-0.08
112307	114.265388	34.471354	10965.972	-19.050529	-768.80733	-0.08
112327	114.310489	34.461791	10959.535	-63.783945	-767.241304	-0.036
112347	114.354627	34.452442	10959.004	11.598728	-771.337803	0.015
112407	114.398648	34.443041	10964.495	11.709574	-771.877774	0.039
112427	114.444604	34.433253	10964.927	-454.331771	-624.267014	0.041
112447	114.491039	34.423351	10966.354	-693.644242	-338.616512	0.043
112507	114.536519	34.413568	10972.344	-666.160412	-389.914759	0.043
112527	114.581686	34.403757	10973.958	-705.852417	-315.688695	0.014
112547	114.626772	34.394003	10972.478	-554.393824	-540.202598	0.001
112607	114.671835	34.38435	10972.631	-47.92162	-772.419912	0.005
112627	114.71695	34.374647	10975.489	-389.091556	-670.827201	-0.088
112647	114.761899	34.364872	10968.049	-712.782819	-310.863159	-0.42
112707	114.807104	34.354997	10929.114	-679.917595	-376.927857	-0.935
112727	114.853508	34.344982	10841.817	-654.213586	-412.181794	-1.31
112747	114.898424	34.335268	10741.757	-668.158719	-384.466838	-1.462
112807	114.941414	34.325846	10652.074	-667.776451	-390.315331	-1.473
112827	114.986565	34.315944	10552.038	-667.774224	-395.994949	-1.465
112847	115.032188	34.30593	10450.968	-671.474714	-390.566535	-1.228
112907	115.07691	34.296092	10377.374	-671.235997	-390.666988	-0.702
112927	115.122893	34.285986	10359.054	-662.035665	-414.610557	-0.225
112947	115.169226	34.275699	10364.268	-695.244561	-363.200522	0.004
113007	115.214798	34.265579	10363.259	-694.599369	-360.152167	0.005
113027	115.260142	34.255915	10362.704	-348.113378	-697.520359	-0.006
113047	115.305665	34.246306	10363.032	44.279722	-771.644882	0.003
113107	115.350783	34.236619	10362.956	-13.003283	-762.275922	0.001
113127	115.394215	34.22735	10363.447	-67.00559	-752.481767	-0.008
113147	115.43854	34.217931	10362.185	7.469929	-751.958952	0.013
113207	115.48401	34.208216	10362.128	5.467715	-751.546655	-0.041
113227	115.526465	34.199062	10366.818	-405.675704	-638.265381	-0.44
113247	115.569741	34.189738	10322.909	-713.000261	-254.664363	-1.009
113307	115.615649	34.17979	10218.795	-690.197574	-301.065653	-1.411
113327	115.659407	34.170279	10124.544	366.80663	-663.076041	-1.444
113347	115.703694	34.162937	10030.828	-752.223638	-137.859999	-1.494
113407	115.749515	34.157814	9925.033	693.415598	-332.384043	-1.505
113427	115.794921	34.153699	9827.361	531.797627	-556.081885	-1.255
113447	115.839065	34.149577	9760.915	413.556878	-643.319843	-0.759
113507	115.885494	34.145076	9732.104	493.468083	-582.981759	-0.286
113527	115.934177	34.140382	9730.473	483.236663	-599.537058	-0.08
113547	115.978893	34.136003	9731.06	502.003294	-589.56605	-0.188
113607	116.023399	34.131637	9713.823	446.450853	-630.587493	-0.606
113627	116.070061	34.127076	9659.631	438.292908	-626.557003	-1.166
113647	116.114315	34.122659	9555.591	736.467758	-156.505973	-1.532
113707	116.159052	34.118226	9441.288	745.387886	1.484169	-1.636
113727	116.205673	34.113675	9342.103	517.139928	-533.157384	-1.592
113747	116.249765	34.109249	9236.683	391.194931	-621.852875	-1.57
113807	116.293388	34.104847	9131.111	473.377075	-552.003316	-1.522
113827	116.338167	34.100299	9035.568	457.541143	-561.749097	-1.438
113847	116.381549	34.095577	8946.387	446.464259	-564.042909	-1.465
113907	116.424118	34.090871	8848.903	446.988575	-555.287744	-1.565
113927	116.4666	34.086331	8739.532	440.366106	-553.572652	-1.621
113947	116.507909	34.081929	8636.969	442.15859	-545.034503	-1.509
114007	116.54703	34.07766	8546.803	428.791691	-550.218078	-1.436
114027	116.586429	34.073388	8451.857	490.293465	-498.124767	-1.829
114047	116.629973	34.069021	8330.536	700.419369	-55.511291	-2.254
114107	116.673418	34.065163	8143.437	469.881447	520.77263	-2.521
114127	116.714685	34.061459	7981.828	204.448938	658.470106	-2.808
114147	116.754927	34.057712	7801.413	461.796236	495.856935	-3.348
114207	116.795367	34.053981	7545.904	668.79263	85.720944	-3.488
114227	116.835256	34.050154	7336.542	659.219519	108.447629	-2.183
114247	116.873455	34.04656	7238.178	380.143966	-524.022195	-1.593
114307	116.911372	34.042385	7148.965	-439.934843	-437.575015	-1.994
114327	116.949464	34.037398	6990.607	-578.509692	-154.210558	-2.647
114347	116.985671	34.032649	6790.612	-562.88918	-163.179264	-3.152
114407	117.018708	34.028293	6570.495	-578.302484	-70.651378	-3.487
114427	117.051042	34.024117	6334.048	-575.714457	-92.680755	-3.671
114447	117.087603	34.019939	6078.179	37.608743	-578.744901	-3.591
114507	117.12281	34.015934	5854.492	301.591005	-495.436328	-2.956
114527	117.155197	34.011987	5694.318	-236.616419	-529.747095	-2.156
114547	117.189832	34.007766	5572.853	-231.247721	-518.342172	-2.053
114607	117.2235	34.003681	5449.944	-133.735803	-536.163943	-2.301
114627	117.255884	33.999777	5293.956	-157.820359	-517.605405	-2.636
114647	117.289286	33.995801	5085.352	-179.647223	-502.064892	-2.973
114707	117.321975	33.991971	4866.169	-161.805921	-501.118363	-3.168
114727	117.35205	33.988472	4676.732	-150.570974	-496.823357	-3.151
114747	117.382837	33.984785	4468.176	-217.196386	-464.807673	-3.113
114807	117.413272	33.981244	4246.959	-104.752182	-503.333674	-3.092
114827	117.442427	33.977863	4055.052	29.828479	-518.549977	-2.788
114847	117.474982	33.973769	3919.742	278.905582	-424.842058	-1.784
114907	117.504883	33.975608	3813.045	218.110362	-454.383283	-2.214
114927	117.533962	33.980498	3666.652	-499.118553	73.176287	-2.458
114947	117.563544	33.985945	3490.816	-104.510796	-492.528081	-2.353
115007	117.593255	33.991138	3318.076	-494.883539	-71.234118	-2.191
115027	117.621877	33.996208	3190.486	468.061045	-162.825838	-1.749
115047	117.649664	34.001217	3124.069	-85.382045	483.31736	-1.124
115107	117.680618	34.005382	3056.377	-466.333096	-125.013542	-1.387
115127	117.708039	34.004609	2948.382	474.634488	61.513052	-1.694
115147	117.734004	34.001487	2837.928	314.691772	-358.121646	-1.817
115207	117.76288	33.99897	2720.994	471.350962	58.731807	-2.063
115227	117.79256	33.996139	2561.423	423.978753	-215.823998	-2.177
115247	117.821359	33.993188	2420.855	201.514584	-426.884826	-2.075
115307	117.849264	33.990444	2299.981	362.099908	-295.86796	-1.811
115327	117.877515	33.987868	2174.405	472.455028	43.223665	-1.499
115347	117.906811	33.985046	2094.303	450.901972	-199.133475	-1.217
115407	117.935885	33.982165	2029.152	254.768134	-418.047295	-1.11
115427	117.963285	33.97946	1950.978	280.629019	-361.011684	-1.16
115447	117.988545	33.976937	1873.273	280.035001	-327.954665	-1.164
115507	118.013238	33.974569	1800.152	255.720085	-324.321628	-1.264
115527	118.038141	33.97224	1717.116	249.562124	-311.257341	-1.461
115547	118.062339	33.96978	1603.536	247.241649	-306.157519	-1.492
115607	118.08608	33.967343	1505.263	245.845066	-306.534003	-1.477
115627	118.109578	33.965029	1426.741	246.098376	-306.400633	-1.602
115647	118.132708	33.962725	1305.146	247.171871	-305.782603	-1.885
115707	118.156673	33.960321	1162.844	245.83485	-309.199463	-1.946
115727	118.181217	33.957844	1039.431	247.156236	-309.678908	-1.721
115747	118.204111	33.955485	945.809	254.687429	-294.126349	-1.642
115807	118.225831	33.953408	832.958	211.412097	-300.746771	-1.698
115827	118.24694	33.95131	709.171	285.675181	-202.438404	-1.671
115847	118.267206	33.949008	614.719	342.078579	34.671303	-1.502
115907	118.286686	33.94706	516.088	281.764189	-140.260788	-1.363
115927	118.304918	33.945323	428.893	147.438392	-243.216095	-1.25
115947	118.321934	33.943616	358.51	170.796025	-208.463134	-1.217
120007	118.338358	33.941964	284.966	183.919198	-188.043848	-1.368
120027	118.354296	33.94035	203.591	177.264183	-194.274216	-1.495
120047	118.369729	33.938742	113.361	169.286817	-208.656086	-1.327
120107	118.384871	33.937119	27.036	168.578132	-209.485295	-0.688
