063236	40.6431	73.8047	302.0	295.0	168.0	0.0
063256	40.649304	73.820342	292.12652	282.556264	456.251	632.933
063316	40.649982	73.839904	258.892703	312.354932	569.771	250.798
063336	40.64098	73.858488	227.541469	363.003367	647.873	274.592
063356	40.62717	73.876052	222.528445	413.650748	732.597	348.055
063416	40.610136	73.895203	218.450068	452.845617	897.202	606.367
063436	40.590821	73.912101	210.766552	466.052673	1152.248	745.444
063456	40.571163	73.926958	211.23521	475.305686	1398.04	669.726
063516	40.550129	73.943734	210.971889	496.370934	1605.06	684.215
063536	40.527955	73.961357	211.300838	514.797555	1824.474	788.841
063556	40.506137	73.978795	213.597539	504.710086	2133.421	909.515
063616	40.485567	73.995788	213.151177	489.140559	2458.61	895.004
063636	40.465364	74.01553	219.978536	484.914075	2722.399	773.347
063656	40.449637	74.038884	235.571762	474.29365	2965.978	616.855
063716	40.437466	74.062783	237.083435	484.353806	3162.479	446.063
063736	40.4225	74.09	235.0	513.0	3299.0	348.0
063756	40.406031	74.120884	234.733409	548.482861	3370.208	239.865
063816	40.389796	74.150202	236.134923	580.300858	3461.59	474.039
063836	40.380058	74.182316	256.188826	568.754494	3705.017	793.931
063856	40.374806	74.221638	260.598614	563.992391	3970.547	701.388
063916	40.369911	74.259163	259.320307	570.350547	4184.294	653.718
063936	40.365319	74.294189	261.462765	568.473983	4413.262	704.584
063956	40.360819	74.32972	261.190322	563.382134	4662.457	694.353
064016	40.356112	74.36749	260.985846	565.782376	4861.786	571.707
064036	40.351536	74.403399	260.89955	573.237264	5039.702	424.906
064056	40.34715	74.438559	261.683353	575.91118	5142.033	182.758
064116	40.342507	74.475645	262.240428	576.636594	5156.046	185.018
064136	40.337713	74.513392	261.882456	573.236157	5231.733	404.901
064156	40.333055	74.550453	261.237081	563.720573	5444.548	513.263
064216	40.328429	74.58683	260.113044	560.94991	5653.35	516.896
064236	40.323765	74.623054	259.152014	566.249088	5814.953	476.259
064256	40.319036	74.659844	259.480795	574.027419	5950.304	459.302
064316	40.314217	74.697792	261.658802	578.784078	6085.161	516.826
064336	40.309349	74.73605	261.375425	577.361634	6274.246	541.835
064356	40.30466	74.772375	259.773407	574.666686	6465.968	495.363
064416	40.300104	74.80727	259.911046	577.227444	6603.815	436.414
064436	40.295073	74.846002	260.014424	585.873714	6744.855	428.651
064456	40.290029	74.885345	259.98148	589.85333	6889.797	418.228
064516	40.285042	74.924071	260.005047	592.379525	7027.119	412.364
064536	40.280034	74.962395	260.000968	598.164787	7158.429	379.331
064556	40.275193	74.999344	259.999419	601.989232	7277.756	206.967
064616	40.270033	75.038475	260.000401	599.800059	7315.247	92.223
064636	40.264781	75.078389	259.999932	596.828691	7319.595	121.709
064656	40.25987	75.116074	259.999957	598.949833	7379.822	222.82
064716	40.254886	75.15388	260.000028	602.278374	7479.568	294.693
064736	40.24978	75.192277	259.999996	605.783483	7587.929	318.363
064756	40.24469	75.230775	260.000001	610.539267	7691.869	314.25
064816	40.239521	75.269981	260.000001	615.312687	7802.045	274.377
064836	40.234154	75.30997	259.999999	615.166305	7886.952	182.299
064856	40.228773	75.349713	260.0	615.433798	7926.86	74.772
064916	40.223595	75.388474	260.0	625.271014	7927.846	11.505
064936	40.218248	75.428509	260.0	639.96915	7923.571	-4.978
064956	40.212508	75.471071	260.0	650.591097	7925.133	0.466
065016	40.206522	75.515107	260.0	651.194993	7925.203	0.716
065036	40.200894	75.556639	260.0	648.241794	7924.901	-0.372
065056	40.195562	75.596191	260.0	647.032081	7925.008	0.042
065116	40.190054	75.636901	260.0	648.905697	7925.001	0.117
065136	40.184384	75.678181	260.0	651.407964	7925.038	-0.234
065156	40.178621	75.719916	260.0	651.894477	7924.976	0.117
065216	40.172854	75.762221	259.999999	649.725653	7924.804	0.915
065236	40.167298	75.803395	260.000002	648.759054	7925.566	-3.503
065256	40.161698	75.844231	259.999995	649.034465	7923.577	-9.689
065316	40.155722	75.886741	259.999994	648.964563	7917.713	-9.001
065336	40.14955	75.930843	260.000045	649.556698	7915.419	1.219
065356	40.14375	75.972294	259.999922	650.100249	7918.77	9.928
065416	40.138267	76.011307	259.999917	650.020891	7924.429	8.818
065436	40.13216	76.055093	260.000623	649.972719	7925.861	2.264
065456	40.126015	76.099069	259.998912	650.00946	7924.489	0.734
065516	40.120341	76.139256	259.998844	650.003904	7924.617	7.059
065536	40.114667	76.179324	260.008673	649.980004	7928.904	10.529
065556	40.108849	76.220357	259.984846	650.032193	7932.986	4.698
065616	40.102974	76.26174	259.983896	650.033771	7932.496	-6.744
065636	40.097168	76.302624	260.120804	649.565373	7927.84	-10.359
065656	40.09114	76.344714	259.776233	648.628726	7924.286	-5.826
065716	40.084909	76.38789	259.046701	647.254883	7924.765	-0.295
065736	40.079065	76.428644	259.111031	645.343256	7925.969	-2.433
065756	40.07341	76.468414	258.67205	643.322044	7923.439	-11.689
065816	40.06752	76.509275	258.629923	642.052594	7917.655	-12.559
065836	40.0625	76.5506	265.0	644.0	7917.0	12.0
065856	40.064564	76.591051	278.588078	652.710337	7924.752	11.504
065916	40.069885	76.636298	279.395414	653.326434	7925.104	1.489
065936	40.074985	76.67857	278.512501	651.987824	7926.111	-7.358
065956	40.079921	76.720167	279.047008	652.15461	7922.859	-7.671
070016	40.085054	76.763697	279.067836	653.21037	7916.96	1.443
070036	40.089885	76.804747	279.88801	654.685109	7923.089	7.835
070056	40.094612	76.845075	279.667345	655.265726	7926.224	4.838
070116	40.099502	76.886849	278.910216	654.884261	7924.791	-0.618
070136	40.104592	76.930141	278.937136	654.707575	7924.867	-0.393
070156	40.109536	76.97181	279.066698	656.447497	7925.088	0.26
070216	40.114528	77.013593	278.962716	658.141553	7924.985	-0.044
070236	40.119917	77.057927	278.895784	657.94841	7924.991	-0.028
070256	40.12548	77.101868	279.214878	658.648124	7925.006	0.018
070316	40.129594	77.14305	275.668568	657.241697	7924.999	-0.002
070336	40.130805	77.183344	268.563266	652.716064	7925.0	0.0
070356	40.130035	77.227874	268.310797	652.577612	7925.0	0.001
070416	40.129127	77.270118	269.415422	653.171725	7925.0	-0.0
070436	40.128535	77.311081	268.923882	653.006245	7925.0	0.0
070456	40.127792	77.355845	268.593086	653.966337	7925.0	0.0
070516	40.127197	77.399404	270.329085	657.136502	7925.0	-0.0
070536	40.12775	77.441403	271.83623	658.536147	7925.0	0.0
070556	40.129046	77.483223	272.002058	657.923576	7925.0	-0.0
070616	40.130098	77.525008	272.001308	657.998008	7925.0	-0.0
070636	40.131146	77.568252	271.999134	657.799263	7925.0	0.0
070656	40.132201	77.611188	272.000148	658.24784	7925.0	0.0
070716	40.133185	77.652762	272.000094	659.827571	7925.0	0.0
070736	40.134299	77.697323	271.999938	659.337391	7925.0	-0.0
070756	40.135403	77.741836	272.000011	657.782037	7925.0	0.0
070816	40.136322	77.782966	272.000007	657.731992	7925.0	0.0
070836	40.137296	77.8266	271.999996	658.941995	7925.0	-0.0
070856	40.13829	77.870562	272.000001	660.172201	7925.0	0.0
070916	40.139188	77.911164	272.000001	660.268936	7925.0	0.0
070936	40.1401	77.953218	272.0	659.158083	7925.0	-0.0
070956	40.14104	77.99664	272.0	657.857273	7925.0	0.0
071016	40.14197	78.039305	271.999999	657.693521	7925.0	0.001
071036	40.142922	78.08388	272.000003	658.988805	7925.001	-0.004
071056	40.143827	78.127789	271.999997	660.02247	7924.999	0.004
071116	40.144622	78.168003	271.999988	658.833037	7924.996	0.017
071136	40.145443	78.210244	272.000046	656.248265	7925.016	-0.063
071156	40.146281	78.254227	271.999977	655.04964	7924.992	0.032
071216	40.147072	78.296487	271.999815	657.094627	7924.936	0.253
071236	40.147923	78.338864	272.000589	658.645934	7925.204	-0.807
071256	40.14878	78.381774	271.999678	657.820512	7924.889	0.443
071316	40.149518	78.424284	271.997428	655.622931	7924.111	6.675
071336	40.150233	78.466966	272.008207	654.77445	7928.286	6.621
071356	40.150975	78.509888	271.995514	654.989535	7931.928	-0.831
071416	40.151716	78.552763	271.964182	654.73841	7926.985	-7.317
071436	40.152406	78.595981	272.114312	656.140367	7924.205	-6.141
071456	40.153067	78.638695	271.937229	658.10675	7925.002	0.701
071516	40.153743	78.680214	271.106754	658.113036	7924.44	6.453
071536	40.154358	78.72315	271.360154	658.110683	7927.603	9.295
071556	40.154965	78.766417	272.000648	657.89874	7932.272	7.557
071616	40.155646	78.807591	271.306071	655.962318	7932.434	1.68
071636	40.156232	78.849923	270.855843	653.681195	7931.722	-0.493
071656	40.156756	78.893778	271.01347	651.83116	7932.058	-0.104
071716	40.157358	78.936893	271.020614	650.003862	7932.34	-4.456
071736	40.15794	78.978418	270.989648	647.050041	7930.547	-14.86
071756	40.158448	79.019572	271.000968	643.714683	7924.057	-23.363
071816	40.15891	79.06228	271.00149	641.991901	7913.278	-19.687
071836	40.159404	79.106365	270.999221	642.754032	7908.003	-5.661
071856	40.159925	79.14992	271.000037	644.012835	7910.205	8.479
071916	40.160406	79.191262	271.00012	643.627153	7914.943	13.382
071936	40.160819	79.232892	270.999946	645.632524	7919.197	18.342
071956	40.161222	79.275085	271.000003	649.110171	7925.468	23.04
072016	40.16169	79.316116	271.000011	649.807173	7936.475	18.855
072036	40.162137	79.356855	270.999988	650.789412	7941.149	9.737
072056	40.162518	79.398633	271.000002	652.00159	7940.009	-0.521
072116	40.162854	79.441868	271.000039	650.408272	7941.154	-10.732
072136	40.163179	79.484329	270.999891	647.053397	7935.434	-19.574
072156	40.163517	79.526002	271.000031	643.874942	7924.557	-22.938
072216	40.163862	79.568329	271.000536	642.279635	7918.855	-17.814
072236	40.164145	79.609493	270.998481	641.890808	7914.273	-12.678
072256	40.164416	79.650399	271.000429	642.007863	7909.852	-7.603
072316	40.164763	79.693336	271.007459	642.067613	7909.109	3.122
072336	40.165022	79.735206	270.978841	641.846325	7911.948	12.385
072356	40.165211	79.776414	271.005972	642.041801	7917.31	14.952
072416	40.16548	79.819686	271.103896	643.406954	7923.273	10.913
072436	40.165723	79.861807	270.656	644.372848	7925.672	4.406
072456	40.165909	79.902114	269.98007	643.94469	7924.967	-0.118
072516	40.166106	79.943128	269.935088	642.503737	7924.892	-0.383
072536	40.166318	79.986445	270.02886	641.800208	7925.048	0.171
072556	40.166508	80.030118	269.998569	642.009862	7924.998	-0.009
072616	40.166642	80.071191	269.99534	642.031362	7924.993	-0.029
072636	40.166779	80.113013	270.002072	641.988287	7925.003	0.015
072656	40.166904	80.155694	269.999897	641.999965	7925.0	-0.001
072716	40.166966	80.196575	269.999665	641.989332	7925.004	-0.017
072736	40.167067	80.23736	270.000149	642.035805	7924.988	0.044
072756	40.167206	80.279327	269.999993	641.989617	7925.003	-0.012
072816	40.167284	80.322225	269.999976	641.476292	7925.061	-0.211
072836	40.167308	80.364823	270.000011	640.206833	7924.827	0.598
072856	40.167299	80.406905	269.999999	638.964747	7925.049	-0.169
072916	40.167287	80.448859	269.999998	638.874752	7925.848	-5.682
072936	40.167341	80.489617	270.000001	639.086372	7922.2	-9.326
072956	40.1674	80.530059	270.0	638.98725	7916.854	-7.826
073016	40.167342	80.572097	270.0	638.813235	7916.715	-2.837
073036	40.167256	80.614389	270.0	639.609049	7916.565	3.527
073056	40.167197	80.656295	270.0	641.063016	7917.177	8.127
073116	40.167141	80.697868	269.999999	641.877542	7922.975	8.512
073136	40.16703	80.737516	270.000003	641.999937	7925.401	7.477
073156	40.1669	80.7779	270.0	642.0	7925.0	8.0
073216	40.166833	80.82294	269.999987	642.252916	7929.49	9.735
073236	40.166751	80.86572	270.000033	641.231989	7933.352	3.098
073256	40.1666	80.9055	270.0	639.0	7932.0	-8.0
073316	40.166401	80.948076	269.99982	637.378303	7926.768	-9.216
073336	40.166206	80.989927	270.000455	636.91621	7924.893	-7.38
073356	40.166	81.03	270.0	637.0	7925.0	-8.0
073416	40.165728	81.071283	269.997493	636.784065	7919.553	-8.987
073436	40.165497	81.113364	270.006337	637.669022	7916.154	-5.385
073456	40.1653	81.1554	270.0	639.0	7917.0	-0.0
073516	40.165057	81.197123	270.02913	639.083314	7917.003	-0.267
073536	40.164868	81.238904	270.111711	640.430039	7917.13	-0.613
073556	40.164589	81.281578	269.420292	642.379029	7916.359	3.14
073616	40.164227	81.324086	269.062503	644.410167	7917.702	9.146
073636	40.163887	81.365355	269.879384	646.426944	7923.311	13.881
073656	40.163622	81.406727	269.671331	648.191721	7928.068	16.74
073716	40.163332	81.448443	268.911396	649.063763	7933.367	13.597
073736	40.162928	81.490258	268.943667	648.971173	7939.621	3.124
073756	40.162513	81.532616	269.037308	649.421513	7936.831	-5.262
073816	40.162123	81.574886	268.993639	650.07363	7931.54	-8.212
073836	40.161727	81.616543	268.995955	650.049476	7932.194	-7.985
073856	40.161281	81.658798	269.002679	649.955682	7929.049	-8.66
073916	40.160805	81.702463	268.999543	650.019497	7924.49	-7.197
073936	40.16034	81.746675	268.99971	650.049498	7924.673	-1.319
073956	40.159872	81.788172	269.000192	649.806336	7925.228	0.787
074016	40.159409	81.828481	268.999967	650.204072	7924.95	-0.089
074036	40.158947	81.870787	268.999979	651.667494	7924.932	0.084
074056	40.158435	81.914926	269.000014	652.220137	7925.199	-0.666
074116	40.157891	81.957744	268.999998	651.951584	7924.807	0.763
074136	40.157357	81.997801	268.999999	651.935413	7924.382	6.529
074156	40.156835	82.040214	269.000001	652.18936	7928.269	9.439
074216	40.156285	82.084196	269.0	651.81144	7932.417	7.212
074236	40.155681	82.12666	269.0	650.388289	7932.146	1.787
074256	40.155085	82.168374	269.0	649.442168	7932.419	-3.798
074316	40.154472	82.210204	269.0	648.851087	7931.38	-7.537
074336	40.15379	82.252416	269.0	647.682218	7926.534	-8.048
074356	40.153054	82.294543	268.999999	645.775845	7924.282	-4.121
074416	40.152331	82.336619	269.0	643.841855	7925.074	0.228
074436	40.151669	82.378791	269.000002	642.563974	7925.163	0.224
074456	40.150976	82.420305	268.999992	640.898169	7924.747	0.308
074516	40.150266	82.462137	269.000002	638.91101	7925.055	-0.123
074536	40.149604	82.505447	269.000035	637.482819	7925.906	-4.989
074556	40.148907	82.547162	268.9999	636.49894	7922.061	-11.332
074616	40.148163	82.587215	269.000028	635.991331	7916.892	-9.496
074636	40.147406	82.627872	268.999453	636.009902	7917.135	1.8
074656	40.146603	82.668904	268.998564	635.999315	7917.025	0.921
074716	40.145796	82.711496	269.007171	636.026288	7917.158	-1.337
074736	40.145003	82.753223	268.990812	635.96174	7916.741	1.096
074756	40.144206	82.792741	268.979298	635.912208	7916.396	6.789
074816	40.143358	82.834087	269.100431	636.552498	7920.949	9.75
074836	40.142481	82.876183	268.867285	637.010018	7925.679	6.545
074856	40.141614	82.917108	268.132911	636.882711	7925.409	0.461
074916	40.140759	82.958796	267.898862	637.958679	7924.132	2.832
074936	40.139872	83.001025	268.021552	639.178506	7925.908	9.308
074956	40.138934	83.042867	268.011086	639.112416	7930.942	9.547
075016	40.138008	83.084647	267.983639	638.744003	7933.405	-0.108
075036	40.137054	83.126789	268.013153	639.276098	7930.911	-9.387
075056	40.136048	83.169185	268.026926	640.737412	7925.827	-8.986
075116	40.135085	83.210826	267.872077	641.207359	7924.538	-4.349
075136	40.134174	83.251319	268.167219	640.94613	7924.89	1.541
075156	40.133247	83.291567	268.944581	640.952098	7924.508	7.05
075216	40.132213	83.333744	268.600444	641.159019	7928.504	9.222
075236	40.131133	83.375594	267.901984	640.803059	7932.486	7.065
075256	40.130071	83.41576	267.956466	639.425294	7932.1	1.58
075316	40.128959	83.458443	268.034135	637.768911	7932.512	-4.544
075336	40.127815	83.501325	267.992963	636.926319	7931.11	-8.737
075356	40.126683	83.541633	267.996874	637.039056	7925.947	-8.823
075416	40.12555	83.582557	268.002451	636.480741	7924.283	-3.84
075436	40.124418	83.624511	267.999495	635.989477	7925.147	0.587
075456	40.123286	83.666459	267.999776	636.130747	7925.065	0.263
075516	40.122138	83.708053	268.000176	634.961456	7924.952	-0.217
075536	40.121033	83.749106	267.999963	633.926356	7925.006	0.059
075556	40.119977	83.789794	267.999983	634.124729	7924.993	0.057
075616	40.118816	83.830908	268.000016	632.729638	7925.051	-0.203
075636	40.117599	83.873225	267.999993	630.525808	7924.931	0.243
075656	40.116404	83.916027	267.999989	629.235828	7924.844	0.541
075716	40.115162	83.956386	268.00005	628.378476	7925.759	-3.621
075736	40.113878	83.996436	267.999937	627.953467	7923.995	-9.103
075756	40.112608	84.037905	267.999858	627.991671	7918.19	-9.367
075816	40.111402	84.07712	268.000687	627.944026	7915.575	-0.612
075836	40.110189	84.116444	267.999111	628.095179	7917.99	8.54
075856	40.108898	84.158534	267.996347	628.703051	7922.858	9.315
075916	40.107566	84.199971	268.005773	629.076011	7925.54	4.918
075936	40.106233	84.240273	268.00364	629.009603	7925.068	0.272
075956	40.104908	84.282739	267.961316	628.98151	7924.876	-0.494
080016	40.103548	84.325785	268.076948	629.007656	7925.039	0.155
080036	40.102141	84.367022	268.050272	629.002126	7925.005	0.019
080056	40.100735	84.405943	267.245995	628.983294	7924.991	-0.035
080116	40.099347	84.445579	267.190911	629.031178	7925.003	0.011
080136	40.097944	84.487219	267.978099	629.020166	7925.0	0.001
080156	40.096475	84.528792	267.490616	628.784609	7924.999	-0.003
080216	40.095035	84.570383	266.866327	629.466756	7925.0	0.001
080236	40.093642	84.611662	266.98326	630.906278	7925.0	0.0
080256	40.092183	84.651258	267.03063	631.169234	7925.0	-0.0
080316	40.090723	84.690735	266.990403	630.949334	7925.0	0.0
080336	40.089254	84.731948	266.998798	630.995135	7925.0	0.0
080356	40.087653	84.775119	267.002199	630.992661	7925.0	-0.0
080416	40.086102	84.816897	266.999311	631.035179	7925.0	0.0
080436	40.08465	84.856907	266.999914	631.025015	7925.0	0.0
080456	40.083082	84.898954	267.000158	630.728017	7925.0	-0.0
080516	40.081447	84.940464	266.99995	631.600058	7925.0	0.0
080536	40.079854	84.979955	266.999994	633.79419	7925.0	0.0
080556	40.078336	85.02001	267.000012	635.383571	7925.0	-0.0
080616	40.076742	85.061662	266.999995	636.35259	7925.0	0.0
080636	40.075063	85.103701	266.999998	636.968015	7925.0	0.0
080656	40.073481	85.143834	267.000014	637.057981	7925.0	-0.0
080716	40.071794	85.185127	266.999974	636.981833	7925.0	0.0
080736	40.069975	85.228185	266.999983	636.997725	7925.0	0.0
080756	40.068309	85.269196	267.00018	637.004163	7925.001	-0.002
080816	40.066576	85.310539	266.999641	636.998696	7924.997	0.005
080836	40.064686	85.353683	266.999766	636.999837	7924.998	0.003
080856	40.062927	85.395725	267.002509	637.000299	7925.018	-0.033
080916	40.061437	85.432221	266.995124	636.999907	7924.966	0.063
080936	40.059911	85.468039	267.001859	637.000009	7925.013	-0.024
080956	40.057858	85.514155	267.033547	637.000082	7925.236	-0.435
081016	40.055821	85.560006	266.892654	636.985177	7924.246	1.481
081036	40.054064	85.600286	266.769162	636.672626	7923.378	4.957
081056	40.052398	85.638629	267.226415	635.557753	7926.591	5.677
081116	40.050663	85.67831	267.968809	634.133745	7931.791	1.359
081136	40.048786	85.72097	267.558184	634.096046	7928.855	-5.795
081156	40.046796	85.76438	266.880413	633.618618	7924.242	-7.217
081216	40.044791	85.806269	266.948782	631.433987	7924.765	-0.984
081236	40.042888	85.84712	267.136128	629.724217	7925.226	0.929
081256	40.041047	85.887487	266.827361	628.7349	7924.946	-0.224
081316	40.03918	85.927936	266.099911	628.071857	7924.983	-0.069
081336	40.037257	85.969042	265.906131	627.929805	7925.016	0.067
081356	40.035323	86.01018	266.022642	628.021976	7924.996	-0.016
081416	40.033393	86.050926	266.007003	628.014383	7924.999	-0.005
081436	40.031398	86.091896	265.993261	627.939867	7925.001	0.005
081456	40.029414	86.132074	266.001626	628.084766	7925.0	-0.001
081516	40.027489	86.171201	266.000503	628.131876	7925.0	0.0
081536	40.025514	86.211302	265.999516	626.924925	7925.001	-0.002
081556	40.023491	86.252166	266.000117	625.820752	7924.999	0.004
081616	40.021426	86.293277	266.000036	625.936775	7924.998	0.007
081636	40.019266	86.335121	265.999965	626.108347	7925.012	-0.04
081656	40.017212	86.375644	266.000008	625.901767	7924.982	0.06
081716	40.015302	86.414462	266.000002	625.861195	7924.971	0.094
081736	40.013169	86.455302	266.000001	627.098602	7925.169	-0.551
081756	40.010944	86.496803	265.999996	628.147982	7924.744	0.832
081816	40.008822	86.537011	265.999993	628.015072	7924.598	1.309
081836	40.006699	86.577089	266.000042	628.172822	7927.357	-6.46
081856	40.004557	86.61761	265.999936	627.657986	7921.496	26.116
081916	40.002424	86.658255	265.9999	626.169671	7923.958	127.545
081936	40.00031	86.698186	266.000589	626.486533	7997.633	249.402
081956	39.998134	86.738781	265.999111	630.775816	8110.806	342.169
082016	39.995858	86.780926	265.998602	635.873799	8226.23	384.696
082036	39.99358	86.82305	266.008198	632.616717	8366.211	396.541
082056	39.991326	86.864218	265.987622	628.555432	8504.451	381.448
082116	39.989125	86.903892	265.98053	630.520704	8618.787	351.311
082136	39.98703	86.942124	266.106486	631.644007	8732.358	338.886
082156	39.984727	86.983221	265.74875	630.215713	8845.471	319.414
082216	39.982154	87.02756	265.033319	628.94197	8950.919	276.481
082236	39.979722	87.069107	265.190607	631.233395	9046.145	236.029
082256	39.977461	87.108114	265.847042	633.924944	9120.078	205.322
082316	39.975254	87.147168	266.131619	632.461887	9163.761	185.676
082336	39.97291	87.189314	265.942494	631.210823	9220.898	192.624
082356	39.970591	87.230926	266.120352	634.544373	9306.58	237.624
082416	39.968571	87.266072	267.03523	635.855959	9373.746	302.667
082436	39.965908	87.310254	266.459085	631.445728	9493.261	353.937
082456	39.963256	87.353659	265.382011	625.689347	9625.842	339.118
082516	39.960863	87.393029	265.019557	622.9542	9731.835	275.526
082536	39.958466	87.433116	265.694583	624.761817	9804.032	221.532
082556	39.956045	87.47436	266.244522	627.754367	9871.13	189.443
082616	39.953542	87.516189	265.922714	631.473799	9934.47	173.837
082636	39.950926	87.557628	265.066263	636.971415	9983.177	172.152
082656	39.948424	87.597144	265.451303	641.16729	10045.761	206.319
082716	39.946009	87.636925	266.2143	641.798047	10126.034	237.581
082736	39.943529	87.678962	266.111157	639.905283	10206.46	224.222
082756	39.94096	87.721643	266.018143	638.948583	10273.361	179.27
082816	39.938276	87.764063	266.032566	641.501919	10321.114	119.993
082836	39.935472	87.806387	265.391902	647.310831	10352.894	64.048
082856	39.932716	87.848269	264.89634	648.129099	10365.473	22.83
082916	39.930089	87.889542	264.982211	642.678271	10363.467	1.491
082936	39.927495	87.930496	265.008563	640.559722	10362.414	-1.823
082956	39.92488	87.971253	265.021854	641.30911	10363.163	0.499
083016	39.922208	88.012767	265.02915	641.945007	10363.035	0.098
083036	39.919471	88.056251	264.76443	641.937811	10362.945	-0.081
083056	39.916826	88.096205	265.3453	640.273482	10363.024	-0.047
083116	39.91408	88.13533	265.93568	639.040726	10362.92	0.296
083136	39.911035	88.180555	265.047412	640.776638	10362.91	0.353
083156	39.908344	88.221299	265.542663	641.295895	10363.685	-4.163
083216	39.905783	88.260841	265.934982	640.885824	10361.713	-9.55
083236	39.903026	88.303006	265.101258	640.943497	10356.623	-9.0
083256	39.900157	88.344181	264.874279	641.507845	10354.557	1.438
083316	39.897319	88.385202	265.034773	642.272073	10357.672	9.479
083336	39.894527	88.427199	265.007196	643.644318	10362.634	8.33
083356	39.891622	88.469001	264.990988	646.405904	10362.741	7.399
083416	39.88867	88.510746	265.002471	646.282199	10364.425	8.497
083436	39.885741	88.552782	265.000489	642.455956	10370.379	8.439
083456	39.882794	88.594843	264.99956	641.19433	10371.759	3.388
083516	39.879898	88.636303	264.999816	642.672343	10370.808	-0.822
083536	39.877039	88.677301	264.999651	644.023067	10370.979	-0.236
083556	39.874053	88.719001	265.002846	642.543382	10370.881	0.811
083616	39.871071	88.760725	264.994958	640.417747	10371.289	-1.234
083636	39.868147	88.802065	264.994631	639.225981	10371.32	-6.989
083656	39.8651	88.843788	265.040291	637.446875	10367.124	-13.234
083716	39.862042	88.884526	264.929601	637.383968	10360.848	-14.553
083736	39.859052	88.924382	264.925186	638.976661	10356.349	-9.122
083756	39.855995	88.966247	265.743182	637.67199	10355.657	-1.899
083816	39.852896	89.00889	265.863833	637.181162	10356.281	0.245
083836	39.849851	89.050548	264.953028	639.103368	10355.952	0.122
083856	39.846879	89.09097	264.217669	640.679474	10355.267	5.436
083916	39.843744	89.131447	263.830798	641.039813	10358.373	9.709
083936	39.840545	89.172232	264.031723	641.019774	10363.152	7.732
083956	39.837555	89.212866	264.845798	641.779681	10363.674	1.238
084016	39.834472	89.254468	264.758746	641.917482	10362.17	1.777
084036	39.831239	89.297031	263.974976	642.050649	10363.188	8.25
084056	39.828044	89.33963	263.918496	643.648054	10368.861	9.53
084116	39.824816	89.382552	264.036236	643.542337	10371.896	4.816
084136	39.821647	89.42431	263.998204	641.947207	10370.944	-0.104
084156	39.81867	89.463304	263.994151	641.802081	10370.624	0.236
084216	39.815535	89.503491	264.002595	642.164416	10371.739	-2.194
084236	39.812237	89.545157	263.999873	641.970725	10370.805	-8.268
084256	39.80901	89.585803	263.999613	641.20008	10364.917	-10.604
084316	39.805565	89.627792	264.000093	641.03497	10362.737	-4.475
084336	39.80221	89.669572	263.99995	640.529549	10362.475	4.601
084356	39.799036	89.710598	264.000003	638.911575	10363.213	7.97
084416	39.795622	89.753229	264.000017	637.379485	10369.633	3.495
084436	39.792325	89.793596	263.99997	636.854398	10369.129	-4.37
084456	39.789136	89.832727	264.000008	635.888123	10362.797	-7.933
084516	39.785737	89.87475	264.00013	632.515959	10362.342	-2.53
084536	39.782371	89.915757	263.999632	629.78566	10363.284	1.069
084556	39.77914	89.954972	264.000104	628.987511	10362.988	-0.064
084616	39.775902	89.995116	264.001808	628.638936	10363.003	-0.397
084636	39.772508	90.036092	263.994873	626.5371	10362.877	0.731
084656	39.769028	90.07692	264.001447	623.92448	10363.04	-0.19
084716	39.76567	90.116811	264.025177	623.752146	10363.706	-5.985
084736	39.762424	90.156378	263.928584	624.115735	10360.645	-8.397
084756	39.75913	90.196647	264.020192	623.992717	10355.846	-5.853
084816	39.75563	90.238115	264.667807	623.798938	10355.162	-3.221
084836	39.7521	90.2791	265.0	623.0	10356.0	0.0
084856	39.748732	90.318084	264.346564	621.430188	10355.574	5.023
084916	39.74548	90.356105	263.868803	621.108543	10357.589	11.005
084936	39.7421	90.3956	264.0	621.0	10363.0	15.0
084956	39.738403	90.438048	264.078967	618.515296	10368.683	12.668
085016	39.734924	90.478328	263.847164	618.883481	10372.612	1.031
085036	39.7317	90.516	264.0	621.0	10371.0	-9.0
085056	39.728237	90.555677	264.9916	618.490382	10363.45	-1.649
085116	39.724632	90.596727	263.924268	616.063969	10366.587	6.722
085136	39.721065	90.636746	262.908273	614.359407	10371.969	7.074
085156	39.71761	90.675213	263.815364	612.306319	10371.127	0.983
085216	39.714222	90.714255	264.80742	610.520417	10371.408	-4.676
085236	39.710782	90.753672	264.903632	610.032695	10369.783	-9.97
085256	39.707237	90.793267	264.137349	610.140592	10363.918	-14.653
085316	39.703665	90.833763	263.316687	608.239496	10358.625	-13.781
085336	39.700216	90.872369	262.934902	606.807993	10354.807	-2.84
085356	39.696828	90.90901	262.986517	607.044964	10355.119	13.259
085416	39.693186	90.948515	263.016975	605.922455	10364.756	18.482
085436	39.689563	90.988372	262.995183	604.783477	10372.451	11.505
085456	39.686106	91.026578	262.998667	604.938903	10371.434	1.175
085516	39.68248	91.065912	263.00128	604.914148	10370.385	-0.407
085536	39.678818	91.105595	262.999691	603.269251	10371.448	-1.014
085556	39.675298	91.143987	262.999904	600.423981	10371.59	-7.078
085616	39.671795	91.181266	263.000092	599.225014	10366.465	-8.925
085636	39.668215	91.219541	262.999978	598.802914	10362.605	-7.692
085656	39.664605	91.258834	262.999993	597.414505	10363.246	-7.777
085716	39.661146	91.295338	263.000007	595.120191	10359.457	-8.992
085736	39.657607	91.332689	262.999998	593.891542	10355.301	-6.516
085756	39.65385	91.373213	263.0	594.099086	10355.729	-0.577
085816	39.650159	91.411895	263.0	592.791884	10356.596	-0.625
085836	39.646491	91.449834	263.0	592.118672	10355.347	2.034
085856	39.642813	91.488464	263.0	593.701586	10355.033	13.008
085916	39.639336	91.525168	263.0	594.456562	10363.878	18.842
085936	39.635812	91.561626	263.0	593.609863	10372.638	10.915
085956	39.632055	91.599898	263.0	592.185339	10371.94	-5.651
090016	39.628312	91.639093	262.999999	591.829904	10366.24	-10.736
090036	39.62457	91.678136	263.000001	592.035405	10362.489	-6.475
090056	39.620828	91.716037	263.000002	592.002494	10362.954	-1.136
090116	39.617272	91.752285	262.999989	592.050936	10362.335	4.589
090136	39.613675	91.789332	263.000013	591.920242	10364.034	8.732
090156	39.609856	91.828592	263.000029	591.248548	10369.927	8.814
090216	39.606081	91.867213	262.999861	590.091538	10371.802	3.881
090236	39.602372	91.904731	263.000177	588.611211	10370.847	-0.639
090256	39.59864	91.941977	263.000399	587.229831	10370.959	-0.38
090316	39.594864	91.979382	262.998067	586.605713	10370.894	0.784
090336	39.591039	92.017201	263.002465	585.608928	10371.198	-0.819
090356	39.587229	92.055081	263.005551	583.496863	10371.468	-6.314
090416	39.583576	92.091923	262.973076	581.88844	10367.709	-12.782
090436	39.579832	92.12921	263.034337	580.673041	10361.45	-14.717
090456	39.575869	92.167737	263.077309	579.300324	10356.651	-9.701
090516	39.572121	92.204692	262.500001	578.332446	10355.53	-3.236
090536	39.568475	92.240618	261.92269	577.957163	10356.078	0.537
090556	39.564668	92.27722	261.965662	577.980822	10355.994	0.402
090616	39.560788	92.314576	262.026932	578.01581	10356.209	-1.142
090636	39.55695	92.35202	261.994439	577.995756	10355.696	1.328
090656	39.553162	92.389175	261.997512	577.995992	10355.302	7.478
090716	39.549266	92.426557	262.002057	578.014228	10360.277	5.278
090736	39.545466	92.462876	261.999659	577.98698	10362.531	-0.921
090756	39.541842	92.497963	261.999783	577.958726	10356.825	-1.294
090816	39.53785	92.535792	262.000143	578.272043	10358.31	4.741
090836	39.533685	92.575035	261.999976	579.266889	10363.622	7.65
090856	39.529809	92.612177	261.999984	580.699914	10363.406	1.579
090916	39.526167	92.646896	262.00001	581.231264	10362.684	-0.843
090936	39.522421	92.682241	261.999998	580.915989	10363.102	-0.023
090956	39.518345	92.720506	261.999999	580.808074	10363.214	-0.532
091016	39.514225	92.758713	262.000001	581.930992	10362.211	3.408
091036	39.510204	92.796188	262.0	583.13325	10363.823	8.752
091056	39.506271	92.833415	262.0	583.093124	10369.687	9.024
091116	39.502365	92.869626	262.0	582.901881	10371.814	4.142
091136	39.498397	92.905848	262.0	583.054406	10370.875	-0.547
091156	39.494276	92.943582	262.0	583.151658	10370.963	-0.496
091216	39.489969	92.982565	262.0	582.188669	10370.84	0.972
091236	39.485803	93.020113	262.0	580.745476	10371.218	-0.85
091256	39.48197	93.055129	262.0	579.510089	10371.73	-6.69
091316	39.477939	93.0923	262.0	577.448229	10367.139	-8.871
091336	39.473781	93.130326	262.0	575.843586	10362.658	-7.804
091356	39.469785	93.166335	261.999999	575.437593	10363.27	-7.729
091416	39.465821	93.202669	262.000002	572.875572	10359.995	-8.814
091436	39.461784	93.239706	261.999998	569.451992	10355.503	-7.186
091456	39.457702	93.27638	261.999992	568.06421	10355.693	-1.359
091516	39.453757	93.312106	262.000032	568.172743	10356.163	1.018
091536	39.449786	93.347827	261.999967	567.754231	10356.014	-0.34
091556	39.445632	93.384218	261.999892	566.165347	10356.14	-0.733
091616	39.441591	93.419777	262.000447	566.703713	10355.342	3.538
091636	39.437432	93.456548	261.999535	568.173311	10356.714	8.733
091656	39.433036	93.495357	261.998497	568.122652	10361.844	9.022
091716	39.429177	93.530186	262.006232	567.864726	10363.728	4.097
091736	39.425388	93.563989	261.993524	568.078934	10362.876	-0.492
091756	39.421018	93.601466	261.979063	568.22378	10362.921	-0.312
091816	39.416757	93.63849	262.086799	566.895787	10363.052	0.207
091836	39.412681	93.674232	261.907436	566.058283	10362.991	-0.035
091856	39.408543	93.709919	261.19639	567.53827	10362.994	-0.021
091916	39.404401	93.745528	260.765403	568.464137	10363.005	0.01
091936	39.40012	93.78221	261.155909	567.741476	10362.998	0.002
091956	39.395682	93.82003	261.962402	566.271995	10362.995	0.014
092016	39.39156	93.855449	261.513876	565.932212	10363.019	-0.064
092036	39.387438	93.890871	261.046546	565.904008	10362.981	0.067
092056	39.38299	93.928675	261.869239	565.101655	10362.937	0.217
092116	39.378883	93.9635	261.67805	565.331121	10363.26	-0.902
092136	39.374861	93.997917	260.910251	566.098632	10362.729	0.956
092156	39.370444	94.035939	260.942939	566.095169	10362.125	7.126
092216	39.366025	94.073279	261.03779	565.69459	10367.441	6.174
092236	39.361755	94.108685	260.993556	564.736396	10370.724	-1.758
092256	39.357559	94.143465	260.995903	563.294705	10364.7	-7.976
092316	39.353339	94.178975	261.002713	562.804689	10361.762	-4.135
092336	39.349029	94.215142	260.999538	563.044399	10363.371	-0.154
092356	39.344678	94.250981	260.999706	563.062704	10363.733	-6.149
092416	39.340486	94.285619	261.000192	562.808978	10359.648	-9.658
092436	39.336216	94.320849	260.999969	563.191849	10355.604	-7.208
092456	39.331657	94.358172	260.999987	564.623144	10355.89	-1.889
092516	39.327233	94.395124	260.999978	565.509751	10355.461	4.423
092536	39.322936	94.431032	261.000035	566.19942	10356.741	8.416
092556	39.318543	94.466749	261.000118	567.573317	10362.011	8.304
092616	39.314039	94.50323	260.999505	568.881312	10362.971	7.625
092636	39.309646	94.539251	261.000515	570.34995	10363.692	8.243
092656	39.305472	94.573795	261.001665	572.387299	10369.601	8.711
092716	39.301124	94.60902	260.993097	574.223875	10371.884	4.303
092736	39.29659	94.645602	261.007173	575.052184	10370.849	-0.527
092756	39.292004	94.682912	261.023192	574.944866	10370.904	-0.336
092816	39.28728	94.720043	260.903849	575.521085	10371.063	0.225
092836	39.282731	94.757004	261.102282	575.969361	10370.99	-0.041
092856	39.278664	94.793685	261.835027	575.208823	10370.996	-0.034
092916	39.274811	94.828751	262.104347	574.87398	10370.993	0.056
092936	39.270904	94.86375	261.981806	575.014274	10371.011	-0.044
092956	39.266833	94.900326	261.987186	574.986658	10371.038	-0.136
093016	39.262728	94.936564	262.013893	575.106042	10370.842	0.557
093036	39.258552	94.973012	261.992042	574.876693	10371.164	-0.596
093056	39.254272	95.0106	261.977575	573.588389	10371.53	-5.963
093116	39.25009	95.047419	262.090151	571.418606	10367.988	-12.522
093136	39.245972	95.083382	261.904418	569.828026	10361.755	-14.82
093156	39.241777	95.119425	261.18687	569.866782	10356.818	-10.053
093216	39.2375	95.155776	260.804672	570.191773	10355.493	-3.443
093236	39.233265	95.191999	261.115137	569.85552	10356.089	0.371
093256	39.229141	95.227766	261.830598	568.55456	10356.063	0.209
093316	39.224967	95.263668	262.161926	566.630954	10355.93	-0.021
093336	39.220764	95.299694	261.91362	566.164236	10356.042	-0.12
093356	39.216619	95.335544	261.363526	568.331806	10356.225	-0.89
093416	39.212475	95.37125	260.969331	570.101905	10355.894	0.466
093436	39.208235	95.407266	260.971141	569.902202	10355.533	5.667
093456	39.20377	95.444831	261.016518	571.032043	10358.226	12.225
093516	39.199227	95.483091	260.997798	573.291395	10363.959	14.897
093536	39.194867	95.520017	260.997928	574.639847	10369.764	10.371
093556	39.190739	95.554702	261.001186	575.646819	10371.636	3.797
093616	39.186548	95.589773	260.999842	575.952623	10370.925	-0.347
093636	39.182063	95.62752	260.999851	575.182501	10370.976	-0.488
093656	39.177682	95.663989	261.000085	575.056356	10370.839	0.89
093716	39.173332	95.699936	260.999989	574.869331	10371.159	-0.609
093736	39.168825	95.737414	260.999989	573.41176	10371.795	-6.423
093756	39.164612	95.772396	261.000006	572.781537	10367.459	-8.876
093816	39.160448	95.806631	260.999999	573.027015	10362.715	-7.858
093836	39.155901	95.84372	260.999999	573.01558	10363.272	-7.749
093856	39.151409	95.880533	261.0	573.028274	10360.235	-8.587
093916	39.147042	95.916381	261.0	572.966884	10355.634	-7.564
093936	39.142589	95.952579	261.0	572.831764	10355.792	-2.358
093956	39.138012	95.989408	261.0	573.777038	10355.605	4.311
094016	39.133416	96.026436	261.0	575.158365	10356.465	8.233
094036	39.128892	96.063257	261.0	575.798857	10361.48	7.028
094056	39.124312	96.100384	261.0	576.531651	10364.193	4.039
094116	39.119737	96.137287	261.0	577.525103	10363.514	1.265
094136	39.115367	96.172703	261.0	578.293872	10362.957	-0.783
094156	39.111027	96.207875	261.0	578.955374	10363.032	-0.165
094216	39.106282	96.245753	261.0	580.151177	10362.18	5.063
094236	39.101442	96.284074	261.0	581.727072	10365.131	9.363
094256	39.096824	96.320626	261.0	582.966193	10370.818	8.217
094316	39.092404	96.35569	261.000003	583.119411	10371.696	2.373
094336	39.087746	96.392479	260.999994	582.958134	10370.637	-0.291
094356	39.082841	96.431008	260.999998	582.997662	10370.944	0.104
094416	39.078151	96.467786	261.00004	583.006879	10371.907	-4.862
094436	39.073477	96.504203	260.99991	583.000805	10368.83	-9.401
094456	39.068734	96.541072	260.999972	583.001002	10363.178	-8.209
094516	39.064122	96.577255	261.000555	582.976894	10362.373	-2.604
094536	39.05951	96.613497	260.998741	583.053588	10363.218	0.843
094556	39.054698	96.650789	260.999264	583.031413	10363.02	0.12
094616	39.049618	96.68932	261.00775	582.668772	10363.025	-0.461
094636	39.044665	96.727031	260.984606	583.714864	10362.869	0.633
094656	39.039971	96.763517	260.989945	585.868896	10362.906	0.385
094716	39.035195	96.800857	261.107602	586.152714	10364.02	-5.793
094736	39.030379	96.837789	260.766736	586.144283	10360.83	-6.97
094756	39.025582	96.874021	260.046928	586.937281	10355.977	-0.502
094816	39.020753	96.911303	259.914677	587.165229	10360.682	1.153
094836	39.016037	96.947412	260.026735	586.844956	10361.849	-0.846
094856	39.011297	96.982787	260.003348	586.915849	10356.175	-0.41
094916	39.006122	97.021659	259.993874	588.296495	10359.537	5.81
094936	39.001009	97.060437	260.00192	589.089846	10363.92	7.018
094956	38.996186	97.097032	260.000241	588.954536	10363.1	0.542
095016	38.991219	97.134241	259.999556	590.137698	10362.986	-1.6
095036	38.986208	97.171514	260.000146	591.336736	10362.662	1.892
095056	38.981289	97.208226	260.000023	591.907801	10362.743	7.499
095116	38.976393	97.245063	259.999907	593.230627	10367.506	10.401
095136	38.971473	97.281627	260.000108	594.168284	10372.125	4.728
095156	38.966465	97.318344	260.000106	594.034155	10371.573	-6.75
095216	38.961297	97.356912	259.999217	593.962439	10366.184	-10.262
095236	38.95608	97.395756	260.001364	594.001086	10362.297	-6.011
095256	38.950956	97.43327	260.001449	593.990766	10362.852	-0.495
095316	38.945962	97.46988	259.98913	594.084964	10363.204	0.523
095336	38.940909	97.506673	260.019181	593.845391	10362.911	0.011
095356	38.935705	97.544238	260.031023	593.748761	10362.923	0.252
095416	38.930516	97.582083	259.855587	595.54577	10363.285	-1.42
095436	38.925448	97.619285	260.188075	597.18305	10362.664	1.892
095456	38.920638	97.655895	261.053482	596.970559	10363.43	9.214
095516	38.916181	97.693508	261.081845	596.95489	10369.865	3.88
095536	38.911652	97.731842	260.958905	597.022832	10368.825	-5.057
095556	38.907047	97.769724	261.00384	596.997769	10362.622	-7.823
095616	38.902596	97.80645	261.005876	596.995822	10362.463	-2.332
095636	38.898036	97.843723	260.99705	597.004638	10363.133	1.637
095656	38.893328	97.881813	261.000276	596.998201	10363.061	-0.447
095716	38.888606	97.920025	261.000422	596.986612	10363.666	-6.103
095736	38.88382	97.958937	260.999788	597.042102	10360.314	-9.34
095756	38.879149	97.996595	261.00002	596.977043	10355.752	-7.623
095816	38.874727	98.031381	261.00003	596.816753	10355.725	-2.329
095836	38.869997	98.06861	260.999985	597.712786	10355.789	3.154
095856	38.865007	98.108594	261.000001	599.103806	10356.209	8.615
095916	38.860233	98.147557	261.000002	599.736518	10360.539	14.2
095936	38.855707	98.184216	260.999999	600.640897	10366.831	13.573
095956	38.851125	98.220655	261.0	602.166015	10371.226	7.315
100016	38.846159	98.259724	261.0	603.655386	10371.333	1.438
100036	38.840995	98.299922	260.999999	604.11577	10370.876	-0.798
100056	38.836025	98.338746	261.0	604.009732	10370.988	0.157
100116	38.831453	98.375104	261.000003	604.174888	10370.799	0.879
100136	38.826685	98.412268	260.999992	603.251887	10371.71	-3.078
100156	38.821708	98.450495	261.000005	601.921043	10370.604	-8.31
100216	38.816859	98.488165	261.000037	601.860892	10364.694	-8.564
100236	38.811886	98.526736	260.999882	602.130653	10362.693	-7.42
100256	38.806794	98.566252	261.000064	601.955097	10362.775	-8.214
100316	38.801828	98.605211	261.000514	601.676717	10357.943	-9.572
100336	38.797072	98.642237	260.998359	603.201259	10354.588	-2.048
100356	38.792436	98.677979	261.000897	605.084975	10356.405	8.699
100416	38.787694	98.714576	261.007164	604.954474	10361.483	9.716
100436	38.782573	98.753783	260.977138	605.734967	10363.696	4.476
100456	38.777279	98.793939	261.012495	607.052329	10362.934	-0.255
100516	38.772204	98.832272	261.099775	606.881475	10362.896	-0.376
100536	38.767181	98.870192	260.617569	607.912276	10363.066	0.141
100556	38.762211	98.907557	259.962478	610.212673	10362.986	0.012
100616	38.757329	98.943945	259.942578	611.717133	10362.922	0.219
100636	38.75211	98.983061	260.028831	612.116895	10363.231	-0.774
100656	38.746785	99.023421	259.997306	611.992352	10362.875	0.432
100716	38.741811	99.061329	259.995877	612.013792	10362.007	6.592
100736	38.736659	99.099906	260.00207	611.908251	10366.681	6.883
100756	38.731386	99.138913	259.999807	612.054478	10370.958	-0.973
100816	38.726351	99.17635	259.999704	612.832399	10365.592	-8.451
100836	38.721095	99.215359	260.000149	612.894613	10361.057	-2.007
100856	38.715665	99.255567	259.999986	613.107233	10363.57	8.409
100916	38.71045	99.294212	259.999979	614.705571	10370.029	3.915
100936	38.705322	99.331761	260.000011	614.499856	10368.927	-5.23
100956	38.700138	99.369515	259.999999	612.950774	10362.797	-7.859
101016	38.694866	99.408253	259.999998	612.838912	10362.183	-1.653
101036	38.689631	99.44648	260.000001	613.073847	10363.827	-1.592
101056	38.684328	99.484869	260.0	612.995724	10362.831	-8.259
101116	38.678817	99.524932	260.0	612.975531	10357.854	-9.562
101136	38.673583	99.563265	260.0	613.041902	10355.226	-4.797
101156	38.668542	99.599959	260.0	612.989362	10356.048	0.102
101216	38.663184	99.638181	260.0	612.818526	10356.315	-0.265
101236	38.657653	99.677803	259.999999	613.608622	10355.382	2.261
101256	38.6522	99.7172	260.0	615.0	10356.0	8.0
101316	38.646942	99.75495	260.000004	615.692249	10360.889	9.387
101336	38.641596	99.793027	259.999991	616.479832	10363.699	5.458
101356	38.6361	99.832	260.0	618.0	10363.0	0.0
101416	38.630644	99.870609	260.00005	620.039357	10363.083	-1.318
101436	38.625119	99.909327	259.999875	621.78722	10362.504	2.488
101456	38.6195	99.9488	260.0	623.0	10363.0	8.0
101516	38.61389	99.989061	260.000729	623.898327	10368.332	9.557
101536	38.608263	100.028868	259.99842	623.797906	10371.836	5.495
101556	38.602675	100.067586	259.999517	623.922832	10371.057	0.126
101616	38.597255	100.105623	260.009723	626.630469	10370.607	0.213
101636	38.591863	100.143404	259.978136	628.37763	10371.576	-1.809
101656	38.586287	100.182015	259.993287	628.01115	10371.163	-7.767
101716	38.580424	100.22256	260.135389	628.176453	10365.741	-9.532
101736	38.574627	100.262763	259.668481	627.386912	10362.171	-5.616
101756	38.569074	100.301301	259.003209	626.014229	10362.952	-0.167
101816	38.563553	100.339383	259.554057	626.973406	10363.185	0.64
101836	38.557698	100.379583	260.107327	628.480486	10362.943	-0.197
101856	38.551677	100.421012	260.005681	628.983709	10362.993	-0.025
101916	38.546164	100.459237	260.074772	629.032812	10363.013	0.045
101936	38.540629	100.497369	259.785611	628.982476	10362.996	-0.015
101956	38.534773	100.537113	259.072144	628.990518	10362.999	-0.003
102016	38.529044	100.575637	258.910762	629.059224	10363.001	0.003
102036	38.523225	100.614573	259.024684	628.900034	10363.0	-0.001
102056	38.517196	100.65497	259.005109	628.89433	10363.0	-0.0
102116	38.511349	100.694494	258.993593	630.15576	10363.0	0.0
102136	38.505776	100.73239	259.001772	631.191022	10363.0	-0.0
102156	38.500182	100.7702	259.000367	631.0421	10363.0	0.0
102216	38.494036	100.810987	258.99954	630.927346	10363.0	-0.0
102236	38.487709	100.852831	259.000127	631.055166	10363.0	0.001
102256	38.481674	100.893058	259.000026	631.047073	10363.0	0.001
102316	38.475966	100.931189	258.999967	630.664337	10363.001	-0.004
102336	38.470296	100.968895	259.000009	631.619411	10362.997	0.007
102356	38.464406	101.007825	259.000002	633.803923	10362.997	0.008
102416	38.45827	101.048266	258.999998	634.088042	10363.021	-0.058
102436	38.452001	101.089398	259.000001	634.273102	10362.964	0.101
102456	38.445806	101.129879	259.0	635.785854	10362.962	0.107
102516	38.439872	101.168704	259.0	636.767998	10363.289	-0.803
102536	38.433853	101.208204	259.000001	637.060233	10362.491	1.49
102556	38.427629	101.249023	259.000001	637.045857	10362.176	6.496
102616	38.421642	101.287947	258.999997	636.840845	10367.834	5.15
102636	38.415684	101.326703	259.000004	637.199284	10370.55	-2.008
102656	38.409524	101.366992	259.00001	638.580736	10364.334	-7.854
102716	38.403519	101.40577	258.999953	640.201085	10361.983	-4.57
102736	38.397446	101.444659	259.00006	641.112102	10363.21	0.736
102756	38.391028	101.485796	259.000135	641.047502	10363.093	0.327
102816	38.384538	101.527145	258.999346	640.974341	10362.927	-0.259
102836	38.378266	101.567104	259.000836	640.990465	10363.015	0.056
102856	38.372231	101.605834	259.002163	640.958194	10363.007	0.033
102916	38.366026	101.645646	258.991241	641.286009	10362.999	-0.036
102936	38.359764	101.685389	259.009085	642.250319	10362.996	0.021
102956	38.35361	101.723926	259.032816	643.621719	10362.984	0.065
103016	38.347159	101.764618	258.884378	644.34584	10363.057	-0.222
103036	38.340647	101.805935	259.092893	643.838852	10362.954	0.176
103056	38.334464	101.844905	259.918621	642.480209	10362.672	1.253
103116	38.328133	101.884396	259.693874	642.093139	10363.461	-1.853
103136	38.321512	101.925588	258.230796	643.556692	10363.602	-7.587
103156	38.315065	101.966143	257.694368	645.890202	10358.498	-5.49
103216	38.308659	102.006283	258.21532	647.132237	10356.523	2.584
103236	38.302109	102.046791	258.91599	646.947798	10362.052	8.08
103256	38.295626	102.087151	259.06213	647.913014	10364.132	3.605
103316	38.289356	102.126326	259.013176	649.237774	10362.551	0.292
103336	38.283072	102.165293	259.060992	649.811416	10362.325	6.455
103356	38.276078	102.208279	258.551187	650.905665	10366.92	9.922
103416	38.269062	102.251015	257.910614	652.222023	10371.49	7.004
103436	38.262762	102.289101	257.878583	652.911442	10371.301	1.243
103456	38.256437	102.327626	258.462107	653.052503	10370.845	-0.941
103516	38.249881	102.367461	259.088191	652.991925	10370.98	0.327
103536	38.243247	102.407421	259.137895	652.997656	10370.823	0.805
103556	38.236493	102.448885	258.570103	652.987869	10371.701	-3.201
103616	38.229541	102.491772	257.935337	653.012234	10370.425	-8.603
103636	38.222489	102.534276	257.878796	653.0611	10364.648	-9.303
103656	38.215861	102.573707	258.376212	652.699857	10361.926	-3.826
103716	38.209571	102.612153	259.06176	651.911328	10363.171	-0.094
103736	38.202918	102.652971	258.883515	651.919813	10363.837	-5.573
103756	38.194829	102.693529	255.571907	656.172145	10360.217	-9.575
103816	38.185433	102.732551	251.787342	661.300059	10355.767	-7.618
103836	38.175564	102.771103	251.674561	661.540261	10355.794	-2.455
103856	38.165268	102.811339	252.163403	660.459019	10355.6	3.661
103916	38.154627	102.853082	251.984732	661.196757	10356.31	8.327
103936	38.143952	102.8944	251.976634	664.00592	10361.339	9.144
103956	38.133761	102.934119	252.011732	665.774117	10363.766	4.77
104016	38.123663	102.973758	251.998904	666.011278	10362.929	-0.286
104036	38.113068	103.014968	251.998321	666.097884	10362.895	-0.452
104056	38.102892	103.054301	252.000845	665.618618	10363.041	0.274
104116	38.092988	103.092378	251.99992	664.962327	10363.002	-0.051
104136	38.082556	103.132343	251.999866	664.941933	10363.052	-0.275
104156	38.071921	103.173336	252.000102	665.030533	10362.812	0.795
104216	38.061347	103.214272	251.999971	664.996406	10363.105	-0.43
104236	38.050868	103.254594	251.999808	664.988732	10363.838	-6.56
104256	38.040462	103.294166	252.000597	665.0252	10359.877	-7.026
104316	38.029969	103.334029	251.999845	664.993891	10356.011	0.472
104336	38.019381	103.374735	251.99734	664.89631	10360.451	8.144
104356	38.009455	103.412608	252.007526	665.341984	10364.614	3.102
104416	37.999466	103.450432	251.997878	666.020559	10362.764	-8.356
104436	37.988199	103.493436	251.975445	666.058217	10357.006	-8.991
104456	37.977469	103.53415	252.131582	665.841756	10355.41	-4.371
104516	37.967374	103.572406	251.825016	666.184985	10355.904	1.587
104536	37.957053	103.611736	251.036855	667.543963	10355.487	7.16
104556	37.946273	103.652424	251.490682	669.509034	10359.657	8.682
104616	37.93541	103.693209	251.976949	671.442654	10363.28	7.792
104636	37.924709	103.733496	251.202593	672.788249	10362.631	7.763
104656	37.913758	103.774716	250.737964	673.409717	10366.787	8.92
104716	37.903132	103.814645	251.194867	674.345504	10371.685	6.837
104736	37.893085	103.85238	251.956861	675.824851	10371.352	0.852
104756	37.88237	103.892692	251.590815	675.852004	10370.482	0.199
104816	37.871407	103.933741	250.903969	676.399032	10371.415	-1.147
104836	37.86074	103.973391	250.957348	678.671706	10371.85	-7.427
104856	37.849487	104.015464	251.033444	678.768341	10365.963	-5.131
104916	37.838281	104.057308	250.993105	677.921493	10363.723	1.14
104936	37.827805	104.09606	250.996938	678.648478	10370.286	1.128
104956	37.817225	104.135326	251.002401	680.154765	10368.006	-5.032
105016	37.806205	104.176259	250.999506	681.117611	10362.187	-7.562
105036	37.794969	104.217779	250.999782	681.041241	10362.668	-1.454
105056	37.78407	104.258027	251.000163	681.023368	10363.116	1.688
105116	37.773277	104.297827	250.999976	680.92414	10363.161	-1.122
105136	37.762201	104.338528	251.000011	680.81315	10363.469	-6.699
105156	37.750962	104.379729	250.999883	682.297389	10359.741	-10.332
105216	37.739682	104.42118	251.000162	684.496274	10355.174	-5.734
105236	37.728531	104.462273	251.00037	685.833597	10355.125	5.921
105256	37.71775	104.501709	250.998364	686.134275	10360.176	9.598
105316	37.706914	104.541185	251.00376	685.880435	10363.595	6.739
105336	37.695726	104.581914	251.002503	685.937609	10362.988	5.783
105356	37.68446	104.622701	250.965124	686.91215	10365.036	10.191
105416	37.673055	104.664001	250.988849	687.116709	10370.353	13.172
105436	37.661422	104.706404	251.105297	685.018265	10376.517	6.806
105456	37.649981	104.74796	250.795127	683.986389	10377.191	-4.704
105516	37.638983	104.787679	250.866603	684.152049	10371.597	-14.346
105536	37.628353	104.827071	253.267744	680.777616	10366.432	-17.362
105556	37.618658	104.868429	255.562465	676.9337	10360.779	-12.329
105616	37.610121	104.911144	256.00552	674.602205	10356.057	-2.043
105636	37.602124	104.950918	255.990601	670.739379	10359.318	6.308
105656	37.594026	104.990098	256.005351	667.220023	10363.674	7.283
105716	37.585592	105.031237	256.006292	666.08538	10363.145	1.289
105736	37.577195	105.072194	255.96565	665.800291	10363.245	-4.174
105756	37.568931	105.112602	256.051232	666.249504	10362.3	-10.08
105816	37.560673	105.152992	256.080428	667.652848	10357.365	-15.134
105836	37.55222	105.19368	255.375811	669.463332	10350.376	-9.378
105856	37.543739	105.23466	255.049705	671.253984	10348.364	1.427
105916	37.535414	105.275658	255.854782	672.668152	10354.299	7.372
105936	37.527039	105.316161	255.708321	673.39062	10356.546	7.654
105956	37.518512	105.356882	254.929833	674.179154	10356.225	8.564
110016	37.509898	105.398502	254.933974	675.629288	10360.721	14.065
110036	37.501384	105.439544	255.037791	676.212263	10367.238	13.372
110056	37.492927	105.47997	254.994962	675.960165	10371.273	7.082
110116	37.484348	105.520843	254.99526	675.908618	10371.094	1.84
110136	37.475581	105.562807	255.002713	676.255984	10371.559	-3.772
110156	37.466792	105.604824	254.999638	675.803156	10370.434	-8.499
110216	37.458137	105.64586	254.999659	674.164693	10364.609	-9.073
110236	37.449414	105.687492	255.000195	674.784035	10362.134	-4.455
110256	37.440708	105.729027	254.999973	676.010095	10363.117	0.407
110316	37.432235	105.768917	254.999972	674.668386	10363.126	0.435
110336	37.42392	105.808114	255.000014	673.488239	10362.937	-0.217
110356	37.415429	105.848198	254.999999	674.153438	10363.006	0.02
110416	37.40658	105.889724	254.999998	675.840387	10363.009	0.031
110436	37.398065	105.929923	255.000001	675.215353	10362.995	-0.015
110456	37.389753	105.969051	255.0	674.024758	10363.001	0.001
110516	37.380987	106.009587	255.0	675.580329	10363.002	-0.002
110536	37.371828	106.052153	255.0	675.466485	10362.996	0.01
110556	37.362649	106.095217	255.0	673.980301	10363.001	-0.003
110616	37.353812	106.136532	255.0	675.097505	10363.016	-0.055
110636	37.345125	106.176766	255.0	676.930201	10362.955	0.157
110656	37.336469	106.216694	255.0	678.039657	10363.013	-0.044
110716	37.327833	106.256736	255.0	678.673923	10363.223	-0.771
110736	37.31902	106.297636	254.999999	679.564915	10362.369	2.582
110756	37.310052	106.339175	255.0	681.091233	10363.179	8.207
110816	37.301081	106.380622	255.000004	683.100412	10368.845	9.354
110836	37.291951	106.422547	254.99999	684.965278	10371.865	5.006
110856	37.282855	106.464248	255.000003	686.024534	10370.956	-0.145
110916	37.274054	106.504792	255.000052	686.052842	10370.845	-0.427
110936	37.264853	106.546882	254.999854	686.105454	10371.107	0.057
110956	37.255554	106.589129	255.000041	687.078423	10370.984	0.034
111016	37.246909	106.628472	255.000718	688.740376	10370.768	0.736
111036	37.237667	106.670444	254.997965	688.495816	10371.635	-2.564
111056	37.227927	106.714653	255.000574	686.951024	10370.821	-8.209
111116	37.21887	106.755898	255.009994	686.840425	10365.158	-9.372
111136	37.21	106.795979	254.971653	687.071114	10362.125	-4.963
111156	37.200944	106.836653	255.008001	686.996428	10363.047	0.133
111216	37.191761	106.878099	255.139195	686.987575	10363.205	0.22
111236	37.182499	106.919904	254.555875	687.007852	10362.75	0.529
111256	37.173239	106.961462	254.008368	686.998968	10363.056	-0.2
111316	37.164043	107.002439	254.769731	686.985624	10363.932	-6.361
111336	37.154813	107.043627	254.792565	687.038812	10360.034	-6.923
111356	37.145536	107.085065	253.973299	686.98913	10356.017	0.428
111416	37.136343	107.125922	253.913035	686.811158	10360.665	7.323
111436	37.127453	107.165523	254.038665	687.634107	10363.945	5.858
111456	37.11843	107.205793	253.998083	689.055077	10362.956	-0.199
111516	37.108651	107.249157	253.993756	689.394582	10362.898	-0.817
111536	37.098886	107.292188	254.002776	688.092686	10362.921	0.855
111556	37.08954	107.333331	253.999862	687.008688	10363.038	-0.178
111616	37.080376	107.373861	253.999552	688.358985	10363.712	-5.652
111636	37.070994	107.415199	254.000199	689.217943	10360.609	-9.517
111656	37.061424	107.457192	253.99999	689.001108	10355.857	-7.768
111716	37.051995	107.49861	253.999968	689.550202	10355.485	-1.808
111736	37.042691	107.539326	254.000015	690.610482	10356.374	0.2
111756	37.0333	107.5803	254.0	692.0	10356.0	0.0
111816	37.023666	107.622412	253.999998	693.912306	10355.155	5.4
111836	37.014239	107.663446	254.000001	696.10861	10358.313	8.944
111856	37.0048	107.7043	254.0	698.0	10363.0	8.0
111916	36.994771	107.747744	254.000002	699.216973	10362.653	7.621
111936	36.985334	107.788783	253.999993	701.110944	10365.245	8.607
111956	36.9763	107.8281	254.0	703.0	10371.0	8.0
112016	36.966252	107.871581	254.000039	702.929816	10371.662	2.687
112036	36.95611	107.91541	253.999916	703.588745	10370.801	-0.919
112056	36.946387	107.957315	253.999974	704.988057	10370.998	-0.085
112116	36.936555	107.999239	254.000519	703.923972	10370.819	0.956
112136	36.926638	108.041357	253.998832	702.587752	10371.499	-2.06
112156	36.916699	108.083761	253.999641	702.940418	10371.157	-7.778
112216	36.906738	108.126579	254.007233	704.453246	10365.776	-9.555
112236	36.897166	108.167586	253.983731	704.993789	10362.12	-5.463
112256	36.887783	108.207542	253.995005	704.951049	10362.938	-0.116
112316	36.877808	108.250132	254.100746	706.929579	10363.462	-0.429
112336	36.867648	108.293253	253.746401	708.325288	10362.282	2.295
112356	36.857603	108.335488	253.027132	708.018714	10362.794	7.916
112416	36.84749	108.377943	252.824094	707.933373	10369.122	4.487
112436	36.837327	108.420576	253.27288	708.024237	10369.672	-3.67
112456	36.827293	108.462633	253.971841	708.001615	10363.226	-8.02
112516	36.817552	108.503509	254.231539	707.989413	10362.194	-3.674
112536	36.807732	108.545027	253.667092	708.011884	10363.134	1.445
112556	36.79762	108.587819	252.995995	708.006878	10362.945	0.465
112616	36.787409	108.630346	253.645955	707.928264	10363.887	-5.701
112636	36.777248	108.672607	253.891403	708.142225	10360.998	-7.482
112656	36.767119	108.714957	253.062585	708.092873	10356.077	-0.869
112716	36.756912	108.757254	252.885545	706.358188	10359.628	6.877
112736	36.746998	108.798279	253.036886	704.243141	10364.074	6.218
112756	36.737292	108.838607	253.006966	703.081934	10363.32	0.159
112816	36.727075	108.880926	252.991273	702.902652	10361.701	4.377
112836	36.716693	108.923774	253.002414	703.021598	10365.046	7.895
112856	36.706521	108.965648	253.0005	702.999053	10370.847	1.328
112916	36.696354	109.007426	252.999373	703.043222	10367.084	-6.462
112936	36.6861	109.049638	253.000173	702.90112	10362.051	-6.894
112956	36.675829	109.092003	253.000036	702.177703	10362.804	-0.689
113016	36.665697	109.133621	252.999955	700.76698	10363.246	0.857
113036	36.655508	109.175256	253.000012	699.809486	10362.933	-0.243
113056	36.645153	109.217392	253.000003	699.936795	10362.988	-0.056
113116	36.634844	109.259243	252.999997	700.263682	10363.004	0.113
113136	36.62464	109.300865	253.000001	699.576018	10363.018	-0.108
113156	36.614515	109.342251	253.0	698.128429	10363.024	-0.1
113216	36.604394	109.383065	253.0	697.944204	10362.817	0.731
113236	36.594029	109.424862	253.0	697.821315	10363.321	-1.372
113256	36.58361	109.467183	253.0	697.052204	10363.342	-7.181
113316	36.573825	109.506634	253.0	697.315801	10359.161	-10.452
113336	36.563755	109.547022	253.0	698.425805	10354.972	-4.583
113356	36.552995	109.590203	253.0	699.778429	10355.471	6.906
113416	36.542645	109.631668	252.999999	701.262122	10360.394	8.901
113436	36.532559	109.672113	253.000001	702.236409	10363.305	6.384
113456	36.522323	109.713203	253.000003	702.712451	10362.541	6.583
113516	36.511934	109.754683	252.999991	703.857506	10366.043	7.676
113536	36.501573	109.796008	253.000005	705.072362	10371.325	6.722
113556	36.491301	109.837196	253.000049	705.172917	10371.76	2.462
113616	36.480544	109.88015	252.999929	704.955615	10370.83	-0.631
113636	36.469421	109.9242	252.999927	704.990804	10370.99	-0.223
113656	36.458993	109.965335	253.000546	705.011598	10370.816	0.994
113716	36.448793	110.005503	252.999047	704.996676	10371.398	-1.638
113736	36.438358	110.046644	252.998987	704.999193	10371.435	-7.432
113756	36.428056	110.087434	253.00786	705.001977	10366.284	-8.619
113816	36.41763	110.128751	252.988693	704.998228	10362.713	-8.042
113836	36.40693	110.171008	252.982335	704.997495	10363.382	-8.295
113856	36.396359	110.212575	253.103459	705.014351	10358.698	-4.779
113916	36.385632	110.254584	252.835817	704.978415	10356.494	2.341
113936	36.374592	110.29773	252.103392	704.96607	10362.072	7.898
113956	36.363807	110.339903	251.896577	705.204854	10363.934	4.457
114016	36.353446	110.380356	252.021244	704.743198	10362.807	-0.725
114036	36.343238	110.420037	252.011302	703.313355	10362.894	-0.375
114056	36.332531	110.461483	251.992544	702.806288	10363.082	0.204
114116	36.321347	110.504711	252.001271	703.029468	10362.973	0.011
114136	36.310219	110.547797	252.000808	703.007665	10362.942	0.148
114156	36.299758	110.588486	251.999464	703.042929	10363.215	-0.709
114216	36.289366	110.628716	252.000092	702.940686	10362.781	0.772
114236	36.278389	110.670776	252.00006	702.297602	10362.294	6.538
114256	36.267606	110.71231	251.999954	701.147904	10366.737	9.416
114316	36.257254	110.752275	252.000014	699.70013	10371.475	7.233
114336	36.246973	110.791665	252.000028	698.318761	10371.163	1.853
114356	36.236175	110.832979	251.999898	697.482834	10371.495	-4.173
114416	36.225406	110.874222	252.000104	696.849528	10370.274	-8.693
114436	36.215166	110.913461	252.000374	695.658021	10364.613	-9.334
114456	36.204402	110.954658	251.998683	693.485939	10361.943	-3.536
114516	36.193381	110.99665	252.001046	691.913463	10363.291	-0.331
114536	36.18291	111.036223	252.005049	692.099694	10363.976	-6.715
114556	36.172538	111.075196	251.981749	691.014359	10359.219	-5.965
114616	36.161735	111.116034	252.014569	688.664949	10356.26	0.782
114636	36.150406	111.15913	252.077143	687.144206	10361.766	1.703
114656	36.139357	111.200171	251.82463	687.190773	10361.217	-4.187
114716	36.129491	111.239355	253.344038	685.595872	10355.659	-7.829
114736	36.121646	111.280104	258.432841	679.637008	10355.567	-1.626
114756	36.116421	111.323069	262.67983	675.928054	10356.472	0.592
114816	36.112777	111.365168	264.017072	676.210226	10355.814	0.296
114836	36.109191	111.404189	263.268525	678.201602	10355.11	4.955
114856	36.105358	111.444806	263.168048	679.603019	10358.622	8.163
114916	36.101405	111.487412	264.034888	681.13067	10363.09	7.969
114936	36.097548	111.529027	264.220565	684.622202	10362.616	7.717
114956	36.093616	111.571139	263.537945	686.877156	10365.553	8.658
115016	36.0896	111.613927	263.004222	686.9861	10371.169	7.82
115036	36.085657	111.656164	263.669869	686.827878	10371.552	2.15
115056	36.081743	111.698675	264.09111	687.597719	10370.753	-0.86
115116	36.077579	111.741536	262.888169	690.184272	10371.013	0.043
115136	36.072467	111.783776	259.543789	694.626563	10371.051	0.146
115156	36.064888	111.824505	254.724378	698.516328	10370.981	-0.008
115216	36.054173	111.86439	250.71558	700.744613	10371.035	-0.09
115236	36.041453	111.904511	249.171257	701.858051	10371.06	-0.203
115256	36.028617	111.944345	248.919487	701.994147	10370.804	0.697
115316	36.01591	111.984463	249.004397	702.040209	10371.098	-0.354
115336	36.002781	112.025601	248.984808	702.368772	10371.77	-5.926
115356	35.989639	112.066676	249.081859	700.54221	10368.047	-9.557
115416	35.976541	112.107552	248.977267	697.922309	10362.851	-7.785
115436	35.963436	112.148189	248.262327	697.730328	10362.57	-2.163
115456	35.951254	112.185793	247.912643	698.163069	10363.041	1.194
115516	35.939145	112.22331	248.020614	697.851845	10363.189	-1.104
115536	35.925916	112.264572	248.009155	697.127267	10363.519	-6.826
115556	35.912888	112.305026	247.992821	696.897142	10359.514	-9.552
115616	35.899901	112.345039	248.00148	697.029745	10355.46	-6.8
115636	35.886632	112.38577	248.000657	697.031623	10355.77	-1.037
115656	35.874041	112.424535	247.999485	696.881933	10356.134	0.968
115716	35.861483	112.463351	248.000106	697.147921	10356.032	-0.434
115736	35.848341	112.503932	248.000047	697.898787	10356.144	-0.698
115756	35.835648	112.542837	247.999963	697.949916	10355.233	4.106
115816	35.822962	112.581612	248.000008	698.18004	10357.025	8.541
115836	35.809767	112.622023	248.000003	699.579179	10362.291	8.119
115856	35.796924	112.661135	247.999997	701.166896	10362.628	8.518
115916	35.78417	112.699953	248.000001	702.168939	10364.265	7.076
115936	35.770898	112.740525	248.0	702.74675	10370.657	1.295
115956	35.757208	112.782243	248.0	704.136623	10367.055	-1.853
120016	35.743842	112.82293	248.0	705.046215	10363.262	1.524
120036	35.731109	112.861749	248.0	704.847547	10369.573	7.672
120056	35.71802	112.901414	248.0	706.370832	10372.138	4.545
120116	35.704509	112.942262	248.0	708.343813	10370.704	-0.517
120136	35.691024	112.983128	248.0	708.336506	10370.736	0.23
120156	35.677885	113.022902	248.0	706.430021	10371.88	-3.512
120216	35.664975	113.061789	248.0	704.767167	10369.923	-8.954
120236	35.651872	113.101077	248.0	704.863532	10364.058	-8.929
120256	35.638123	113.142421	247.999999	705.274464	10362.188	-3.711
120316	35.624292	113.184045	248.000001	704.720596	10363.182	0.5
120336	35.610926	113.22414	248.000003	703.262201	10363.113	0.096
120356	35.59756	113.264141	247.999987	702.787468	10362.751	0.562
120416	35.584159	113.304171	248.000017	703.061921	10363.257	-0.966
120436	35.570835	113.343877	248.000038	703.066535	10363.557	-6.795
120456	35.557461	113.383647	247.999814	702.750091	10359.445	-9.421
120516	35.544048	113.423603	248.000237	703.312959	10355.525	-7.026
120536	35.530651	113.463617	248.000534	704.835957	10355.906	-1.565
120556	35.517242	113.503459	247.99741	704.713809	10355.479	4.549
120616	35.503861	113.543095	248.003303	705.601918	10356.898	8.715
120636	35.490476	113.582792	248.007436	709.271124	10362.069	8.77
120656	35.476875	113.623086	247.963929	710.868239	10363.64	4.106
120716	35.463186	113.663606	248.046002	711.169448	10362.951	-0.927
120736	35.449591	113.7038	248.103574	712.570892	10363.156	-1.029
120756	35.436021	113.743748	247.372595	714.191537	10361.975	4.934
120816	35.422376	113.783881	247.089803	715.140719	10364.4	7.608
120836	35.408578	113.824497	247.910197	715.684331	10370.717	1.529
120856	35.394635	113.865279	247.627405	717.563282	10367.004	-2.025
120916	35.380921	113.905254	246.896426	719.217288	10363.277	1.545
120936	35.367563	113.944325	246.953998	719.093075	10369.588	7.651
120956	35.353933	113.984421	247.036071	718.94441	10372.082	4.716
121016	35.34001	114.025326	246.992564	718.989281	10370.772	-0.75
121036	35.326013	114.066173	246.996697	718.947424	10370.889	-0.298
121056	35.311934	114.107133	247.00259	719.283452	10371.139	0.054
121116	35.297911	114.1478	246.999466	718.618758	10370.906	0.218
121136	35.283995	114.188064	246.999763	716.43475	10370.817	0.591
121156	35.26997	114.228835	247.000186	715.398919	10371.86	-3.964
121216	35.256228	114.268777	246.999961	714.719629	10369.873	-8.643
121236	35.24289	114.307314	246.999982	713.259444	10363.917	-8.324
121256	35.229055	114.347284	247.00002	712.801417	10362.896	-7.554
121316	35.215026	114.387838	246.999989	713.044012	10362.241	-8.338
121336	35.20132	114.427426	246.99998	713.026173	10357.013	-8.679
121356	35.187564	114.467139	247.000093	712.945918	10355.191	-3.785
121416	35.173584	114.507418	246.999883	713.053949	10356.218	0.362
121436	35.159496	114.547876	246.999737	713.116231	10356.208	-0.298
121456	35.14561	114.587673	247.001276	712.191435	10355.273	3.557
121516	35.13169	114.627561	246.998368	710.586859	10356.901	8.955
121536	35.117739	114.667592	246.99578	708.715942	10361.901	9.075
121556	35.104609	114.70536	247.017091	706.129168	10363.692	4.061
121616	35.091183	114.744003	246.982305	705.101391	10362.881	-0.482
121636	35.076476	114.786253	246.942824	707.246025	10362.922	-0.297
121656	35.062306	114.826832	247.237014	709.244776	10363.063	0.155
121716	35.048644	114.865868	246.746611	710.126101	10362.977	0.017
121736	35.034382	114.905227	244.66775	710.735742	10362.948	0.144
121756	35.019006	114.942536	242.767174	711.86955	10363.196	-0.674
121816	35.002531	114.979768	241.920909	713.256024	10362.799	0.659
121836	34.985425	115.019374	241.949675	714.52637	10362.352	-9.463
121856	34.968533	115.058539	242.033502	716.170405	10363.348	-80.534
121916	34.95232	115.095943	241.994109	715.453493	10326.769	-189.563
121936	34.936433	115.132635	241.995699	711.609432	10228.547	-275.405
121956	34.919508	115.171542	242.005256	711.864863	10126.425	-300.836
122016	34.90235	115.210886	241.996615	715.828872	10031.512	-297.224
122036	34.885876	115.248683	241.990115	719.781682	9929.386	-304.458
122056	34.868465	115.288459	242.040079	723.97116	9825.287	-298.278
122116	34.851035	115.328321	241.957999	727.601013	9727.248	-282.17
122136	34.834881	115.365416	241.757091	729.997656	9637.916	-274.895
122156	34.818311	115.402926	242.225599	732.861397	9547.823	-280.824
122216	34.800766	115.442964	243.617838	736.390448	9450.904	-296.926
122236	34.784401	115.484081	245.009312	737.562194	9350.416	-310.793
122256	34.769245	115.525515	245.887396	735.79674	9246.66	-318.761
122316	34.754195	115.566972	246.086638	732.067213	9137.984	-320.046
122336	34.739341	115.607291	245.978132	728.101382	9024.127	-294.557
122356	34.724899	115.64618	245.969195	725.950794	8916.437	-228.987
122416	34.710132	115.685912	246.003693	727.550518	8847.466	-142.629
122436	34.694685	115.727613	246.007709	732.382905	8833.041	-59.846
122456	34.679477	115.768703	245.999179	733.669694	8839.757	-8.352
122516	34.664949	115.807904	245.999223	728.572781	8839.717	0.9
122536	34.649953	115.848397	246.000463	726.110491	8838.571	-0.637
122556	34.634824	115.889291	245.999959	727.08078	8839.039	0.057
122616	34.620484	115.928088	245.999943	727.130711	8839.059	0.088
122636	34.606138	115.967032	246.000009	726.910781	8838.97	-0.044
122656	34.591293	116.007396	246.000009	727.02102	8839.003	0.004
122716	34.576036	116.048787	246.000095	727.130921	8839.004	0.007
122736	34.560744	116.090151	245.999686	726.605712	8838.998	-0.006
122756	34.545839	116.130457	246.000173	727.214982	8839.0	0.002
122816	34.531416	116.169511	246.001382	730.67404	8839.0	0.013
122836	34.51668	116.209141	245.995588	733.177187	8839.002	-0.041
122856	34.501595	116.249536	246.002411	734.093317	8838.999	0.023
122916	34.486652	116.289696	246.019254	734.585051	8838.989	0.18
122936	34.471763	116.329699	245.938552	731.914903	8839.034	-0.574
122956	34.456798	116.369826	246.033674	728.89896	8838.982	0.314
123016	34.441701	116.410231	246.38886	730.301628	8838.787	3.63
123036	34.426485	116.450713	245.621625	732.251859	8839.198	-3.363
123056	34.4109	116.491006	243.951071	731.965856	8838.884	1.966
123116	34.39459	116.530765	243.902638	731.726624	8837.356	18.571
123136	34.378363	116.56987	244.021473	733.404149	8837.105	-222.351
123156	34.361183	116.611873	243.986069	735.27501	8722.373	-497.822
123216	34.344627	116.652162	244.006005	733.650372	8512.759	-634.66
123236	34.329287	116.689275	244.000573	729.196783	8286.447	-684.468
123256	34.312894	116.729834	243.993319	726.060802	8055.714	-709.457
123316	34.29635	116.771158	244.013059	721.543237	7815.035	-716.276
123336	34.280931	116.809583	244.003918	715.277252	7570.86	-702.163
123356	34.266757	116.844764	243.921325	710.640025	7343.034	-673.333
123416	34.251882	116.881664	244.176817	705.23995	7128.342	-641.616
123436	34.235893	116.921065	244.054281	697.432701	6914.888	-653.733
123456	34.220445	116.959357	244.1907	689.736287	6685.72	-716.795
123516	34.206452	116.999371	250.537873	685.398928	6438.859	-642.061
123536	34.195771	117.037913	252.528927	676.249069	6233.339	-605.751
123556	34.186246	117.075378	251.902823	666.260493	6041.484	-615.407
123616	34.175965	117.11299	251.939738	659.610127	5832.861	-630.572
123636	34.165453	117.151163	252.033309	654.365591	5616.032	-626.249
123656	34.155327	117.188022	252.001143	648.815855	5407.952	-605.382
123716	34.145593	117.22286	252.021927	642.709562	5216.001	-586.976
123736	34.135347	117.259857	251.891217	637.518624	5023.348	-588.911
123756	34.124986	117.297615	252.084286	633.428197	4823.677	-601.587
123816	34.115207	117.333115	252.850992	629.549631	4620.075	-608.162
123836	34.105377	117.36856	252.929156	624.7678	4417.862	-612.149
123856	34.095691	117.405024	253.127906	620.514496	4212.608	-586.293
123916	34.086807	117.441572	254.118696	616.268216	4012.922	-509.948
123936	34.07862	117.475802	252.547978	603.557892	3870.479	-434.914
123956	34.06915	117.508545	248.885769	591.7718	3745.509	-375.947
124016	34.057334	117.541531	246.206959	585.667875	3603.875	-317.583
124036	34.045467	117.574031	246.337813	563.891219	3519.258	-253.397
124056	34.034527	117.605128	247.050214	530.980136	3464.084	-211.003
124116	34.024444	117.633907	246.413468	502.369728	3389.675	-217.75
124136	34.014662	117.659468	246.104519	489.883731	3297.716	-274.444
124156	34.007022	117.686336	255.572324	479.079204	3193.191	-318.981
124216	34.003568	117.716313	264.133995	462.971316	3086.193	-347.11
124236	34.001054	117.743094	262.239476	460.976555	2969.285	-405.856
124256	33.998395	117.769415	263.099543	458.454522	2827.045	-447.854
124316	33.995662	117.796851	263.085075	454.604571	2664.434	-473.853
124336	33.992916	117.824677	262.98378	454.60572	2500.094	-449.219
124356	33.990195	117.851912	262.976538	454.59299	2358.129	-406.659
124416	33.987567	117.877903	262.858234	451.248661	2240.804	-402.637
124436	33.985158	117.902893	263.610326	457.662069	2095.649	-421.546
124456	33.982558	117.930231	263.848015	460.800649	1950.287	-371.633
124516	33.979629	117.959929	262.845246	448.088656	1849.163	-252.85
124536	33.977013	117.986257	262.80592	433.019496	1772.336	-200.822
124556	33.974736	118.010195	263.645098	414.480094	1713.606	-166.329
124616	33.972556	118.033629	263.914811	387.790956	1667.391	-153.743
124636	33.9703	118.057	263.0	360.0	1615.0	-208.0
124656	33.9682	118.0779	263.0	354.0	1524.0	-315.0
124716	33.966396	118.096174	263.933337	354.039374	1408.635	-346.216
124736	33.964177	118.117775	263.438748	353.27408	1292.484	-336.966
124756	33.961872	118.140375	262.815396	349.425951	1181.442	-320.154
124816	33.959797	118.161557	263.009152	345.973517	1077.02	-304.426
124836	33.957732	118.182749	263.029798	348.10353	980.744	-298.042
124856	33.955664	118.20321	262.986783	348.5799	881.26	-296.119
124916	33.953596	118.223214	263.000647	345.879198	780.14	-297.186
124936	33.951522	118.243756	263.001956	344.053658	685.212	-304.493
124956	33.949492	118.26379	262.999556	340.28906	579.711	-315.743
125016	33.947503	118.283462	262.999637	320.374918	468.002	-276.577
125036	33.945574	118.302662	262.999225	285.625841	381.434	-190.815
125056	33.943845	118.318896	263.002436	274.341218	348.763	-221.503
125116	33.942242	118.334522	262.963862	270.904505	335.785	-306.033
125136	33.940657	118.3507	262.921264	267.080276	283.508	-357.119
125156	33.939008	118.367252	262.955152	267.211015	132.882	-317.15
