072816	40.6451	73.8088	302.0	293.0	305.0	0.0
072836	40.650721	73.826878	284.822301	294.421273	553.831	523.96
072856	40.647408	73.84734	244.077958	345.927891	645.612	272.743
072916	40.63514	73.864912	224.088484	401.224137	754.079	366.159
072936	40.619984	73.884813	226.126279	445.635297	884.19	586.664
072956	40.600801	73.904519	212.565615	467.568736	1150.75	818.072
073016	40.581394	73.920181	210.577449	470.497468	1434.59	775.558
073036	40.561499	73.935973	212.513262	469.277251	1658.853	644.481
073056	40.541874	73.95216	211.853994	463.865653	1854.152	648.239
073116	40.522776	73.967716	212.051029	459.034125	2081.005	741.836
073136	40.502426	73.984493	212.045767	465.262755	2349.201	784.658
073156	40.482807	74.000908	211.877808	468.559357	2612.506	883.567
073216	40.463258	74.015843	212.601118	455.416303	2926.054	799.121
073236	40.4443	74.0325	216.0	443.0	3231.0	492.0
073256	40.428232	74.055726	223.128524	463.215891	3372.276	237.886
073316	40.414504	74.083136	231.069228	503.445997	3417.513	158.291
073336	40.401829	74.110508	235.90955	539.720105	3491.324	333.144
073356	40.388281	74.136717	235.988373	552.078487	3690.09	706.869
073416	40.371327	74.169306	236.99376	546.087517	3964.848	763.754
073436	40.356168	74.198639	235.957711	552.492659	4192.926	624.615
073456	40.340826	74.228862	236.04678	560.286949	4383.786	632.173
073516	40.323404	74.261109	236.062995	562.680653	4619.021	665.767
073536	40.310586	74.293372	249.140102	569.038322	4838.758	622.889
073556	40.305501	74.327543	263.383804	576.100383	5027.628	496.062
073616	40.301436	74.365671	262.000839	574.687978	5176.617	420.847
073636	40.297268	74.403289	263.191753	575.617687	5287.941	491.972
073656	40.293303	74.440124	262.055389	578.749839	5498.868	526.965
073716	40.289176	74.47796	261.669618	585.176579	5668.485	475.344
073736	40.285345	74.512697	262.453094	591.615064	5807.999	494.29
073756	40.281429	74.548801	263.066532	594.454997	5981.14	568.42
073816	40.276808	74.592156	262.544386	594.78737	6195.074	551.815
073836	40.272321	74.63353	261.829766	599.044221	6367.641	488.823
073856	40.268307	74.669844	261.850833	606.359251	6487.245	435.354
073916	40.264111	74.709178	262.854797	606.576426	6649.005	424.2
073936	40.259569	74.750362	262.670152	613.12166	6789.707	394.042
073956	40.255135	74.789934	261.887615	622.744627	6901.622	362.153
074016	40.25098	74.828173	261.950088	626.778991	7024.265	369.372
074036	40.246455	74.869395	262.039117	633.618315	7151.501	379.741
074056	40.241737	74.911692	261.991961	640.02258	7278.766	380.498
074116	40.237214	74.952048	261.996483	641.011292	7405.425	375.046
074136	40.232749	74.992046	262.002487	641.659745	7530.811	364.828
074156	40.228112	75.033643	261.999817	645.267119	7647.978	343.275
074216	40.223236	75.076939	261.999218	651.586165	7750.574	359.735
074236	40.218375	75.119778	261.999321	653.493126	7871.085	422.407
074256	40.213715	75.161438	262.005569	645.192738	8049.173	399.006
074316	40.209062	75.202414	261.976259	648.131717	8154.643	454.639
074336	40.204272	75.244466	262.019376	648.060921	8284.216	620.72
074356	40.199481	75.287476	262.093955	620.833939	8586.092	737.122
074416	40.195163	75.325622	261.578699	594.84893	8850.676	600.892
074436	40.191071	75.360782	260.947113	587.145318	8990.31	339.622
074456	40.18664	75.39857	260.950234	595.43699	9051.163	203.263
074516	40.181874	75.438986	261.028484	603.444195	9105.811	168.517
074536	40.177241	75.478593	260.996203	607.642526	9167.59	167.303
074556	40.17298	75.515673	260.996427	613.303292	9218.221	159.153
074616	40.168195	75.556537	261.002045	621.825025	9267.952	173.102
074636	40.16318	75.598906	260.999727	628.582049	9329.39	212.761
074656	40.158615	75.637896	260.999743	628.781105	9409.333	255.814
074716	40.153849	75.678519	261.000147	626.345417	9503.228	278.128
074736	40.148996	75.719799	260.99998	623.574164	9600.197	271.201
074756	40.144482	75.758298	260.999982	621.282397	9688.415	248.304
074816	40.139866	75.797193	261.000011	621.313781	9763.331	247.106
074836	40.135083	75.83721	260.999999	620.594246	9843.692	260.357
074856	40.130343	75.877016	260.999999	616.248231	9942.772	264.468
074916	40.125665	75.916171	261.000001	613.995251	10026.106	275.912
074936	40.120998	75.955046	261.0	611.190276	10112.429	280.811
074956	40.116275	75.994311	261.0	603.908214	10224.469	249.648
075016	40.111464	76.034129	261.0	601.169586	10295.921	179.571
075036	40.106697	76.073239	261.0	604.765624	10330.056	104.612
075056	40.102052	76.111011	260.999999	609.430913	10363.443	58.854
075116	40.097248	76.150397	261.000002	608.67828	10374.991	22.231
075136	40.092381	76.190238	260.999998	604.443455	10370.468	-1.848
075156	40.08766	76.22819	260.999991	602.265489	10370.499	-1.739
075216	40.082859	76.266798	261.000032	601.922551	10371.287	0.995
075236	40.077968	76.306453	260.999975	601.968745	10370.962	-0.133
075256	40.073149	76.345683	260.999877	601.77638	10370.964	-0.125
075316	40.068489	76.383554	261.000444	603.024654	10371.02	0.071
075336	40.063774	76.421652	260.999646	603.951982	10370.997	-0.009
075356	40.05891	76.460664	260.99829	602.459787	10370.998	-0.009
075416	40.054493	76.495808	261.00525	601.862789	10371.0	0.004
075436	40.049683	76.534263	260.985256	601.955245	10371.002	-0.003
075456	40.044111	76.577482	261.042855	602.208639	10370.996	0.005
075516	40.039785	76.616907	262.585008	604.770145	10371.012	-0.014
075536	40.038529	76.655212	266.984375	609.59622	10371.089	-0.104
075556	40.038966	76.694297	270.889873	612.947032	10371.012	-0.014
075616	40.039544	76.735056	271.406101	611.778765	10370.783	0.252
075636	40.039991	76.775228	270.81531	608.530225	10371.505	-0.651
075656	40.040378	76.813908	270.877866	606.53655	10372.182	-3.497
075716	40.040749	76.85276	271.034219	608.225362	10369.15	-7.829
075736	40.041155	76.891939	271.004286	611.808928	10363.443	-8.546
075756	40.041634	76.930148	270.992146	611.517829	10361.475	1.611
075816	40.042045	76.969645	271.002483	608.963545	10365.084	10.031
075836	40.042365	77.010745	271.000325	607.097165	10370.658	8.474
075856	40.042759	77.050437	270.999252	606.839858	10371.555	3.0
075916	40.043143	77.089931	271.000546	607.017755	10370.96	-1.301
075936	40.043467	77.130263	271.000264	606.9819	10371.079	-0.49
075956	40.043812	77.170423	270.997375	607.25619	10369.933	6.211
080016	40.044104	77.210128	271.005161	606.411249	10373.334	6.227
080036	40.044367	77.249316	271.003365	604.211211	10378.137	-6.365
080056	40.044763	77.287945	270.963996	602.562804	10370.355	-21.237
080116	40.045124	77.326637	271.071701	601.771728	10359.155	-18.726
080136	40.045374	77.366093	271.046853	601.913724	10355.773	-1.256
080156	40.045657	77.40646	270.282574	603.223061	10360.988	2.724
080216	40.04586	77.445959	270.118067	604.269389	10361.887	-1.741
080236	40.045982	77.484007	270.930499	604.075141	10356.264	-0.774
080256	40.046231	77.522046	271.216033	602.976052	10358.453	10.763
080316	40.046494	77.559633	270.732346	601.268456	10366.277	13.491
080336	40.046682	77.598046	270.042361	600.018844	10371.05	1.24
080356	40.046871	77.639949	269.925888	600.857671	10366.447	-7.137
080416	40.047092	77.678924	270.017441	602.774324	10362.213	-6.977
080436	40.047287	77.714824	269.998561	603.980671	10362.985	-0.771
080456	40.047359	77.756649	270.042402	603.20734	10362.111	6.322
080516	40.047452	77.797297	269.906204	601.075493	10365.285	7.153
080536	40.047592	77.833567	269.937788	599.91915	10370.934	0.744
080556	40.047691	77.87277	271.099746	602.301089	10366.566	-5.728
080616	40.048417	77.912069	272.487495	604.54035	10362.364	-8.593
080636	40.049855	77.950394	273.013727	604.122979	10363.122	-8.1
080656	40.051145	77.99222	272.442042	602.735906	10359.058	-7.101
080716	40.052215	78.033831	271.845729	601.695468	10354.918	-4.83
080736	40.0532	78.07216	271.866343	602.095937	10355.02	-1.443
080756	40.054128	78.108814	272.022602	605.01312	10356.205	0.029
080816	40.055053	78.146229	272.010038	609.320208	10356.172	-0.346
080836	40.056089	78.187161	271.992131	610.406305	10355.456	3.089
080856	40.057163	78.228585	272.00162	610.059341	10356.667	9.728
080916	40.058163	78.267296	272.000714	611.4682	10361.459	14.721
080936	40.059092	78.305596	271.999468	613.669547	10367.693	12.818
080956	40.060049	78.346023	272.000074	615.27136	10371.483	6.257
081016	40.061061	78.388614	271.999957	615.280891	10371.229	0.688
081036	40.061958	78.429492	272.00042	613.59235	10370.745	-0.143
081056	40.062826	78.469161	271.999421	611.573035	10371.149	-0.466
081116	40.063769	78.509122	271.998682	610.297602	10371.274	-4.675
081136	40.064655	78.548124	272.007665	608.978351	10369.092	-9.747
081156	40.065464	78.586391	272.007168	607.455142	10364.619	-12.818
081216	40.06625	78.625048	271.975598	605.997797	10359.152	-11.772
081236	40.067069	78.664888	272.024509	604.784722	10355.632	-6.754
081256	40.067939	78.705526	272.078808	604.562116	10355.731	-0.908
081316	40.068789	78.744719	271.572015	607.103415	10356.331	-0.044
081336	40.069538	78.78345	270.899947	610.581359	10355.786	0.65
081356	40.070192	78.823077	270.848192	612.552618	10355.374	6.434
081416	40.070938	78.8616	271.584608	614.035498	10359.249	9.601
081436	40.071765	78.900941	271.959047	615.168226	10363.447	7.081
081456	40.072567	78.942649	271.203875	615.782536	10363.247	1.384
081516	40.073328	78.982336	270.870278	616.751785	10362.998	-1.432
081536	40.074038	79.022184	271.022119	618.368176	10362.834	0.84
081556	40.074703	79.064624	271.014063	620.38689	10362.377	6.409
081616	40.075363	79.10379	270.990686	622.276165	10366.468	10.247
081636	40.076036	79.142354	271.001588	622.984753	10371.742	6.301
081656	40.076707	79.184342	271.00101	621.713921	10372.021	-5.219
081716	40.077327	79.224641	270.999331	619.089043	10367.132	-10.549
081736	40.077919	79.263888	271.000114	618.14607	10362.468	-6.728
081756	40.078521	79.304629	271.000073	620.392	10362.553	-0.563
081816	40.079112	79.344681	270.999952	621.435035	10363.766	-2.509
081836	40.079729	79.384435	271.000008	620.875806	10362.368	-9.13
081856	40.080384	79.425499	271.000006	620.740533	10357.625	-10.169
081916	40.080963	79.467583	270.999997	621.933163	10354.169	-0.429
081936	40.081478	79.506067	271.0	623.054805	10357.001	9.775
081956	40.082007	79.541883	271.0	623.053657	10363.814	7.93
082016	40.082541	79.586291	271.0	623.796968	10363.517	1.39
082036	40.083069	79.629939	271.0	624.160532	10362.658	-0.875
082056	40.083611	79.670103	271.0	623.940201	10363.057	0.152
082116	40.084155	79.709482	271.0	623.861227	10363.034	0.106
082136	40.084589	79.749588	271.0	624.732061	10362.989	-0.11
082156	40.084985	79.790062	271.0	626.341164	10362.99	0.06
082216	40.085454	79.830616	271.0	627.772205	10362.956	0.167
082236	40.085936	79.872955	270.999999	628.176317	10363.19	-0.668
082256	40.086387	79.91481	271.000001	629.506017	10362.801	0.71
082316	40.086789	79.953974	271.000002	633.053641	10362.356	6.327
082336	40.087142	79.993788	270.99999	635.317421	10366.482	10.3
082356	40.087463	80.035765	271.00001	636.159373	10371.739	6.293
082416	40.087791	80.079053	271.000032	636.898769	10372.017	-5.22
082436	40.08818	80.121154	270.999867	636.943129	10367.142	-10.567
082456	40.088573	80.161599	271.000138	637.137054	10362.458	-6.706
082516	40.088902	80.201596	271.000446	638.489119	10362.522	-0.49
082536	40.089238	80.242902	270.99815	640.130241	10363.893	-2.813
082556	40.089559	80.284992	271.001923	641.100711	10362.235	-8.813
082616	40.089824	80.327002	271.006217	641.076896	10357.089	-8.937
082636	40.090082	80.370119	270.974227	640.893288	10355.464	-4.743
082656	40.090356	80.412564	271.026781	641.078235	10355.938	1.23
082716	40.090628	80.452694	271.086585	641.739422	10355.484	6.759
082736	40.090846	80.493269	270.539404	642.719192	10359.121	9.576
082756	40.091041	80.535305	269.933894	644.436943	10363.525	6.889
082816	40.091246	80.577909	269.957979	646.627017	10363.474	0.65
082836	40.091403	80.619319	270.027793	647.062211	10362.081	2.517
082856	40.091524	80.66072	269.995298	647.168739	10363.802	9.06
082916	40.091657	80.70386	269.997125	648.670813	10369.539	9.705
082936	40.091804	80.747683	270.001407	649.106137	10372.495	0.775
082956	40.091915	80.790805	270.000274	649.088966	10370.137	-9.451
083016	40.091973	80.832338	270.00177	649.892363	10364.537	-10.067
083036	40.092095	80.872627	269.991733	649.682233	10360.923	-0.066
083056	40.092209	80.91442	270.006276	648.934768	10364.055	8.443
083116	40.092209	80.958718	270.030129	648.945202	10371.212	3.663
083136	40.092197	80.999538	269.939618	649.008735	10365.143	-7.018
083156	40.092214	81.040092	270.57079	649.00243	10362.124	-10.665
083216	40.092182	81.082596	270.950655	648.986923	10362.143	-6.67
083236	40.092104	81.125426	270.169831	648.967079	10356.417	-1.138
083256	40.092148	81.167939	269.870464	649.288162	10359.335	1.848
083316	40.092199	81.209961	270.026705	650.356014	10362.828	-1.674
083336	40.092122	81.251838	270.011861	651.798154	10357.347	-8.064
083356	40.092052	81.294436	269.9907	652.156834	10354.561	-1.59
083416	40.091975	81.337437	270.001917	653.724129	10356.85	10.49
083436	40.091839	81.380172	270.000851	657.396884	10361.538	15.066
083456	40.091685	81.42261	269.999335	658.282517	10367.642	12.514
083516	40.091583	81.465364	270.000134	658.170683	10371.479	6.362
083536	40.091527	81.508577	270.000054	659.702673	10371.197	0.825
083556	40.091365	81.551104	269.999988	660.173402	10370.924	-0.711
083616	40.09115	81.593446	269.999965	660.031176	10370.916	0.266
083636	40.090956	81.636981	269.999903	660.158125	10370.748	0.375
083656	40.090701	81.682384	270.00049	658.895115	10372.288	-2.721
083716	40.090442	81.725216	269.999407	657.991322	10369.294	-12.047
083736	40.090243	81.765552	270.002669	657.59483	10360.778	-19.342
083756	40.090044	81.809409	270.004639	655.320136	10356.486	-10.611
083816	40.089805	81.85159	269.972268	654.787042	10354.941	1.914
083836	40.089501	81.892961	270.042006	654.917366	10357.234	9.358
083856	40.089162	81.935626	270.066101	654.772933	10362.309	8.845
083916	40.088883	81.978341	269.460601	656.90329	10363.649	3.381
083936	40.088613	82.020853	268.913414	657.776291	10362.843	-0.619
083956	40.088275	82.063517	268.973219	655.39781	10362.952	-0.192
084016	40.087882	82.106557	269.025773	654.580793	10363.046	0.185
084036	40.087484	82.149176	268.993783	655.166704	10362.989	-0.046
084056	40.087087	82.191475	268.998077	655.150191	10362.997	-0.016
084116	40.086621	82.235251	269.00185	653.950188	10362.999	0.028
084136	40.08618	82.278139	268.999554	652.749563	10363.006	-0.026
084156	40.085791	82.319393	268.999862	652.816866	10363.01	-0.037
084216	40.08527	82.363301	269.000133	654.124501	10362.939	0.212
084236	40.084769	82.406882	268.999968	655.167176	10363.092	-0.318
084256	40.084385	82.44789	268.99999	655.059267	10363.145	-0.5
084316	40.083894	82.490562	269.000011	654.896832	10362.152	4.147
084336	40.083335	82.534222	268.999995	655.094905	10364.345	8.947
084356	40.082805	82.577145	268.999996	655.134649	10370.223	8.614
084416	40.082278	82.619955	269.000022	653.924475	10371.527	4.234
084436	40.081734	82.662502	268.999967	652.817378	10371.182	-1.846
084456	40.081154	82.704476	268.999938	652.921267	10371.627	-7.094
084516	40.080516	82.746051	269.000277	653.098305	10366.69	-9.208
084536	40.079888	82.787313	268.999466	652.874152	10362.187	-6.38
084556	40.079293	82.829	268.999426	652.160881	10362.853	-0.658
084616	40.078642	82.87233	269.004319	650.875284	10363.018	1.397
084636	40.077965	82.914899	268.992451	649.612839	10363.289	-1.517
084656	40.077301	82.956018	268.991977	649.013167	10363.359	-7.171
084716	40.076627	82.998763	269.052713	649.128678	10358.83	-10.479
084736	40.075986	83.040796	268.850137	648.470236	10354.083	-1.577
084756	40.0753	83.0819	269.0	647.0	10356.0	9.0
084816	40.074433	83.125303	270.010459	646.784208	10363.166	1.165
084836	40.0736	83.1695	269.0	649.0	10356.0	0.0
084856	40.072876	83.209454	268.930914	649.545997	10359.566	6.28
084916	40.072086	83.2505	268.736225	648.163435	10364.007	7.004
084936	40.0712	83.2943	268.0	647.0	10363.0	-0.0
084956	40.070336	83.337155	268.387251	648.072679	10364.389	-7.3
085016	40.069456	83.380885	269.715538	649.761945	10358.701	-11.197
085036	40.068666	83.42253	269.84735	649.75413	10353.23	-0.133
085056	40.067955	83.461815	268.80635	648.885903	10357.548	14.862
085116	40.067169	83.502734	268.188077	649.046325	10366.988	14.261
085136	40.066253	83.546467	267.987743	650.232186	10370.761	4.289
085156	40.065238	83.591977	267.988467	651.734167	10364.762	-5.859
085216	40.064327	83.634125	268.006601	651.944477	10362.637	-9.135
085236	40.063464	83.674497	267.99912	652.162798	10362.578	-7.84
085256	40.062476	83.717545	267.999172	654.214084	10357.29	-7.807
085316	40.061381	83.762122	268.000474	656.185961	10356.018	-8.27
085336	40.060363	83.804681	267.999937	658.44599	10355.433	-7.83
085356	40.059517	83.843914	267.99994	661.938307	10349.269	-3.654
085416	40.058526	83.886172	268.000035	664.355088	10349.265	10.225
085436	40.057446	83.930254	267.999995	666.403067	10357.513	24.351
085456	40.056464	83.972337	267.999992	669.802734	10367.881	25.234
085516	40.055352	84.016606	268.000014	672.792379	10375.238	16.863
085536	40.054114	84.061819	267.99999	674.055947	10378.207	6.658
085556	40.052909	84.104611	267.999954	673.901937	10378.233	0.728
085616	40.051758	84.147691	268.000166	674.788398	10377.722	0.213
085636	40.05063	84.192538	267.999868	676.115194	10378.151	-0.487
085656	40.049494	84.238258	267.999362	676.118641	10378.675	-6.162
085716	40.048377	84.281995	268.002305	675.893379	10375.032	-9.578
085736	40.047219	84.324264	267.998162	676.044762	10370.64	-7.32
085756	40.045954	84.367477	267.991121	676.184813	10370.696	-1.608
085816	40.044662	84.412335	268.032101	675.192246	10371.044	1.263
085836	40.043419	84.45708	267.974401	673.86248	10371.097	-0.493
085856	40.042229	84.500061	267.876329	673.298998	10371.573	-5.54
085916	40.040964	84.543489	268.528377	672.063193	10368.174	-12.954
085936	40.039634	84.587763	268.96797	670.882702	10361.681	-15.638
085956	40.038306	84.63172	268.209583	670.959276	10356.63	-9.678
090016	40.036932	84.674603	267.866348	670.880181	10356.231	-6.633
090036	40.035515	84.717777	268.022944	671.176911	10355.31	-8.541
090056	40.034108	84.762155	268.015068	672.604956	10349.515	-9.302
090116	40.032777	84.805341	267.987938	673.559481	10346.544	-1.356
090136	40.031416	84.849107	268.00421	674.151984	10348.779	9.892
090156	40.029939	84.89512	268.009367	675.422114	10354.169	14.931
090216	40.028513	84.939223	267.964783	677.607959	10359.993	12.833
090236	40.027116	84.981891	268.035996	679.132793	10363.332	6.669
090256	40.025649	85.025246	268.116076	679.000638	10363.212	0.991
090316	40.024141	85.068206	267.417401	679.566172	10362.857	-0.603
090336	40.022582	85.112397	267.062996	681.447862	10363.028	0.092
090356	40.020976	85.158956	267.879698	683.586814	10363.027	0.024
090416	40.019415	85.204141	267.671124	684.293268	10362.939	0.132
090436	40.017896	85.247524	266.911432	683.913273	10363.055	-0.176
090456	40.016365	85.290779	266.94369	683.830762	10363.172	-0.588
090516	40.0148	85.334851	267.037292	684.810101	10362.291	3.269
090536	40.013166	85.378939	266.993642	686.26567	10363.755	8.958
090556	40.011436	85.42297	266.99596	687.027851	10369.476	9.724
090616	40.009632	85.46997	267.002667	686.489333	10372.682	0.4
090636	40.007853	85.516376	266.999554	686.031365	10369.955	-9.012
090656	40.006139	85.558871	266.999764	686.814135	10363.898	-8.574
090716	40.004341	85.603121	267.000186	687.176968	10362.912	-7.355
090736	40.002575	85.648352	266.999962	686.919083	10362.238	-8.379
090756	40.000925	85.692546	266.999983	686.868268	10357.013	-8.7
090816	39.999156	85.738358	267.000013	687.83857	10355.186	-3.759
090836	39.997365	85.783084	266.999998	689.384777	10356.225	0.343
090856	39.995648	85.825041	267.000001	691.29534	10356.224	-0.334
090916	39.993773	85.869765	266.999992	694.688011	10355.198	3.727
090936	39.991817	85.917074	267.000011	697.416866	10356.997	8.738
090956	39.989952	85.963335	267.000026	697.900747	10362.203	8.465
091016	39.988152	86.005766	266.999874	698.793582	10363.082	6.941
091036	39.986169	86.049725	267.000161	700.409687	10363.68	9.136
091056	39.98394	86.098639	267.000362	701.773445	10369.338	14.449
091116	39.981904	86.145004	266.998243	702.297143	10375.329	13.077
091136	39.98003	86.188539	267.002241	701.767825	10378.397	6.145
091156	39.978155	86.23253	267.005045	700.395076	10378.235	0.512
091216	39.976373	86.278333	266.975527	698.741414	10377.52	0.632
091236	39.97451	86.32455	267.031211	696.233385	10378.476	-1.481
091256	39.972429	86.369574	267.070271	692.780763	10379.025	-12.069
091316	39.970327	86.413987	266.534138	690.207651	10371.198	-21.854
091336	39.96813	86.458795	265.879154	688.666235	10360.907	-21.564
091356	39.965837	86.504216	265.86764	687.368945	10356.403	-10.701
091416	39.96383	86.548925	266.627405	685.6657	10355.759	-2.593
091436	39.961893	86.592837	266.938983	683.380944	10355.987	0.546
091456	39.959744	86.63626	266.164647	681.264099	10355.858	0.713
091516	39.9576	86.679002	265.874528	680.987148	10356.798	-3.941
091536	39.955456	86.722266	266.025867	680.759572	10354.922	-8.8
091556	39.95325	86.766827	266.011489	679.235841	10349.018	-8.722
091616	39.951066	86.811431	265.990992	679.279365	10347.419	-4.579
091636	39.948826	86.856984	266.001857	681.864173	10347.879	1.617
091656	39.946539	86.903378	266.000825	685.426568	10347.428	7.147
091716	39.944496	86.946815	265.999353	686.548965	10352.073	8.828
091736	39.942467	86.989139	266.000133	687.500891	10356.464	7.589
091756	39.940186	87.033172	266.000059	690.990746	10355.906	7.299
091816	39.937852	87.077747	265.999954	694.78114	10358.472	12.05
091836	39.935511	87.123392	266.00001	697.58349	10364.655	14.854
091856	39.933169	87.169825	266.000004	699.508693	10370.212	9.731
091916	39.930934	87.213747	265.999997	701.637	10371.534	3.369
091936	39.928579	87.257857	266.000001	703.283714	10370.96	-0.764
091956	39.925958	87.304885	266.0	704.43188	10371.133	-0.934
092016	39.923384	87.351613	266.0	707.636862	10370.132	4.745
092036	39.920867	87.397767	266.0	710.356103	10372.185	7.794
092056	39.918326	87.443865	266.0	710.153362	10377.662	1.928
092116	39.915855	87.488627	265.999999	709.904064	10374.941	-4.943
092136	39.913366	87.533474	266.000001	709.988765	10370.651	-8.494
092156	39.910762	87.580123	266.000002	709.928151	10371.456	-8.371
092216	39.908119	87.627571	265.999988	710.52004	10366.549	-7.191
092236	39.905583	87.671634	266.000014	711.042571	10363.157	-12.198
092256	39.902973	87.715695	265.999921	710.974962	10359.336	-3.867
092316	39.900162	87.764081	266.000528	711.121425	10357.798	15.853
092336	39.897425	87.811062	266.001135	711.921987	10368.669	13.388
092356	39.894717	87.857427	265.998568	713.978664	10368.192	2.866
092416	39.892034	87.90312	266.005525	714.865654	10362.963	1.691
092436	39.88937	87.948159	266.003871	713.135715	10370.321	8.07
092456	39.886639	87.994085	265.958019	712.749924	10372.953	-0.719
092516	39.883922	88.040406	266.083802	713.084108	10368.789	-10.357
092536	39.881184	88.086739	266.054779	713.014138	10363.331	-8.544
092556	39.878253	88.133541	265.197707	712.934568	10362.416	-2.549
092616	39.875381	88.179917	265.286188	713.095201	10363.149	0.506
092636	39.872651	88.225007	266.011182	712.836339	10362.963	-0.103
092656	39.869851	88.269538	265.237022	711.434655	10362.967	-0.028
092716	39.867005	88.315951	264.848326	710.279052	10363.062	-0.142
092736	39.864119	88.362838	265.025863	710.020084	10362.947	0.19
092756	39.861185	88.408454	265.016443	710.142646	10362.836	0.637
092816	39.858235	88.455296	264.98911	709.139092	10363.674	-3.473
092836	39.855324	88.502069	265.001857	707.816089	10362.284	-8.746
092856	39.852465	88.547034	265.001181	707.754386	10357.156	-9.036
092916	39.849553	88.592838	264.999218	708.923938	10355.264	-4.063
092936	39.846615	88.638441	265.000133	710.180871	10356.133	0.46
092956	39.843639	88.68294	265.000085	710.770757	10356.108	0.213
093016	39.840404	88.730697	264.999945	711.845523	10355.826	0.205
093036	39.837185	88.77925	265.000009	713.263357	10356.135	-0.393
093056	39.834269	88.824434	265.000004	715.044216	10356.414	-1.362
093116	39.831304	88.868361	265.000006	719.208198	10354.305	7.249
093136	39.828159	88.914616	264.99999	723.712056	10357.794	15.609
093156	39.824942	88.963575	264.999967	725.728266	10369.362	10.856
093216	39.821865	89.0087	265.000139	726.416214	10368.284	1.605
093236	39.818757	89.053498	264.999856	727.234617	10362.837	1.328
093256	39.815414	89.102789	264.999534	728.655503	10368.571	12.725
093316	39.812061	89.150502	265.001933	729.364283	10375.386	14.289
093336	39.80873	89.197057	264.997991	728.781466	10378.268	6.382
093356	39.805385	89.24495	264.993505	727.368772	10378.179	0.688
093416	39.802152	89.291228	265.023126	726.429254	10377.855	0.057
093436	39.79895	89.337169	264.934131	725.458767	10378.224	-1.2
093456	39.795666	89.384156	264.979159	723.165503	10378.063	-5.784
093516	39.792325	89.43052	265.679816	719.246578	10375.584	-9.2
093536	39.789023	89.475579	266.038663	716.141439	10371.451	-12.557
093556	39.785812	89.519682	265.19356	715.799198	10366.652	-17.003
093616	39.782378	89.566725	265.350372	713.436066	10360.127	-14.718
093636	39.778853	89.614911	265.886366	709.280295	10355.597	-7.797
093656	39.775619	89.659155	264.333024	708.215565	10356.279	-7.39
093716	39.77223	89.704325	263.746131	706.694611	10352.461	-9.837
093736	39.768735	89.750633	264.052337	704.496122	10347.038	-5.818
093756	39.765342	89.796161	264.023245	703.143078	10347.037	5.922
093816	39.761963	89.840866	263.981773	702.979267	10352.467	9.465
093836	39.758538	89.885514	264.003758	702.892267	10356.271	7.834
093856	39.755067	89.930846	264.001669	702.144013	10355.579	8.219
093916	39.751606	89.97685	263.998691	701.890127	10359.95	5.347
093936	39.748123	90.022502	264.00027	702.023392	10362.722	-2.251
093956	39.744586	90.067226	264.00012	702.011987	10357.344	-8.454
094016	39.741047	90.112166	263.999906	701.98251	10354.337	-0.61
094036	39.737518	90.157752	264.000019	702.013924	10357.185	9.395
094056	39.733986	90.203323	264.000009	702.02843	10362.307	8.688
094116	39.730426	90.247457	263.999993	701.865014	10362.892	7.112
094136	39.726774	90.292447	264.000001	702.176179	10363.857	8.627
094156	39.72303	90.339585	264.000001	702.964737	10369.714	9.236
094216	39.719335	90.385013	264.0	702.502688	10372.653	0.183
094236	39.715517	90.430044	264.0	702.03128	10369.763	-9.506
094256	39.71155	90.476554	264.0	702.815857	10363.985	-9.168
094316	39.707923	90.522078	264.0	703.172618	10362.253	-3.557
094336	39.704391	90.566972	264.0	702.923783	10363.159	0.512
094356	39.700635	90.612014	264.0	702.878554	10363.08	0.194
094416	39.696957	90.655841	263.999999	703.788968	10362.888	0.018
094436	39.693254	90.700407	264.000001	705.447975	10363.086	-0.221
094456	39.689374	90.747137	264.000002	707.437609	10363.173	-0.566
094516	39.685519	90.793143	263.99999	709.747932	10362.179	3.816
094536	39.681774	90.837943	264.000013	711.181196	10364.079	8.839
094556	39.678054	90.882671	264.000029	711.081302	10369.975	8.767
094616	39.674143	90.928553	263.999861	710.932077	10371.625	4.403
094636	39.670079	90.975661	264.000177	711.019325	10371.062	-1.401
094656	39.666009	91.023142	264.000399	711.020058	10371.44	-6.663
094716	39.662013	91.069614	263.998067	710.926144	10367.567	-12.047
094736	39.658148	91.114446	264.002465	711.098618	10361.688	-15.49
094756	39.654362	91.158254	264.005551	712.356916	10357.207	-15.35
094816	39.650436	91.203085	263.973076	715.783934	10351.811	-13.181
094836	39.646382	91.249557	264.034337	719.977071	10347.105	-5.053
094856	39.642313	91.296695	264.077309	723.277688	10346.922	10.781
094916	39.638269	91.342433	263.5	725.923936	10354.168	25.762
094936	39.634159	91.388057	262.922691	727.071111	10366.121	29.211
094956	39.629947	91.435147	262.965663	726.873305	10376.523	18.398
095016	39.625798	91.482396	263.026924	728.151164	10379.037	6.098
095036	39.621655	91.528783	262.994449	728.893488	10377.87	-1.288
095056	39.617389	91.574819	262.997533	727.323587	10378.124	-6.006
095116	39.612992	91.622839	263.001941	726.692365	10376.107	-16.638
095136	39.608623	91.670723	262.999591	725.378128	10368.427	-23.235
095156	39.604376	91.71668	262.999783	721.874053	10357.815	-17.284
095216	39.600095	91.763749	263.000144	719.911345	10355.714	-11.3
095236	39.595872	91.809914	262.999975	718.606945	10355.162	-6.986
095256	39.591815	91.852941	262.999984	715.838377	10348.687	-1.367
095316	39.587712	91.897172	263.000012	713.360831	10351.069	1.654
095336	39.583346	91.943968	262.999999	710.658256	10356.031	-0.477
095356	39.578726	91.991667	262.999998	706.713331	10350.999	-6.05
095416	39.574419	92.036691	263.000001	703.881625	10346.835	-5.313
095436	39.570406	92.079618	263.0	703.014308	10347.921	-0.112
095456	39.566126	92.124464	263.0	702.944735	10348.6	-0.759
095516	39.561724	92.17033	263.0	703.030696	10347.042	3.32
095536	39.557341	92.216194	263.0	703.009473	10347.476	14.115
095556	39.552905	92.262393	263.000003	702.912292	10356.535	18.395
095616	39.54848	92.308274	262.999996	703.130122	10364.343	11.927
095636	39.5441	92.35327	262.999992	704.392726	10363.71	1.177
095656	39.539677	92.397566	263.00004	707.463364	10361.408	2.236
095716	39.535262	92.441362	262.999982	710.145258	10363.557	7.057
095736	39.53085	92.485591	262.999861	710.225412	10370.229	2.445
095756	39.526092	92.533025	263.00044	709.940448	10368.081	-1.903
095816	39.521354	92.580281	262.99976	711.229863	10362.996	0.579
095836	39.51713	92.622958	262.99808	714.094219	10368.538	7.144
095856	39.512601	92.667985	263.006126	715.604569	10372.211	5.517
095916	39.507716	92.716088	262.996652	716.095335	10370.859	-0.258
095936	39.502983	92.763163	262.973265	717.932466	10370.569	0.349
095956	39.498246	92.809748	263.085323	720.755519	10371.932	-3.165
100016	39.493538	92.855611	262.953072	723.172979	10370.526	-8.11
100036	39.48901	92.900095	262.233264	723.998824	10364.128	-3.63
100056	39.484437	92.944974	261.892398	723.860697	10364.976	5.658
100116	39.479724	92.990681	262.010055	724.083709	10371.505	7.379
100136	39.47489	93.036953	262.015394	725.461731	10372.58	-4.496
100156	39.469851	93.085317	261.99225	726.438238	10367.008	-7.674
100216	39.464808	93.133694	262.000736	725.857899	10363.079	0.948
100236	39.45999	93.179139	262.001259	724.207037	10368.447	7.671
100256	39.455044	93.224939	261.999445	724.661217	10372.069	5.57
100316	39.450059	93.271163	262.000028	726.004011	10370.939	-0.147
100336	39.445392	93.315497	262.00009	724.6909	10370.661	0.013
100356	39.440668	93.360541	261.99996	723.685494	10371.561	-1.844
100416	39.435753	93.407031	262.000002	722.904936	10370.859	-8.355
100436	39.430821	93.453447	262.000006	720.057712	10365.854	-14.129
100456	39.425877	93.499482	261.999997	718.579335	10359.778	-13.877
100516	39.420844	93.545958	262.0	719.020422	10355.891	-7.615
100536	39.415691	93.593541	262.000001	719.059062	10355.475	-0.887
100556	39.410667	93.639916	261.999999	718.995678	10356.733	-1.845
100616	39.405752	93.684734	262.0	718.994162	10355.826	-8.27
100636	39.400744	93.729485	262.000003	718.877162	10350.326	-10.013
100656	39.395798	93.77414	261.999993	719.454087	10346.588	-3.008
100716	39.3909	93.8193	262.0	721.0	10348.0	8.0
100736	39.385836	93.866044	262.000037	723.042509	10353.129	14.0
100756	39.380494	93.913876	261.999908	724.792531	10358.516	15.12
100816	39.3752	93.9604	262.0	726.0	10363.0	15.0
100836	39.370376	94.003735	262.000509	726.853385	10368.028	16.073
100856	39.365233	94.049691	261.998714	726.908632	10374.203	11.607
100916	39.3597	94.0984	262.0	727.0	10378.0	-0.0
100936	39.354477	94.144377	262.007086	728.46043	10374.373	-12.014
100956	39.349267	94.190024	261.982091	729.002392	10367.653	-14.59
101016	39.3439	94.237	262.0	729.0	10363.0	-8.0
101036	39.338556	94.284091	262.098692	731.037083	10362.601	-1.794
101056	39.333248	94.32986	261.713528	732.347072	10363.123	0.723
101116	39.3279	94.3753	261.0	732.0	10363.0	0.0
101136	39.322442	94.422796	260.819041	731.873546	10363.194	-0.955
101156	39.316973	94.470552	261.340637	732.189951	10362.445	2.491
101216	39.3116	94.5173	262.0	732.0	10363.0	8.0
101236	39.306342	94.563382	262.034553	730.192564	10368.491	8.269
101256	39.301015	94.609206	262.06111	727.878165	10372.008	5.485
101316	39.295519	94.655254	262.154459	726.279917	10371.317	1.904
101336	39.289898	94.702032	261.567604	726.061144	10371.282	-2.62
101356	39.284327	94.748923	261.00285	725.952218	10370.872	-8.316
101416	39.279016	94.794827	261.667086	724.050045	10365.892	-13.993
101436	39.273904	94.84035	262.136679	721.941539	10359.779	-13.964
101456	39.268734	94.886543	261.993038	720.987342	10355.886	-7.603
101516	39.263331	94.933612	261.973331	721.1208	10355.349	-0.697
101536	39.2582	94.978793	262.014626	720.455396	10356.87	-2.263
101556	39.2533	95.0226	262.0	719.0	10356.0	-8.0
101616	39.248083	95.068297	261.970959	718.64416	10349.59	-4.252
101636	39.242722	95.114574	262.069656	719.654135	10349.561	4.257
101656	39.2374	95.1604	262.0	721.0	10356.0	8.0
101716	39.232107	95.206063	261.329864	721.238415	10357.016	2.233
101736	39.226821	95.251252	260.900716	720.752429	10355.27	1.056
101756	39.221561	95.295967	260.994293	720.937162	10355.847	7.716
101816	39.216343	95.340849	261.02022	722.979058	10360.594	9.876
101836	39.210912	95.38696	260.992872	724.307204	10363.833	5.121
101856	39.20528	95.434053	260.99959	724.017485	10363.079	0.028
101916	39.199777	95.480637	261.001452	723.9416	10362.077	4.157
101936	39.19437	95.52694	260.999488	724.012423	10365.018	10.198
101956	39.18897	95.572926	260.999971	723.998298	10370.767	8.417
102016	39.183539	95.618119	261.000104	724.055458	10372.776	-3.49
102036	39.177971	95.664113	260.999963	723.866724	10367.968	-7.611
102056	39.172284	95.711066	260.999998	723.958685	10362.964	-0.324
102116	39.166646	95.757247	261.000007	725.342885	10368.523	2.048
102136	39.161142	95.802981	260.999997	726.137711	10369.884	-3.01
102156	39.155677	95.848805	261.0	725.990399	10363.238	-8.0
102216	39.15004	95.894691	261.000001	726.646379	10362.157	-3.315
102236	39.144339	95.940218	261.0	727.045228	10363.297	1.03
102256	39.138682	95.985614	261.0	726.984235	10363.017	0.059
102316	39.133042	96.031748	261.0	727.939609	10362.94	-0.21
102336	39.127291	96.078456	260.999999	730.080484	10363.021	0.075
102356	39.121486	96.124996	261.0	731.962774	10363.001	0.004
102416	39.115827	96.170766	261.000004	731.843595	10362.997	-0.019
102436	39.110085	96.217181	260.999991	732.79855	10362.999	0.015
102456	39.104104	96.265075	260.999997	734.947161	10362.999	0.003
102516	39.098026	96.313399	261.000053	734.886789	10363.016	-0.058
102536	39.09228	96.358735	260.99988	735.838215	10362.963	0.129
102556	39.086692	96.402515	260.999963	738.859439	10362.989	0.04
102616	39.080563	96.450482	261.00074	741.027335	10363.231	-0.8
102636	39.074324	96.499347	260.998335	742.892465	10362.481	2.014
102656	39.068389	96.545751	260.999489	744.910622	10362.841	7.778
102716	39.06266	96.590264	261.01031	746.382196	10368.247	9.498
102736	39.056594	96.637475	260.976811	747.451292	10371.834	5.613
102756	39.050213	96.687263	260.992881	747.999077	10371.049	0.163
102816	39.044122	96.734516	261.143594	747.779375	10370.813	-0.525
102836	39.038025	96.781653	260.650025	748.646624	10371.099	0.068
102856	39.031807	96.829547	259.997542	749.993015	10371.016	-0.031
102916	39.02575	96.875796	260.674935	748.873053	10370.742	0.815
102936	39.019597	96.92293	260.884535	747.682448	10371.556	-2.129
102956	39.013311	96.970956	260.036669	747.968572	10371.17	-7.817
103016	39.007151	97.016811	259.757637	748.380849	10365.549	-8.697
103036	39.00078	97.064255	260.371471	747.164652	10362.623	-7.636
103056	38.994221	97.113769	260.999751	745.06325	10363.092	-7.944
103116	38.987997	97.160798	260.415317	744.820092	10358.579	-8.912
103136	38.982029	97.205611	259.871063	744.962678	10355.21	-5.82
103156	38.976009	97.250502	259.992618	744.968041	10355.954	-0.175
103216	38.969666	97.297577	260.025538	746.231183	10356.178	0.564
103236	38.963184	97.345323	259.992411	747.383789	10355.902	-0.077
103256	38.95666	97.392746	260.000066	747.924832	10355.97	0.063
103316	38.950016	97.440417	259.9896	749.056632	10356.253	-0.894
103336	38.94357	97.487711	260.024066	750.654198	10355.518	2.009
103356	38.937333	97.534265	260.016057	751.929406	10355.687	7.726
103416	38.930833	97.580976	259.82746	752.34671	10360.858	7.8
103436	38.924095	97.630497	260.364762	753.937614	10362.716	12.082
103456	38.917846	97.680789	261.150924	757.152044	10365.516	19.779
103516	38.91249	97.727488	261.03124	759.762875	10376.746	16.591
103536	38.907065	97.772844	260.960825	760.422112	10379.972	2.007
103556	38.901186	97.820412	261.010836	759.628688	10376.628	-11.72
103616	38.895015	97.87062	261.002243	758.237432	10371.881	-15.259
103636	38.889053	97.919411	260.997188	756.682438	10365.639	-11.131
103656	38.883294	97.966226	261.000778	755.85211	10362.744	-7.203
103716	38.877492	98.012698	261.000161	755.965179	10363.245	-7.745
103736	38.871419	98.060956	260.999801	756.076322	10359.104	-9.018
103756	38.86525	98.110035	261.000051	755.921226	10355.303	-6.384
103816	38.859268	98.157854	261.000007	755.92507	10355.86	-0.601
103836	38.853581	98.203338	261.000021	756.91274	10356.145	0.881
103856	38.847654	98.250575	260.999942	758.657392	10356.015	-0.486
103916	38.841262	98.301136	260.999934	760.684805	10356.059	-0.347
103936	38.834956	98.350463	261.000497	762.768519	10355.496	3.802
103956	38.828916	98.397373	260.99913	764.581003	10356.989	10.362
104016	38.823	98.443235	260.999075	765.860201	10362.063	14.887
104036	38.816885	98.490535	261.006937	766.410453	10368.252	12.302
104056	38.810583	98.539234	260.987881	765.441429	10371.604	5.534
104116	38.804316	98.587917	260.987121	764.005012	10371.149	0.324
104136	38.79832	98.635174	261.096616	765.204309	10370.626	0.25
104156	38.792214	98.682778	260.818494	765.825824	10371.433	-1.311
104216	38.785702	98.732328	260.091612	764.181962	10371.425	-7.242
104236	38.779007	98.782923	259.77413	763.862913	10366.409	-9.809
104256	38.772643	98.831206	260.27337	763.868805	10362.166	-5.864
104316	38.766625	98.877139	260.98445	763.087455	10362.755	-0.188
104336	38.760245	98.92572	260.505906	762.892399	10363.872	-3.464
104356	38.753752	98.974669	259.882572	763.028328	10361.674	-9.798
104416	38.747444	99.02176	259.975693	763.004406	10356.628	-9.108
104436	38.741124	99.068999	260.03048	763.005789	10354.447	2.007
104456	38.73478	99.11653	259.991569	762.978423	10357.885	8.454
104516	38.728377	99.164413	259.998255	762.975224	10362.864	1.528
104536	38.721783	99.213445	260.002188	763.370607	10359.741	-7.372
104556	38.715235	99.261763	259.999395	764.482106	10354.831	-5.378
104616	38.708857	99.308424	259.999875	765.862735	10355.462	6.618
104636	38.702408	99.355368	260.000158	766.228788	10360.25	10.408
104656	38.695732	99.404154	259.999955	765.831574	10363.625	6.007
104716	38.688871	99.454548	259.999988	765.820564	10363.181	0.626
104736	38.682072	99.504238	260.000012	767.427794	10362.78	-0.427
104756	38.67542	99.552569	259.999997	769.582856	10363.125	-0.138
104816	38.66885	99.6001	259.999999	770.855302	10363.173	-0.487
104836	38.662208	99.647916	260.0	771.201336	10362.24	3.545
104856	38.655538	99.695854	260.000001	772.596899	10363.99	9.16
104916	38.648825	99.743952	260.000003	775.519199	10369.771	9.482
104936	38.641794	99.793615	259.999987	776.25571	10372.621	-0.056
104956	38.634785	99.843401	260.000016	776.088082	10369.754	-9.399
105016	38.628081	99.891666	260.000037	776.90933	10363.948	-8.995
105036	38.621255	99.93944	259.99982	776.628606	10362.452	-4.329
105056	38.614236	99.988306	260.000229	775.895513	10362.901	1.518
105116	38.607164	100.03858	260.000515	775.952158	10362.499	7.002
105136	38.600148	100.088047	259.9975	776.044779	10366.706	9.33
105156	38.593316	100.13576	260.003206	775.981441	10371.938	5.188
105216	38.586651	100.182314	260.009274	775.964099	10372.208	-4.275
105236	38.579852	100.229597	259.9681	776.190976	10367.367	-9.429
105256	38.572838	100.278006	260.025243	777.241072	10362.615	-7.305
105316	38.565704	100.326883	260.121795	778.852459	10362.652	-1.541
105336	38.55856	100.375721	259.478417	778.298607	10363.146	1.028
105356	38.55143	100.424395	259.028009	776.90558	10363.023	-0.299
105416	38.544282	100.473038	259.774314	777.753766	10363.283	-1.293
105436	38.537111	100.521821	259.811063	780.568918	10362.274	2.989
105456	38.5299	100.571	259.0	782.0	10363.0	8.0
105516	38.522667	100.620422	258.906007	778.631101	10369.383	3.779
105536	38.515589	100.668156	259.038553	776.569342	10369.458	-3.278
105556	38.508468	100.715549	259.002101	777.019816	10363.196	-6.94
105616	38.500909	100.766077	258.991941	775.318004	10362.675	-6.932
105636	38.493512	100.815896	259.002502	773.502638	10362.13	-10.12
105656	38.486584	100.862694	259.000323	773.84748	10356.693	-14.988
105716	38.479683	100.908917	258.999281	775.893122	10350.069	-9.409
105736	38.472442	100.95685	259.000142	777.030532	10348.393	3.402
105756	38.464855	101.006636	259.000076	776.183242	10353.892	13.936
105816	38.457457	101.055092	258.999948	776.227807	10360.245	12.697
105836	38.450038	101.103939	259.000003	777.057657	10363.045	6.652
105856	38.44226	101.155344	258.999994	777.135689	10362.412	7.033
105916	38.434795	101.20393	259.000038	776.773993	10365.995	8.908
105936	38.427689	101.249573	258.999978	777.106599	10371.284	7.681
105956	38.420426	101.296549	258.999819	778.611909	10371.263	2.553
110016	38.412723	101.346631	259.000578	778.979738	10371.441	-3.716
110036	38.405066	101.396728	258.999684	779.108212	10370.648	-8.318
110056	38.397982	101.443336	258.997476	781.168225	10364.913	-9.106
110116	38.390538	101.49138	259.008176	782.668236	10362.079	-4.884
110136	38.382602	101.541606	258.997867	781.901263	10363.044	0.144
110156	38.374789	101.590879	258.963297	779.507936	10363.142	0.469
110216	38.367374	101.638185	259.103887	779.536	10362.937	-0.208
110236	38.35991	101.685979	258.97065	782.130702	10363.003	0.01
110256	38.351816	101.737002	258.14708	783.904727	10363.012	0.032
110316	38.343981	101.786236	258.311603	783.444096	10362.99	-0.011
110336	38.336615	101.832674	259.536082	782.036763	10362.991	0.008
110356	38.329073	101.880213	260.13307	782.794386	10363.012	-0.032
110416	38.321286	101.929355	259.998839	784.939783	10363.003	-0.009
110436	38.313613	101.977906	260.17304	785.041072	10362.942	0.188
110456	38.305645	102.027475	259.49752	785.433781	10363.131	-0.427
110516	38.297408	102.078015	258.092233	786.904899	10363.076	-0.249
110536	38.289509	102.126994	257.819929	787.127381	10362.163	4.301
110556	38.281584	102.175622	258.048979	787.064458	10364.497	9.504
110616	38.273488	102.224559	258.010196	787.113791	10370.305	8.98
110636	38.265762	102.272163	257.98677	785.532056	10372.539	-1.33
110656	38.258072	102.319644	258.004451	783.244325	10369.279	-9.647
110716	38.250105	102.36814	258.002126	782.004674	10363.734	-7.971
110736	38.24208	102.417051	257.992369	782.817338	10362.267	-2.826
110756	38.233946	102.466738	258.008163	784.308227	10363.151	0.404
110816	38.225607	102.517288	258.017865	784.952719	10363.076	0.17
110836	38.217216	102.567248	257.913857	784.995102	10362.896	-0.083
110856	38.209469	102.614749	258.107778	785.064886	10363.077	-0.046
110916	38.2017	102.6606	258.0	787.0	10363.0	0.0
110936	38.191104	102.709387	255.532767	793.187611	10361.758	1.791
110956	38.178679	102.759621	252.557783	799.76867	10362.062	4.939
111016	38.166321	102.80837	251.652643	801.859347	10366.834	8.162
111036	38.154439	102.855144	252.059221	800.755047	10371.512	7.201
111056	38.142498	102.901624	252.037628	800.035314	10371.351	1.231
111116	38.129908	102.950638	251.975185	800.150424	10370.657	-0.337
111136	38.117207	102.999934	252.004123	799.795414	10371.173	-0.412
111156	38.104985	103.046988	252.002284	798.307671	10371.465	-5.745
111216	38.092541	103.095146	251.99995	797.902585	10368.34	-13.102
111236	38.080027	103.143664	251.998497	797.917631	10361.377	-14.251
111256	38.067743	103.190942	251.994348	797.640078	10355.588	-4.208
111316	38.055117	103.239352	252.011401	799.683462	10361.402	8.29
111336	38.042821	103.2865	251.899694	799.387114	10365.303	2.038
111356	38.030762	103.332576	252.132687	797.793354	10361.673	-9.728
111416	38.018313	103.379916	252.900236	797.968304	10356.462	-8.705
111436	38.005356	103.429325	253.247411	797.856104	10355.608	-3.699
111456	37.992203	103.479328	252.700435	798.389371	10355.794	2.148
111516	37.979308	103.528095	251.980014	799.840537	10355.535	7.382
111536	37.967023	103.574793	252.700394	799.946105	10359.964	8.627
111556	37.954965	103.620737	252.723366	800.34495	10363.278	7.773
111616	37.942492	103.668021	251.153714	802.515248	10362.661	7.816
111636	37.929245	103.717842	251.419256	804.71736	10367.133	8.871
111656	37.916187	103.766803	251.975765	806.509357	10371.736	6.673
111716	37.903678	103.81374	251.145816	807.841769	10371.227	0.817
111736	37.8904	103.863452	250.861928	808.203606	10370.784	-0.778
111756	37.877495	103.911799	251.033343	807.866054	10371.048	0.203
111816	37.865565	103.956568	251.010371	807.830998	10371.009	0.085
111836	37.852614	104.004948	250.989575	809.243755	10371.03	-0.224
111856	37.838857	104.056073	251.001907	809.90067	10370.947	0.211
111916	37.825421	104.105856	251.000442	808.38032	10370.875	0.45
111936	37.812881	104.152398	251.001708	807.251636	10371.612	-3.16
111956	37.800409	104.198589	250.997027	805.232997	10370.182	-9.728
112016	37.787288	104.246907	250.993031	801.61763	10364.611	-14.752
112036	37.774256	104.294848	251.034082	800.536108	10358.661	-12.638
112056	37.761202	104.342973	250.956477	801.092765	10355.669	-6.493
112116	37.747958	104.391828	250.901989	801.035015	10355.933	-1.221
112136	37.735123	104.438815	251.600439	801.253882	10355.647	3.733
112156	37.722205	104.485928	251.944582	804.102752	10356.622	9.612
112216	37.708697	104.535293	251.16722	809.168881	10361.428	14.706
112236	37.695222	104.584449	250.872071	810.518236	10367.772	12.649
112256	37.682197	104.63185	251.026934	810.035583	10371.396	6.523
112316	37.669394	104.678351	251.013171	810.88951	10371.039	1.304
112336	37.655888	104.72729	250.98355	810.626428	10371.662	-4.152
112356	37.642423	104.775917	251.011199	809.91856	10369.943	-9.047
112416	37.629524	104.822458	251.021807	810.011113	10364.012	-10.022
112436	37.615844	104.87214	250.919094	809.808032	10362.516	-3.163
112456	37.602575	104.919994	251.340603	810.911784	10363.23	1.279
112516	37.589733	104.965779	252.018276	813.084217	10362.989	-0.062
112536	37.575968	105.015007	252.028746	813.934664	10362.969	-0.164
112556	37.562945	105.061884	252.046262	814.015891	10363.01	0.034
112616	37.549107	105.111255	251.645789	813.967436	10362.986	0.016
112636	37.53451	105.162927	250.959643	814.015881	10363.006	-0.021
112656	37.521459	105.209379	250.936701	814.124266	10363.047	-0.181
112716	37.50823	105.256616	251.036905	813.541035	10362.851	0.587
112736	37.494304	105.306269	250.993797	813.004169	10363.081	-0.324
112756	37.480507	105.355264	250.969064	813.275307	10363.65	-5.723
112816	37.467119	105.402573	251.086877	811.839049	10360.477	-10.172
112836	37.453863	105.449319	250.953225	811.155967	10355.653	-7.198
112856	37.440218	105.497492	250.235826	814.707224	10354.927	4.154
112916	37.426026	105.547468	249.882924	816.623731	10358.781	10.433
112936	37.412026	105.596671	250.006483	815.971136	10363.123	7.737
112956	37.39902	105.642429	250.037179	815.917054	10363.402	1.877
113016	37.385876	105.688616	249.936191	816.004309	10362.819	-0.737
113036	37.372103	105.7365	250.016244	816.008774	10363.009	0.036
113056	37.358193	105.784609	250.605879	816.195232	10363.039	0.111
113116	37.344818	105.834067	251.385661	815.437076	10362.969	0.004
113136	37.332305	105.883766	251.954152	814.112951	10362.985	0.038
113156	37.32044	105.930931	252.056388	813.95699	10363.091	-0.327
113216	37.307986	105.979978	251.984403	813.829173	10362.846	0.585
113236	37.294885	106.031512	251.996772	813.065414	10362.838	0.623
113256	37.282941	106.078193	252.004048	813.209358	10364.216	-6.134
113316	37.271183	106.124295	251.99888	814.613945	10360.787	-5.919
113336	37.258616	106.173794	251.999768	815.978716	10355.64	6.303
113356	37.245869	106.223449	252.000291	815.031283	10364.662	12.372
113416	37.233367	106.27213	251.999919	813.703646	10371.403	2.499
113436	37.22099	106.320619	251.999983	813.881608	10364.346	-13.911
113456	37.208249	106.370198	252.000023	814.93994	10357.37	-10.562
113516	37.196097	106.417458	251.999995	816.517381	10356.482	4.441
113536	37.184511	106.462637	251.999998	818.466296	10361.375	14.28
113556	37.171274	106.513715	252.000002	820.507898	10367.706	12.635
113616	37.157869	106.565251	252.0	820.798376	10371.333	5.791
113636	37.145999	106.611141	252.0	819.121942	10371.117	1.396
113656	37.133523	106.65941	252.0	820.048598	10371.411	-3.083
113716	37.120341	106.710101	252.0	820.782086	10370.56	-8.948
113736	37.107584	106.758764	252.0	817.186213	10365.229	-14.277
113756	37.095089	106.806574	252.0	815.158234	10359.321	-13.811
113816	37.08249	106.854782	252.0	816.272303	10355.639	-6.574
113836	37.069756	106.903161	252.0	818.304715	10355.191	4.099
113856	37.057586	106.949509	251.999999	819.743612	10358.23	12.367
113916	37.04507	106.99714	252.0	821.208267	10363.576	14.979
113936	37.031137	107.049707	252.000003	823.50773	10369.054	11.06
113956	37.018023	107.099071	251.999992	823.640244	10372.513	0.478
114016	37.006	107.1446	252.0	822.0	10371.0	-8.0
114036	36.993445	107.19254	252.00004	821.709512	10364.292	-3.609
114056	36.980236	107.242478	251.999899	822.340166	10365.099	1.967
114116	36.96704	107.291805	251.999972	822.077438	10370.947	0.269
114136	36.954542	107.338677	252.000557	819.765115	10366.492	-6.296
114156	36.94169	107.38678	251.99875	819.306605	10361.933	-6.73
114216	36.928353	107.436557	251.999616	820.960259	10362.946	-0.265
114236	36.915624	107.484245	252.008109	820.288696	10363.031	1.708
114256	36.902773	107.53208	251.984489	818.078708	10363.334	-2.041
114316	36.889511	107.581052	251.989922	816.13839	10363.256	-7.593
114336	36.876633	107.628802	252.107737	815.470244	10358.663	-9.327
114356	36.86387	107.676287	251.766505	816.786007	10355.358	-6.245
114416	36.850903	107.724305	251.046781	818.883408	10355.952	-0.55
114436	36.837804	107.77225	250.916241	819.064669	10355.733	4.499
114456	36.824372	107.821427	251.023625	819.314064	10356.928	10.883
114516	36.810653	107.871948	251.00147	820.793475	10361.952	15.278
114536	36.79712	107.921657	251.021105	821.749611	10369.098	7.911
114556	36.784128	107.969513	250.953653	822.080697	10370.02	-3.634
114616	36.771439	108.015945	250.949221	822.051216	10363.741	-8.273
114636	36.758387	108.062868	251.74715	821.122111	10361.879	-2.787
114656	36.746522	108.112494	253.953875	817.103168	10363.67	-0.853
114716	36.73673	108.164093	256.662078	811.582801	10363.636	-7.251
114736	36.727685	108.213275	257.316842	811.337869	10358.61	-6.172
114756	36.718686	108.261512	256.922853	813.466951	10356.278	3.341
114816	36.709542	108.311166	256.975053	813.953911	10361.647	13.025
114836	36.700322	108.361339	257.032189	814.484711	10367.627	13.323
114856	36.6912	108.4106	257.0	816.0	10371.0	7.0
114916	36.682281	108.458199	256.994448	818.277495	10371.411	1.461
114936	36.67325	108.506457	257.001739	818.849215	10370.768	0.004
114956	36.663992	108.556228	257.000328	816.526681	10370.864	0.307
115016	36.654737	108.605753	256.999588	812.767308	10371.874	-4.006
115036	36.645425	108.655094	257.000116	810.648865	10369.417	-7.61
115056	36.636093	108.70427	257.000034	810.946158	10363.781	-7.066
115116	36.627045	108.752289	257.000005	810.584163	10363.152	-7.789
115136	36.618014	108.799995	256.999959	809.928487	10361.997	-7.471
115156	36.608671	108.848716	256.999896	810.018138	10356.494	-2.052
115216	36.599176	108.898547	257.000516	809.482986	10358.556	6.394
115236	36.589942	108.947333	256.99934	807.243179	10363.937	6.394
115256	36.580996	108.994408	256.998513	803.746926	10363.85	-5.512
115316	36.57155	109.043513	257.007214	801.552637	10359.258	-10.57
115336	36.561929	109.093447	256.9908	800.938983	10355.508	-6.569
115356	36.552737	109.141447	256.979285	800.97586	10355.779	-0.889
115416	36.543859	109.187513	257.100481	801.00393	10356.186	0.62
115436	36.534773	109.234413	256.867225	801.018318	10355.946	-0.066
115456	36.525206	109.283798	256.132775	801.049374	10355.942	0.103
115516	36.515655	109.332941	255.899519	800.75238	10356.216	-0.75
115536	36.506261	109.381064	256.020715	801.32673	10355.738	1.046
115556	36.496876	109.429043	256.0092	802.872778	10355.414	6.919
115616	36.487284	109.478155	255.992786	802.529391	10359.713	8.879
115636	36.477748	109.5269	256.001487	803.847568	10363.271	7.742
115656	36.468387	109.574436	256.000661	808.961185	10362.633	7.721
115716	36.458655	109.623552	255.999482	811.284097	10366.76	9.053
115736	36.448905	109.673014	256.000107	810.844782	10371.724	6.682
115756	36.439478	109.72127	256.000048	810.778254	10371.441	0.509
115816	36.429816	109.770266	255.99996	812.197985	10370.028	2.828
115836	36.420071	109.819154	256.000007	812.911417	10371.771	8.812
115856	36.410451	109.867246	256.000004	811.39319	10376.901	8.94
115916	36.40043	109.917382	255.999997	810.794849	10378.607	4.753
115936	36.390446	109.967243	256.0	810.983232	10378.01	-0.811
115956	36.381094	110.013727	256.0	810.358088	10378.462	-5.921
120016	36.371774	110.060154	256.0	809.449991	10375.846	-11.235
120036	36.362118	110.108159	256.0	807.750298	10370.469	-15.244
120056	36.352143	110.15728	256.0	804.61072	10365.631	-15.723
120116	36.342073	110.207017	256.0	802.079037	10360.708	-14.091
120136	36.332184	110.256101	256.0	801.031307	10356.171	-8.496
120156	36.322644	110.303158	255.999999	800.458564	10354.61	3.626
120216	36.313032	110.350313	256.000002	799.445983	10358.485	7.892
120236	36.303102	110.398941	256.000001	798.059394	10362.989	0.438
120256	36.293074	110.448036	255.999988	797.215967	10358.986	-6.221
120316	36.283441	110.495071	256.000027	796.913847	10354.957	-5.655
120336	36.273973	110.541183	256.000028	796.957871	10355.729	-0.602
120356	36.263766	110.590932	255.999838	797.312215	10356.431	-0.049
120416	36.253673	110.639777	256.000194	798.349642	10355.724	0.832
120436	36.244295	110.684691	256.000433	799.791605	10355.471	6.67
120456	36.234362	110.732646	255.997852	800.053837	10359.328	9.886
120516	36.224059	110.782414	256.002105	800.101736	10363.495	6.871
120536	36.214061	110.830242	256.00675	800.910226	10363.458	0.729
120556	36.204222	110.877398	255.971466	800.627058	10362.059	1.944
120616	36.194572	110.92375	256.021355	799.973576	10363.59	7.718
120636	36.185042	110.969316	256.112058	800.144714	10369.219	9.217
120656	36.174946	111.017362	255.588959	799.171156	10371.891	4.433
120716	36.164584	111.066515	254.977252	796.726943	10370.879	-0.097
120736	36.154623	111.113592	255.059409	793.997787	10370.517	1.066
120756	36.144406	111.16152	254.656702	791.631209	10372.233	-5.535
120816	36.134216	111.209714	255.202107	788.605118	10370.348	-15.573
120836	36.125262	111.255814	258.591194	783.865547	10359.948	-14.634
120856	36.118668	111.30267	261.463141	779.718917	10352.733	-7.092
120916	36.11409	111.350735	262.606038	777.125004	10353.211	1.536
120936	36.110068	111.397873	263.235683	775.504635	10357.869	7.627
120956	36.105764	111.443917	263.920417	774.209078	10362.58	8.432
121016	36.101287	111.491344	264.209621	772.745008	10363.554	3.512
121036	36.096725	111.540478	263.790679	771.865485	10362.866	-0.671
121056	36.09214	111.589913	263.062735	771.949855	10362.948	-0.26
121116	36.08764	111.637177	263.300932	771.904876	10363.039	0.206
121136	36.083524	111.682237	264.232039	770.440927	10362.993	-0.046
121156	36.079256	111.728203	263.781493	768.759688	10363.0	-0.028
121216	36.072952	111.778738	259.240258	771.771849	10362.998	0.01
121236	36.065164	111.820786	255.551794	776.269887	10363.026	-0.104
121256	36.053387	111.865725	251.24803	781.392516	10362.761	0.962
121316	36.038958	111.913729	248.50244	784.754279	10363.432	-1.835
121336	36.024346	111.959529	248.886036	785.063357	10363.461	-7.683
121356	36.010317	112.003342	249.228043	784.749052	10358.266	-5.217
121416	35.996376	112.046991	248.77414	785.394901	10356.624	3.006
121436	35.982079	112.091542	248.08795	786.810172	10362.09	8.168
121456	35.967623	112.136515	247.917571	787.167433	10364.035	3.355
121516	35.952596	112.183188	248.01989	786.975994	10362.484	0.453
121536	35.937248	112.230768	248.006162	787.017207	10362.44	6.834
121556	35.923076	112.274645	247.994005	786.833133	10367.196	9.435
121616	35.908922	112.318258	248.001547	787.283314	10371.952	5.112
121636	35.89388	112.364402	248.000837	788.640458	10371.922	-3.538
121656	35.879433	112.408804	247.999506	789.21633	10368.381	-12.924
121716	35.86512	112.452972	248.000044	788.97312	10362.287	-14.468
121736	35.849942	112.499828	248.000068	789.292751	10356.299	-3.838
121756	35.835516	112.544052	247.999966	791.866741	10358.845	2.038
121816	35.821443	112.586943	248.000003	795.268	10362.921	-0.327
121836	35.806299	112.633218	248.000005	796.786222	10357.602	-1.562
121856	35.791267	112.679303	247.999997	797.193099	10357.066	5.252
121916	35.776558	112.724367	248.0	798.082412	10363.303	15.38
121936	35.761552	112.770084	248.0	800.23455	10368.409	17.639
121956	35.746631	112.8154	248.0	801.327743	10374.882	8.965
122016	35.731747	112.860475	248.0	800.977249	10377.862	-0.146
122036	35.716486	112.906543	248.0	800.493849	10371.584	4.007
122056	35.701158	112.953011	247.999999	799.186188	10375.262	10.74
122116	35.6863	112.9981	248.0	797.0	10386.0	8.0
122136	35.672098	113.04081	248.000003	794.571566	10382.043	-7.4
122156	35.657132	113.086047	247.999993	791.052686	10375.507	-19.624
122216	35.641467	113.133584	247.999998	787.157284	10371.34	-22.911
122236	35.62658	113.178225	248.00004	784.88634	10361.632	-24.144
122256	35.611777	113.222335	247.99991	783.227814	10352.637	-20.284
122316	35.596922	113.266645	247.999972	782.016634	10348.172	-8.753
122336	35.582812	113.308778	248.000581	782.71555	10346.028	7.387
122356	35.56818	113.35248	247.998881	785.136967	10351.462	17.681
122416	35.552694	113.398742	247.99896	789.203859	10361.943	16.115
122436	35.537752	113.443415	248.008166	794.973684	10364.504	6.302
122456	35.522953	113.487555	247.990627	798.306918	10362.674	-0.832
122516	35.507661	113.5329	247.979208	797.299583	10362.791	-0.147
122536	35.492248	113.578322	248.100541	797.038004	10363.49	-1.009
122556	35.477192	113.622792	247.867212	798.398744	10362.483	1.712
122616	35.462281	113.667046	247.13277	799.79807	10361.873	12.503
122636	35.446293	113.714005	246.899523	800.128465	10370.304	18.837
122656	35.430681	113.759893	247.020714	800.002352	10379.418	11.637
122716	35.416329	113.802546	247.0092	800.063211	10379.099	-5.071
122736	35.400696	113.848652	246.992786	799.26051	10373.886	-10.277
122756	35.385077	113.894396	247.001487	795.7777	10370.811	-7.449
122816	35.370789	113.93621	247.000661	790.693359	10371.402	-7.58
122836	35.355326	113.981416	246.999482	790.018677	10367.224	-9.215
122856	35.339421	114.027794	247.000107	789.283601	10362.267	-6.582
122916	35.324487	114.071193	247.000047	784.745663	10362.527	-0.32
122936	35.30964	114.114318	246.999963	783.875972	10364.119	-3.739
122956	35.294652	114.157908	247.000008	783.442712	10361.783	-8.067
123016	35.27943	114.202249	247.000004	779.662594	10356.367	-2.192
123036	35.263428	114.248848	246.999996	778.744928	10358.815	5.874
123056	35.248031	114.293516	247.000002	778.72455	10363.68	7.342
123116	35.233925	114.334174	247.000004	776.470464	10363.298	1.256
123136	35.218817	114.377631	246.99998	775.55302	10362.788	-1.029
123156	35.203475	114.421854	247.000026	776.205617	10363.016	0.305
123216	35.189155	114.463239	247.000058	776.335946	10362.947	0.335
123236	35.17467	114.504969	246.999712	774.006769	10363.353	-1.306
123256	35.159057	114.54981	247.000283	771.794373	10362.639	1.243
123316	35.142725	114.596659	247.000906	771.979528	10361.834	8.495
123336	35.128092	114.638506	246.997076	771.424087	10368.57	4.682
123356	35.113378	114.680693	247.011158	770.855887	10369.647	-5.021
123416	35.09762	114.726045	246.996728	770.99781	10362.755	-7.866
123436	35.082488	114.769563	246.938887	770.200084	10361.893	-1.739
123456	35.06802	114.811113	247.149529	767.256051	10364.014	-1.649
123516	35.0533	114.8534	247.0	766.0	10363.0	-9.0
123536	35.037149	114.898556	245.34123	771.236332	10356.776	-9.87
123556	35.019696	114.941028	243.037822	773.985101	10354.593	0.117
123616	35.001686	114.982086	241.780439	773.940618	10357.262	11.099
123636	34.983833	115.023586	241.954533	773.968911	10362.142	14.959
123656	34.966481	115.063596	242.057165	774.184829	10367.973	12.834
123716	34.949019	115.103758	241.983924	773.665951	10371.996	4.184
123736	34.93095	115.145551	241.996403	772.216302	10371.551	-6.885
123756	34.91251	115.187998	242.006597	771.296649	10366.179	-9.915
123816	34.894068	115.230411	241.994467	773.012764	10362.357	-6.424
123836	34.875765	115.272513	241.993771	775.894819	10362.918	-1.097
123856	34.857421	115.314323	242.034288	774.182385	10362.504	4.236
123916	34.839327	115.35561	241.948782	771.582034	10364.056	9.634
123936	34.821696	115.395978	241.919575	771.886342	10369.826	9.893
123956	34.804284	115.435403	242.774908	771.862372	10373.782	-5.777
124016	34.787252	115.477094	244.656093	770.45326	10367.672	-15.125
124036	34.771011	115.521475	246.728281	769.01174	10356.429	-12.729
124056	34.755822	115.563053	247.344501	770.06415	10360.754	-42.812
124116	34.740286	115.605051	246.772523	770.99561	10346.326	-117.852
124136	34.723891	115.649641	246.076067	770.726313	10281.63	-212.839
124156	34.708497	115.691266	245.970693	774.128508	10185.943	-273.69
124216	34.693237	115.732509	246.007513	781.388633	10094.236	-293.862
124236	34.676576	115.777576	245.998583	790.346817	9991.605	-306.437
124256	34.66008	115.822165	245.996046	798.299845	9887.506	-314.117
124316	34.644039	115.865316	245.997682	800.352194	9786.679	-315.715
124336	34.627252	115.910208	246.003676	793.398428	9675.528	-317.296
124356	34.610412	115.955962	245.907257	787.026732	9570.698	-303.069
124416	34.594769	115.998795	246.241003	781.18948	9474.269	-292.708
124436	34.579984	116.03902	246.89906	774.152919	9379.386	-300.317
124456	34.564135	116.08167	246.901307	767.232524	9278.508	-317.185
124516	34.547459	116.126433	246.292465	761.714112	9170.825	-323.469
124536	34.531476	116.169728	245.786266	758.684212	9060.673	-296.82
124556	34.516901	116.209084	246.574059	757.759042	8970.976	-270.998
124616	34.502405	116.248015	246.62652	758.901905	8884.659	-183.65
124636	34.486763	116.290141	245.771722	760.778686	8832.9	-55.857
124656	34.4708	116.3329	246.0	761.0	8839.0	-8.0
124716	34.455374	116.374212	245.943982	758.804982	8833.108	-6.387
124736	34.439623	116.416579	246.236958	752.121497	8857.449	-14.363
124756	34.4238	116.4587	246.0	752.0	8832.0	-257.0
124816	34.408492	116.497706	243.794889	770.94503	8604.52	-864.511
124836	34.391093	116.540249	242.702875	783.844121	8301.146	-994.863
124856	34.372714	116.584447	242.928423	784.604169	8011.58	-788.252
124916	34.355159	116.626645	243.753129	773.609633	7793.031	-585.755
124936	34.338974	116.665758	243.950386	755.204191	7642.866	-476.514
124956	34.322685	116.705796	244.431052	738.32959	7492.356	-528.675
125016	34.306143	116.747237	244.974408	729.202882	7291.22	-639.336
125036	34.290483	116.786557	244.081913	724.479404	7070.736	-641.671
125056	34.274318	116.82652	243.752125	718.762202	6859.97	-632.111
125116	34.258273	116.86621	244.277153	712.70434	6652.072	-632.852
125136	34.242594	116.904848	244.159753	708.30788	6437.687	-626.971
125156	34.226573	116.94348	242.335214	705.02771	6224.649	-593.18
125216	34.212243	116.982161	247.459798	694.182607	6045.175	-539.808
125236	34.200708	117.020874	253.898716	679.175635	5880.598	-513.578
125256	34.190658	117.059126	252.415874	669.541901	5698.19	-526.834
125316	34.180794	117.095836	251.592162	662.381528	5522.55	-526.631
125336	34.170791	117.132197	252.114302	656.215342	5351.128	-512.932
125356	34.160708	117.169323	252.101217	649.692573	5177.202	-506.035
125416	34.150519	117.206443	251.984991	640.263243	5009.417	-517.332
125436	34.140135	117.243819	252.000158	631.979169	4836.847	-518.655
125456	34.129697	117.281673	252.0146	627.157254	4657.437	-483.975
125516	34.119768	117.317783	252.066544	619.497899	4500.388	-459.656
125536	34.110847	117.350153	251.933974	615.640828	4352.491	-475.007
125556	34.101844	117.383713	252.451201	612.609705	4191.017	-505.661
125616	34.092241	117.421419	253.940531	604.361625	4016.417	-502.739
125636	34.084111	117.454843	254.13505	599.348546	3855.809	-473.583
125656	34.075214	117.489952	251.635181	595.279975	3700.731	-402.003
125716	34.06441	117.523816	248.77249	586.670597	3578.56	-364.81
125736	34.052749	117.555142	247.081958	576.777738	3465.044	-401.971
125756	34.04154	117.585796	246.873874	571.512435	3314.033	-487.612
125816	34.030149	117.618405	246.997994	569.151274	3135.911	-431.784
125836	34.018238	117.650424	247.175284	567.543596	3009.514	-258.13
125856	34.008441	117.68063	251.429398	565.872144	2961.3	-211.938
125916	34.003865	117.715571	261.884783	562.515736	2880.573	-318.243
125936	34.000761	117.748761	264.381072	560.278806	2761.853	-441.732
125956	33.997567	117.78071	262.617992	564.485113	2593.143	-495.93
130016	33.994219	117.81422	262.920927	570.264564	2401.429	-455.283
130036	33.990717	117.849217	263.099157	560.836914	2273.297	-352.367
130056	33.987372	117.883594	262.972573	544.656159	2188.0	-316.373
130116	33.984342	117.915541	262.994323	530.35476	2085.239	-396.36
130136	33.981403	117.945019	263.007119	513.618474	1924.365	-475.743
130156	33.978476	117.973883	262.998031	502.415744	1745.722	-475.644
130216	33.975542	118.003653	262.999592	495.88707	1596.218	-384.154
130236	33.97259	118.034056	263.000511	477.915273	1486.168	-262.163
130256	33.969704	118.063026	262.999859	466.568929	1423.853	-193.124
130316	33.966916	118.090122	262.999971	468.442217	1381.574	-223.78
130336	33.964152	118.117692	263.000037	457.894828	1289.816	-326.554
130356	33.961485	118.144586	262.99999	442.109331	1153.322	-408.617
130416	33.958968	118.169786	262.999998	431.469969	1004.602	-414.64
130436	33.956528	118.194556	263.000002	420.410029	869.144	-380.441
130456	33.953991	118.219621	263.0	402.859267	753.747	-350.569
130516	33.951484	118.243942	263.0	384.687424	643.51	-336.397
130536	33.949311	118.265779	263.0	369.896808	525.403	-321.541
130556	33.947285	118.285819	263.0	336.278156	421.756	-314.053
130616	33.945312	118.305028	263.0	299.607934	331.576	-251.003
