062348	40.6307	73.7778	122.0	330.0	38.0	0.0
062408	40.616734	73.76592	163.898051	317.289937	330.192	669.45
062428	40.601185	73.767676	194.514356	338.633305	465.356	351.013
062448	40.585595	73.77724	207.563737	373.819546	585.819	345.625
062508	40.5683	73.7887	207.0	426.0	686.0	277.0
062528	40.547819	73.803674	212.910987	473.091522	789.768	573.84
062548	40.531281	73.825929	235.78457	490.935358	1064.221	872.682
062608	40.520235	73.850264	239.041263	490.615034	1361.414	840.377
062628	40.506303	73.87978	238.153483	487.038674	1640.63	775.227
062648	40.49212	73.909091	237.93138	499.721197	1880.878	711.892
062708	40.47838	73.937185	237.891975	517.391425	2101.105	684.047
062728	40.46432	73.965616	237.142793	526.613929	2329.263	708.142
062748	40.449386	73.995735	236.725135	533.530492	2575.017	739.54
062808	40.434741	74.025691	237.285645	539.757037	2824.96	682.262
062828	40.420674	74.054788	237.996219	549.8075	3042.169	524.108
062848	40.40539	74.085767	237.22233	573.34058	3188.142	396.263
062908	40.389293	74.118418	237.278298	604.777473	3296.875	327.67
062928	40.37265	74.152437	238.004571	638.722781	3395.836	312.278
062948	40.355075	74.188174	237.353332	671.645824	3497.255	362.475
063008	40.336045	74.226197	236.86653	695.234055	3630.943	569.219
063028	40.316742	74.264634	237.033141	698.456361	3859.129	803.247
063048	40.298399	74.301695	237.045294	682.224162	4188.392	840.024
063108	40.279288	74.340137	236.864965	674.679398	4460.466	713.305
063128	40.260356	74.378294	237.131606	679.255853	4653.798	563.831
063148	40.24261	74.4143	237.42106	686.978875	4821.818	499.062
063208	40.223556	74.452001	235.359782	697.857547	4975.948	470.798
063228	40.204935	74.490481	240.315907	702.812146	5140.417	544.108
063248	40.193588	74.533341	259.558391	694.808306	5350.651	662.079
063308	40.192033	74.580109	272.214863	687.070846	5581.496	581.216
063328	40.191644	74.619898	267.711015	690.437762	5760.64	445.57
063348	40.189384	74.666133	264.248448	703.18211	5892.161	385.62
063408	40.185777	74.715291	263.874695	716.964009	6009.736	389.347
063428	40.181913	74.760953	264.678987	723.863045	6146.146	416.25
063448	40.178064	74.805719	264.996691	728.17588	6289.77	440.47
063508	40.174168	74.852883	264.433638	733.754029	6431.354	454.77
063528	40.170201	74.901872	263.933931	737.643276	6587.16	465.793
063548	40.166193	74.951225	263.970646	738.777223	6756.585	468.751
063608	40.162253	74.998735	264.023063	740.175616	6907.939	441.643
063628	40.158302	75.047002	263.995187	742.717235	7043.63	415.769
063648	40.154234	75.097707	263.997735	746.053974	7180.645	418.108
063708	40.15008	75.146365	264.002418	749.898031	7324.394	415.072
063728	40.145996	75.192858	263.998682	752.333202	7463.215	399.456
063748	40.142072	75.23961	263.997648	752.209894	7588.979	378.707
063808	40.13816	75.288444	264.010794	751.646823	7713.833	355.865
063828	40.134037	75.337661	263.986361	754.086479	7830.426	340.562
063848	40.12968	75.386177	263.969337	759.245657	7935.511	336.18
063908	40.125453	75.436851	264.148693	760.032487	8051.393	326.662
063928	40.12139	75.48647	263.805748	760.715473	8164.027	293.635
063948	40.117218	75.533623	262.994363	766.974669	8250.567	240.346
064008	40.112612	75.585075	263.722988	775.10137	8313.748	210.131
064028	40.10848	75.634094	264.341571	781.827213	8381.185	227.836
064048	40.104241	75.684199	263.762928	785.626865	8465.601	269.089
064108	40.099336	75.738679	262.968754	786.7975	8562.788	291.67
064128	40.095194	75.784879	263.733221	788.083496	8662.233	267.274
064148	40.090908	75.834615	263.77885	791.494395	8745.758	241.511
064208	40.086074	75.889893	262.920222	795.497265	8820.781	235.5
064228	40.081329	75.941537	262.923952	797.622655	8903.059	227.8
064248	40.076693	75.993266	263.047223	798.597486	8978.217	201.827
064308	40.071978	76.04639	262.990788	801.808264	9037.957	182.574
064328	40.067093	76.09924	262.977709	808.384991	9091.008	204.935
064348	40.062336	76.150525	263.064239	810.568338	9167.895	256.851
064408	40.057703	76.201139	262.950815	807.348426	9266.021	301.348
064428	40.053032	76.252545	262.763978	802.600919	9370.274	327.709
064448	40.048337	76.304177	263.867307	797.940619	9495.822	400.75
064508	40.043167	76.356835	263.652727	789.752207	9640.866	378.361
064528	40.038111	76.407982	262.84271	783.832466	9756.573	275.564
064548	40.033579	76.456945	262.968204	784.633126	9822.038	191.844
064608	40.028907	76.507988	263.033963	787.341287	9874.137	157.021
064628	40.023928	76.561101	263.00104	791.887886	9922.471	185.254
064648	40.018918	76.61347	263.010823	795.244161	9983.858	234.912
064708	40.014274	76.662106	262.932249	790.336204	10086.539	211.132
064728	40.009282	76.711479	263.459923	790.473857	10155.909	161.665
064748	40.004661	76.763439	265.286439	796.279316	10186.274	144.374
064808	40.002251	76.816033	268.583223	795.985457	10240.077	172.068
064828	40.002255	76.867884	271.149757	795.196766	10309.7	159.714
064848	40.003463	76.919505	272.021888	794.817775	10357.366	87.2
064908	40.004554	76.971896	272.155735	788.025728	10365.056	24.686
064928	40.005556	77.023071	271.632952	783.039655	10362.003	-0.811
064948	40.006547	77.072779	270.981213	781.942458	10363.049	0.143
065008	40.007428	77.122622	270.93881	780.034877	10363.153	0.497
065028	40.008246	77.173261	271.027205	777.85007	10362.953	-0.316
065048	40.009039	77.224015	270.998651	775.899669	10362.997	0.042
065108	40.00983	77.273692	270.995607	773.508547	10362.891	0.582
065128	40.010672	77.322797	271.001953	769.705877	10363.337	-1.968
065148	40.011543	77.372746	270.999903	765.859915	10362.903	-8.384
065208	40.012358	77.42408	270.999685	764.311781	10358.92	-14.84
065228	40.0131	77.473055	271.00014	763.588576	10351.918	-11.358
065248	40.013839	77.521416	270.999993	762.983139	10348.041	0.606
065308	40.014649	77.573381	270.999977	762.940382	10353.176	8.681
065328	40.015389	77.622731	271.00001	763.040341	10357.813	2.562
065348	40.016032	77.669603	271.0	762.994219	10355.73	-8.246
065408	40.016684	77.71951	270.999999	763.258573	10349.287	-4.763
065428	40.017409	77.770471	271.0	765.684271	10349.591	6.367
065448	40.018133	77.821025	271.0	769.135267	10356.304	15.273
065508	40.018741	77.871516	271.000004	770.705638	10360.881	16.464
065528	40.019327	77.921841	270.99999	771.306236	10366.359	12.31
065548	40.01993	77.971451	271.000003	772.049034	10371.097	7.862
065608	40.020511	78.020283	271.000055	773.286781	10370.72	7.31
065628	40.021093	78.070819	270.999866	774.705772	10372.967	8.766
065648	40.0217	78.1222	271.0	776.0	10378.0	8.0
065708	40.022323	78.171381	271.000736	776.903774	10378.501	2.367
065728	40.022834	78.221888	270.998339	776.754549	10377.879	-0.693
065748	40.023239	78.274569	271.004567	775.450275	10377.982	0.522
065808	40.023639	78.325426	271.005112	774.09073	10377.935	0.406
065828	40.024054	78.371454	270.964323	774.0683	10378.513	-4.392
065848	40.024515	78.42078	271.087309	773.516592	10376.533	-10.668
065908	40.024979	78.475316	271.027115	772.048486	10371.279	-14.865
065928	40.02534	78.526718	270.197882	771.814816	10365.963	-15.955
065948	40.025619	78.575042	270.252234	772.096726	10360.448	-13.373
070008	40.025886	78.623415	270.998398	772.014864	10356.11	-8.268
070028	40.026204	78.674356	270.307578	771.757015	10355.779	-3.026
070048	40.026565	78.725293	270.194965	772.577568	10355.695	2.661
070108	40.026887	78.774831	270.989603	773.966277	10355.869	7.816
070128	40.027087	78.824406	270.451314	773.941612	10360.562	9.362
070148	40.027323	78.874533	269.858271	774.483225	10363.738	5.67
070208	40.027591	78.924982	269.991853	775.952193	10363.042	0.169
070228	40.027685	78.975307	270.028861	776.168659	10362.851	-0.6
070248	40.027722	79.02627	269.98983	775.941581	10363.05	0.219
070308	40.027796	79.07783	269.999417	775.99695	10363.002	0.015
070328	40.027865	79.128795	270.002034	776.004508	10363.006	-0.1
070348	40.027929	79.178753	269.999355	776.012903	10362.967	0.144
070408	40.027996	79.228127	269.999984	776.00503	10362.989	0.04
070428	40.028067	79.278045	269.999618	775.894449	10363.229	-0.801
070448	40.02812	79.329725	270.001142	776.266062	10362.484	2.011
070508	40.028104	79.382036	270.000364	776.976771	10362.841	7.777
070528	40.027976	79.431989	269.992616	777.096893	10368.231	9.524
070548	40.027857	79.480464	270.016629	776.931958	10371.869	5.554
070608	40.027802	79.529677	270.005107	776.986062	10371.059	0.144
070628	40.027744	79.581184	269.897001	777.25449	10370.595	-0.154
070648	40.027657	79.632666	270.25709	776.369179	10371.619	-0.909
070708	40.027548	79.682625	270.921609	774.513715	10372.101	-5.087
070728	40.027443	79.731878	270.753519	773.942227	10368.122	-8.582
070748	40.027289	79.782734	269.968115	773.963841	10362.85	-7.818
070808	40.027026	79.835753	269.774025	772.528384	10362.57	-2.257
070828	40.026763	79.882317	270.508596	771.895572	10363.032	1.187
070848	40.026528	79.928813	270.985977	771.891953	10363.238	-1.376
070908	40.02626	79.983648	270.202079	771.119893	10363.453	-7.114
070928	40.025937	80.035386	269.332022	770.886871	10359.19	-9.356
070948	40.025602	80.085343	268.944428	771.027332	10355.468	-6.817
071008	40.025271	80.136813	268.982812	771.008521	10355.935	-1.255
071028	40.024888	80.185922	269.016541	770.991388	10355.454	4.81
071048	40.024477	80.23408	268.99601	771.002701	10357.111	8.855
071108	40.024078	80.283465	268.998766	771.001774	10362.271	8.687
071128	40.023687	80.333195	269.001188	770.992565	10363.682	3.544
071148	40.02327	80.383879	268.999714	771.010487	10362.84	-0.676
071208	40.0228	80.435289	268.999911	771.016316	10362.958	-0.235
071228	40.022283	80.484982	269.000085	770.904524	10362.994	0.386
071248	40.021732	80.534555	268.999979	771.152111	10363.071	-0.335
071308	40.021196	80.585441	268.999994	771.877616	10363.127	-0.468
071328	40.020747	80.635823	269.000006	772.213888	10362.236	3.885
071348	40.020218	80.685822	268.999999	771.791067	10364.222	9.36
071408	40.019534	80.735792	269.0	771.062312	10370.031	9.268
071428	40.01891	80.785046	269.0	771.103247	10372.653	-0.819
071448	40.018316	80.834984	269.0	770.714829	10369.417	-9.361
071508	40.017646	80.886272	269.0	769.247496	10363.638	-8.453
071528	40.016895	80.936801	269.0	768.588901	10363.01	-7.368
071548	40.016215	80.985501	269.0	769.384543	10362.022	-8.45
071608	40.015631	81.033598	268.999999	770.821008	10356.776	-8.586
071628	40.014885	81.084431	269.000004	771.114696	10355.239	-3.495
071648	40.014056	81.135796	268.999994	771.060773	10356.229	0.443
071708	40.013263	81.185354	268.999991	771.788248	10356.14	-0.17
071728	40.01242	81.234885	269.000052	772.976256	10355.443	3.249
071748	40.011533	81.285934	268.999922	774.482284	10356.83	10.1
071808	40.010665	81.337461	268.999878	775.849726	10361.759	14.834
071828	40.00987	81.385734	269.000717	776.096293	10367.984	12.512
071848	40.009034	81.435623	268.998917	776.051197	10371.533	5.96
071908	40.00809	81.489681	268.998296	776.76421	10371.167	0.588
071928	40.007158	81.540848	269.009993	778.128	10370.826	-0.501
071948	40.006207	81.589834	268.984912	779.234473	10371.062	0.05
072008	40.005201	81.639817	268.976268	779.18255	10371.05	-0.091
072028	40.004206	81.691201	269.139179	777.84949	10370.765	0.735
072048	40.003187	81.742224	268.781845	776.879426	10371.34	-1.225
072108	40.002115	81.791885	268.018494	777.015792	10371.532	-7.046
072128	40.00105	81.841761	268.547107	776.509156	10366.67	-9.548
072148	39.999972	81.89234	268.944923	775.901489	10362.329	-6.578
072208	39.998836	81.943378	268.136272	775.969211	10362.819	-0.892
072228	39.997636	81.994339	267.871138	776.031584	10363.012	1.482
072248	39.996453	82.044156	268.031083	775.989417	10363.243	-1.396
072308	39.995326	82.09282	268.009614	775.992269	10363.446	-7.085
072328	39.99417	82.142364	267.990748	776.034643	10359.25	-9.596
072348	39.992906	82.193888	268.002232	775.950354	10355.374	-6.437
072408	39.991562	82.246139	268.00069	775.922555	10355.786	-0.653
072428	39.990291	82.295646	267.999336	776.605124	10356.333	0.061
072448	39.988998	82.345375	268.00016	776.987545	10355.727	0.883
072508	39.987589	82.397917	268.00005	776.871051	10355.626	6.715
072528	39.986155	82.450207	267.999952	778.190875	10359.188	12.305
072548	39.984813	82.499605	268.000012	778.955275	10364.574	15.849
072608	39.983559	82.546895	268.000004	777.426233	10369.822	15.82
072628	39.982205	82.596937	267.999996	775.324906	10375.856	8.536
072648	39.980765	82.647716	268.000002	773.498311	10377.667	-4.03
072708	39.979299	82.697047	268.000002	772.187466	10372.421	-14.31
072728	39.977784	82.747568	267.99999	771.452629	10365.68	-12.354
072748	39.976233	82.798658	268.000015	770.741083	10362.795	-7.039
072808	39.974698	82.849254	268.000024	769.384962	10363.305	-7.578
072828	39.973236	82.900135	267.999862	767.212202	10359.394	-9.164
072848	39.971736	82.950247	268.000209	765.772846	10355.325	-6.505
072908	39.970125	82.9993	268.000328	765.917256	10355.749	-0.62
072928	39.968512	83.049363	267.998076	766.155825	10356.5	-0.302
072948	39.966926	83.099144	268.002905	765.846763	10355.488	1.473
073008	39.965328	83.147656	268.00457	765.778691	10355.253	7.653
073028	39.963657	83.196907	267.973201	767.729355	10361.374	4.513
073048	39.962024	83.246932	268.037697	769.103021	10361.172	-0.878
073108	39.960384	83.297018	267.851258	769.205138	10355.953	1.366
073128	39.958564	83.347331	267.107302	770.720747	10362.057	7.121
073148	39.956792	83.398392	266.899018	771.484392	10363.011	9.286
073208	39.955093	83.447903	267.024358	770.53292	10364.398	6.93
073228	39.953362	83.496192	267.007534	769.055931	10370.631	1.434
073248	39.951498	83.548684	266.99275	769.902309	10367.531	-5.863
073308	39.949673	83.599801	267.001749	771.215744	10362.103	-7.201
073328	39.947958	83.646525	267.000541	771.066729	10362.723	-0.979
073348	39.946078	83.697326	266.999479	770.935783	10363.267	0.924
073408	39.944119	83.749163	267.000126	771.01549	10362.936	-0.223
073428	39.942258	83.796882	267.000039	771.004791	10362.98	-0.069
073448	39.940492	83.842025	266.999963	770.995388	10363.019	0.066
073508	39.938604	83.890702	267.000009	771.001114	10362.995	-0.016
073528	39.936515	83.944563	267.000003	771.000347	10362.999	-0.005
073548	39.934494	83.995861	266.999998	770.999648	10363.001	0.005
073608	39.932487	84.044946	267.0	771.000111	10363.0	-0.001
073628	39.930411	84.094661	267.0	771.000074	10363.0	-0.0
073648	39.928389	84.144979	267.000003	770.999689	10363.0	0.0
073708	39.926402	84.194454	266.999996	771.000439	10363.0	-0.0
073728	39.924337	84.243605	266.999993	771.000683	10363.0	-0.0
073748	39.922078	84.296025	267.000038	770.996003	10363.0	-0.0
073808	39.91986	84.347321	266.999942	771.006034	10363.0	0.0
073828	39.917815	84.394613	266.999909	771.00949	10363.0	0.0
073848	39.915671	84.443253	267.000536	770.944346	10363.0	-0.001
073908	39.913422	84.493893	266.999191	771.084035	10363.0	0.002
073928	39.911154	84.544815	266.998728	771.132176	10362.999	0.003
073948	39.908884	84.5947	267.007459	769.921431	10363.004	-0.015
074008	39.906624	84.643613	266.988738	768.826461	10362.994	0.023
074028	39.90436	84.692373	266.982286	768.945859	10362.991	0.036
074048	39.902034	84.741845	267.103885	769.05495	10363.053	-0.211
074108	39.899708	84.791412	266.835138	768.982425	10362.92	0.318
074128	39.897382	84.841135	266.102316	768.988067	10362.873	0.501
074148	39.894896	84.892878	265.903816	769.05113	10363.742	-4.152
074208	39.892336	84.944974	266.0232	768.927492	10361.823	-8.94
074228	39.889871	84.995144	266.007176	768.887083	10356.681	-8.603
074248	39.887587	85.043149	265.993094	769.964273	10355.536	-4.3
074308	39.885293	85.090629	266.001666	771.354458	10355.846	1.947
074328	39.882814	85.139668	266.000515	771.977163	10355.553	7.357
074348	39.880215	85.191271	265.999504	771.892538	10359.929	8.712
074408	39.877639	85.242445	266.00012	772.234923	10363.314	7.658
074428	39.875116	85.291531	266.000037	773.659871	10362.713	7.639
074448	39.872477	85.341634	265.999964	775.27408	10366.833	9.907
074508	39.869807	85.392547	266.000009	776.12646	10372.188	5.045
074528	39.867214	85.442667	266.000003	776.039701	10371.937	-6.85
074548	39.864636	85.491309	265.999998	775.958208	10365.406	-5.484
074608	39.861998	85.540681	266.0	776.015522	10364.024	1.461
074628	39.859259	85.592079	265.999999	776.012984	10370.525	0.955
074648	39.856445	85.643266	266.000006	775.937569	10367.569	-5.2
074708	39.853689	85.69307	265.999991	776.090852	10362.19	-7.694
074728	39.851035	85.741823	265.999986	776.142077	10362.894	-1.632
074748	39.848304	85.79128	266.000083	774.864346	10362.22	5.822
074808	39.845416	85.843038	265.999874	773.912412	10364.591	7.563
074828	39.842469	85.895891	265.999802	774.080988	10370.693	1.62
074848	39.839716	85.945156	266.001161	772.95913	10367.456	-5.983
074908	39.836942	85.993599	265.998247	771.834918	10362.144	-7.261
074928	39.833987	86.044224	265.997243	771.974865	10362.769	-1.132
074948	39.831123	86.094563	266.016171	771.714285	10363.016	1.888
075008	39.828387	86.142592	265.975583	770.584442	10363.309	-1.759
075028	39.825595	86.189788	265.961595	769.195869	10363.566	-7.597
075048	39.822485	86.241491	266.22523	768.707534	10358.521	-5.452
075108	39.819412	86.293593	265.627912	769.235276	10356.535	2.532
075128	39.815745	86.342049	262.861237	769.32049	10362.082	8.0
075148	39.809089	86.390085	257.902684	766.421408	10363.933	4.061
075208	39.79987	86.438551	254.388525	763.364471	10362.673	-0.606
075228	39.789639	86.486736	254.475078	762.829635	10362.508	0.428
075248	39.77953	86.533706	255.123217	763.050927	10363.473	-1.912
075308	39.769587	86.580825	254.997445	762.99749	10362.843	-8.226
075328	39.759061	86.630342	255.076123	763.001222	10357.841	-9.245
075348	39.748958	86.67775	254.668348	762.971799	10355.391	-5.559
075408	39.739088	86.723881	253.979458	763.009067	10355.996	0.312
075428	39.728497	86.772838	253.933094	763.503311	10355.395	6.099
075448	39.718341	86.819724	254.029746	764.849647	10358.354	9.279
075508	39.708489	86.865146	253.998525	766.019371	10363.142	7.79
075528	39.697878	86.913758	253.995197	765.849129	10363.459	2.064
075548	39.687457	86.961767	254.002135	766.844634	10362.806	-0.858
075608	39.67728	87.008904	253.999894	769.101123	10363.007	0.053
075628	39.666647	87.057843	253.999657	770.563501	10362.972	0.342
075648	39.65627	87.105351	254.000148	771.460447	10363.158	-0.656
075708	39.646079	87.151877	253.999994	772.016203	10362.952	0.172
075728	39.635377	87.200722	254.000001	772.087887	10362.155	5.688
075748	39.624599	87.249974	253.999939	771.808297	10365.796	9.332
075808	39.614081	87.297851	254.00002	770.932387	10371.147	7.823
075828	39.603763	87.344283	254.000353	769.406916	10371.296	2.786
075848	39.593321	87.391163	253.998993	769.010262	10371.402	-3.379
075908	39.582553	87.439778	254.000284	768.953255	10370.832	-8.169
075928	39.571566	87.489646	254.004947	767.027934	10365.184	-9.24
075948	39.560905	87.537513	253.985968	765.026377	10362.142	-5.022
080008	39.550472	87.584068	254.003956	763.962384	10363.038	0.136
080028	39.53973	87.632476	254.030433	763.176756	10363.036	0.165
080048	39.528999	87.680431	253.740187	761.688833	10362.998	-0.357
080108	39.519456	87.722926	254.465813	760.961751	10362.939	0.303
080128	39.509421	87.767751	254.93887	760.734954	10363.475	-2.387
080148	39.497726	87.819739	253.963915	759.975806	10362.852	-8.212
080208	39.486872	87.867601	253.840153	759.912733	10358.032	-9.352
080228	39.47655	87.913185	254.139281	760.034929	10355.367	-5.676
080248	39.4661	87.9595	254.0	760.0	10356.0	0.0
080308	39.455277	88.007188	253.194653	759.988891	10355.671	4.995
080328	39.444338	88.054779	253.193747	760.014911	10357.368	11.648
080348	39.4335	88.1018	254.0	760.0	10363.0	15.0
080408	39.422741	88.149161	254.142905	759.930849	10369.874	6.193
080428	39.411796	88.197122	253.831	760.175635	10369.315	-5.117
080448	39.401286	88.242782	253.961373	760.048819	10363.204	-8.191
080508	39.391924	88.283715	254.943801	758.456715	10362.449	-1.108
080528	39.380874	88.33167	254.217274	757.544902	10364.089	-2.964
080548	39.368896	88.38349	252.851818	758.252043	10362.056	-8.191
080608	39.358027	88.430661	252.929541	759.708537	10356.522	-2.666
080628	39.347079	88.477754	252.943661	760.147236	10358.515	5.592
080648	39.336177	88.524542	253.118452	760.013647	10363.583	7.52
080708	39.325831	88.569274	253.916648	760.632218	10363.367	1.547
080728	39.315166	88.615207	253.639315	762.076993	10362.772	-1.036
080748	39.304066	88.662608	252.92444	763.072345	10363.023	0.232
080808	39.292866	88.710186	252.975528	762.94251	10362.965	0.32
080828	39.281658	88.757926	252.914011	763.588447	10363.237	-0.959
080848	39.270616	88.804841	253.122675	763.889854	10362.738	0.955
080908	39.259775	88.850558	253.916744	762.946917	10362.146	7.093
080928	39.248726	88.897398	253.650474	764.268816	10367.36	6.339
080948	39.237278	88.945893	252.910936	766.198351	10370.807	-1.933
081008	39.225733	88.994338	252.930895	766.066334	10364.966	-8.544
081028	39.214962	89.039512	253.099883	766.215267	10360.657	-0.963
081048	39.204302	89.084353	252.927026	765.690613	10364.538	8.907
081108	39.192923	89.132122	252.779779	763.949756	10371.541	3.909
081128	39.181628	89.179032	253.918873	765.705458	10363.927	-9.328
081148	39.17018	89.226533	253.599168	768.008853	10361.305	-5.733
081208	39.158538	89.275046	252.83223	769.645657	10363.531	1.598
081228	39.146868	89.32365	252.978937	770.926168	10363.066	0.202
081248	39.135227	89.37179	253.039117	771.16043	10362.883	-0.385
081308	39.123965	89.418151	252.986573	770.896238	10363.028	0.153
081328	39.113008	89.463239	252.997585	770.953474	10362.998	0.04
081348	39.101699	89.509801	253.012471	771.669173	10363.059	-0.298
081408	39.08997	89.558042	252.979791	772.012491	10362.868	0.55
081428	39.078243	89.606207	252.987251	771.956987	10362.912	0.355
081448	39.067032	89.652253	253.135479	772.999986	10363.943	-5.519
081508	39.055443	89.699807	252.711544	774.668557	10360.988	-7.497
081528	39.043294	89.749444	252.010896	775.929079	10356.08	-0.845
081548	39.031702	89.796391	252.510648	776.157411	10359.529	6.56
081608	39.020468	89.841837	253.101663	775.9372	10363.787	6.93
081628	39.00905	89.8882	253.009636	776.680175	10363.147	0.751
081648	38.997194	89.936225	253.076422	779.800155	10362.938	-1.359
081708	38.985236	89.984707	252.809883	782.806233	10362.8	1.231
081728	38.973458	90.032495	252.075396	783.909255	10362.738	6.832
081748	38.961739	90.079643	251.90645	784.330064	10366.493	14.648
081808	38.949968	90.126714	252.026332	783.496995	10373.804	11.809
081828	38.937947	90.174727	252.005914	782.050399	10378.341	-5.252
081848	38.925443	90.224653	251.988991	782.884483	10370.458	-20.118
081908	38.913006	90.274388	252.00939	784.416624	10360.162	-21.475
081928	38.901206	90.321739	252.008394	784.955329	10356.287	-9.965
081948	38.889984	90.366813	251.939424	785.180402	10355.093	1.703
082008	38.878057	90.413757	252.141436	784.715621	10357.339	11.141
082028	38.866174	90.463459	254.194887	783.99299	10363.336	16.001
082048	38.857461	90.511723	259.23372	784.570568	10369.396	11.284
082108	38.850706	90.560663	261.722598	785.369124	10371.508	4.639
082128	38.844491	90.610134	260.958284	784.929106	10371.005	-0.236
082148	38.838242	90.657974	260.763121	782.840258	10371.534	-5.335
082208	38.831903	90.706306	261.45187	781.529253	10368.844	-11.488
082228	38.825365	90.756669	262.001094	782.060162	10362.683	-14.999
082248	38.818578	90.808296	261.429977	783.512041	10357.372	-11.111
082308	38.812119	90.85742	260.523029	784.192857	10355.441	-4.186
082328	38.805881	90.905032	259.986663	783.99046	10356.037	0.07
082348	38.799299	90.954947	259.956561	783.969311	10356.279	-0.398
082408	38.792679	91.00455	260.019313	784.01252	10355.41	2.417
082428	38.786175	91.053251	259.999042	783.99969	10356.158	8.216
082448	38.779657	91.102718	259.996881	784.004312	10361.121	9.378
082508	38.773058	91.152051	260.001387	783.982419	10363.752	5.002
082528	38.766363	91.201391	259.999931	784.005231	10362.963	-0.147
082548	38.759615	91.251534	259.999776	784.434054	10362.874	-0.465
082608	38.75295	91.300768	260.0001	786.146081	10363.066	0.171
082628	38.74626	91.349463	259.999995	789.169839	10362.994	0.001
082648	38.739334	91.399446	259.999983	792.27244	10362.932	0.173
082708	38.732404	91.449669	260.00001	793.01901	10363.173	-0.572
082728	38.725558	91.499708	259.999999	793.069965	10362.952	0.165
082748	38.718698	91.549959	259.999985	795.813107	10362.167	5.624
082808	38.711802	91.599893	260.00004	797.666979	10365.755	9.484
082828	38.704851	91.649703	259.999989	798.03448	10371.159	7.782
082848	38.697843	91.7	259.999808	799.321054	10371.504	2.066
082908	38.690885	91.750027	260.000545	800.642956	10370.811	-0.946
082928	38.683951	91.799351	259.999846	800.986501	10371.0	0.081
082948	38.676911	91.84834	259.997322	800.294643	10370.83	0.847
083008	38.669739	91.898197	260.007596	799.890891	10371.571	-2.488
083028	38.662431	91.949274	259.997856	800.002682	10370.835	-8.247
083048	38.655021	92.000857	259.962703	799.961955	10365.372	-10.086
083108	38.647681	92.051732	260.105794	800.154587	10361.526	-2.513
083128	38.640438	92.101799	259.970102	799.954274	10363.215	8.376
083148	38.633218	92.151701	259.137519	798.51373	10368.882	10.199
083208	38.626102	92.201072	259.31526	797.858222	10372.092	3.37
083228	38.618934	92.25072	260.002944	797.989715	10370.878	-8.67
083248	38.61151	92.301667	259.351559	797.327267	10366.693	-20.59
083308	38.604259	92.351606	258.855702	796.811185	10356.724	-21.567
083328	38.597138	92.400789	259.007154	797.024625	10347.829	-6.924
083348	38.589784	92.451028	259.023302	797.342009	10351.431	16.275
083408	38.582575	92.499831	258.98964	795.880292	10362.432	24.131
083428	38.575324	92.548961	259.000514	792.845772	10371.228	14.4
083448	38.567601	92.601693	259.001673	790.410863	10371.603	3.664
083508	38.560262	92.651283	258.999256	790.185055	10371.14	-3.278
083528	38.553239	92.698218	259.000037	789.899113	10370.88	-8.286
083548	38.54578	92.748426	259.00012	786.387076	10365.937	-13.949
083608	38.538357	92.798369	258.999947	784.426186	10359.706	-13.829
083628	38.531027	92.847497	259.000003	785.03318	10355.904	-7.653
083648	38.523468	92.898087	259.000009	785.189204	10355.688	-1.615
083708	38.516094	92.946984	258.999996	784.628762	10356.141	0.656
083728	38.5089	92.9942	259.0	784.0	10356.0	0.0
083748	38.50151	93.042615	259.000001	783.936838	10355.991	-0.172
083808	38.494124	93.091242	259.0	784.027821	10355.971	0.198
083828	38.4867	93.1401	259.0	784.0	10356.0	0.0
083848	38.47897	93.190398	259.0	784.273364	10356.214	-0.855
083908	38.471301	93.240195	258.999999	786.307754	10355.456	2.441
083928	38.4638	93.2891	259.0	789.0	10356.0	8.0
083948	38.456244	93.338311	259.000003	789.705078	10361.073	8.641
084008	38.448811	93.386123	258.999993	790.758583	10363.193	7.607
084028	38.441381	93.433558	258.999998	792.901928	10362.88	7.944
084048	38.433574	93.483935	259.00004	794.411651	10368.11	8.908
084108	38.425639	93.535109	258.99991	795.471017	10371.879	5.831
084128	38.417791	93.585307	258.999972	796.902875	10371.05	0.178
084148	38.409988	93.635017	259.000555	799.099998	10370.825	-0.643
084208	38.402192	93.684616	258.998751	800.26519	10371.053	0.254
084228	38.39448	93.733593	258.999617	800.015255	10371.001	0.023
084248	38.386934	93.781264	259.007732	799.945731	10371.049	-0.249
084308	38.379115	93.830396	258.98261	800.019647	10370.866	0.474
084328	38.370912	93.881724	258.994661	800.001282	10370.958	0.142
084348	38.362723	93.932798	259.112839	799.9921	10371.9	-4.819
084408	38.354733	93.982471	258.765197	800.00829	10369.125	-9.236
084428	38.346807	94.031525	258.046724	800.004698	10363.376	-8.403
084448	38.338588	94.082049	257.915173	799.951232	10362.301	-2.807
084508	38.330306	94.132753	258.02633	800.096605	10363.252	0.59
084528	38.322281	94.181902	258.003141	800.063075	10363.052	-0.007
084548	38.314582	94.229279	257.995969	798.893072	10362.681	0.9
084608	38.306669	94.277707	257.997789	797.5261	10363.554	-2.23
084628	38.298499	94.327585	257.997545	796.995087	10363.354	-7.89
084648	38.290664	94.376082	258.028396	797.247779	10357.719	-4.05
084708	38.282343	94.426711	257.94271	796.402127	10357.336	1.604
084728	38.273622	94.478922	257.962492	795.001474	10362.846	0.512
084748	38.265979	94.52619	258.617574	796.263835	10359.443	-6.075
084808	38.258566	94.573606	259.099713	796.813303	10355.047	-6.778
084828	38.250772	94.623919	259.012449	795.142592	10355.871	-0.413
084848	38.243163	94.672865	258.97764	794.589909	10356.339	0.281
084908	38.235252	94.723171	259.00616	795.470636	10355.685	1.017
084928	38.227003	94.775062	259.000241	796.870956	10355.829	7.21
084948	38.219248	94.823655	259.00538	797.842896	10359.262	14.335
085008	38.211614	94.871629	258.986529	797.909829	10365.988	12.655
085028	38.203702	94.921381	258.990926	797.913899	10370.992	1.212
085048	38.195642	94.971574	259.097687	799.410637	10366.797	-7.93
085108	38.18759	95.021525	258.786282	799.792309	10361.611	-4.869
085128	38.179679	95.070662	258.059681	798.155635	10362.601	7.049
085148	38.171934	95.118698	257.778237	797.178016	10367.931	11.107
085208	38.163948	95.168108	258.317422	796.942787	10372.188	3.94
085228	38.155792	95.218426	258.993942	796.979366	10371.391	-7.224
085248	38.148067	95.26591	258.461628	797.185591	10365.898	-10.143
085308	38.139914	95.316035	257.87541	796.604639	10362.244	-5.697
085328	38.131318	95.368884	257.984397	795.141563	10362.9	-0.299
085348	38.12361	95.415972	258.028548	793.884262	10363.244	0.301
085408	38.115947	95.462557	257.991055	792.220236	10362.8	0.394
085428	38.107727	95.512403	257.99888	790.165776	10362.898	0.355
085448	38.099549	95.561691	258.00205	789.098083	10364.036	-5.738
085508	38.091472	95.610155	257.999358	789.093187	10360.825	-6.987
085528	38.083406	95.658633	257.99992	789.076777	10355.976	-0.504
085548	38.075326	95.707555	258.000147	787.712904	10360.682	1.16
085608	38.067062	95.757076	257.999954	786.915494	10361.85	-0.853
085628	38.058719	95.806361	257.999994	787.051326	10356.176	-0.413
085648	38.050688	95.854004	258.000011	785.794573	10359.526	5.85
085708	38.042654	95.901802	257.999997	784.818846	10363.942	6.941
085728	38.034423	95.950547	258.0	784.99468	10363.114	0.491
085748	38.026225	95.998737	258.0	784.819115	10362.832	-1.059
085808	38.017995	96.047223	258.000001	785.480491	10362.969	0.663
085828	38.009722	96.096153	258.000001	786.923385	10362.944	0.291
085848	38.001538	96.144133	257.999989	786.969044	10363.679	-4.542
085908	37.993263	96.192312	258.000021	787.391885	10361.489	-9.695
085928	37.984841	96.241303	258.000014	788.886195	10356.405	-8.696
085948	37.976457	96.290106	257.999851	789.539502	10354.587	2.043
090008	37.96799	96.33903	258.000296	790.619528	10357.943	9.573
090028	37.959366	96.388439	258.000193	792.784378	10362.775	8.214
090048	37.950699	96.438161	257.99793	794.53599	10362.694	7.416
090108	37.942038	96.48808	258.004123	795.013658	10364.692	8.57
090128	37.93345	96.537534	258.002694	794.944276	10370.603	8.314
090148	37.924978	96.585745	257.971168	796.164354	10371.723	3.033
090208	37.916257	96.635236	258.057422	797.293461	10370.773	-0.788
090228	37.907528	96.684981	258.037523	797.081714	10370.971	-0.098
090248	37.899571	96.730245	257.382426	795.924968	10371.056	0.166
090308	37.890951	96.77876	256.900233	794.363531	10370.975	-0.027
090328	37.881418	96.832063	256.987511	793.080313	10370.992	0.013
090348	37.872783	96.880552	257.022802	792.769194	10371.064	-0.198
090408	37.864371	96.927871	256.992957	793.244273	10370.878	0.416
090428	37.855576	96.977112	256.999182	793.138377	10370.921	0.274
090448	37.846955	97.025108	257.0008	790.699749	10371.843	-4.666
090508	37.838555	97.072041	257.001162	788.208877	10369.17	-9.344
090528	37.830072	97.119546	257.001031	787.091037	10363.399	-8.456
090548	37.82115	97.168894	256.987916	786.00641	10362.048	-2.278
090608	37.812208	97.218158	257.02038	784.331186	10363.553	-0.707
090628	37.803578	97.265841	257.021554	782.279547	10363.412	-7.037
090648	37.795043	97.31288	256.832864	780.559461	10358.919	-10.923
090708	37.786183	97.361477	257.249179	778.092961	10355.61	-6.761
090728	37.777122	97.411011	258.095375	775.797069	10356.05	1.085
090748	37.768478	97.458172	258.048812	776.0366	10355.85	1.318
090808	37.759811	97.505268	258.018952	775.054332	10356.885	-4.41
090828	37.751053	97.552938	257.94139	773.995501	10355.017	-8.065
090848	37.742432	97.59979	257.287535	775.387275	10348.766	-2.959
090908	37.734043	97.643849	256.301793	777.35069	10350.291	8.118
090928	37.725112	97.689709	256.09031	779.47357	10357.268	15.629
090948	37.715282	97.740534	256.920682	781.649248	10361.888	14.912
091008	37.706052	97.78854	256.541563	782.052065	10365.855	17.171
091028	37.697038	97.835339	256.041765	782.165738	10372.794	12.429
091048	37.687338	97.885419	256.866015	783.654202	10379.155	3.004
091108	37.677669	97.93546	256.680984	783.977634	10370.159	42.148
091128	37.668368	97.983538	255.908925	781.117869	10386.851	112.577
091148	37.659315	98.029931	255.939531	777.069574	10457.287	157.702
091208	37.650204	98.076433	256.051171	780.247845	10511.807	145.441
091228	37.640936	98.123559	255.979776	788.702505	10544.793	143.092
091248	37.631542	98.171476	255.951412	794.623835	10593.112	212.234
091308	37.621992	98.221187	256.187111	792.742857	10682.222	278.462
091328	37.611917	98.270248	255.802474	785.417419	10798.824	294.111
091348	37.600996	98.316365	254.200242	778.710085	10907.084	247.837
091408	37.589437	98.362315	252.891821	777.293579	10970.173	149.456
091428	37.577648	98.409624	252.87732	781.286194	10975.741	34.793
091448	37.566259	98.455289	253.151044	780.586686	10971.306	-9.659
091508	37.554696	98.501401	252.947264	775.540745	10973.148	1.024
091528	37.542324	98.550726	252.224376	772.546898	10973.199	1.69
091548	37.530676	98.596909	251.896862	771.665692	10972.992	-1.259
091608	37.519561	98.64068	252.009637	772.084414	10972.951	0.341
091628	37.507773	98.687066	252.014749	773.326431	10972.538	5.393
091648	37.49593	98.733864	251.992593	775.087903	10974.967	11.971
091708	37.484225	98.78001	252.000693	775.988305	10980.649	14.918
091728	37.472413	98.826149	252.001067	774.758548	10986.618	10.395
091748	37.460675	98.872265	251.999441	772.958213	10988.397	5.095
091808	37.448905	98.918634	252.000027	771.984217	10988.044	-0.362
091828	37.436856	98.965586	252.000096	771.779643	10989.295	-9.68
091848	37.424778	99.012508	251.999962	769.336626	10984.042	-19.898
091908	37.4129	99.0587	252.0	766.0	10973.0	-23.0
091928	37.401302	99.103714	252.000007	765.972475	10966.178	-13.036
091948	37.389942	99.147686	251.999997	765.218397	10965.047	-5.978
092008	37.3785	99.1919	252.0	763.0	10965.0	-8.0
092028	37.366634	99.237762	252.000001	762.760347	10960.416	-9.943
092048	37.354862	99.28326	252.0	763.091296	10956.728	-3.163
092108	37.3432	99.3283	252.0	763.0	10958.0	8.0
092128	37.331218	99.374482	252.0	763.00571	10962.949	10.161
092148	37.319547	99.419195	251.999999	762.985674	10965.812	4.653
092208	37.3081	99.4628	252.0	764.0	10965.0	0.0
092228	37.296038	99.508765	252.000003	767.356624	10964.202	4.35
092248	37.283501	99.556725	251.999993	770.040195	10967.037	11.083
092308	37.271192	99.603843	251.999998	770.965578	10972.731	14.892
092328	37.259679	99.647582	252.00004	771.702952	10977.381	15.668
092348	37.247583	99.693358	251.99991	772.096887	10982.555	13.918
092408	37.234909	99.741387	251.999972	772.008393	10987.816	8.431
092428	37.223292	99.785492	252.000555	771.912494	10989.236	-2.268
092448	37.211652	99.829443	251.998751	772.136768	10986.004	-11.368
092508	37.199322	99.875763	251.999617	771.145452	10980.273	-14.931
092528	37.186944	99.922374	252.007733	766.665297	10975.501	-15.205
092548	37.174721	99.968442	251.982607	762.433865	10970.721	-15.018
092608	37.162606	100.013934	251.99466	760.113559	10965.269	-15.028
092628	37.150501	100.059102	252.107706	757.510704	10960.262	-12.578
092648	37.138558	100.103639	251.730746	754.871345	10956.603	-1.805
092708	37.126788	100.147605	251.022325	753.056896	10957.706	14.304
092728	37.114948	100.191725	250.921034	752.627701	10967.217	23.226
092748	37.102761	100.236894	251.027839	753.605964	10976.357	19.89
092808	37.090499	100.282186	251.0016	755.856575	10979.917	8.559
092828	37.078797	100.325472	250.99433	758.850443	10980.535	0.493
092848	37.067059	100.368774	251.001999	760.33315	10979.257	2.126
092908	37.054913	100.413445	251.000115	760.01838	10979.793	7.912
092928	37.04261	100.458772	250.999593	759.950642	10986.118	4.4
092948	37.030205	100.504557	251.000144	759.98114	10986.692	-3.375
093008	37.017725	100.550599	251.000008	759.988185	10980.232	-7.031
093028	37.005269	100.596395	250.999965	760.285706	10979.037	-3.116
093048	36.993076	100.641047	251.00001	759.508297	10980.269	0.704
093108	36.981044	100.684915	251.000003	758.050617	10980.081	0.166
093128	36.968666	100.729857	250.999997	758.947061	10979.881	0.013
093148	36.956557	100.773933	251.000001	760.144409	10980.091	-0.266
093208	36.944846	100.816719	251.0	759.939241	10980.145	-0.571
093228	36.932201	100.862535	251.0	760.754862	10979.337	3.784
093248	36.919378	100.908756	251.0	760.669695	10980.873	8.887
093308	36.907361	100.952179	251.0	758.414026	10986.364	8.477
093328	36.895393	100.995687	251.0	758.166043	10990.516	1.175
093348	36.883168	101.040018	251.0	758.372962	10989.186	-10.525
093408	36.870753	101.084436	251.0	754.809421	10980.47	-21.419
093428	36.858053	101.129781	251.0	751.434275	10970.372	-21.016
093448	36.845287	101.175735	251.0	751.772159	10965.299	-9.651
093508	36.83314	101.219464	250.999999	752.691962	10965.448	-6.653
093528	36.821004	101.262813	251.000001	753.033261	10963.987	-7.868
093548	36.808411	101.307464	251.000002	753.002099	10958.601	-2.542
093608	36.796178	101.350959	250.99999	753.062558	10959.907	9.244
093628	36.783846	101.394954	251.000013	752.905222	10966.829	14.884
093648	36.770982	101.44079	251.000028	752.781381	10972.413	8.441
093708	36.758498	101.485055	250.999855	754.426349	10972.713	6.112
093728	36.746247	101.528209	251.000102	756.1178	10973.578	6.872
093748	36.733765	101.572025	251.000485	756.006051	10979.166	2.66
093808	36.721348	101.615887	250.998254	756.555306	10977.982	-5.548
093828	36.708781	101.660377	251.001392	758.286172	10972.405	-7.22
093848	36.695762	101.706177	251.006723	760.268065	10971.968	4.118
093908	36.68284	101.75158	250.975256	762.310221	10975.929	11.398
093928	36.670255	101.795889	251.012596	762.927892	10980.315	7.091
093948	36.657833	101.839645	251.099602	759.382686	10981.042	-4.335
094008	36.645125	101.884097	250.61875	748.763892	10977.164	-10.272
094028	36.632463	101.928216	249.961778	738.406355	10972.745	-7.471
094048	36.620368	101.97047	249.934576	737.85427	10972.533	-1.642
094108	36.608044	102.013227	250.028844	740.026523	10973.293	0.255
094128	36.595368	102.056984	249.99857	742.16307	10972.962	0.093
094148	36.5828	102.100553	249.99534	746.351497	10972.466	4.852
094208	36.570039	102.144689	250.002077	749.135642	10974.788	11.753
094228	36.557273	102.188657	249.999896	750.051088	10980.318	14.972
094248	36.54496	102.231063	249.999625	751.407933	10986.272	10.872
094308	36.532524	102.27396	250.000147	752.294721	10988.339	5.702
094328	36.5197	102.3182	250.0	752.0	10988.0	0.0
094348	36.506749	102.362752	249.999973	750.791433	10989.403	-10.415
094408	36.493899	102.406866	250.000011	749.18834	10983.674	-17.491
094428	36.48123	102.450249	250.000001	748.026799	10973.332	-15.359
094448	36.468695	102.492986	249.999998	747.778674	10971.636	-5.516
094508	36.456254	102.535253	250.000001	746.049602	10973.368	1.26
094528	36.443872	102.577357	250.0	742.558787	10973.093	0.377
094548	36.431447	102.619926	250.0	740.75114	10972.96	-0.536
094608	36.418363	102.664647	250.0	739.495781	10972.934	0.392
094628	36.404933	102.710141	250.0	737.375166	10972.866	0.517
094648	36.392974	102.750555	250.000002	735.756219	10973.821	-4.125
094708	36.38107	102.790823	249.999996	732.777676	10971.688	-9.01
094728	36.367943	102.835195	249.999994	727.855052	10965.827	-8.72
094748	36.354983	102.878763	250.000036	724.627748	10964.175	-3.629
094808	36.342513	102.920712	249.999957	722.379163	10965.166	0.548
094828	36.330259	102.962099	249.999903	719.631199	10965.074	0.245
094848	36.317977	103.003289	250.000483	717.447347	10964.938	-0.202
094908	36.305475	103.044888	249.999527	715.613205	10965.01	0.033
094928	36.292831	103.086932	249.998483	713.578074	10965.007	0.018
094948	36.280582	103.128012	250.00628	711.847633	10964.992	-0.0
095008	36.268444	103.16869	249.993476	710.885409	10965.005	-0.012
095028	36.255964	103.210097	249.978909	710.859431	10965.014	-0.045
095048	36.243464	103.251746	250.087438	711.285092	10964.944	0.191
095108	36.231159	103.292832	249.906773	709.179565	10965.058	-0.2
095128	36.219087	103.332858	249.194247	705.013953	10965.186	-0.646
095148	36.207131	103.372263	248.774291	708.492697	10964.228	3.491
095208	36.194757	103.412971	249.146673	713.296653	10965.821	8.731
095228	36.181765	103.455816	249.932542	710.855917	10971.688	8.988
095248	36.169121	103.497698	249.63767	709.647928	10973.801	4.26
095308	36.156844	103.538295	248.915523	711.42072	10972.89	-0.666
095328	36.144378	103.579217	248.937522	712.953012	10973.018	-0.962
095348	36.131434	103.621688	249.03568	712.394626	10972.618	2.945
095408	36.118775	103.663165	248.995161	713.576599	10973.35	8.917
095428	36.107001	103.701548	248.99482	719.356374	10977.713	13.982
095448	36.094623	103.741959	249.002584	721.199233	10983.452	14.697
095508	36.081484	103.78502	248.999759	718.772252	10988.419	6.661
095528	36.068531	103.82749	248.999631	715.814254	10989.85	-9.708
095548	36.056137	103.867768	249.000186	706.059522	10982.088	-18.515
095608	36.043971	103.907076	248.999983	694.115316	10972.453	-14.088
095628	36.031591	103.947274	248.999973	690.800545	10972.154	-3.185
095648	36.019519	103.98659	249.000014	695.788253	10973.454	1.475
095708	36.007483	104.025587	248.999999	702.19533	10972.976	-0.059
095728	35.994801	104.066276	248.999998	702.812508	10972.87	-0.015
095748	35.981952	104.107632	249.000001	701.021313	10973.206	-0.517
095808	35.969381	104.148301	249.0	699.980578	10972.949	0.171
095828	35.957107	104.187877	249.0	700.046352	10972.072	5.415
095848	35.944556	104.228104	249.0	699.618275	10975.514	6.291
095908	35.931763	104.269046	249.0	698.165788	10979.979	0.645
095928	35.919324	104.309068	249.0	696.429754	10976.179	-4.899
095948	35.906936	104.348909	249.0	694.074628	10972.593	-7.508
100008	35.894523	104.388647	249.0	692.062381	10973.316	-7.869
100028	35.882597	104.426824	248.999999	693.202119	10968.9	-8.856
100048	35.870089	104.466768	249.000002	695.636819	10964.239	-6.619
100108	35.856695	104.509361	249.000002	696.885977	10964.741	-0.716
100128	35.844286	104.548729	248.999986	697.131864	10965.398	0.159
100148	35.832202	104.58701	249.000022	696.935676	10964.68	0.802
100208	35.819538	104.62708	249.000034	697.567664	10964.564	6.603
100228	35.806979	104.666746	248.999802	700.601899	10968.692	12.944
100248	35.794579	104.706004	249.000302	701.7767	10974.708	14.833
100308	35.782088	104.745631	249.000652	698.853312	10979.111	9.733
100328	35.769387	104.785628	248.997418	697.052544	10981.108	-0.662
100348	35.756674	104.825545	249.002669	697.017114	10979.224	-9.023
100408	35.744161	104.864979	249.009634	697.012232	10974.226	-9.25
100428	35.731677	104.904181	248.96606	696.994595	10972.483	-4.803
100448	35.718969	104.94408	249.026986	697.000396	10972.962	0.813
100508	35.705853	104.985256	249.142796	697.401537	10972.409	5.518
100528	35.692435	105.026421	248.550263	699.519271	10975.53	8.606
100548	35.679816	105.066798	249.117075	702.087216	10980.135	7.812
100608	35.669492	105.106531	253.409465	702.854836	10980.44	2.128
100628	35.661805	105.146811	259.163293	703.407931	10979.807	-0.861
100648	35.656926	105.189418	264.218352	705.120139	10980.009	0.046
100708	35.654641	105.234801	267.440501	707.556858	10980.017	0.197
100728	35.653212	105.278022	267.866296	707.455633	10980.027	-0.234
100748	35.6517	105.3189	267.0	705.0	10980.0	0.0
100808	35.650151	105.361391	267.51444	703.318	10979.782	0.91
100828	35.648608	105.405166	268.207502	702.997678	10980.476	-2.162
100848	35.647077	105.448842	268.027881	702.128922	10980.146	-7.819
100908	35.645536	105.491579	267.325244	697.955846	10975.315	-8.704
100928	35.643968	105.534709	266.93319	693.376014	10972.819	-7.759
100948	35.642363	105.578707	267.001434	689.480332	10973.232	-7.955
101008	35.640738	105.622063	266.889802	683.906327	10968.048	-8.247
101028	35.639205	105.662991	267.271214	679.844057	10964.481	-7.57
101048	35.637731	105.702435	267.978917	678.285286	10965.167	-6.889
101108	35.636124	105.744068	267.538956	675.661443	10961.518	-8.275
101128	35.634547	105.786152	266.891803	673.697287	10957.072	-4.955
101148	35.633083	105.826851	266.957851	673.90048	10957.227	4.918
101208	35.631465	105.867727	267.034759	673.874903	10961.528	9.935
101228	35.629766	105.909084	266.994242	672.66539	10965.463	6.81
101248	35.628164	105.950192	266.996336	671.123455	10965.44	0.599
101308	35.62662	105.990191	267.002442	671.769816	10964.078	2.454
101328	35.624941	106.031604	266.999567	674.695289	10965.828	7.609
101348	35.623047	106.075874	266.999634	678.082742	10971.5	7.482
101408	35.62125	106.117873	267.000189	679.477836	10973.2	6.915
101428	35.61962	106.15727	266.999991	677.848608	10973.12	8.079
101448	35.618023	106.197381	266.999971	673.537314	10978.001	8.924
101508	35.616405	106.23889	267.000013	667.688056	10980.798	5.236
101528	35.614713	106.280549	266.999999	662.836637	10979.962	-0.167
101548	35.612918	106.320903	266.999998	661.239885	10979.91	-0.683
101608	35.611108	106.361716	267.000001	660.609	10979.944	0.714
101628	35.60931	106.402936	267.0	659.985311	10980.029	-0.149
101648	35.607502	106.443088	267.0	660.002079	10980.548	-5.172
101708	35.605738	106.483308	267.0	659.75357	10978.077	-11.207
101728	35.604014	106.523593	267.0	657.841428	10972.724	-15.111
101748	35.602278	106.562763	267.000003	653.822153	10967.529	-15.569
101808	35.600514	106.600842	266.999993	650.858259	10962.439	-14.082
101828	35.5987	106.6397	267.0	650.0	10958.0	-8.0
101848	35.596826	106.681158	267.000037	649.814213	10956.468	6.832
101908	35.594998	106.720806	266.999905	650.481252	10961.572	21.796
101928	35.593193	106.759008	266.999974	652.820788	10972.412	28.024
101948	35.591274	106.800655	267.000616	657.329981	10983.191	22.048
102008	35.589313	106.842135	266.99935	662.059608	10988.586	11.506
102028	35.58738	106.880935	266.998366	664.78393	10988.084	2.664
102048	35.58544	106.921148	267.006578	664.400386	10988.918	-6.779
102108	35.583522	106.962664	266.993184	662.719653	10986.804	-17.028
102128	35.581656	107.003274	266.975384	661.118175	10976.712	-23.573
102148	35.579761	107.042752	267.086727	656.732363	10967.878	-17.046
102208	35.577803	107.082318	266.930135	651.330308	10964.94	-7.204
102228	35.575801	107.122931	266.226697	648.928264	10965.612	-7.457
102248	35.573804	107.162979	265.886883	650.074156	10962.039	-6.75
102308	35.571797	107.202592	266.015204	652.111721	10957.942	1.086
102328	35.56974	107.242839	266.06338	652.466096	10961.902	12.276
102348	35.567648	107.282749	265.861274	654.584846	10968.56	14.415
102408	35.565599	107.32249	265.966437	657.894105	10972.889	7.378
102428	35.563616	107.362967	266.651621	658.449965	10973.393	1.563
102448	35.561241	107.402361	264.382585	657.667841	10972.861	-0.429
102508	35.557543	107.44102	260.133846	657.929556	10972.992	-0.025
102528	35.551736	107.48173	259.526539	660.062134	10973.029	0.086
102548	35.545439	107.522924	260.167019	661.148774	10972.989	-0.028
102608	35.539681	107.562667	260.009631	660.970162	10972.999	-0.001
102628	35.534045	107.600678	259.964692	662.396103	10973.007	-0.012
102648	35.528254	107.639294	260.007743	662.795278	10972.99	0.034
102708	35.522296	107.679465	259.998997	661.154545	10972.994	0.023
102728	35.516345	107.719699	260.023491	660.196063	10973.068	-0.251
102748	35.51021	107.760136	259.948801	659.866711	10972.866	0.5
102808	35.504241	107.800442	259.966109	658.328145	10972.912	0.327
102828	35.498957	107.839326	259.718071	653.891675	10973.803	-5.356
102848	35.491252	107.877737	253.708877	650.630382	10970.056	-9.537
102908	35.480353	107.914873	246.384112	648.564457	10964.517	-7.266
102928	35.46815	107.949669	246.414925	644.964527	10964.496	-1.337
102948	35.455299	107.985773	247.35744	643.344257	10965.48	0.269
103008	35.442435	108.022852	246.96418	644.118121	10964.867	0.213
103028	35.430002	108.058611	246.908207	645.697133	10963.971	4.76
103048	35.417508	108.094433	247.095765	648.743995	10967.635	8.077
103108	35.4046	108.1312	247.0	652.0	10973.0	8.0
103128	35.391391	108.168294	246.307398	652.932137	10972.802	7.77
103148	35.37858	108.204004	245.880977	653.167734	10974.972	8.449
103208	35.3657	108.2398	246.0	653.0	10980.0	8.0
103228	35.351758	108.278488	246.097744	651.690495	10980.251	3.285
103248	35.338742	108.314797	245.793475	653.493176	10980.529	-3.307
103308	35.3265	108.3489	246.0	653.0	10980.0	-9.0
103328	35.313678	108.386067	249.090811	638.879713	10973.696	-10.62
103348	35.30469	108.422905	256.675121	619.996146	10972.519	-2.727
103408	35.299136	108.459333	260.985161	610.172577	10973.28	1.565
103428	35.294468	108.496831	260.956174	610.358731	10972.969	-0.274
103448	35.289226	108.535614	260.971014	613.714887	10973.002	-0.61
103508	35.284052	108.573828	260.955952	616.360999	10972.884	1.72
103528	35.279474	108.608633	261.035798	618.220268	10973.074	6.592
103548	35.275387	108.639431	261.642961	621.268664	10974.992	12.165
103608	35.2708	108.6738	262.0	626.0	10980.0	12.0
103628	35.265029	108.717233	261.475267	631.697522	10987.158	1.986
103648	35.259233	108.760884	260.923663	633.96851	10986.471	-9.324
103708	35.254189	108.798652	260.957036	630.065548	10975.71	-13.487
103728	35.249112	108.836147	261.040247	622.407435	10970.562	-9.034
103748	35.243948	108.874155	261.009603	615.799788	10972.417	-1.365
103808	35.239114	108.910201	260.989109	615.209576	10973.666	1.511
103828	35.234414	108.945389	260.997665	617.710499	10973.146	0.32
103848	35.229408	108.982243	261.001775	617.138428	10972.871	-0.224
103908	35.224293	109.0194	260.999821	614.542801	10973.031	0.003
103928	35.219368	109.055315	261.000242	613.172761	10973.05	-0.104
103948	35.214438	109.092255	260.998298	612.880499	10972.836	0.528
104008	35.209374	109.130337	261.001885	613.034218	10973.163	-0.584
104028	35.204224	109.168074	261.006152	612.561637	10973.524	-5.93
104048	35.199221	109.204171	260.974444	609.781094	10970.016	-12.648
104108	35.194315	109.239662	261.026564	606.478475	10963.726	-14.69
104128	35.189324	109.276061	261.085888	604.610152	10958.724	-9.634
104148	35.184214	109.312849	260.54229	602.11259	10957.883	-5.179
104208	35.179232	109.348732	259.930896	599.623252	10957.683	2.225
104228	35.174471	109.383539	259.948286	598.884495	10956.753	16.793
104248	35.169401	109.419919	260.072553	599.77561	10965.231	27.987
104308	35.16412	109.457309	260.017244	601.764736	10978.879	28.663
104328	35.159035	109.493678	259.856774	604.082042	10986.294	17.039
104348	35.153937	109.53056	260.289958	605.214667	10988.654	2.773
104408	35.148798	109.567723	260.988712	605.018859	10988.257	-7.188
104428	35.143959	109.602201	260.49674	605.057242	10983.946	-13.721
104448	35.139026	109.637017	259.88508	604.811481	10977.896	-14.335
104508	35.133787	109.674033	259.976212	604.072105	10973.361	-8.983
104528	35.128613	109.710659	260.029829	603.93868	10972.607	-2.854
104548	35.123516	109.746489	259.991749	603.967796	10973.019	0.922
104608	35.118378	109.782347	259.998292	603.943349	10972.913	0.508
104628	35.113145	109.819183	260.002142	604.458867	10973.815	-4.557
104648	35.107838	109.856604	259.999406	603.137473	10971.426	-9.089
104708	35.102573	109.893426	259.999876	600.219775	10965.596	-8.547
104728	35.097512	109.928502	260.000166	600.545131	10964.225	-3.391
104748	35.092472	109.963398	259.999961	602.527872	10965.167	0.686
104808	35.087261	109.999431	259.999988	603.777773	10965.028	0.301
104828	35.081923	110.035806	260.000012	604.842359	10965.12	-0.831
104848	35.076628	110.072429	259.999997	604.774799	10964.748	1.086
104908	35.07144	110.109199	259.999999	604.571376	10964.587	6.76
104928	35.066194	110.145473	260.0	608.642905	10968.616	12.352
104948	35.060861	110.181878	260.000001	612.487668	10974.269	15.465
105008	35.055464	110.219103	260.000003	612.156602	10978.755	15.405
105028	35.049996	110.256645	259.999987	612.30613	10984.315	12.805
105048	35.044718	110.292621	260.000016	613.125982	10988.746	5.588
105108	35.03963	110.32712	260.000036	612.508057	10988.747	-5.59
105128	35.03408	110.364522	259.999824	609.66133	10984.308	-12.797
105148	35.028425	110.402727	260.000224	606.243677	10978.764	-15.413
105208	35.023121	110.438768	260.000505	604.238597	10974.289	-15.485
105228	35.01778	110.474705	259.997549	603.827483	10968.501	-12.219
105248	35.01251	110.510092	260.003126	604.030872	10964.482	-6.412
105308	35.007408	110.544584	260.007039	604.003594	10964.766	-0.825
105328	35.002026	110.580714	259.964996	604.049903	10965.207	0.604
105348	34.996508	110.617609	260.034311	603.940073	10964.952	-0.053
105408	34.991122	110.653682	260.110045	603.802043	10964.928	0.112
105428	34.985658	110.689981	259.442904	605.129166	10965.227	-0.705
105448	34.98008	110.72678	259.036414	607.467339	10964.776	0.791
105508	34.974528	110.763422	259.79371	609.508555	10964.282	6.613
105528	34.969193	110.798844	260.129276	610.941403	10968.786	9.096
105548	34.96394	110.833865	259.980071	612.316446	10973.424	7.586
105608	34.958493	110.870032	259.9939	614.293729	10972.998	7.032
105628	34.952749	110.907785	259.974869	616.697636	10974.854	12.421
105648	34.946941	110.945842	260.024989	618.053668	10981.147	14.389
105708	34.94129	110.98294	260.124619	617.816316	10987.579	4.058
105728	34.935539	111.020166	259.465227	619.234231	10985.106	-5.198
105748	34.929739	111.057593	259.038928	621.141689	10979.621	-8.145
105808	34.92412	111.094441	259.839854	621.035575	10980.147	-7.975
105828	34.918675	111.130301	259.73731	621.356665	10977.455	-8.636
105848	34.913128	111.166382	258.951377	620.777273	10972.723	-7.63
105908	34.907256	111.203975	258.925591	617.224556	10972.576	-1.874
105928	34.901442	111.24152	259.037361	615.299661	10973.212	0.867
105948	34.895848	111.277994	258.996509	616.137596	10972.98	-0.082
110008	34.890296	111.313837	258.994657	617.5556	10972.972	-0.133
110028	34.884432	111.351135	259.002683	618.353168	10973.007	0.091
110048	34.87853	111.388647	258.999749	617.885954	10973.003	-0.021
110108	34.87306	111.423894	258.999614	616.019618	10973.034	-0.134
110128	34.867583	111.45898	259.000202	613.281039	10972.883	0.41
110148	34.861803	111.495576	258.99999	609.804681	10973.031	-0.106
110208	34.855778	111.53367	258.999969	605.699331	10973.531	-4.566
110228	34.849934	111.570971	259.000014	602.235178	10971.102	-12.849
110248	34.844431	111.606103	258.999999	598.789818	10964.599	-14.65
110308	34.839068	111.639674	258.999998	593.985637	10957.883	0.341
110328	34.833482	111.674718	259.000001	590.374083	10962.404	14.242
110348	34.8277	111.7112	259.0	592.0	10973.0	15.0
110408	34.822026	111.74675	259.0	600.406186	10974.127	4.594
110428	34.816349	111.782206	259.0	605.386248	10972.557	-1.607
110448	34.8106	111.8181	259.0	605.0	10973.0	0.0
110508	34.804854	111.853934	259.0	606.251703	10973.064	0.35
110528	34.799165	111.889638	258.999999	607.235518	10973.011	-0.267
110548	34.7935	111.9252	259.0	607.0	10973.0	0.0
110608	34.787745	111.960779	259.000005	607.15469	10972.766	0.858
110628	34.781803	111.997386	258.999987	606.392488	10973.604	-2.421
110648	34.7758	112.0345	259.0	604.0	10973.0	-8.0
110708	34.769982	112.070458	259.000071	600.988031	10967.288	-8.777
110728	34.764197	112.105992	258.99982	599.703755	10964.559	-7.262
110748	34.7583	112.142	259.0	600.0	10965.0	-8.0
110808	34.752324	112.178462	259.000992	599.825889	10960.815	-10.854
110828	34.746562	112.213616	258.997492	600.719336	10955.886	0.235
110848	34.7409	112.2483	259.0	604.0	10958.0	22.0
110908	34.734924	112.285093	259.015321	609.195123	10971.506	32.097
110928	34.728924	112.321512	258.971772	613.305024	10983.79	25.294
110948	34.723082	112.356812	258.98176	614.921596	10987.837	9.378
111008	34.717193	112.393477	259.194782	615.505053	10988.609	-1.174
111028	34.710944	112.43032	258.609618	616.548365	10987.029	-14.348
111048	34.704815	112.466973	258.635305	617.903961	10981.382	-21.796
111108	34.699979	112.504993	262.134696	617.998634	10972.843	1.095
111128	34.695639	112.542128	262.438713	618.129577	10977.174	9.228
111148	34.691306	112.579123	261.804941	617.449377	10980.938	5.794
111208	34.686876	112.616576	262.009673	615.924908	10980.018	-0.413
111228	34.682428	112.65379	262.031541	614.241183	10981.169	-10.36
111248	34.678247	112.68951	261.985874	610.835103	10975.476	-19.745
111308	34.674192	112.724581	262.000729	606.847338	10964.542	-21.809
111328	34.669864	112.760967	262.003095	605.167968	10958.96	-13.006
111348	34.665431	112.797796	261.999063	605.031951	10957.906	-4.376
111408	34.661039	112.834269	261.999879	605.037345	10958.046	-0.435
111428	34.656668	112.870416	262.000263	604.349691	10957.277	5.048
111448	34.652425	112.905891	261.999834	603.977419	10959.652	9.038
111508	34.648231	112.941529	261.999927	604.03913	10964.692	8.302
111528	34.643802	112.979077	262.000708	603.035879	10965.364	3.837
111548	34.639322	113.015925	261.998607	601.262048	10965.286	-2.772
111608	34.634951	113.051159	261.998702	600.028361	10965.412	-7.781
111628	34.630615	113.087392	262.009561	600.772021	10960.464	-5.597
111648	34.626284	113.123438	261.983346	602.720304	10958.33	4.085
111708	34.62195	113.158499	261.98231	604.722216	10963.93	14.309
111728	34.617597	113.194411	262.132688	606.350418	10970.387	13.145
111748	34.613102	113.231261	261.755475	607.167919	10973.621	5.073
111808	34.608486	113.268285	261.024641	607.068569	10973.208	-0.003
111828	34.603984	113.304749	261.458477	606.651679	10972.124	3.91
111848	34.599541	113.340804	262.170038	607.597667	10974.419	9.309
111908	34.59507	113.376943	262.078668	609.773756	10979.484	8.634
111928	34.590609	113.413526	261.382102	610.32501	10980.694	2.93
111948	34.586124	113.45022	260.929018	609.830527	10979.711	-0.32
112008	34.581584	113.48673	260.997712	609.884019	10979.842	0.249
112028	34.577028	113.523095	260.902823	611.12931	10980.996	-4.014
112048	34.572589	113.558621	261.176478	612.169847	10978.569	-7.134
112108	34.568166	113.593925	261.914502	612.072606	10973.312	-2.263
112128	34.563348	113.631663	261.887551	612.020561	10975.892	7.377
112148	34.558905	113.668652	262.196412	613.475215	10980.341	7.331
112208	34.555167	113.703887	263.245459	615.332822	10979.799	-1.895
112228	34.55112	113.741873	263.093085	615.03469	10979.955	-0.374
112248	34.546993	113.779528	262.373297	615.403827	10980.088	0.329
112308	34.542841	113.816758	261.91508	616.257185	10979.922	0.157
112328	34.538707	113.85369	261.97818	616.169939	10979.929	0.285
112348	34.534722	113.889169	262.060272	614.33553	10980.514	-3.769
112408	34.530636	113.925537	261.925217	612.534179	10979.019	-10.292
112428	34.526414	113.963209	261.925441	612.023458	10973.949	-14.793
112448	34.522422	113.998766	262.551886	611.931774	10967.651	-13.221
112508	34.518076	114.035547	260.976438	612.085052	10964.569	-5.998
112528	34.512257	114.073955	257.435026	611.834167	10965.099	0.775
112548	34.504506	114.11002	256.107059	610.449491	10965.041	0.694
112608	34.496275	114.147797	255.952009	609.581096	10965.095	-0.843
112628	34.488747	114.184254	256.00651	610.197657	10964.894	0.473
112648	34.482048	114.215706	256.00665	612.183446	10964.462	5.692
112708	34.474629	114.25039	255.994156	614.437703	10967.587	12.145
112728	34.466488	114.288723	256.001459	616.128518	10973.619	14.947
112748	34.45861	114.325802	256.009463	617.297179	10978.804	10.733
112808	34.451217	114.36073	255.971192	619.488465	10980.559	3.924
112828	34.443713	114.396086	256.015627	620.995048	10979.934	-0.145
112848	34.435534	114.434181	256.124628	619.150806	10979.793	0.248
112908	34.427688	114.470659	255.538353	616.449806	10980.456	-2.197
112928	34.42025	114.505414	255.00606	614.927197	10979.766	-8.698
112948	34.412638	114.541143	255.682583	614.905071	10975.409	-14.276
113008	34.405098	114.57647	256.221753	614.992824	10969.245	-13.704
113028	34.397404	114.612172	255.940324	615.030454	10964.74	-7.209
113048	34.389269	114.649529	255.213755	615.670107	10964.41	2.582
113108	34.381596	114.684919	254.902195	616.521724	10966.448	15.866
113128	34.374249	114.718976	255.009139	618.259453	10974.258	-5.642
113148	34.366437	114.755016	255.013987	620.830799	10978.081	-99.064
113208	34.35829	114.792447	254.992974	619.703313	10920.746	-209.515
113228	34.350208	114.82966	255.000658	618.095105	10817.881	-281.204
113248	34.342423	114.865721	255.001054	622.632955	10724.755	-293.739
113308	34.334498	114.902237	254.999743	630.392944	10628.34	-292.567
113328	34.326397	114.939346	254.999955	637.267638	10526.016	-297.155
113348	34.318337	114.976232	254.99887	640.588969	10429.595	-297.483
113408	34.30988	115.014464	255.003399	640.933485	10330.722	-296.855
113428	34.301505	115.052193	254.999032	642.178278	10229.008	-296.988
113448	34.293939	115.086799	254.98314	647.685611	10131.912	-294.232
113508	34.285694	115.124396	255.047837	651.500331	10036.308	-282.281
113528	34.276986	115.163545	254.986497	652.007408	9939.085	-283.062
113548	34.269093	115.198731	254.765094	652.50059	9843.966	-287.463
113608	34.260521	115.238142	255.70642	654.091261	9771.692	-120.056
113628	34.25204	115.278449	256.227612	659.373139	9750.494	-4.195
113648	34.243941	115.31685	255.952614	663.332528	9754.17	-8.513
113708	34.235565	115.355635	255.977956	661.563745	9752.494	0.28
113728	34.227473	115.393346	256.022336	660.275278	9763.193	-22.717
113748	34.219475	115.430895	255.989244	659.762661	9741.316	-136.395
113808	34.211268	115.469241	256.016946	657.520724	9655.187	-279.982
113828	34.203115	115.507229	256.044734	653.599698	9554.605	-294.981
113848	34.195024	115.545118	255.451053	649.794277	9460.253	-302.961
113908	34.186783	115.58397	254.863308	645.1775	9355.723	-311.609
113928	34.178359	115.622973	254.936695	639.710724	9242.823	-272.292
113948	34.170259	115.659197	255.995912	636.270723	9164.552	-162.887
114008	34.164035	115.695598	260.732024	636.763168	9139.372	-49.35
114028	34.159834	115.733589	265.355507	639.474925	9144.98	5.179
114048	34.156129	115.771736	263.710708	640.842055	9144.624	3.294
114108	34.152269	115.81166	262.43213	641.094312	9143.586	-2.188
114128	34.148478	115.850678	263.210651	640.983599	9144.072	0.38
114148	34.144984	115.886896	263.997113	640.987849	9144.054	0.278
114208	34.141124	115.925828	263.528476	641.007018	9143.968	-0.148
114228	34.137127	115.965778	263.032738	640.998987	9144.005	0.012
114248	34.133531	116.002511	263.844498	640.998683	9144.01	-0.025
114308	34.129957	116.039313	263.692735	641.002129	9143.974	0.152
114328	34.126235	116.077477	262.948831	640.99866	9144.019	-0.126
114348	34.122437	116.116131	263.023737	641.006181	9143.911	0.603
114408	34.11858	116.154989	263.020019	641.027654	9143.602	2.709
114428	34.114592	116.194842	262.989824	640.970989	9145.251	-11.546
114448	34.110717	116.23376	263.000441	642.122359	9143.673	-54.973
114508	34.107137	116.270081	263.000756	644.524045	9120.232	-135.581
114528	34.103066	116.309853	263.001142	641.111869	9035.661	-257.11
114548	34.099171	116.347174	262.994557	637.777215	8935.6	-300.466
114608	34.095265	116.383662	263.028609	634.159336	8841.835	-293.036
114628	34.090981	116.423213	262.983398	631.101518	8737.53	-305.682
114648	34.086968	116.461097	262.86614	635.651037	8634.922	-301.399
114708	34.083025	116.49763	263.492032	636.343055	8536.363	-291.374
114728	34.078993	116.534076	263.977256	633.993127	8441.69	-290.647
114748	34.074914	116.571587	263.184086	636.343971	8346.951	-304.544
114808	34.070934	116.610899	263.267835	636.01944	8239.594	-322.009
114828	34.067251	116.649859	264.038342	630.265733	8127.225	-321.344
114848	34.063938	116.686205	263.995691	622.653089	8026.13	-294.752
114908	34.06069	116.722681	264.029694	617.349493	7930.059	-285.974
114928	34.057339	116.759366	263.873821	615.281254	7833.376	-323.459
114948	34.053886	116.796061	264.352443	617.163989	7724.329	-411.093
115008	34.050409	116.832971	265.387821	621.86785	7588.12	-472.828
115028	34.046922	116.870194	263.81316	625.114307	7418.663	-347.772
115048	34.0428	116.907783	261.309862	632.179049	7318.451	-180.963
115108	34.037722	116.946017	260.997839	645.828636	7312.277	-216.968
115128	34.032582	116.985221	260.915307	652.287517	7208.465	-370.722
115148	34.027661	117.024104	261.226056	643.292066	7041.337	-512.316
115208	34.023041	117.061543	261.95215	625.408702	6862.673	-594.467
115228	34.018786	117.097572	262.087215	617.293245	6647.94	-672.052
115248	34.014622	117.1334	261.972256	615.23313	6411.435	-723.88
115308	34.010335	117.169831	261.996264	614.777931	6160.644	-739.84
115328	34.00594	117.206673	262.010796	618.220308	5887.976	-742.201
115348	34.001474	117.243809	262.000936	614.23479	5656.698	-653.191
115408	33.9971	117.280084	262.000177	593.124974	5521.735	-461.667
115428	33.993368	117.311125	261.997632	579.157226	5360.168	-593.404
115448	33.989179	117.346799	262.018305	576.974854	5132.359	-707.091
115508	33.984865	117.383754	261.972921	580.17206	4891.017	-704.851
115528	33.980891	117.418523	262.078082	583.693069	4655.98	-650.269
115548	33.976289	117.454908	261.812758	578.281978	4462.196	-434.006
115608	33.974291	117.48856	270.146805	552.979859	4379.734	-218.291
115628	33.977866	117.516491	283.877841	522.994498	4298.173	-308.506
115648	33.982377	117.541179	281.417365	507.446143	4192.098	-502.264
115708	33.988649	117.577354	281.386496	510.840547	3989.884	-643.708
115728	33.994299	117.610391	283.669556	528.429708	3739.552	-732.601
115748	33.9994	117.63965	283.593149	546.748203	3495.83	-715.278
115808	34.005084	117.674189	276.505429	550.332516	3302.031	-524.258
115828	34.005036	117.709096	267.158562	551.473144	3145.625	-414.771
115848	34.000804	117.741745	262.530496	550.874271	3006.645	-420.316
115908	33.997758	117.773938	263.583095	542.716725	2875.744	-417.376
115928	33.995056	117.804277	264.407509	538.77427	2734.972	-434.335
115948	33.991984	117.835929	263.803929	537.36306	2582.005	-437.623
120008	33.988608	117.87034	263.104663	530.854742	2432.756	-389.39
120028	33.985563	117.901539	262.921563	516.616643	2317.114	-324.169
120048	33.98265	117.930833	263.01617	500.180787	2225.834	-284.86
120108	33.979616	117.960828	263.007182	486.444109	2135.008	-295.71
120128	33.976937	117.988818	262.994368	472.233733	2033.254	-344.531
120148	33.97448	118.014804	263.001161	460.732769	1909.305	-414.452
120208	33.971884	118.040801	263.000516	453.297968	1756.973	-473.756
120228	33.969083	118.068817	262.999596	441.530615	1584.443	-470.393
120248	33.966342	118.096065	263.000083	426.11964	1427.987	-419.662
120308	33.963886	118.120075	263.000037	410.269114	1308.239	-367.273
120328	33.961575	118.143466	262.999971	392.569873	1192.569	-343.717
120348	33.959353	118.166087	263.000006	378.155148	1076.728	-344.128
120408	33.957164	118.187653	263.000003	369.423328	965.49	-345.419
120428	33.954865	118.210446	262.999998	357.697613	848.644	-328.515
120448	33.952691	118.232189	263.0	345.31169	734.884	-321.865
120508	33.950783	118.251077	263.0	339.731555	638.118	-310.356
120528	33.948768	118.270684	263.0	343.321705	555.698	-205.241
120548	33.94669	118.291221	263.0	335.176105	434.26	-407.074
120608	33.944699	118.311077	263.0	303.434185	316.887	-486.133
