061040	73.8256	40.6508	206.0	170.872544	-282.316442	0.0
061100	73.847584	40.650657	436.907	187.537004	-300.140214	2.733
061120	73.865666	40.640147	548.272	379.355543	124.357551	1.333
061140	73.88372	40.622072	622.353	142.421837	-435.276759	1.5
061200	73.90133	40.604643	786.745	359.073268	338.660136	4.169
061220	73.919971	40.582754	1117.418	397.578293	-285.281605	0.071
061240	73.937345	40.560662	1451.074	-484.377514	47.43351	4.149
061300	73.953423	40.540116	1793.887	-423.233993	219.075529	6.603
061320	73.96922	40.520524	2115.866	127.406142	-447.671444	4.947
061340	73.985335	40.501367	2354.492	457.615251	-110.230833	3.821
061400	74.001907	40.481855	2584.104	289.908546	-381.164019	3.629
061420	74.018321	40.461592	2867.421	-401.461512	259.972463	3.375
061440	74.034389	40.441104	3110.27	270.546618	-403.244587	3.423
061500	74.0522	40.4209	3239.0	467.71913	182.326125	2.21
061520	74.075608	40.403056	3247.756	-198.537964	493.979728	0.38
061540	74.107673	40.389199	3307.435	-153.14853	555.853297	2.035
061600	74.140858	40.372963	3447.624	553.236832	-232.181548	2.673
061620	74.173728	40.356935	3656.544	167.777406	-585.081025	3.334
061640	74.208209	40.340452	3909.694	541.564014	-280.881063	3.72
061700	74.243949	40.323269	4164.474	516.499959	-327.016021	3.458
061720	74.27683	40.307586	4371.812	-467.107636	-405.279842	3.172
061740	74.309856	40.291834	4566.566	-113.693888	-612.97288	3.162
061800	74.347475	40.275221	4796.806	229.033464	574.139441	3.322
061820	74.385695	40.267989	4995.492	-388.607785	-485.691889	2.648
061840	74.425187	40.263712	5168.631	572.035055	262.366146	2.472
061900	74.464677	40.259648	5329.133	-23.333269	-637.857755	2.501
061920	74.505528	40.255235	5486.045	-207.809407	-614.29548	2.477
061940	74.550846	40.250365	5649.793	-201.424632	-625.770021	2.585
062000	74.593816	40.245632	5825.615	-212.230628	-625.364826	2.521
062020	74.63264	40.241311	5997.224	-209.914296	-626.590991	2.215
062040	74.673554	40.237075	6134.885	-211.062953	-634.654479	1.986
062100	74.718054	40.232562	6251.965	-216.178966	-646.817083	1.93
062120	74.765719	40.227492	6373.734	-220.509827	-658.205903	2.056
062140	74.812041	40.222441	6515.302	-222.365635	-664.458393	2.235
062200	74.855003	40.217838	6674.122	-222.667112	-665.307771	2.3
062220	74.90223	40.212801	6823.976	-223.622231	-668.146246	2.198
062240	74.949657	40.207748	6960.861	-224.916467	-671.905737	2.072
062300	74.992149	40.203218	7092.986	-225.508406	-673.488655	2.007
062320	75.038292	40.198195	7220.703	-226.421715	-677.223606	1.78
062340	75.087018	40.192756	7331.289	-229.753289	-681.998471	1.63
062400	75.134459	40.187407	7432.85	-232.091081	-686.783179	1.688
062420	75.179725	40.182391	7551.357	-227.01198	-692.902025	1.803
062440	75.225265	40.177555	7679.028	-233.574765	-693.867245	1.814
062500	75.274105	40.172469	7789.916	-244.710307	-692.527237	1.669
062520	75.322225	40.16696	7895.807	-156.070141	-720.707135	1.631
062540	75.369745	40.161322	8003.567	-355.427558	-650.447826	1.669
062600	75.417799	40.155778	8113.518	-713.193285	-214.34078	1.677
062620	75.464802	40.150123	8225.24	-704.721167	-240.905274	1.714
062640	75.511595	40.144996	8341.031	642.221804	-371.39231	1.733
062700	75.562237	40.142619	8458.748	-509.245711	-542.055205	1.497
062720	75.609338	40.142499	8544.67	701.400282	261.032901	1.193
062740	75.656305	40.143244	8607.466	497.302355	567.106488	0.972
062800	75.708459	40.143831	8669.803	507.506595	567.034725	0.848
062820	75.758724	40.144442	8722.033	528.591632	556.713433	0.716
062840	75.807977	40.145143	8762.392	526.467087	569.944654	0.605
062900	75.859896	40.145873	8797.834	532.487516	575.621306	0.541
062920	75.91181	40.146637	8835.641	532.686071	573.394734	0.354
062940	75.96242	40.147322	8854.499	527.501819	568.94666	0.11
063000	76.01225	40.147883	8842.346	525.929294	567.208924	0.099
063020	76.062822	40.14857	8845.713	527.807914	569.028384	0.683
063040	76.114502	40.149299	8916.925	527.985685	569.316906	1.389
063100	76.165917	40.149845	9056.202	523.720387	564.74549	1.525
063120	76.214015	40.150262	9145.797	523.928087	564.790736	1.321
063140	76.262255	40.150664	9200.505	526.417605	567.713443	1.155
063200	76.314797	40.151129	9292.819	525.153435	566.745873	1.216
063220	76.366234	40.151618	9383.066	526.11382	565.194459	1.23
063240	76.415236	40.152085	9454.644	528.318527	566.489841	1.144
063300	76.464239	40.152498	9519.039	525.187285	572.667824	1.096
063320	76.514293	40.152863	9587.452	522.069089	576.39956	1.141
063340	76.564969	40.153233	9669.998	535.77456	561.72283	1.243
063400	76.614939	40.153612	9761.958	546.807323	547.974073	1.292
063420	76.661967	40.153938	9837.657	496.303573	595.032929	1.09
063440	76.712642	40.154295	9898.082	666.747781	398.092755	0.896
063500	76.7691	40.1547	9959.0	764.864776	-136.7877	0.97
063520	76.821667	40.15499	10022.135	753.781484	-194.876835	1.096
063540	76.871818	40.155201	10098.512	770.260414	-113.954159	1.231
063600	76.9215	40.1554	10188.0	763.880394	-136.611654	1.275
063620	76.970509	40.155608	10274.834	759.518875	-140.171593	1.071
063640	77.019957	40.155776	10336.122	758.604177	-133.832778	0.676
063700	77.0703	40.1559	10363.0	756.98972	-135.379333	0.269
063720	77.120842	40.15603	10365.028	753.305543	-135.821343	0.046
063740	77.170408	40.156171	10362.198	751.967989	-132.353792	-0.014
063800	77.2198	40.1563	10363.0	752.06781	-134.499103	0.0
063820	77.270755	40.15638	10363.146	749.688025	-145.157571	0.003
063840	77.320595	40.156407	10362.943	754.687915	-107.055378	-0.001
063900	77.3695	40.1564	10363.0	749.114664	-133.970965	0.0
063920	77.419792	40.156397	10363.01	707.846516	-279.11774	0.0
063940	77.46688	40.156405	10362.998	713.587331	264.488247	-0.0
064000	77.51437	40.156379	10363.001	563.215803	511.759033	0.0
064020	77.566484	40.156304	10363.0	753.115752	-109.264456	0.0
064040	77.617846	40.156235	10363.0	728.461598	-220.058209	-0.0
064100	77.667689	40.15617	10363.0	754.043413	-103.124298	-0.0
064120	77.716754	40.156103	10363.0	749.448311	-132.203464	-0.0
064140	77.765778	40.15604	10362.999	747.320524	-140.178498	0.0
064200	77.815487	40.15596	10363.003	748.425568	-131.408161	-0.0
064220	77.865518	40.155811	10363.001	748.149263	-133.61679	-0.0
064240	77.914717	40.155546	10362.983	748.024511	-135.263716	0.0
064300	77.963918	40.155305	10363.042	748.229369	-131.215179	-0.001
064320	78.013352	40.155119	10363.087	747.528697	-128.573132	-0.002
064340	78.061926	40.154844	10362.826	744.07366	-143.051081	0.004
064400	78.1099	40.1545	10363.0	746.161519	-133.442827	-0.0
064420	78.158683	40.154229	10363.914	754.929021	-82.581173	-0.031
064440	78.208552	40.153956	10360.433	704.808768	-284.756011	-0.037
064500	78.258173	40.153618	10356.007	323.216395	-687.842006	-0.002
064520	78.306242	40.153255	10360.078	-122.037746	-750.642989	0.035
064540	78.357452	40.153055	10363.897	760.046478	46.003496	0.032
064600	78.410301	40.154081	10363.048	-658.375353	-385.422596	0.001
064620	78.457577	40.157651	10362.902	584.559404	-493.964609	-0.003
064640	78.506593	40.162008	10363.004	723.708703	-252.638192	0.003
064700	78.557447	40.166098	10363.028	682.372397	-347.749764	-0.001
064720	78.605248	40.170021	10363.262	679.0081	-351.112872	-0.005
064740	78.653633	40.174019	10362.14	687.245329	-333.316555	0.018
064800	78.703605	40.178108	10363.474	684.275759	-339.83763	0.041
064820	78.753677	40.182173	10369.926	684.138907	-340.132146	0.017
064840	78.804554	40.186249	10368.818	684.731539	-338.855376	-0.025
064900	78.855173	40.190301	10362.61	684.512021	-339.320583	-0.04
064920	78.903937	40.194249	10362.344	684.490863	-339.336146	-0.01
064940	78.952613	40.198106	10363.526	684.587787	-339.27125	0.001
065000	79.002445	40.201996	10362.845	684.507691	-339.272977	0.002
065020	79.053186	40.206009	10361.94	683.994956	-339.02123	0.033
065040	79.102916	40.209926	10366.782	682.941093	-338.488311	0.035
065100	79.151064	40.213668	10370.913	681.738625	-337.89821	-0.005
065120	79.198669	40.217326	10365.242	681.027263	-337.553001	-0.04
065140	79.247581	40.221045	10362.181	681.014838	-337.514234	-0.023
065200	79.297433	40.224821	10363.283	680.692513	-337.433995	0.005
065220	79.347634	40.228622	10363.086	679.374763	-336.786316	0.0
065240	79.399102	40.232492	10362.684	678.045791	-335.606763	0.005
065300	79.447603	40.236117	10363.444	677.079865	-336.370787	-0.011
065320	79.493934	40.239583	10362.813	677.448441	-335.430234	-0.041
065340	79.544877	40.243417	10357.193	677.857663	-329.767327	-0.02
065400	79.592791	40.246999	10357.638	667.23893	-348.454244	0.023
065420	79.638727	40.250377	10363.178	676.65363	-330.359105	0.04
065440	79.690124	40.254113	10363.582	705.045325	-262.3774	0.013
065500	79.740535	40.257766	10362.733	521.667573	-541.609452	-0.005
065520	79.787637	40.261168	10363.016	68.120377	-748.882265	0.0
065540	79.834771	40.264555	10363.09	34.321327	-749.98701	-0.0
065600	79.882974	40.268017	10362.844	104.159318	-741.797911	0.002
065620	79.932732	40.271581	10363.04	81.525468	-743.51851	-0.001
065640	79.983725	40.275201	10363.678	79.122871	-743.769344	-0.027
065700	80.033113	40.2787	10360.738	84.117964	-743.126842	-0.051
065720	80.081119	40.282068	10355.819	82.520737	-743.480149	-0.039
065740	80.129833	40.285414	10354.82	82.509458	-744.953935	0.018
065800	80.177078	40.288691	10358.606	82.930843	-745.465049	0.052
065820	80.224126	40.291967	10363.131	82.811037	-745.447293	0.039
065840	80.274158	40.295364	10363.443	82.950658	-746.817343	0.009
065900	80.323866	40.298755	10362.751	83.072297	-747.676361	-0.003
065920	80.372108	40.302064	10363.027	83.030649	-747.377493	-0.0
065940	80.420702	40.305323	10363.332	83.003493	-747.139904	-0.004
070000	80.470649	40.308623	10362.131	83.11203	-748.105161	0.014
070020	80.520096	40.311856	10363.243	83.135524	-748.317123	0.047
070040	80.567054	40.314892	10370.398	82.836948	-745.624847	0.049
070100	80.615691	40.318066	10372.811	82.762512	-745.030679	-0.007
070120	80.664315	40.321265	10368.836	82.84203	-745.532482	-0.052
070140	80.712288	40.324386	10363.338	82.824909	-745.427819	-0.043
070200	80.762422	40.327539	10362.386	82.6992	-745.399822	-0.014
070220	80.811283	40.330606	10363.192	83.034248	-745.395867	0.003
070240	80.858359	40.333595	10363.024	82.957036	-745.39759	0.0
070300	80.908338	40.336717	10362.956	81.271204	-745.597421	-0.001
070320	80.958199	40.339826	10363.014	85.881797	-745.035857	0.0
070340	81.005856	40.342806	10363.002	84.818424	-745.168004	0.0
070400	81.053569	40.345743	10362.997	61.307984	-747.708928	-0.0
070420	81.101417	40.348671	10363.001	125.376724	-738.966755	0.0
070440	81.149687	40.351606	10363.0	110.435594	-739.893463	0.0
070500	81.199425	40.354551	10363.0	-363.086606	-653.820913	-0.0
070520	81.24844	40.35745	10363.0	-624.947697	-410.933859	0.0
070540	81.296584	40.360312	10363.0	-586.111857	-463.343085	0.0
070600	81.346861	40.36323	10363.0	-568.177059	-482.762012	-0.0
070620	81.397236	40.366177	10363.0	-581.973001	-465.134427	0.0
070640	81.445738	40.369028	10363.0	-579.113049	-468.825751	0.0
070700	81.492983	40.37165	10363.0	-576.392574	-469.050515	-0.0
070720	81.540596	40.374265	10363.0	-576.377536	-466.976531	0.0
070740	81.588978	40.37702	10363.0	-576.347017	-467.381476	0.0
070800	81.637072	40.379823	10363.0	-575.306518	-466.711531	-0.0
070820	81.68642	40.38261	10363.0	-574.621314	-466.008217	0.0
070840	81.736836	40.385333	10363.0	-574.742168	-466.137004	0.0
070900	81.785357	40.387953	10363.0	-574.301479	-465.792043	-0.0
070920	81.832516	40.390533	10363.0	-573.844382	-465.41075	0.0
070940	81.88022	40.393137	10363.0	-573.930195	-465.482553	0.0
071000	81.929639	40.395764	10363.0	-574.14432	-465.657055	-0.0
071020	81.977262	40.39829	10363.0	-573.588282	-465.20548	0.0
071040	82.023313	40.400748	10363.0	-572.475721	-464.303266	0.0
071100	82.073107	40.403342	10363.0	-572.271989	-464.1373	-0.0
071120	82.12246	40.405905	10363.0	-572.445658	-464.280271	0.0
071140	82.169112	40.408354	10363.0	-572.409379	-464.250358	0.0
071200	82.21669	40.410837	10363.001	-572.387087	-464.221223	-0.0
071220	82.263828	40.413241	10362.998	-572.420617	-464.278673	0.0
071240	82.310342	40.415562	10362.998	-572.413154	-464.265639	0.0
071300	82.359078	40.418008	10363.017	-572.304304	-464.023362	-0.0
071320	82.408179	40.420479	10362.967	-572.629443	-464.708642	0.001
071340	82.456129	40.422866	10362.978	-573.794557	-465.556666	0.0
071400	82.503995	40.425194	10363.231	-575.046052	-464.420003	-0.004
071420	82.552738	40.427553	10362.548	-572.032646	-467.802338	0.01
071440	82.6013	40.4299	10363.0	-573.956909	-465.50453	0.041
071500	82.647727	40.432094	10368.536	-586.891671	-449.004398	0.048
071520	82.696115	40.434354	10371.848	-539.060391	-505.723444	0.027
071540	82.7462	40.4367	10371.0	-573.956909	-465.50453	-0.0
071600	82.793617	40.438923	10370.905	-737.503726	9.092864	-0.004
071620	82.84106	40.441071	10370.907	-671.342686	303.895753	0.004
071640	82.8894	40.4432	10371.0	-699.919422	230.828514	0.0
071700	82.936834	40.445322	10371.841	-703.009332	216.876003	-0.027
071720	82.985326	40.447497	10368.555	-695.866351	235.406984	-0.048
071740	83.035	40.4497	10363.0	-697.07036	229.888914	-0.041
071800	83.083741	40.451844	10362.422	-696.05899	228.484928	-0.012
071820	83.131772	40.453952	10363.23	-694.809297	229.566273	0.004
071840	83.1794	40.456	10363.0	-695.170986	229.262513	0.0
071900	83.226373	40.457934	10362.953	-695.476406	229.286416	-0.001
071920	83.272386	40.459891	10363.031	-694.416049	229.04389	0.0
071940	83.3186	40.4619	10363.0	-692.321925	228.322913	0.0
072000	83.366534	40.463854	10362.918	-690.784994	227.81057	0.001
072020	83.413452	40.465727	10363.2	-690.344931	227.673069	-0.003
072040	83.46	40.4676	10363.0	-690.42255	227.696513	-0.0
072100	83.509326	40.469557	10361.905	-689.915448	227.528943	0.031
072120	83.55703	40.471383	10366.063	-688.965212	227.21589	0.036
072140	83.6027	40.4731	10371.0	-687.573489	226.756912	-0.0
072200	83.650559	40.474954	10365.828	-685.598691	226.106474	-0.032
072220	83.699657	40.476828	10362.422	-684.09652	225.608063	-0.043
072240	83.7475	40.4786	10363.0	-682.825053	225.190911	-0.041
072300	83.79249	40.480268	10358.354	-680.728608	224.511471	-0.045
072320	83.837293	40.481952	10355.14	-679.782805	224.157429	-0.028
072340	83.8842	40.4837	10356.0	-679.975992	224.251311	0.0
072400	83.933124	40.485449	10356.354	-679.332574	224.205291	0.002
072420	83.980396	40.487126	10355.381	-679.009946	223.479017	0.003
072440	84.025366	40.488727	10354.866	-679.580999	223.201921	0.019
072500	84.071239	40.490319	10358.015	-680.281536	225.887103	0.038
072520	84.118814	40.49192	10362.854	-682.594122	225.565068	0.041
072540	84.166471	40.493509	10363.466	-686.960462	217.537008	0.015
072600	84.214788	40.495148	10362.954	-678.454621	244.007614	-0.007
072620	84.26358	40.496818	10363.032	-682.819922	231.407738	-0.001
072640	84.311255	40.498397	10362.167	-713.836264	110.337237	0.027
072700	84.357362	40.499826	10365.162	-545.031859	475.279548	0.047
072720	84.402988	40.501405	10370.827	-168.241595	703.145273	0.042
072740	84.449893	40.503626	10371.503	-720.76911	64.036299	0.016
072800	84.496775	40.506118	10371.072	-436.377762	-577.871213	-0.011
072820	84.543346	40.508577	10371.078	-555.096637	-464.819578	-0.03
072840	84.591037	40.511049	10367.771	-608.144774	-392.68117	-0.039
072900	84.639095	40.513499	10363.643	-571.568076	-444.332957	-0.034
072920	84.686372	40.515867	10362.517	-555.178117	-464.884243	-0.014
072940	84.734096	40.518174	10363.1	-563.604442	-454.23545	0.002
073000	84.782587	40.520443	10363.044	-562.109851	-454.919251	0.001
073020	84.828648	40.522645	10362.966	-561.816911	-454.91571	-0.001
073040	84.874012	40.524864	10363.007	-560.527531	-456.689882	0.0
073100	84.921061	40.527141	10363.002	-559.046077	-458.481563	0.0
073120	84.968356	40.529336	10363.003	-573.55727	-440.195059	-0.0
073140	85.016688	40.53158	10362.993	-545.55931	-474.414828	0.0
073200	85.065839	40.533934	10362.984	-524.652679	-497.402558	0.0
073220	85.111694	40.53609	10363.08	-711.330497	-130.496286	-0.001
073240	85.156513	40.538105	10362.898	-666.840905	278.687233	0.002
073300	85.20362	40.540172	10362.77	-676.821119	249.264985	0.003
073320	85.251647	40.542305	10364.115	-690.351489	207.3316	-0.022
073340	85.299866	40.54442	10361.545	-683.517983	229.51674	-0.041
073400	85.348028	40.546478	10355.747	-684.223381	227.260636	-0.014
073420	85.395574	40.548587	10361.875	-684.866198	225.602838	0.042
073440	85.441846	40.550615	10364.406	-683.586871	225.780703	0.027
073500	85.487683	40.552598	10362.611	-682.629309	225.027712	-0.006
073520	85.534148	40.554602	10362.919	-682.756372	225.142601	-0.001
073540	85.581414	40.55656	10363.105	-683.129695	225.36423	0.002
073600	85.628029	40.558459	10362.964	-682.318702	224.932102	-0.0
073620	85.67391	40.560321	10362.986	-680.258368	224.25282	0.0
073640	85.721331	40.562184	10363.071	-678.984249	224.601901	-0.001
073700	85.769117	40.564056	10362.887	-679.330972	222.857497	0.002
073720	85.816291	40.565923	10362.882	-679.365739	222.795279	0.002
073740	85.86379	40.567749	10363.883	-676.395142	232.485802	-0.025
073800	85.909534	40.569505	10361.369	-683.346801	208.929103	-0.041
073820	85.953907	40.571234	10356.258	-682.238809	207.568936	-0.008
073840	86.001378	40.573043	10358.565	-628.241822	337.271204	0.054
073900	86.047832	40.574792	10365.429	-712.614616	1.92603	0.082
073920	86.093434	40.576489	10371.236	-556.288949	-442.672477	0.037
073940	86.144017	40.578328	10373.112	-696.74028	136.995305	-0.035
074000	86.18724	40.579935	10365.848	-692.086755	-158.597611	-0.025
074020	86.231232	40.581479	10364.751	-593.843989	-388.629075	0.014
074040	86.281297	40.583186	10371.064	-664.796628	243.111187	-0.002
074100	86.326115	40.584864	10365.987	-641.82169	290.085354	-0.037
074120	86.371521	40.586487	10361.644	-677.310663	185.03473	-0.027
074140	86.419709	40.588079	10363.102	-665.835752	222.464419	0.0
074200	86.466338	40.589638	10363.919	-658.729495	243.341986	-0.025
074220	86.507779	40.591065	10360.516	-681.769193	164.152929	-0.05
074240	86.550164	40.592475	10355.862	-659.659583	234.126126	-0.039
074300	86.601892	40.594068	10355.507	-348.462317	607.258423	-0.009
074320	86.650995	40.595667	10356.345	-100.870164	691.896406	0.001
074340	86.695032	40.597174	10355.948	-177.798915	674.977473	0.001
074400	86.741206	40.598637	10355.236	-186.256001	674.06687	0.028
074420	86.787736	40.60012	10358.437	-169.527624	679.43556	0.048
074440	86.832819	40.601569	10363.134	-174.95517	677.772777	0.04
074500	86.877085	40.602901	10363.376	-175.545499	677.642432	0.012
074520	86.923263	40.60426	10363.014	-174.28923	677.812236	-0.008
074540	86.970188	40.60567	10362.949	-174.727857	677.887515	0.001
074600	87.014534	40.607021	10361.979	-175.12016	679.24936	0.033
074620	87.058596	40.608287	10366.369	-175.233424	679.994913	0.035
074640	87.104893	40.609567	10370.982	-175.193858	679.778243	-0.002
074700	87.15371	40.610973	10365.676	-175.150584	679.79379	-0.037
074720	87.200966	40.612324	10361.905	-175.320692	679.682278	-0.03
074740	87.246498	40.613561	10363.055	-175.163382	679.819664	0.001
074800	87.293092	40.614767	10363.182	-174.687396	680.704578	0.003
074820	87.339114	40.615941	10362.905	-177.653407	680.184823	-0.003
074840	87.384033	40.617097	10362.976	-179.716888	679.411385	-0.002
074900	87.429163	40.618277	10362.958	-169.560336	682.707361	0.002
074920	87.475645	40.619481	10362.965	-172.220308	683.529528	0.001
074940	87.523341	40.620648	10363.392	-214.825939	671.81837	-0.009
075000	87.567106	40.62171	10362.267	-102.710945	697.12491	0.019
075020	87.610624	40.622791	10364.695	-334.984403	621.151055	0.06
075040	87.659974	40.62399	10372.108	-676.36189	209.621138	0.037
075100	87.70641	40.625053	10371.526	-307.451083	635.224985	0.003
075120	87.751672	40.626025	10370.415	-74.712258	699.727582	0.004
075140	87.799651	40.627084	10371.329	-190.45479	676.428456	-0.009
075200	87.848238	40.62821	10370.205	-171.86073	680.58802	-0.05
075220	87.890637	40.629138	10364.201	-177.348154	679.330381	-0.045
075240	87.935088	40.630028	10362.825	-155.15225	683.790647	-0.037
075300	87.98357	40.631005	10362.416	-196.858755	671.547843	-0.042
075320	88.032162	40.632025	10357.2	-246.514001	654.876947	-0.043
075340	88.075953	40.632857	10355.41	205.423111	670.206695	-0.026
075400	88.119294	40.633686	10355.928	462.317834	528.426677	0.007
075420	88.167436	40.634708	10355.416	-15.527686	701.898883	0.036
075440	88.21551	40.635593	10359.429	-324.255814	622.600331	0.043
075500	88.260816	40.636354	10363.201	-89.229666	696.284077	0.041
075520	88.304339	40.637157	10362.422	394.693827	580.422275	0.043
075540	88.350116	40.637961	10367.255	524.143259	467.75019	0.027
075600	88.397862	40.638761	10370.744	469.689809	523.087753	-0.008
075620	88.445456	40.639564	10364.677	472.654348	520.219991	-0.039
075640	88.492782	40.640333	10361.932	482.124514	512.832785	-0.025
075700	88.538213	40.641034	10363.182	478.908173	517.581017	0.003
075720	88.581492	40.641691	10363.116	479.118981	517.371704	0.002
075740	88.627252	40.642423	10362.923	479.451982	516.464177	-0.001
075800	88.675037	40.643127	10363.013	479.537108	517.146496	0.0
075820	88.721984	40.643712	10363.009	480.963968	518.65384	0.0
075840	88.767684	40.644398	10362.99	482.29397	519.996395	-0.0
075900	88.814079	40.645143	10363.006	482.852873	520.641997	-0.0
075920	88.862378	40.645809	10363.016	482.835883	520.621746	-0.0
075940	88.909738	40.646438	10362.925	482.767974	520.539117	0.001
080000	88.955543	40.647018	10362.917	482.791641	520.567409	0.001
080020	89.000796	40.647506	10363.242	482.803428	520.585682	-0.003
080040	89.045978	40.647975	10362.813	482.802789	520.579471	0.003
080100	89.091537	40.648529	10361.938	482.81482	520.582803	0.028
080120	89.138625	40.649138	10366.228	482.694899	520.496491	0.034
080140	89.185803	40.649728	10371.032	481.311558	518.965014	-0.003
080200	89.230775	40.650219	10366.588	477.709589	514.940148	-0.053
080220	89.276256	40.65059	10359.301	474.345865	511.884791	0.028
080240	89.322485	40.650918	10363.792	472.542699	509.40015	0.285
080300	89.367927	40.65131	10394.506	471.45837	506.296271	0.596
080320	89.415322	40.651732	10449.164	470.066228	511.147171	0.65
080340	89.461332	40.65215	10490.296	487.961141	502.948379	0.598
080400	89.505527	40.652536	10520.032	472.810883	523.372371	0.672
080420	89.552253	40.65287	10574.593	423.687695	566.331158	0.794
080440	89.598941	40.653202	10632.876	647.420778	290.511319	0.782
080500	89.645164	40.653531	10680.202	698.607389	-144.638345	0.69
080520	89.692507	40.653811	10719.763	709.363498	-108.49854	0.673
080540	89.740564	40.654011	10766.253	660.322015	-288.446683	0.614
080600	89.78771	40.654228	10808.027	722.91732	-25.286038	0.597
080620	89.83334	40.654553	10836.262	-112.873496	717.965021	0.744
080640	89.880999	40.654831	10899.364	440.00764	577.879808	0.762
080700	89.930099	40.6551	10956.809	656.883602	-310.933475	0.542
080720	89.979242	40.655364	10972.434	708.33933	-181.113826	0.206
080740	90.028606	40.655472	10973.48	730.20331	-78.061258	0.029
080800	90.077416	40.655519	10972.884	721.12348	-141.654314	-0.003
080820	90.125389	40.655592	10972.964	721.916622	-133.027359	-0.001
080840	90.173591	40.655599	10973.035	723.584668	-125.630551	0.001
080900	90.220865	40.655614	10972.991	723.478453	-130.297561	-0.0
080920	90.266895	40.655689	10972.997	723.50807	-129.673348	-0.0
080940	90.314226	40.655711	10973.007	723.531033	-129.124439	-0.0
081000	90.36285	40.655697	10972.993	723.520946	-129.459172	0.0
081020	90.411999	40.655698	10972.989	723.524877	-129.414652	0.0
081040	90.461562	40.655709	10973.061	723.491866	-129.369688	-0.001
081100	90.50979	40.655686	10972.908	723.56546	-129.405633	0.002
081120	90.555868	40.655614	10972.856	723.591355	-129.406542	0.003
081140	90.601938	40.655551	10973.847	723.106238	-129.325933	-0.021
081200	90.650806	40.655471	10971.657	724.178189	-129.500062	-0.045
081220	90.701628	40.655334	10965.781	727.068489	-130.009995	-0.044
081240	90.748439	40.655146	10964.45	727.909443	-130.286331	-0.022
081300	90.794827	40.654938	10964.855	729.168282	-130.240769	0.009
081320	90.844619	40.654738	10964.537	732.733954	-130.783794	0.037
081340	90.894704	40.654548	10969.212	735.018901	-132.966562	0.049
081400	90.944224	40.654327	10973.779	737.094575	-129.527076	0.032
081420	90.993479	40.654056	10973.333	738.61625	-128.478594	0.002
081440	91.04243	40.65378	10972.115	735.530733	-152.781779	0.016
081500	91.090678	40.653527	10974.126	745.296539	-101.183155	0.048
081520	91.139172	40.653264	10979.175	747.420489	-83.199802	0.047
081540	91.190543	40.652896	10981.385	567.145008	-493.798606	-0.003
081600	91.241324	40.652475	10978.687	227.41749	-716.748065	-0.049
081620	91.289264	40.652077	10973.667	269.837659	-701.842224	-0.045
081640	91.338295	40.65169	10972.374	306.603216	-687.305944	-0.017
081700	91.38768	40.651265	10973.151	284.61824	-697.141481	0.003
081720	91.436284	40.650793	10973.047	287.567176	-695.812871	0.001
081740	91.486111	40.65034	10972.955	290.702214	-695.929167	-0.001
081800	91.537578	40.649836	10973.011	290.114757	-699.073642	0.0
081820	91.588995	40.649246	10973.004	291.336708	-701.460523	0.0
081840	91.637179	40.648689	10972.997	291.970909	-702.359122	-0.0
081900	91.684382	40.64817	10973.001	292.089491	-702.978856	0.0
081920	91.734067	40.647652	10973.0	292.630964	-704.25475	0.0
081940	91.786191	40.647147	10973.0	292.997639	-705.08562	-0.0
082000	91.838071	40.646574	10973.0	293.225922	-705.659027	0.0
082020	91.887856	40.645897	10973.0	293.71518	-706.83523	0.0
082040	91.938193	40.645276	10973.0	294.54035	-708.816863	0.0
082100	91.988849	40.644673	10973.0	295.147935	-710.281509	-0.0
082120	92.038492	40.644001	10973.0	295.122852	-710.221905	-0.0
082140	92.088019	40.643345	10972.999	295.070956	-710.090418	0.0
082200	92.139142	40.642651	10973.001	295.077474	-710.116628	-0.0
082220	92.191688	40.641848	10973.003	295.047719	-710.056846	-0.0
082240	92.241217	40.641023	10972.986	295.255878	-710.468049	0.0
082300	92.289207	40.640166	10973.011	294.955718	-709.872536	-0.0
082320	92.339374	40.639234	10973.051	293.950045	-707.657004	-0.001
082340	92.39117	40.638282	10972.816	294.671598	-708.199379	0.003
082400	92.442039	40.637367	10973.147	294.863644	-710.344275	-0.003
082420	92.490404	40.636505	10973.71	293.713925	-710.439546	-0.031
082440	92.539324	40.635612	10969.782	300.425626	-709.896561	-0.051
082500	92.590402	40.634652	10964.455	293.43889	-716.651005	-0.035
082520	92.642547	40.633648	10964.013	279.602508	-723.596877	0.021
082540	92.692141	40.632664	10968.009	361.752505	-687.203263	0.065
082600	92.742113	40.631637	10973.87	244.754774	-737.390533	0.076
082620	92.796237	40.630499	10978.797	-306.935527	-713.349319	0.056
082640	92.848834	40.629385	10981.21	-512.589927	-586.653138	0.004
082700	92.898755	40.628287	10979.617	-439.131853	-647.251416	-0.044
082720	92.94841	40.627143	10974.55	-435.638123	-649.527654	-0.049
082740	92.99861	40.626069	10972.288	-450.811608	-639.691516	-0.023
082800	93.049645	40.624984	10973.067	-446.263046	-644.732285	0.001
082820	93.101551	40.623725	10973.103	-446.134875	-645.074552	0.002
082840	93.153998	40.622422	10972.946	-446.573843	-643.425068	-0.001
082900	93.205677	40.62118	10973.006	-445.43848	-642.620728	0.0
082920	93.255795	40.619995	10973.02	-445.299063	-642.457344	-0.0
082940	93.306948	40.618711	10972.957	-446.022527	-643.337242	0.001
083000	93.358961	40.617369	10973.022	-446.699282	-644.373539	-0.0
083020	93.410001	40.616089	10973.187	-446.697423	-644.374503	-0.004
083040	93.461082	40.614745	10972.487	-446.726463	-644.403817	0.012
083100	93.51302	40.61333	10973.144	-446.640803	-644.284111	0.042
083120	93.565472	40.611936	10977.906	-445.836693	-643.123633	0.052
083140	93.616479	40.610501	10981.35	-445.400853	-642.497997	0.012
083200	93.666747	40.609027	10979.794	-445.53151	-642.682992	-0.042
083220	93.718234	40.60757	10974.55	-445.544424	-642.68802	-0.046
083240	93.76832	40.606056	10972.91	-445.519607	-642.708159	-0.037
083300	93.8179	40.6045	10973.0	-445.525389	-642.674979	-0.041
083320	93.87028	40.602975	10967.562	-445.509147	-642.444499	-0.045
083340	93.922654	40.601402	10964.113	-445.611671	-643.322059	-0.028
083400	93.9738	40.5998	10965.0	-446.66484	-644.318649	-0.0
083420	94.025278	40.59827	10965.103	-448.362253	-643.880862	0.004
083440	94.077186	40.596704	10965.09	-444.173385	-648.176397	-0.004
083500	94.129042	40.595064	10965.077	-447.436549	-649.392279	-0.002
083520	94.180456	40.593418	10964.135	-470.889218	-637.924613	0.025
083540	94.232446	40.591695	10966.885	-413.860614	-679.701839	0.045
083600	94.285063	40.589875	10972.529	-417.061691	-678.922147	0.042
083620	94.336873	40.58806	10973.008	-743.312532	-292.574785	0.037
083640	94.388795	40.586281	10974.096	-795.17509	89.695128	0.045
083700	94.441712	40.584481	10979.338	-799.45535	29.608194	0.045
083720	94.494895	40.582553	10981.488	-792.018361	114.966444	-0.006
083740	94.546846	40.580654	10978.322	-782.846604	-161.232091	-0.048
083800	94.59726	40.578869	10973.371	-469.691809	-642.20714	-0.042
083820	94.647912	40.577036	10973.225	-691.912342	-384.65359	-0.037
083840	94.700232	40.575115	10971.849	-781.880648	111.616622	-0.043
083900	94.753615	40.573111	10965.907	-788.229126	53.912839	-0.044
083920	94.804996	40.571034	10963.925	-788.676204	2.917277	-0.013
083940	94.85595	40.569006	10965.594	-785.655797	33.816725	-0.005
084000	94.907776	40.567084	10965.687	-784.549205	29.621897	-0.038
084020	94.958166	40.565132	10960.208	-784.517005	25.97858	-0.024
084040	95.009025	40.563065	10958.911	-784.435639	28.19142	0.006
084100	95.061577	40.560921	10964.65	-784.379991	27.891336	0.003
084120	95.112943	40.558857	10961.568	-785.584463	27.681739	-0.01
084140	95.164076	40.55675	10958.009	-786.680357	27.85966	0.014
084200	95.21632	40.554535	10963.508	-786.559649	27.826955	0.071
084220	95.268405	40.552425	10970.208	-786.466035	27.936853	0.065
084240	95.318729	40.550387	10973.505	-786.50461	27.665284	0.024
084300	95.367756	40.54827	10973.245	-786.478718	27.46389	0.003
084320	95.419076	40.545969	10972.79	-786.640529	29.308878	-0.0
084340	95.471928	40.543649	10973.086	-786.359406	26.313719	-0.001
084400	95.523945	40.541462	10973.212	-785.008365	22.895303	-0.004
084420	95.575337	40.539199	10972.178	-783.274823	47.95632	0.021
084440	95.626852	40.536819	10973.862	-785.0566	6.747728	0.041
084500	95.678627	40.534413	10979.311	-783.651679	-40.165328	0.015
084520	95.72941	40.532063	10978.091	-687.006771	371.725562	-0.04
084540	95.780002	40.529729	10971.783	-350.99002	692.150395	-0.081
084600	95.831419	40.527333	10966.553	-365.905929	680.438324	-0.081
084620	95.882319	40.524872	10961.188	-411.884385	652.236481	-0.062
084640	95.932361	40.522413	10957.641	-390.104658	664.773674	-0.035
084700	95.982059	40.520014	10957.781	-390.507001	662.831624	-0.006
084720	96.031959	40.51763	10958.103	-393.587082	660.461804	0.004
084740	96.081386	40.515211	10958.026	-392.113199	661.502652	-0.002
084800	96.130704	40.512692	10958.152	-392.132547	661.348282	-0.004
084820	96.183435	40.509996	10957.314	-392.875348	662.056403	0.019
084840	96.235424	40.507418	10958.739	-393.449518	663.279457	0.043
084900	96.282844	40.505133	10963.87	-393.744904	663.767546	0.043
084920	96.33266	40.502611	10965.002	-394.251719	664.577925	0.039
084940	96.384723	40.499901	10965.477	-395.016128	665.884601	0.041
085000	96.435042	40.497313	10971.24	-395.732939	667.092836	0.041
085020	96.484676	40.494652	10974.228	-396.141237	667.777806	0.018
085040	96.5352	40.4919	10973.0	-396.427708	668.261979	0.0
085100	96.587211	40.489181	10972.008	-396.992418	669.213832	0.024
085120	96.63834	40.486488	10974.996	-397.888047	670.724284	0.047
085140	96.688822	40.483741	10979.859	-398.929183	672.478942	0.042
085200	96.74136	40.48087	10980.322	-399.760345	673.875652	0.017
085220	96.792634	40.478053	10980.293	-400.044937	674.369024	-0.015
085240	96.841374	40.475336	10980.137	-399.995655	674.279401	-0.04
085300	96.890753	40.472537	10975.27	-400.266004	674.673665	-0.044
085320	96.943952	40.469495	10972.655	-400.687656	675.574907	-0.037
085340	96.999033	40.466352	10973.079	-400.549603	675.250773	-0.04
085400	97.049926	40.463454	10968.665	-398.973115	671.740386	-0.067
085420	97.098049	40.460599	10962.215	-396.014831	669.40038	-0.072
085440	97.147182	40.457606	10958.172	-395.942926	668.515381	-0.044
085500	97.199873	40.454526	10958.004	-401.820537	666.058667	-0.018
085520	97.251567	40.451513	10957.362	-388.007378	676.558724	0.017
085540	97.300559	40.448593	10957.521	-392.444487	676.275551	0.071
085600	97.351013	40.445619	10966.496	-465.974503	628.122678	0.114
085620	97.402244	40.442577	10976.112	-240.121193	744.394801	0.105
085640	97.453442	40.439473	10979.793	300.34074	722.245802	0.049
085700	97.505549	40.43629	10980.296	409.017183	664.004493	0.009
085720	97.556973	40.433075	10979.837	331.82256	705.302392	0.0
085740	97.607052	40.429851	10979.854	345.504561	701.393536	0.002
085800	97.657709	40.426578	10980.748	354.284712	695.424021	-0.02
085820	97.70843	40.423339	10978.841	347.952316	697.055383	-0.046
085840	97.758811	40.420149	10973.715	349.789451	698.811544	-0.044
085900	97.810362	40.416845	10972.324	351.330834	700.199277	-0.018
085920	97.862514	40.413505	10973.168	351.275741	701.118728	0.003
085940	97.913645	40.410243	10973.059	351.622453	701.672629	0.001
090000	97.962605	40.407038	10972.896	352.104833	702.508612	-0.0
090020	98.01219	40.403769	10973.073	352.84021	704.052837	-0.001
090040	98.064018	40.400371	10973.035	353.904175	706.164698	-0.001
090100	98.115112	40.396941	10972.186	354.838071	708.003641	0.02
090120	98.167034	40.393488	10974.407	355.503753	709.38585	0.042
090140	98.219933	40.390019	10979.488	356.08661	710.549578	0.043
090200	98.270546	40.386566	10980.632	356.883044	711.868525	0.017
090220	98.321198	40.383061	10979.826	356.973154	712.70269	-0.004
090240	98.373632	40.37945	10979.965	356.907768	712.598156	-0.001
090300	98.425607	40.375763	10980.034	358.697458	712.293968	0.001
090320	98.476633	40.37212	10980.01	355.60314	714.495496	-0.001
090340	98.527828	40.368531	10980.03	354.460243	714.993762	-0.001
090400	98.580993	40.364813	10979.809	375.509283	704.062367	0.004
090420	98.633174	40.361103	10980.293	329.964157	726.644412	-0.006
090440	98.683575	40.357453	10980.462	313.942007	733.732789	-0.036
090500	98.737519	40.353576	10976.229	657.691296	450.910591	-0.049
090520	98.791623	40.34963	10972.387	796.565042	-25.485219	-0.033
090540	98.842307	40.345841	10972.801	797.064526	-1.392569	-0.004
090600	98.892635	40.342153	10973.25	577.171925	548.448686	0.003
090620	98.944772	40.338306	10972.893	401.806558	685.51152	0.0
090640	98.997706	40.334272	10972.829	764.7318	210.685913	0.002
090700	99.046658	40.330538	10973.756	792.599081	-14.000987	-0.018
090720	99.095585	40.326846	10972.013	786.331022	104.207395	-0.047
090740	99.148852	40.32283	10966.237	789.061402	93.191817	-0.048
090800	99.202598	40.318715	10963.342	792.653182	77.387806	0.001
090820	99.254416	40.314723	10966.293	792.163975	85.928539	0.047
090840	99.304402	40.310873	10972.159	790.678372	84.952137	0.044
090900	99.355005	40.306899	10973.03	790.756949	83.798495	0.038
090920	99.408054	40.302752	10973.792	789.994856	84.333205	0.042
090940	99.462227	40.298601	10979.039	786.443496	83.895971	0.043
091000	99.51208	40.294705	10980.577	783.60186	83.509291	0.024
091020	99.561295	40.290792	10980.074	782.355873	83.421894	-0.008
091040	99.613767	40.286634	10980.448	781.190082	83.294581	-0.032
091100	99.664706	40.282577	10976.714	777.752567	82.909438	-0.038
091120	99.713798	40.278599	10972.868	774.419049	82.572111	-0.035
091140	99.763125	40.274535	10973.444	774.255584	82.585688	-0.038
091200	99.813386	40.270449	10970.116	774.994938	82.515944	-0.045
091220	99.864545	40.266273	10964.685	774.461696	82.633269	-0.039
091240	99.916077	40.261929	10964.53	772.731718	82.876689	-0.01
091300	99.967176	40.257663	10965.196	773.606215	80.917819	0.005
091320	100.018119	40.253479	10965.003	774.467161	83.427766	-0.001
091340	100.069282	40.249216	10965.174	772.062708	89.130672	-0.004
091400	100.118926	40.244933	10964.34	775.998407	60.625584	0.014
091420	100.167768	40.240689	10965.176	777.113941	88.651426	0.042
091440	100.217859	40.236489	10970.786	762.62475	180.999564	0.048
091500	100.268361	40.232276	10974.047	748.618649	-233.1571	0.023
091520	100.3194	40.2279	10973.0	491.150868	-611.086593	-0.0
091540	100.371706	40.223242	10972.1	753.84394	-214.796621	0.025
091600	100.422886	40.218617	10975.2	757.196787	204.776253	0.049
091620	100.4725	40.2144	10980.0	780.575948	83.223727	0.041
091640	100.52261	40.21037	10980.522	626.322488	-472.052705	0.012
091700	100.574192	40.204183	10979.728	-491.973019	610.549666	-0.005
091720	100.625982	40.194953	10979.854	-759.76265	-195.072285	-0.002
091740	100.674967	40.183795	10980.103	607.009279	494.092426	0.0
091800	100.722	40.1718	10980.0	609.343234	485.326512	0.0
091820	100.770222	40.159779	10979.759	584.360386	509.783377	0.004
091840	100.81824	40.147837	10980.6	613.403219	470.010766	-0.011
091900	100.864737	40.136059	10980.316	604.11622	479.214253	-0.039
091920	100.910229	40.12452	10975.127	601.009034	481.451577	-0.046
091940	100.958133	40.112453	10972.18	600.412353	476.833361	-0.027
092000	101.007407	40.100096	10973.031	596.702019	475.358935	0.001
092020	101.054353	40.088285	10972.926	596.291824	475.821589	0.006
092040	101.102345	40.076081	10973.542	597.357737	473.732529	-0.014
092100	101.150968	40.063701	10972.832	594.970165	474.435188	-0.042
092120	101.196726	40.052178	10967.36	590.39042	480.494754	-0.048
092140	101.241629	40.040701	10964.182	606.489306	458.047355	-0.027
092200	101.2876	40.0288	10965.0	592.916779	472.243256	-0.0
092220	101.334928	40.016703	10965.144	521.378579	551.621453	0.003
092240	101.382594	40.004473	10964.952	731.203634	209.688184	-0.001
092300	101.4294	39.9924	10965.0	720.573934	-244.732928	0.0
092320	101.475073	39.980747	10964.947	707.656012	278.158765	0.001
092340	101.522357	39.968627	10965.136	655.552702	384.304603	-0.002
092400	101.571011	39.95602	10965.043	727.472487	-223.015492	-0.001
092420	101.617582	39.943928	10964.096	690.556319	-326.839891	0.025
092440	101.66341	39.932007	10966.882	734.555405	-220.825125	0.047
092500	101.710245	39.919831	10972.629	729.084861	-244.026638	0.043
092520	101.758039	39.907487	10973.649	727.44431	-253.650051	0.015
092540	101.804427	39.895454	10972.848	730.787813	-246.159136	-0.005
092600	101.850228	39.883452	10973.013	730.122528	-247.734038	-0.001
092620	101.899701	39.87048	10972.625	730.251816	-248.310729	0.02
092640	101.948307	39.857749	10973.954	731.569849	-248.686833	0.056
092700	101.993916	39.845804	10978.949	732.780879	-249.19897	0.078
092720	102.040859	39.833487	10986.162	732.65017	-246.299546	0.039
092740	102.089359	39.820685	10986.896	729.477627	-252.219858	-0.016
092800	102.138336	39.807663	10980.607	729.564432	-252.536839	-0.04
092820	102.18707	39.794662	10979.885	740.426803	-215.877592	-0.039
092840	102.23275	39.782487	10978.819	709.252738	-303.047396	-0.045
092900	102.276074	39.770983	10973.529	707.895772	-306.486302	-0.05
092920	102.322838	39.758574	10972.699	674.345559	365.138791	-0.006
092940	102.37106	39.745673	10973.991	459.417099	611.652511	-0.013
093000	102.41851	39.732899	10971.641	682.943685	348.228442	-0.048
093020	102.465219	39.720322	10965.804	747.269757	-179.918744	-0.045
093040	102.512593	39.707606	10964.258	705.524792	-309.133226	-0.017
093100	102.561412	39.694537	10965.159	735.214825	-232.748119	0.004
093120	102.610299	39.681431	10965.019	732.421087	-243.27885	0.002
093140	102.65576	39.669143	10965.167	730.485938	-254.782001	-0.005
093200	102.701195	39.656798	10964.679	737.094638	-246.592449	0.006
093220	102.749228	39.643783	10964.478	741.193952	-247.346525	0.036
093240	102.796489	39.631054	10969.295	734.218086	-273.320259	0.049
093300	102.84488	39.617953	10973.718	752.7632	-219.929209	0.033
093320	102.894864	39.604318	10973.253	758.001773	-201.368835	0.003
093340	102.941153	39.591796	10972.571	500.229945	-600.568003	0.0
093400	102.986845	39.579338	10973.386	132.455324	-766.702489	-0.005
093420	103.035255	39.565905	10973.544	183.769734	-754.07842	-0.035
093440	103.083446	39.552585	10968.669	106.423381	-768.661674	-0.049
093500	103.129956	39.539839	10964.312	333.133619	-700.621412	-0.033
093520	103.175864	39.527287	10964.789	723.08636	-277.041203	-0.004
093540	103.224168	39.513997	10965.193	556.394575	-536.044489	0.004
093600	103.272176	39.500689	10964.969	99.87259	-763.601959	-0.001
093620	103.318021	39.487923	10965.017	152.002234	-751.54272	-0.001
093640	103.365074	39.474838	10964.841	209.505434	-735.071268	0.004
093700	103.411157	39.461972	10965.219	178.929422	-743.001688	-0.005
093720	103.454741	39.449724	10965.498	182.218288	-743.812248	-0.034
093740	103.500905	39.436863	10961.702	186.355204	-742.703593	-0.053
093800	103.548814	39.423604	10957.203	184.373142	-744.115707	-0.029
093820	103.595829	39.410557	10957.183	185.616044	-748.202309	0.03
093840	103.642473	39.397492	10961.858	186.743181	-751.726909	0.05
093900	103.68886	39.384455	10965.286	187.105802	-753.355	0.037
093920	103.73548	39.371362	10964.735	187.337073	-753.857516	0.036
093940	103.783871	39.357664	10968.191	186.772832	-755.323438	0.062
094000	103.831662	39.344092	10974.495	188.701193	-755.903923	0.074
094020	103.877511	39.33111	10979.162	189.855556	-755.471737	0.041
094040	103.925469	39.317513	10981.641	175.340566	-759.715937	0.004
094100	103.97414	39.303667	10981.115	175.105885	-761.505807	-0.023
094120	104.019546	39.290693	10976.781	226.377728	-749.56776	-0.041
094140	104.064912	39.27765	10972.68	159.70882	-767.700495	-0.038
094200	104.114181	39.263552	10972.768	46.806275	-783.425094	-0.008
094220	104.161486	39.250618	10972.974	676.022108	-399.224619	0.002
094240	104.208192	39.238558	10973.598	675.657038	396.460222	-0.02
094300	104.256035	39.226204	10971.732	678.152379	388.583525	-0.052
094320	104.304212	39.213416	10965.909	758.625006	-189.038428	-0.075
094340	104.351803	39.200779	10960.627	711.836797	-326.885637	-0.069
094400	104.399022	39.188377	10956.825	749.256764	-230.870119	-0.015
094420	104.446082	39.176053	10957.141	742.353966	-247.253393	0.067
094440	104.49268	39.163647	10966.584	735.624118	-255.932014	0.098
094500	104.539458	39.151079	10974.752	735.860302	-248.245803	0.051
094520	104.587581	39.138184	10973.683	735.763433	-249.544159	-0.032
094540	104.637717	39.124804	10968.202	735.589416	-250.268727	-0.058
094600	104.686155	39.111936	10964.016	735.93511	-249.829533	-0.023
094620	104.731494	39.099911	10964.513	737.295646	-250.387236	0.033
094640	104.777697	39.087572	10969.261	739.688767	-251.256275	0.068
094700	104.82522	39.0748	10974.734	740.193034	-251.387945	0.078
094720	104.873558	39.061777	10979.248	737.955601	-250.634968	0.077
094740	104.922624	39.048565	10984.782	736.161464	-250.0263	0.065
094800	104.969578	39.035867	10989.154	733.657764	-249.181211	0.018
094820	105.01412	39.023745	10988.691	730.353943	-248.059905	-0.064
094840	105.060419	39.011154	10981.009	729.656144	-247.775391	-0.131
094900	105.106988	38.99841	10969.462	730.099924	-248.029678	-0.144
094920	105.152672	38.985832	10959.708	729.991477	-248.063208	-0.096
094940	105.200443	38.97286	10956.825	730.499396	-247.582513	-0.03
095000	105.248821	38.959679	10958.321	731.010507	-248.816012	0.001
095020	105.295255	38.946791	10958.579	731.835323	-250.29936	-0.008
095040	105.341131	38.93426	10955.99	736.538902	-242.916788	0.051
095100	105.387557	38.921634	10960.074	733.549275	-256.690082	0.126
095120	105.43469	38.908578	10975.498	727.104031	-274.232325	0.119
095140	105.481678	38.895598	10983.551	762.238096	-151.306995	0.058
095200	105.52775	38.882938	10981.244	764.411099	-146.540222	0.004
095220	105.572555	38.870526	10978.166	478.006105	-617.514864	0.019
095240	105.618525	38.857716	10980.975	222.97851	-749.384626	0.038
095300	105.667285	38.844132	10987.911	692.740004	-357.38209	-0.017
095320	105.714609	38.830852	10982.483	635.884389	-451.08999	-0.073
095340	105.760538	38.817963	10972.097	134.63501	-770.736483	-0.071
095400	105.807494	38.804918	10972.139	138.125938	-771.780887	-0.015
095420	105.85497	38.791671	10973.536	217.399748	-752.274544	0.007
095440	105.902124	38.778426	10972.895	184.621431	-759.936916	-0.0
095500	105.948682	38.765361	10972.743	185.205114	-761.353476	0.003
095520	105.995519	38.752293	10973.744	191.021916	-760.416184	-0.016
095540	106.042944	38.738978	10972.422	188.691476	-761.112027	-0.044
095600	106.090739	38.725352	10966.731	189.167744	-763.082556	-0.046
095620	106.138645	38.711783	10964.34	189.968709	-764.547679	-0.027
095640	106.1866	38.698235	10964.989	190.193541	-765.948997	0.003
095700	106.234345	38.684568	10964.419	190.970038	-768.585057	0.031
095720	106.280749	38.671334	10967.68	190.931484	-770.8025	0.055
095740	106.327255	38.65815	10973.483	191.847434	-771.58024	0.079
095800	106.376052	38.644255	10977.497	193.957981	-772.084625	0.089
095820	106.425283	38.630182	10984.263	186.583834	-776.37982	0.04
095840	106.472921	38.616535	10987.85	193.612952	-772.736643	-0.039
095900	106.518278	38.603515	10978.638	220.383923	-752.495246	-0.067
095920	106.563468	38.590497	10970.624	115.43612	-764.573614	-0.049
095940	106.609495	38.57719	10971.027	-2.590451	-769.991314	-0.015
100000	106.655417	38.563894	10973.396	328.061044	-694.874293	0.0
100020	106.701009	38.550694	10973.218	718.988586	-264.475525	-0.002
100040	106.74742	38.537263	10971.83	527.452394	-557.356312	0.027
100100	106.794516	38.523604	10974.996	99.324618	-763.057835	0.036
100120	106.841442	38.509933	10980.108	172.173635	-749.698784	0.003
100140	106.887206	38.496542	10974.723	166.987803	-748.918627	0.01
100200	106.931381	38.483656	10975.616	247.829128	-724.24122	0.062
100220	106.9753	38.471	10988.0	184.115065	-741.483407	0.086
100240	107.021235	38.457707	10989.662	-694.31	-313.238786	-0.002
100300	107.066514	38.443366	10985.042	-527.396546	548.02211	-0.073
100320	107.110494	38.428528	10979.396	-274.442257	708.549118	-0.074
100340	107.154727	38.413957	10974.039	-267.706085	708.325851	-0.049
100400	107.199526	38.399205	10973.115	-291.584027	695.779018	-0.036
100420	107.243239	38.384696	10972.681	-281.982616	698.142473	-0.042
100440	107.285077	38.370871	10966.974	-281.58549	698.350846	-0.046
100500	107.330215	38.355876	10964.01	-283.268832	697.350857	-0.023
100520	107.376917	38.340294	10965.133	-282.323126	696.937158	0.001
100540	107.419958	38.325972	10965.517	-282.218324	696.895292	-0.005
100600	107.46207	38.311942	10963.696	-282.703252	697.091611	0.026
100620	107.5059	38.297294	10965.688	-282.265521	696.891907	0.081
100640	107.551902	38.281894	10976.335	-281.036751	695.703591	0.092
100700	107.597708	38.266555	10982.17	-284.075215	694.366583	0.032
100720	107.641078	38.251993	10979.541	-280.292281	695.414742	-0.04
100740	107.681873	38.238222	10974.659	-268.485249	696.206046	-0.047
100800	107.724517	38.223869	10972.478	-307.273167	678.902853	-0.022
100820	107.7693	38.2088	10973.0	-280.526539	692.324968	-0.0
100840	107.812687	38.19404	10972.855	-123.904725	735.816273	0.007
100900	107.855636	38.17932	10973.586	-629.922514	395.42909	-0.016
100920	107.899	38.165	10973.0	-509.356756	-539.55509	-0.041
100940	107.942383	38.151969	10967.182	-468.145989	-575.639768	-0.019
101000	107.985549	38.139407	10964.999	-422.907137	-609.285711	0.016
101020	108.028673	38.126673	10969.252	19.161368	-740.257658	0.033
101040	108.072297	38.11375	10973.33	145.852151	-725.523867	0.028
101100	108.116582	38.100664	10973.313	-359.158819	-648.406765	0.007
101120	108.160802	38.087467	10972.972	-569.74022	-477.295653	-0.006
101140	108.205919	38.073916	10972.933	-505.483898	-547.502932	0.002
101200	108.252637	38.059977	10972.307	-501.990571	-552.525631	0.025
101220	108.296954	38.046831	10975.311	-517.89364	-539.081114	0.044
101240	108.3389	38.0344	10980.0	-513.475544	-543.918069	0.041
101300	108.382144	38.02152	10980.469	-512.247899	-544.2521	0.012
101320	108.427565	38.007906	10979.845	-512.93713	-542.701608	-0.005
101340	108.4733	37.9941	10980.0	-512.78908	-543.190906	0.0
101400	108.516716	37.980908	10979.836	-513.239362	-543.785289	0.005
101420	108.560008	37.967835	10980.489	-511.380849	-541.652901	-0.012
101440	108.6038	37.9547	10980.0	-507.983827	-538.100763	-0.041
101500	108.646756	37.94176	10975.156	-507.176035	-537.253453	-0.048
101520	108.690784	37.928484	10972.227	-507.316462	-537.390417	-0.028
101540	108.735868	37.914876	10972.959	-507.287452	-537.362921	-0.001
101600	108.779851	37.901508	10973.128	-507.554286	-537.646331	0.003
101620	108.823468	37.888194	10972.994	-506.6223	-536.658463	-0.002
101640	108.866863	37.874951	10973.011	-504.63147	-534.549696	-0.0
101700	108.908989	37.86212	10972.724	-503.787949	-533.655067	0.005
101720	108.950983	37.849292	10973.641	-504.103879	-533.993247	-0.013
101740	108.993564	37.836253	10973.198	-504.551405	-534.465603	-0.04
101800	109.036393	37.823179	10966.979	-504.129403	-534.002466	-0.022
101820	109.079886	37.809858	10966.114	-503.831689	-533.737539	0.016
101840	109.12384	37.796322	10972.326	-503.901022	-533.805221	0.035
101900	109.167241	37.782955	10973.711	-503.263072	-532.880447	0.021
101920	109.21015	37.769741	10973.093	-502.167866	-532.253624	-0.009
101940	109.252941	37.756543	10973.421	-502.133805	-532.393502	-0.036
102000	109.295736	37.743319	10968.99	-504.619815	-531.665931	-0.051
102020	109.338351	37.730172	10963.926	-501.921016	-536.037651	-0.028
102040	109.381003	37.717035	10964.069	-500.427039	-538.296086	0.026
102100	109.424608	37.703527	10969.291	-524.021217	-515.183469	0.046
102120	109.468393	37.689888	10973.273	-484.878377	-552.622205	0.039
102140	109.51143	37.676435	10972.679	-439.834506	-590.900116	0.039
102200	109.554325	37.662968	10976.066	-718.05917	-167.687938	0.044
102220	109.596214	37.649831	10980.458	-731.425587	88.697315	0.038
102240	109.637001	37.637099	10980.196	-562.339027	-473.925991	0.011
102300	109.680095	37.623582	10980.418	-671.163743	-298.632062	-0.02
102320	109.724055	37.609779	10979.52	-724.179467	126.778857	-0.036
102340	109.76619	37.596618	10974.553	-615.461211	-404.922656	-0.033
102400	109.809681	37.582951	10972.911	-594.313358	-435.183765	-0.032
102420	109.85485	37.568654	10973.818	-729.501052	91.413927	-0.036
102440	109.898874	37.554735	10969.028	-716.109111	-167.641424	-0.027
102500	109.941452	37.541294	10965.108	-510.315041	-532.133367	0.007
102520	109.9839	37.52786	10970.771	-736.701069	-55.068302	0.042
102540	110.02707	37.514144	10974.934	-699.703219	238.123743	0.008
102600	110.070889	37.500206	10972.169	-730.155703	122.730404	-0.044
102620	110.11467	37.486305	10965.992	-733.856972	122.327151	-0.023
102640	110.157734	37.472616	10966.747	-731.013337	145.236068	0.039
102700	110.200747	37.458915	10973.687	-732.366704	136.944012	0.077
102720	110.244302	37.445026	10978.848	-733.917525	136.825772	0.053
102740	110.285963	37.431718	10980.749	-733.849079	138.598916	0.013
102800	110.326985	37.418579	10980.076	-732.27104	137.689936	-0.0
102820	110.370845	37.404479	10978.89	-730.321773	137.170721	0.023
102840	110.416077	37.389828	10982.097	-728.563113	137.000088	0.035
102900	110.460414	37.375403	10987.689	-726.655272	136.610296	0.006
102920	110.502798	37.361719	10985.721	-723.701681	136.035041	-0.04
102940	110.544378	37.348356	10979.418	-721.204227	135.578938	-0.073
103000	110.586738	37.33469	10974.75	-720.141959	135.379684	-0.077
103020	110.630121	37.320619	10969.997	-717.43711	134.869329	-0.077
103040	110.672366	37.306877	10964.441	-714.294195	134.278869	-0.076
103100	110.712007	37.293993	10959.429	-714.084666	134.238403	-0.057
103120	110.75411	37.280315	10956.854	-715.172291	134.448046	-0.008
103140	110.798123	37.26599	10958.375	-716.620557	134.714061	0.038
103200	110.840009	37.252304	10963.318	-718.503452	135.049667	0.041
103220	110.881061	37.238875	10965.197	-720.149137	135.428487	0.032
103240	110.9232	37.2251	10965.0	-721.364301	135.608056	0.041
103300	110.967041	37.210775	10969.682	-722.289623	135.51496	0.069
103320	111.009665	37.196852	10976.057	-722.006329	136.410383	0.071
103340	111.050552	37.183472	10979.92	-721.355393	135.7958	0.042
103400	111.09207	37.169812	10979.979	-721.935521	131.948473	0.016
103420	111.134722	37.155695	10980.753	-719.767047	144.203706	-0.016
103440	111.177867	37.141373	10981.699	-718.087616	152.393613	-0.053
103500	111.220302	37.127333	10975.196	-727.614561	95.455806	-0.074
103520	111.262465	37.113407	10965.321	-723.113697	125.740685	-0.067
103540	111.305705	37.099052	10963.361	-582.86727	448.18295	-0.035
103600	111.348823	37.084693	10965.033	-262.956041	688.5875	0.002
103620	111.39078	37.070725	10964.614	-177.149723	717.348185	0.028
103640	111.433495	37.056526	10966.998	-491.083475	555.91845	0.059
103700	111.4763	37.0423	10973.0	-732.174938	137.640329	0.076
103720	111.5172	37.028676	10978.333	-745.65155	39.042683	0.05
103740	111.560021	37.014376	10980.792	-684.585428	299.259387	0.016
103800	111.605386	36.999195	10980.586	-437.799747	605.372618	0.001
103820	111.649239	36.984484	10979.776	-243.879445	706.044307	0.002
103840	111.690533	36.970587	10979.838	-270.458421	696.313199	0.003
103900	111.732519	36.95642	10980.76	-290.14963	688.353711	-0.022
103920	111.775362	36.941961	10978.845	-278.187082	693.266994	-0.045
103940	111.817835	36.927628	10973.726	-279.788129	692.623586	-0.039
104000	111.859277	36.913599	10972.246	-281.344475	691.991259	-0.016
104020	111.901258	36.899417	10973.114	-280.372563	692.38934	0.002
104040	111.94504	36.884681	10973.048	-280.360908	692.398643	0.002
104100	111.989082	36.869738	10973.074	-280.929857	692.133999	-0.004
104120	112.032379	36.854979	10972.878	-280.1541	692.504246	0.003
104140	112.07488	36.840529	10972.584	-279.345855	692.894262	0.03
104200	112.117402	36.826032	10975.455	-285.311308	689.763914	0.063
104220	112.160316	36.81135	10981.277	-274.391537	692.066761	0.075
104240	112.203582	36.796545	10986.961	-261.572375	693.439503	0.052
104300	112.246882	36.781775	10988.696	-344.168109	652.154465	0.012
104320	112.288772	36.767365	10987.81	-203.303152	705.875291	-0.059
104340	112.329409	36.753296	10983.633	-34.389912	731.940268	-0.141
104400	112.372952	36.738881	10967.782	-666.544675	-296.831734	-0.113
104420	112.415142	36.725821	10962.355	-269.334898	-675.40168	-0.035
104440	112.456344	36.713392	10965.653	-544.952165	-478.980671	0.006
104500	112.498967	36.700287	10965.253	-515.769858	-508.368953	0.002
104520	112.541074	36.687274	10964.798	-481.885662	-540.143056	-0.002
104540	112.582922	36.674351	10965.046	-500.066803	-523.591726	0.0
104600	112.625306	36.661268	10965.03	-498.360649	-525.187599	0.0
104620	112.667525	36.648245	10964.929	-495.950289	-527.487051	0.001
104640	112.709476	36.635241	10965.075	-497.192594	-526.228918	-0.001
104700	112.750888	36.622338	10965.164	-497.033993	-526.303633	-0.002
104720	112.790772	36.610011	10964.171	-497.391986	-527.050533	0.014
104740	112.831394	36.597441	10965.592	-498.563429	-528.102459	0.039
104800	112.874423	36.583964	10971.377	-499.899882	-529.527779	0.046
104820	112.916004	36.570956	10974.015	-501.496572	-531.202137	0.02
104840	112.957126	36.558123	10972.751	-502.561432	-532.38606	0.001
104900	113.000485	36.544556	10972.235	-502.494604	-532.433097	0.03
104920	113.04343	36.53115	10976.013	-502.727628	-531.99714	0.05
104940	113.085385	36.518026	10980.359	-502.273627	-532.47988	0.037
105000	113.127424	36.504765	10980.328	-501.412074	-533.206667	0.008
105020	113.169723	36.491432	10979.851	-506.400278	-528.94575	-0.005
105040	113.212168	36.478102	10979.989	-499.355573	-534.920025	0.001
105100	113.254536	36.464775	10979.848	-486.319659	-543.850961	0.004
105120	113.296612	36.451402	10980.624	-549.538183	-478.633093	-0.016
105140	113.338615	36.438125	10979.486	-457.674653	-567.408367	-0.044
105200	113.380559	36.424932	10974.391	-270.628212	-676.646599	-0.046
105220	113.421394	36.411089	10972.255	-470.211721	558.699659	-0.022
105240	113.462643	36.396058	10973.099	708.347116	-185.233094	0.002
105300	113.505857	36.380006	10973.094	710.594955	-176.441115	0.002
105320	113.548063	36.364277	10972.946	730.042002	51.25632	-0.001
105340	113.587809	36.349423	10973.007	730.764854	-43.702879	0.0
105400	113.62616	36.335012	10973.008	730.968911	-44.516562	0.0
105420	113.666469	36.319896	10972.996	730.366097	-26.263581	-0.0
105440	113.708361	36.304247	10973.0	728.152303	-32.791335	0.0
105500	113.749392	36.288917	10973.001	728.091638	-33.101908	0.0
105520	113.790241	36.273555	10973.0	728.348168	-31.748765	-0.0
105540	113.830937	36.258174	10973.0	728.301168	-32.300074	0.0
105600	113.871304	36.242928	10973.0	728.462275	-32.524141	0.0
105620	113.913151	36.227124	10973.0	727.559459	-31.455596	-0.0
105640	113.954707	36.211377	10973.0	726.197347	-32.529834	0.0
105700	113.993465	36.196627	10972.999	726.039121	-35.237687	0.0
105720	114.03351	36.1815	10973.004	726.687157	-22.257102	-0.0
105740	114.075381	36.165718	10972.998	726.04106	-37.542895	0.0
105800	114.116688	36.150009	10972.982	723.224539	-75.197807	0.0
105820	114.15734	36.134553	10973.058	718.867193	105.171284	-0.001
105840	114.198238	36.118902	10972.968	717.976661	-107.761979	0.001
105900	114.239355	36.102349	10972.747	-559.798079	-464.740898	0.006
105920	114.277111	36.084454	10973.655	488.120645	-545.537647	-0.023
105940	114.313721	36.063201	10970.22	690.42321	-260.59342	-0.06
110000	114.349328	36.0395	10964.298	-613.391624	418.876305	-0.032
110020	114.382093	36.015726	10965.394	-708.234285	231.59861	0.046
110040	114.417941	35.98984	10970.7	-460.376174	586.397906	0.052
110100	114.453677	35.964141	10973.675	-74.53238	740.490705	0.022
110120	114.487521	35.939712	10973.036	-166.877576	723.094783	0.001
110140	114.521218	35.915366	10972.917	-191.803591	715.208382	-0.003
110200	114.554989	35.890854	10972.921	-164.732766	721.270035	0.003
110220	114.588644	35.866341	10972.93	-171.126608	719.912215	0.001
110240	114.62218	35.841996	10973.791	-173.530454	719.533331	-0.023
110300	114.655972	35.817398	10971.259	-171.421791	719.56864	-0.049
110320	114.689767	35.792645	10965.456	-171.678413	718.794147	-0.044
110340	114.722813	35.768421	10963.457	-171.955483	719.225752	0.009
110400	114.756897	35.743621	10967.078	-171.988622	719.943856	0.051
110420	114.79157	35.718519	10972.65	-171.983962	719.804589	0.043
110440	114.823608	35.695137	10973.646	-171.784922	719.206345	0.014
110500	114.856469	35.671068	10972.778	-172.355168	720.847953	-0.003
110520	114.891535	35.645433	10972.96	-173.151672	724.352951	-0.0
110540	114.925272	35.62077	10973.212	-172.404939	725.275486	-0.001
110600	114.958446	35.596581	10972.653	-174.736378	723.957486	0.004
110620	114.992769	35.571498	10972.781	-174.196229	724.250297	0.035
110640	115.028553	35.545035	10976.839	-161.731568	728.570386	0.056
110700	115.063015	35.519687	10981.25	-196.812705	720.721133	-0.273
110720	115.095445	35.49592	10962.834	-188.761846	722.728139	-0.914
110740	115.128575	35.470883	10886.883	105.113877	740.2936	-1.314
110800	115.162146	35.444993	10777.025	456.961568	591.727496	-1.447
110820	115.194969	35.419684	10673.665	567.272136	481.432256	-1.465
110840	115.227623	35.394594	10582.426	529.479149	512.926703	-1.455
110900	115.261447	35.368532	10489.18	495.834396	534.911677	-1.458
110920	115.293565	35.343831	10391.153	504.229541	522.474189	-1.493
110940	115.323106	35.321236	10291.942	506.10438	530.464844	-1.536
111000	115.358444	35.293923	10190.3	501.078583	553.172153	-1.518
111020	115.392569	35.267595	10090.998	570.679677	488.516602	-1.466
111040	115.4235	35.2438	9997.0	517.576943	538.630772	-1.433
111100	115.455235	35.219247	9906.158	10.320218	743.001907	-1.462
111120	115.489392	35.192833	9806.853	-239.026097	701.493436	-1.535
111140	115.523759	35.16632	9701.248	-59.819286	742.787534	-1.558
111200	115.55691	35.140702	9598.583	278.700531	702.739553	-1.518
111220	115.590714	35.114405	9502.408	672.906172	368.254615	-1.531
111240	115.625771	35.086965	9405.517	765.813344	-120.843978	-1.556
111300	115.660836	35.059501	9295.354	754.331929	-205.357089	-1.399
111320	115.694567	35.033144	9202.593	775.689026	-131.92111	-1.151
111340	115.727565	35.007385	9143.011	776.939551	-141.617379	-0.925
111400	115.762725	34.979803	9094.447	773.517101	-157.127515	-0.729
111420	115.798743	34.951426	9051.121	772.050911	-152.07601	-0.572
111440	115.832346	34.924949	9019.466	770.307331	-152.77478	-0.477
111500	115.866362	34.898189	8991.339	770.896787	-147.554019	-0.471
111520	115.901553	34.870521	8959.238	769.921529	-153.140369	-0.503
111540	115.936095	34.843313	8922.753	765.368726	-174.400435	-0.482
111600	115.969657	34.816762	8893.233	780.23242	-87.11835	-0.441
111620	116.003539	34.789925	8868.643	766.35557	-169.955969	-0.427
111640	116.038935	34.762015	8838.107	644.587844	-445.456695	-0.446
111700	116.072919	34.735322	8807.996	398.060509	670.016244	-0.433
111720	116.104041	34.710939	8780.975	240.056803	738.080996	-0.427
111740	116.137643	34.684555	8752.651	655.30125	-415.707576	-0.455
111800	116.175971	34.654355	8721.637	747.709309	-207.697359	-0.462
111820	116.210319	34.627323	8691.398	771.806297	-79.364881	-0.462
111840	116.242689	34.601858	8661.395	758.50054	-164.911608	-0.462
111900	116.276482	34.575235	8630.629	762.597889	-148.640907	-0.462
111920	116.310557	34.548365	8599.878	753.467537	-188.717577	-0.462
111940	116.344637	34.521482	8569.316	771.895633	-74.205206	-0.464
112000	116.378422	34.494684	8538.645	771.095319	-68.035416	-0.464
112020	116.411312	34.468331	8507.792	419.793312	-649.938445	-0.448
112040	116.445535	34.442125	8479.668	182.882265	747.88948	-0.435
112100	116.483862	34.417351	8451.973	-353.005333	676.109851	-0.447
112120	116.519583	34.399506	8420.199	-716.224142	242.095396	-0.464
112140	116.555045	34.384785	8394.809	638.462001	-400.859254	-0.612
112200	116.604925	34.364182	8355.382	-295.55572	-692.240612	-0.987
112220	116.646544	34.346963	8263.013	-527.323083	-502.96558	-1.305
112240	116.683653	34.331667	8167.752	-90.124847	-714.452887	-1.636
112300	116.722608	34.315803	8068.633	359.221429	-644.804304	-2.169
112320	116.762815	34.299702	7895.138	423.329128	-617.150135	-2.978
112340	116.802487	34.283765	7662.853	342.260661	-661.836023	-3.573
112400	116.842156	34.267723	7411.411	363.467461	-639.348093	-3.751
112420	116.883843	34.250979	7168.309	469.553831	-557.646925	-3.774
112440	116.923198	34.234779	6918.348	124.450619	-714.935835	-3.722
112500	116.960457	34.219824	6671.345	697.543752	-183.756276	-3.586
112520	117.0007	34.2062	6457.818	596.715254	-390.877331	-3.39
112540	117.039628	34.195543	6229.334	-81.661825	704.312877	-3.364
112600	117.080092	34.184396	6007.336	49.457098	703.752195	-3.394
112620	117.121725	34.172058	5793.662	398.613221	575.633282	-3.396
112640	117.160444	34.160662	5561.783	693.101999	22.033821	-3.377
112700	117.199734	34.14922	5345.637	628.408269	-269.008444	-3.199
112720	117.239042	34.137718	5148.287	659.384898	-145.543569	-3.057
112740	117.275815	34.126966	4941.743	650.278494	-168.049595	-3.127
112800	117.313462	34.115892	4733.163	440.959065	-501.166572	-3.183
112820	117.352119	34.10446	4524.208	74.970696	-656.282345	-3.161
112840	117.390403	34.093119	4316.057	94.10673	-644.806793	-3.121
112900	117.427207	34.082237	4113.204	485.317368	-424.998352	-3.143
112920	117.462933	34.071713	3913.344	626.760853	-150.542292	-2.768
112940	117.498922	34.061123	3738.289	564.072017	-302.988474	-2.054
113000	117.535552	34.050285	3620.545	207.913184	-582.980757	-1.455
113020	117.571106	34.039691	3555.747	-237.750003	-535.143226	-0.888
113040	117.602017	34.030628	3507.434	546.125368	-86.796145	-1.247
113100	117.631295	34.021874	3407.473	451.000446	-283.9112	-2.137
113120	117.662625	34.012516	3240.079	-213.559296	-480.96759	-2.406
113140	117.6915	34.0061	3078.0	-508.962286	-128.772635	-2.545
113200	117.723993	34.002833	2909.666	498.335825	164.555778	-2.705
113220	117.755932	33.999937	2719.448	437.357955	-292.953699	-2.565
113240	117.786635	33.996739	2555.714	308.382256	-424.470461	-2.29
113300	117.817613	33.993608	2434.32	317.631248	-407.623298	-2.117
113320	117.848373	33.990629	2286.906	324.664066	-392.161034	-1.968
113340	117.878611	33.987732	2153.575	316.453684	-396.562122	-1.813
113400	117.908504	33.9848	2062.202	320.273361	-399.365963	-1.758
113420	117.938739	33.981754	1940.921	323.819649	-402.036347	-1.99
113440	117.970033	33.978687	1789.75	323.496872	-402.699649	-2.042
113500	118.001818	33.975692	1652.135	319.264607	-397.290011	-1.588
113520	118.031733	33.972745	1573.902	308.100214	-383.277799	-1.054
113540	118.059983	33.969829	1537.74	293.00721	-364.570668	-0.847
113600	118.087614	33.967027	1483.409	284.001595	-353.356314	-1.225
113620	118.114875	33.964483	1348.718	290.963249	-362.013826	-2.062
113640	118.141244	33.961834	1208.687	282.71073	-351.74705	-2.215
113700	118.166705	33.95924	1061.984	273.260013	-339.988006	-2.097
113720	118.191466	33.956761	920.777	264.813359	-329.479054	-1.954
113740	118.215892	33.954295	806.351	250.781621	-312.020816	-1.735
113800	118.240401	33.951828	699.977	238.791994	-297.10337	-1.644
113820	118.263208	33.949554	592.417	225.086771	-280.051444	-1.685
113840	118.283069	33.947577	480.296	204.972826	-255.025807	-1.568
113900	118.30116	33.945724	369.964	182.882646	-227.541352	-0.911
113920	118.317483	33.944003	340.869	170.185914	-211.744165	-0.956
113940	118.332633	33.942426	414.083	166.755206	-207.475701	-1.607
114000	118.347742	33.940897	455.405	164.361681	-204.497693	-1.776
114020	118.363189	33.939343	315.583	162.398875	-202.055583	-1.6
