061040	40.6508	73.8256	288.0	330.0	206.0	0.0
061100	40.650657	73.847584	256.598279	353.912808	436.907	538.025
061120	40.640147	73.865666	220.22826	399.218523	548.272	262.356
061140	40.622072	73.88372	218.656908	457.984538	622.353	295.191
061200	40.604643	73.90133	214.384451	493.583123	786.745	820.686
061220	40.582754	73.919971	213.005894	489.340467	1117.418	14.007
061240	40.560662	73.937345	210.389092	486.694477	1451.074	816.817
061300	40.540116	73.953423	210.009062	476.572241	1793.887	1299.884
061320	40.520524	73.96922	212.334771	465.448222	2115.866	973.773
061340	40.501367	73.985335	213.391923	470.704318	2354.492	752.221
061400	40.481855	74.001907	212.707747	478.887225	2584.104	714.402
061420	40.461592	74.018321	209.912046	478.285507	2867.421	664.338
061440	40.441104	74.034389	206.365263	485.59414	3110.27	673.876
061500	40.4209	74.0522	214.0	502.0	3239.0	435.0
061520	40.403056	74.075608	234.430809	532.384537	3247.756	74.768
061540	40.389199	74.107673	240.600687	576.56514	3307.435	400.686
061600	40.372963	74.140858	238.363687	599.98272	3447.624	526.176
061620	40.356935	74.173728	237.469511	608.661699	3656.544	656.234
061640	40.340452	74.208209	238.282587	610.070285	3909.694	732.305
061700	40.323269	74.243949	238.196611	611.319627	4164.474	680.767
061720	40.307586	74.27683	236.334094	618.418381	4371.812	624.465
061740	40.291834	74.309856	237.00685	623.427663	4566.566	622.453
061800	40.275221	74.347475	246.235452	618.136252	4796.806	654.006
061820	40.267989	74.385695	261.648177	622.023007	4995.492	521.284
061840	40.263712	74.425187	264.32381	629.333059	5168.631	486.624
061900	40.259648	74.464677	262.286422	638.284385	5329.133	492.308
061920	40.255235	74.505528	261.996783	648.493397	5486.045	487.502
061940	40.250365	74.550846	262.011577	657.388775	5649.793	508.858
062000	40.245632	74.593816	261.995812	660.396097	5825.615	496.301
062020	40.241311	74.63264	261.999728	660.817888	5997.224	435.987
062040	40.237075	74.673554	262.001929	668.830231	6134.885	391.007
062100	40.232562	74.718054	262.000439	681.986572	6251.965	380.016
062120	40.227492	74.765719	261.999722	694.161072	6373.734	404.759
062140	40.222441	74.812041	262.000045	700.679264	6515.302	439.915
062200	40.217838	74.855003	262.000022	701.580411	6674.122	452.716
062220	40.212801	74.90223	262.000015	704.575268	6823.976	432.73
062240	40.207748	74.949657	261.999967	708.551153	6960.861	407.893
062300	40.203218	74.992149	261.999884	710.240108	7092.986	395.17
062320	40.198195	75.038292	262.000332	714.071849	7220.703	350.439
062340	40.192756	75.087018	261.998045	719.658591	7331.289	320.792
062400	40.187407	75.134459	261.997096	724.939587	7432.85	332.331
062420	40.182391	75.179725	262.006382	729.141726	7551.357	354.926
062440	40.177555	75.225265	261.998274	732.126304	7679.028	357.14
062500	40.172469	75.274105	261.983323	734.491054	7789.916	328.462
062520	40.16696	75.322225	262.109728	737.412139	7895.807	321.095
062540	40.161322	75.369745	261.822884	741.222721	8003.567	328.564
062600	40.155778	75.417799	261.044139	744.705735	8113.518	330.132
062620	40.150123	75.464802	261.081581	744.759877	8225.24	337.386
062640	40.144996	75.511595	263.369477	741.876738	8341.031	341.175
062700	40.142619	75.562237	267.851972	743.743934	8458.748	294.702
062720	40.142499	75.609338	270.533246	748.398644	8544.67	234.813
062740	40.143244	75.656305	271.027853	754.26746	8607.466	191.282
062800	40.143831	75.708459	271.017708	760.980501	8669.803	166.97
062820	40.144442	75.758724	270.988272	767.684154	8722.033	140.861
062840	40.145143	75.807977	271.002	775.889491	8762.392	119.093
062900	40.145873	75.859896	271.001272	784.144657	8797.834	106.484
062920	40.146637	75.91181	270.999154	782.646774	8835.641	69.613
062940	40.147322	75.96242	271.000148	775.859827	8854.499	21.672
063000	40.147883	76.01225	271.000111	773.516377	8842.346	19.411
063020	40.14857	76.062822	270.99993	776.127886	8845.713	134.443
063040	40.149299	76.114502	271.000015	776.460316	8916.925	273.386
063100	40.149845	76.165917	271.000039	770.208097	9056.202	300.22
063120	40.150262	76.214015	270.999882	770.382512	9145.797	260.135
063140	40.150664	76.262255	271.000092	774.218346	9200.505	227.426
063200	40.151129	76.314797	271.00044	772.649348	9292.819	239.317
063220	40.151618	76.366234	270.998162	772.166127	9383.066	242.188
063240	40.152085	76.415236	270.997218	774.616813	9454.644	225.186
063300	40.152498	76.464239	271.005588	777.026461	9519.039	215.754
063320	40.152863	76.514293	271.011786	777.684118	9587.452	224.6
063340	40.153233	76.564969	270.986005	776.264721	9669.998	244.709
063400	40.153612	76.614939	270.963432	774.127788	9761.958	254.376
063420	40.153938	76.661967	271.052587	774.842838	9837.657	214.522
063440	40.154295	76.712642	270.715228	776.550349	9898.082	176.319
063500	40.1547	76.7691	270.0	777.0	9959.0	191.0
063520	40.15499	76.821667	269.923975	778.565031	10022.135	215.749
063540	40.155201	76.871818	270.030091	778.644114	10098.512	242.362
063600	40.1554	76.9215	270.0	776.0	10188.0	251.0
063620	40.155608	76.970509	269.994469	772.345128	10274.834	210.755
063640	40.155776	77.019957	270.002345	770.319096	10336.122	132.973
063700	40.1559	77.0703	270.0	769.0	10363.0	53.0
063720	40.15603	77.120842	269.998584	765.451944	10365.028	8.971
063740	40.156171	77.170408	270.002743	763.526937	10362.198	-2.773
063800	40.1563	77.2198	270.0	764.0	10363.0	0.0
063820	40.15638	77.270755	269.985711	763.611717	10363.146	0.503
063840	40.156407	77.320595	270.036055	762.243205	10362.943	-0.199
063900	40.1564	77.3695	270.0	761.0	10363.0	0.0
063920	40.156397	77.419792	269.801368	760.889876	10363.01	0.034
063940	40.156405	77.46688	270.531916	761.026223	10362.998	-0.008
064000	40.156379	77.51437	270.914535	760.992345	10363.001	0.004
064020	40.156304	77.566484	270.03289	761.000695	10363.0	0.0
064040	40.156235	77.617846	269.883599	760.97432	10363.0	-0.0
064100	40.15617	77.667689	270.04105	761.062474	10363.0	-0.001
064120	40.156103	77.716754	270.002363	761.0194	10363.0	-0.0
064140	40.15604	77.765778	269.991548	760.353849	10362.999	0.005
064200	40.15596	77.815487	270.00316	759.874289	10363.003	-0.011
064220	40.155811	77.865518	270.000235	759.987346	10363.001	-0.004
064240	40.155546	77.914717	269.998073	760.155867	10362.983	0.071
064300	40.155305	77.963918	270.003366	759.647689	10363.042	-0.168
064320	40.155119	78.013352	270.006637	758.505242	10363.087	-0.352
064340	40.154844	78.061926	269.987032	757.699956	10362.826	0.702
064400	40.1545	78.1099	270.0	758.0	10363.0	-0.0
064420	40.154229	78.158683	270.068012	759.432339	10363.914	-6.067
064440	40.153956	78.208552	269.793002	760.15879	10360.433	-7.277
064500	40.153618	78.258173	269.04545	759.997016	10356.007	-0.425
064520	40.153255	78.306242	268.445004	760.498592	10360.078	6.907
064540	40.153055	78.357452	270.237422	761.437437	10363.897	6.372
064600	40.154081	78.410301	273.848187	762.894935	10363.048	0.202
064620	40.157651	78.457577	275.758557	765.317406	10362.902	-0.513
064640	40.162008	78.506593	276.124291	766.537894	10363.004	0.51
064700	40.166098	78.557447	275.988841	765.873349	10363.028	-0.144
064720	40.170021	78.605248	275.982922	764.41628	10363.262	-0.978
064740	40.174019	78.653633	276.008575	763.81023	10362.14	3.526
064800	40.178108	78.703605	275.999199	764.017623	10363.474	8.052
064820	40.182173	78.753677	275.998774	764.026126	10369.926	3.353
064840	40.186249	78.804554	276.000616	763.98969	10368.818	-4.889
064900	40.190301	78.855173	275.999942	763.999454	10362.61	-7.792
064920	40.194249	78.903937	275.999912	763.987409	10362.344	-1.919
064940	40.198106	78.952613	276.000044	764.04543	10363.526	0.215
065000	40.201996	79.002445	275.999996	763.974431	10362.845	0.344
065020	40.206009	79.053186	275.999993	763.403232	10361.94	6.495
065040	40.209926	79.102916	276.000005	762.222326	10366.782	6.805
065100	40.213668	79.151064	275.999998	760.882877	10370.913	-0.899
065120	40.217326	79.198669	275.99999	760.092206	10365.242	-7.812
065140	40.221045	79.247581	276.000028	760.063858	10362.181	-4.542
065200	40.224821	79.297433	275.999934	759.739427	10363.283	0.95
065220	40.228622	79.347634	275.999928	758.27112	10363.086	0.069
065240	40.232492	79.399102	276.000545	756.556669	10362.684	0.902
065300	40.236117	79.447603	275.999072	756.03072	10363.444	-2.098
065320	40.239583	79.493934	276.000403	755.943009	10362.813	-8.087
065340	40.243417	79.544877	276.007377	753.815296	10357.193	-3.876
065400	40.246999	79.592791	275.978878	752.747069	10357.638	4.545
065420	40.250377	79.638727	276.00597	752.992213	10363.178	7.923
065440	40.254113	79.690124	276.10389	752.283729	10363.582	2.473
065500	40.257766	79.740535	275.656002	751.982616	10362.733	-0.97
065520	40.261168	79.787637	274.98007	751.97409	10363.016	0.039
065540	40.264555	79.834771	274.935088	750.771915	10363.09	-0.029
065600	40.268017	79.882974	275.02886	749.074966	10362.844	0.472
065620	40.271581	79.932732	274.998569	747.974717	10363.04	-0.15
065640	40.275201	79.983725	274.99534	747.966086	10363.678	-5.405
065700	40.2787	80.033113	275.002072	747.87254	10360.738	-10.084
065720	40.282068	80.081119	274.999897	748.045723	10355.819	-7.613
065740	40.285414	80.129833	274.999665	749.50929	10354.82	3.605
065800	40.288691	80.177078	275.000149	750.063773	10358.606	10.305
065820	40.291967	80.224126	274.999993	750.032889	10363.131	7.736
065840	40.295364	80.274158	274.999976	751.409978	10363.443	1.825
065900	40.298755	80.323866	275.000011	752.277174	10362.751	-0.57
065920	40.302064	80.372108	274.999999	751.975535	10363.027	-0.012
065940	40.305323	80.420702	274.999998	751.736401	10363.332	-0.726
070000	40.308623	80.470649	275.0	752.707739	10362.131	2.789
070020	40.311856	80.520096	275.0	752.920999	10363.243	9.253
070040	40.314892	80.567054	275.000001	750.212219	10370.398	9.634
070100	40.318066	80.615691	274.99999	749.613464	10372.811	-1.301
070120	40.321265	80.664315	275.000021	750.120979	10368.836	-10.145
070140	40.324386	80.712288	275.000014	750.015065	10363.338	-8.511
070200	40.327539	80.762422	274.999851	749.973368	10362.386	-2.673
070220	40.330606	80.811283	275.000296	750.006456	10363.192	0.677
070240	40.333595	80.858359	275.000193	749.999625	10363.024	0.085
070300	40.336717	80.908338	274.99793	750.013682	10362.956	-0.155
070320	40.339826	80.958199	275.004123	749.969407	10363.014	0.049
070340	40.342806	81.005856	275.002694	749.979679	10363.002	0.006
070400	40.345743	81.053569	274.971169	750.218175	10362.997	-0.011
070420	40.348671	81.101417	275.057422	749.527309	10363.001	0.003
070440	40.351606	81.149687	275.037522	748.089805	10363.0	0.0
070500	40.354551	81.199425	274.382431	747.872763	10363.0	-0.001
070520	40.35745	81.24844	273.900225	747.948033	10363.0	0.0
070540	40.360312	81.296584	273.987505	747.137151	10363.0	0.0
070600	40.36323	81.346861	274.022862	745.576509	10363.0	-0.0
070620	40.366177	81.397236	273.992836	745.011818	10363.0	0.0
070640	40.369028	81.445738	273.999103	745.096979	10363.0	0.0
070700	40.37165	81.492983	274.001641	743.126358	10363.0	-0.0
070720	40.374265	81.540596	273.999486	741.80735	10363.0	0.0
070740	40.37702	81.588978	273.999936	742.03863	10363.0	0.0
070800	40.379823	81.637072	274.000118	740.808506	10363.0	-0.0
070820	40.38261	81.68642	273.999963	739.833301	10363.0	0.0
070840	40.385333	81.736836	273.999995	740.008289	10363.0	0.0
070900	40.387953	81.785357	274.000008	739.448724	10363.0	-0.0
070920	40.390533	81.832516	273.999997	738.853531	10363.0	0.0
070940	40.393137	81.88022	274.0	738.965409	10363.0	0.0
071000	40.395764	81.929639	274.000001	739.241634	10363.0	-0.0
071020	40.39829	81.977262	274.0	738.525325	10363.0	0.0
071040	40.400748	82.023313	274.0	737.09292	10363.0	0.0
071100	40.403342	82.073107	273.999999	736.830145	10363.0	-0.0
071120	40.405905	82.12246	274.000002	737.055087	10363.0	0.001
071140	40.408354	82.169112	274.000001	737.008068	10363.0	0.0
071200	40.410837	82.21669	273.999989	736.972402	10363.001	-0.005
071220	40.413241	82.263828	274.000021	737.034633	10362.998	0.009
071240	40.415562	82.310342	274.000014	737.020625	10362.998	0.006
071300	40.418008	82.359078	273.999852	736.783481	10363.017	-0.064
071320	40.420479	82.408179	274.000296	737.467694	10362.967	0.127
071340	40.422866	82.456129	274.000193	738.906762	10362.978	0.083
071400	40.425194	82.503995	273.997932	739.164326	10363.231	-0.885
071420	40.427553	82.552738	274.004055	738.958981	10362.548	1.922
071440	40.4299	82.6013	274.0	739.0	10363.0	8.0
071500	40.432094	82.647727	273.971628	738.949783	10368.536	9.466
071520	40.434354	82.696115	274.072062	739.149719	10371.848	5.34
071540	40.4367	82.7462	274.0	739.0	10371.0	-0.0
071600	40.438923	82.793617	273.306232	737.559778	10370.905	-0.744
071620	40.441071	82.84106	272.89349	736.921727	10370.907	0.746
071640	40.4432	82.8894	273.0	737.0	10371.0	0.0
071700	40.445322	82.936834	273.019327	735.701924	10371.841	-5.36
071720	40.447497	82.985326	272.992353	734.606307	10368.555	-9.414
071740	40.4497	83.035	273.0	734.0	10363.0	-8.0
071800	40.451844	83.083741	273.001388	732.600491	10362.422	-2.296
071820	40.453952	83.131772	272.999451	731.751756	10363.23	0.788
071840	40.456	83.1794	273.0	732.0	10363.0	0.0
071900	40.457934	83.226373	273.0001	732.297543	10362.953	-0.124
071920	40.459891	83.272386	272.999961	731.214574	10363.031	0.007
071940	40.4619	83.3186	273.0	729.0	10363.0	0.0
072000	40.463854	83.366534	273.000007	727.379931	10362.918	0.262
072020	40.465727	83.413452	272.999997	726.918944	10363.2	-0.685
072040	40.4676	83.46	273.0	727.0	10363.0	-0.0
072100	40.469557	83.509326	273.0	726.465928	10361.905	6.169
072120	40.471383	83.55703	273.0	725.465454	10366.063	6.991
072140	40.4731	83.6027	273.0	724.0	10371.0	-0.0
072200	40.474954	83.650559	272.999999	721.920842	10365.828	-6.344
072220	40.476828	83.699657	273.000003	720.338147	10362.422	-8.404
072240	40.4786	83.7475	273.0	719.0	10363.0	-8.0
072300	40.480268	83.79249	272.999984	716.796232	10358.354	-8.769
072320	40.481952	83.837293	273.00004	715.78713	10355.14	-5.542
072340	40.4837	83.8842	273.0	716.0	10356.0	0.0
072400	40.485449	83.933124	272.999779	715.374558	10356.354	0.317
072420	40.487126	83.980396	273.000603	714.840806	10355.381	0.586
072440	40.488727	84.025366	273.00122	715.296744	10354.866	3.83
072500	40.490319	84.071239	272.997966	716.803984	10358.015	7.544
072520	40.49192	84.118814	272.999405	718.898001	10362.854	8.134
072540	40.493509	84.166471	273.011885	720.581034	10363.466	3.021
072600	40.495148	84.214788	272.973313	720.999576	10362.954	-1.338
072620	40.496818	84.26358	272.991809	720.966426	10363.032	-0.199
072640	40.498397	84.311255	273.165205	722.31331	10362.167	5.232
072700	40.499826	84.357362	272.60142	723.153079	10365.162	9.196
072720	40.501405	84.402988	271.982619	722.992745	10370.827	8.175
072740	40.503626	84.449893	273.229949	723.608152	10371.503	3.176
072800	40.506118	84.496775	274.24257	724.127537	10371.072	-2.245
072820	40.508577	84.543346	274.015675	724.009335	10371.078	-5.866
072840	40.511049	84.591037	273.89191	723.905081	10367.771	-7.608
072900	40.513499	84.639095	273.979364	723.962597	10363.643	-6.738
072920	40.515867	84.686372	274.015671	724.113321	10362.517	-2.79
072940	40.518174	84.734096	273.996918	723.864498	10363.1	0.421
073000	40.520443	84.782587	273.998951	723.131392	10363.044	0.187
073020	40.522645	84.828648	273.999202	722.901477	10362.966	-0.148
073040	40.524864	84.874012	274.002231	723.019198	10363.007	0.032
073100	40.527141	84.921061	274.005447	723.006127	10363.002	0.017
073120	40.529336	84.968356	273.973157	723.007353	10363.003	-0.028
073140	40.53158	85.016688	274.034321	722.98298	10362.993	0.024
073200	40.533934	85.065839	274.077303	722.959016	10362.984	0.05
073220	40.53609	85.111694	273.499997	723.201463	10363.08	-0.24
073240	40.538105	85.156513	272.922701	722.733261	10362.898	0.305
073300	40.540172	85.20362	272.965688	721.262685	10362.77	0.687
073320	40.542305	85.251647	273.026804	720.813132	10364.115	-4.333
073340	40.54442	85.299866	272.994603	721.023416	10361.545	-8.156
073400	40.546478	85.348028	272.997881	720.97783	10355.747	-2.688
073420	40.548587	85.395574	273.000344	721.067507	10361.875	8.22
073440	40.550615	85.441846	272.999553	719.908283	10364.406	5.35
073500	40.552598	85.487683	273.00013	718.762996	10362.611	-1.275
073520	40.554602	85.534148	273.000034	718.919644	10362.919	-0.262
073540	40.55656	85.581414	272.999904	719.343601	10363.105	0.313
073600	40.558459	85.628029	273.000121	718.438071	10362.964	-0.06
073620	40.560321	85.67391	273.000121	716.268647	10362.986	0.015
073640	40.562184	85.721331	272.9991	715.168249	10363.071	-0.23
073700	40.564056	85.769117	273.001569	714.951771	10362.887	0.436
073720	40.565923	85.816291	273.001667	714.965415	10362.882	0.469
073740	40.567749	85.86379	272.987498	715.234252	10363.883	-4.985
073800	40.569505	85.909534	273.021843	714.572754	10361.369	-8.026
073820	40.571234	85.953907	273.023213	713.116159	10356.258	-1.659
073840	40.573043	86.001378	272.82587	713.049544	10358.565	10.695
073900	40.574792	86.047832	273.315858	712.617219	10365.429	16.214
073920	40.576489	86.093434	273.990711	710.92638	10371.236	7.282
073940	40.578328	86.144017	273.124414	710.080792	10373.112	-6.978
074000	40.579935	86.18724	273.54383	710.026252	10365.848	-4.892
074020	40.581479	86.231232	273.898044	709.706447	10364.751	2.826
074040	40.583186	86.281297	272.967975	707.854227	10371.064	-0.337
074100	40.584864	86.326115	272.894068	704.33273	10365.987	-7.203
074120	40.586487	86.371521	273.051878	702.130747	10361.644	-5.384
074140	40.588079	86.419709	272.996109	702.016856	10363.102	0.03
074200	40.589638	86.466338	272.964699	702.239183	10363.919	-4.973
074220	40.591065	86.507779	273.082283	701.252748	10360.516	-9.818
074240	40.592475	86.550164	272.97751	699.975577	10355.862	-7.753
074300	40.594068	86.601892	272.268718	700.134829	10355.507	-1.761
074320	40.595667	86.650995	271.892533	699.210574	10356.345	0.189
074340	40.597174	86.695032	272.005328	698.00218	10355.948	0.128
074400	40.598637	86.741206	272.017355	699.326421	10355.236	5.516
074420	40.60012	86.787736	271.992284	700.265875	10358.437	9.496
074440	40.601569	86.832819	272.000383	699.989463	10363.134	7.791
074500	40.602901	86.877085	272.001246	700.011062	10363.376	2.268
074520	40.60426	86.923263	271.999447	699.861532	10363.014	-1.539
074540	40.60567	86.970188	272.000027	700.043789	10362.949	0.25
074600	40.607021	87.014534	272.000084	701.460451	10361.979	6.524
074620	40.608287	87.058596	271.999975	702.210677	10366.369	6.852
074640	40.609567	87.104893	271.999998	701.990988	10370.982	-0.425
074700	40.610973	87.15371	271.999933	701.995245	10365.676	-7.321
074720	40.612324	87.200966	272.000207	701.929729	10361.905	-5.836
074740	40.613561	87.246498	271.999941	702.023494	10363.055	0.192
074800	40.614767	87.293092	271.998971	702.761986	10363.182	0.688
074820	40.615941	87.339114	272.003241	703.002224	10362.905	-0.51
074840	40.617097	87.384033	272.00636	702.778763	10362.976	-0.437
074900	40.618277	87.429163	271.991203	703.448682	10362.958	0.342
074920	40.619481	87.475645	271.994585	704.891801	10362.965	0.178
074940	40.620648	87.523341	272.057257	705.329785	10363.392	-1.815
075000	40.62171	87.567106	271.894047	704.650749	10362.267	3.799
075020	40.622791	87.610624	272.242353	705.721746	10364.695	11.732
075040	40.62399	87.659974	273.018024	708.100577	10372.108	7.226
075100	40.625053	87.70641	272.198533	705.71733	10371.526	0.688
075120	40.626025	87.751672	271.854135	703.704918	10370.415	0.757
075140	40.627084	87.799651	272.022219	702.72931	10371.329	-1.812
075200	40.62821	87.848238	271.995112	701.951682	10370.205	-9.908
075220	40.629138	87.890637	272.003128	702.098379	10364.201	-8.836
075240	40.630028	87.935088	271.970887	701.171783	10362.825	-7.325
075300	40.631005	87.98357	272.032918	699.807027	10362.416	-8.246
075320	40.632025	88.032162	272.107787	699.737785	10357.2	-8.562
075340	40.632857	88.075953	271.450349	700.981931	10355.41	-5.057
075400	40.633686	88.119294	271.028994	702.120027	10355.928	1.351
075420	40.634708	88.167436	271.769883	702.070617	10355.416	7.046
075440	40.635593	88.21551	272.22792	701.977924	10359.429	8.475
075500	40.636354	88.260816	271.875221	701.97824	10363.201	8.037
075520	40.637157	88.304339	271.15058	701.906856	10362.422	8.391
075540	40.637961	88.350116	270.905574	702.507221	10367.255	5.335
075600	40.638761	88.397862	271.016101	703.014448	10370.744	-1.569
075620	40.639564	88.445456	271.010237	702.873368	10364.677	-7.715
075640	40.640333	88.492782	270.99322	703.876063	10361.932	-4.92
075700	40.641034	88.538213	271.001156	705.154697	10363.182	0.632
075720	40.641691	88.581492	271.000735	705.144296	10363.116	0.402
075740	40.642423	88.627252	270.999513	704.705221	10362.923	-0.265
075800	40.643127	88.675037	271.000083	705.26331	10363.013	0.044
075820	40.643712	88.721984	271.000053	707.338776	10363.009	0.026
075840	40.644398	88.767684	270.999965	709.227554	10362.99	-0.007
075900	40.645143	88.814079	271.000006	710.080972	10363.006	-0.01
075920	40.645809	88.862378	271.000004	710.05457	10363.016	-0.04
075940	40.646438	88.909738	270.999995	709.947808	10362.925	0.203
080000	40.647018	88.955543	270.999998	709.984645	10362.917	0.227
080020	40.647506	89.000796	271.000003	710.006058	10363.242	-0.664
080040	40.647975	89.045978	270.999998	710.001069	10362.813	0.518
080100	40.648529	89.091537	270.999989	710.011694	10361.938	5.51
080120	40.649138	89.138625	271.00003	709.866862	10366.228	6.706
080140	40.649728	89.185803	270.999992	707.803293	10371.032	-0.578
080200	40.650219	89.230775	270.999855	702.402881	10366.588	-10.346
080220	40.65059	89.276256	271.000411	697.875375	10359.301	5.561
080240	40.650918	89.322485	270.999884	694.8274	10363.792	56.172
080300	40.65131	89.367927	270.997982	691.815661	10394.506	117.264
080320	40.651732	89.415322	271.004209	694.430478	10449.164	128.028
080340	40.65215	89.461332	270.97749	700.75898	10490.296	117.727
080400	40.652536	89.505527	271.013078	705.31466	10520.032	132.372
080420	40.65287	89.552253	271.105463	707.278052	10574.593	156.332
080440	40.653202	89.598941	270.598758	709.612915	10632.876	153.915
080500	40.653531	89.645164	269.972814	713.423111	10680.202	135.88
080520	40.653811	89.692507	270.025193	717.613061	10719.763	132.517
080540	40.654011	89.740564	269.765123	720.573835	10766.253	120.937
080600	40.654228	89.78771	270.142005	723.35941	10808.027	117.56
080620	40.654553	89.83334	271.903701	726.78346	10836.262	146.54
080640	40.654831	89.880999	271.096996	726.327609	10899.364	150.057
080700	40.6551	89.930099	269.73487	726.756969	10956.809	106.615
080720	40.655364	89.979242	269.926643	731.127092	10972.434	40.567
080740	40.655472	90.028606	270.070469	734.363966	10973.48	5.773
080800	40.655519	90.077416	269.983002	734.904768	10972.884	-0.657
080820	40.655592	90.125389	269.994743	734.070765	10972.964	-0.203
080840	40.655599	90.173591	270.005059	734.409836	10973.035	0.194
080900	40.655614	90.220865	269.99878	735.118035	10972.991	-0.046
080920	40.655689	90.266895	269.999623	735.036804	10972.997	-0.012
080940	40.655711	90.314226	270.000363	734.962772	10973.007	-0.001
081000	40.655697	90.36285	269.999912	735.011725	10972.993	0.019
081020	40.655698	90.411999	269.999973	735.007755	10972.989	0.035
081040	40.655709	90.461562	270.000025	734.967343	10973.061	-0.21
081100	40.655686	90.50979	269.999995	735.046116	10972.908	0.318
081120	40.655614	90.555868	270.0	735.071767	10972.856	0.5
081140	40.655551	90.601938	269.999992	734.580036	10973.847	-4.147
081200	40.655471	90.650806	270.000015	735.665899	10971.657	-8.947
081220	40.655334	90.701628	270.000024	738.60083	10965.781	-8.614
081240	40.655146	90.748439	269.999857	739.477305	10964.45	-4.236
081300	40.654938	90.794827	270.000217	740.708473	10964.855	1.851
081320	40.654738	90.844619	270.000341	744.314079	10964.537	7.206
081340	40.654548	90.894704	269.998001	746.949056	10969.212	9.601
081400	40.654327	90.944224	270.003018	748.38872	10973.779	6.252
081420	40.654056	90.993479	270.004746	749.707085	10973.333	0.32
081440	40.65378	91.04243	269.972164	751.230811	10972.115	3.158
081500	40.653527	91.090678	270.042031	752.133606	10974.126	9.517
081520	40.653264	91.139172	270.066109	752.036963	10979.175	9.288
081540	40.652896	91.190543	269.460593	751.991039	10981.385	-0.666
081600	40.652475	91.241324	268.913415	751.96177	10978.687	-9.659
081620	40.652077	91.289264	268.97322	751.927436	10973.667	-8.938
081640	40.65169	91.338295	269.025773	752.592183	10972.374	-3.291
081700	40.651265	91.38768	268.993783	753.003179	10973.151	0.598
081720	40.650793	91.436284	268.998076	752.894702	10973.047	0.185
081740	40.65034	91.486111	269.001859	754.205	10972.955	-0.179
081800	40.649836	91.537578	268.999541	756.88211	10973.011	0.044
081820	40.649246	91.588995	268.999822	759.555095	10973.004	0.017
081840	40.648689	91.637179	269.000139	760.628259	10972.997	-0.013
081900	40.64817	91.684382	268.999971	761.246046	10973.001	0.003
081920	40.647652	91.734067	268.999984	762.632044	10973.0	0.001
081940	40.647147	91.786191	269.00001	763.540011	10973.0	-0.001
082000	40.646574	91.838071	268.999998	764.15712	10973.0	0.0
082020	40.645897	91.887856	268.999999	765.431021	10973.0	0.0
082040	40.645276	91.938193	269.000001	767.577594	10973.0	0.0
082100	40.644673	91.988849	269.0	769.163263	10973.0	-0.0
082120	40.644001	92.038492	268.999999	769.098598	10973.0	-0.001
082140	40.643345	92.088019	269.000003	768.957262	10972.999	0.003
082200	40.642651	92.139142	268.999997	768.983967	10973.001	-0.004
082220	40.641848	92.191688	268.999991	768.917344	10973.003	-0.012
082240	40.641023	92.241217	269.000036	769.376944	10972.986	0.049
082300	40.640166	92.289207	268.999973	768.71184	10973.011	-0.037
082320	40.639234	92.339374	268.99987	766.280017	10973.051	-0.177
082340	40.638282	92.39117	269.000468	767.057828	10972.816	0.638
082400	40.637367	92.442039	268.999627	769.112188	10973.147	-0.517
082420	40.636505	92.490404	268.998198	768.760183	10973.71	-6.062
082440	40.635612	92.539324	269.006514	770.849326	10969.782	-10.117
082500	40.634652	92.590402	268.994806	774.399797	10964.455	-6.86
082520	40.633648	92.642547	268.974905	775.73836	10964.013	4.198
082540	40.632664	92.692141	269.090726	776.603631	10968.009	12.864
082600	40.631637	92.742113	268.92665	776.948967	10973.87	14.925
082620	40.630499	92.796237	268.199843	776.580111	10978.797	10.927
082640	40.629385	92.848834	267.888049	779.044503	10981.21	0.854
082700	40.628287	92.898755	268.010052	782.158028	10979.617	-8.597
082720	40.627143	92.94841	268.015382	782.091266	10974.55	-9.559
082740	40.626069	92.99861	267.992277	782.583121	10972.288	-4.558
082800	40.624984	93.049645	268.000722	784.111233	10973.067	0.264
082820	40.623725	93.101551	268.001104	784.319771	10973.103	0.401
082840	40.622422	93.153998	267.999445	783.213902	10972.946	-0.192
082900	40.62118	93.205677	268.000052	781.905902	10973.006	0.013
082920	40.619995	93.255795	268.000079	781.6922	10973.02	-0.02
082940	40.618711	93.306948	267.99996	782.827505	10972.957	0.142
083000	40.617369	93.358961	268.000004	784.064733	10973.022	-0.084
083020	40.616089	93.410001	268.000006	784.064466	10973.187	-0.736
083040	40.614745	93.461082	267.999997	784.105102	10972.487	2.425
083100	40.61333	93.51302	268.0	783.957921	10973.144	8.254
083120	40.611936	93.565472	268.0	782.546078	10977.906	10.175
083140	40.610501	93.616479	268.000002	781.783599	10981.35	2.279
083200	40.609027	93.666747	267.999999	782.010074	10979.794	-8.311
083220	40.60757	93.718234	267.999989	782.021563	10974.55	-9.066
083240	40.606056	93.76832	268.00003	782.023975	10972.91	-7.367
083300	40.6045	93.8179	268.0	782.0	10973.0	-8.0
083320	40.602975	93.87028	267.999849	781.80134	10967.562	-8.918
083340	40.601402	93.922654	268.00038	782.581007	10964.113	-5.56
083400	40.5998	93.9738	268.0	784.0	10965.0	-0.0
083420	40.59827	94.025278	267.997904	784.608994	10965.103	0.803
083440	40.596704	94.077186	268.005403	785.762456	10965.09	-0.824
083500	40.595064	94.129042	268.002861	788.612578	10965.077	-0.333
083520	40.593418	94.180456	267.970293	792.896253	10964.135	4.963
083540	40.591695	94.232446	268.059245	795.785899	10966.885	8.869
083600	40.589875	94.285063	268.055304	796.790899	10972.529	8.213
083620	40.58806	94.336873	267.410361	798.820083	10973.008	7.354
083640	40.586281	94.388795	266.923051	800.21787	10974.096	8.846
083700	40.584481	94.441712	266.998357	800.003438	10979.338	8.854
083720	40.582553	94.494895	266.891226	800.318916	10981.488	-1.248
083740	40.580654	94.546846	267.238492	799.277544	10978.322	-9.542
083800	40.578869	94.59726	267.9747	795.638364	10973.371	-8.355
083820	40.577036	94.647912	267.542759	791.644537	10973.225	-7.265
083840	40.575115	94.700232	266.89358	789.80733	10971.849	-8.552
083900	40.573111	94.753615	266.967084	790.070725	10965.907	-8.739
083920	40.571034	94.804996	267.031677	788.6816	10963.925	-2.609
083940	40.569006	94.85595	266.992359	786.383242	10965.594	-0.956
084000	40.567084	94.907776	266.997637	785.108217	10965.687	-7.477
084020	40.565132	94.958166	267.002274	784.947015	10960.208	-4.782
084040	40.563065	95.009025	266.999453	784.942054	10958.911	1.115
084100	40.560921	95.061577	266.999832	784.875721	10964.65	0.582
084120	40.558857	95.112943	267.000153	786.072024	10961.568	-2.005
084140	40.55675	95.164076	266.999976	787.173516	10958.009	2.798
084200	40.554535	95.21632	267.000012	787.051727	10963.508	13.892
084220	40.552425	95.268405	266.999868	786.962065	10970.208	12.829
084240	40.550387	95.318729	267.000215	786.991023	10973.505	4.821
084300	40.54827	95.367756	267.00047	786.958093	10973.245	0.493
084320	40.545969	95.419076	266.998134	787.186339	10972.79	-0.096
084340	40.543649	95.471928	267.001925	786.799547	10973.086	-0.187
084400	40.541462	95.523945	267.006218	785.342173	10973.212	-0.751
084420	40.539199	95.575337	266.974226	784.741523	10972.178	4.053
084440	40.536819	95.626852	267.026781	785.085599	10973.862	8.107
084500	40.534413	95.678627	267.086585	784.680322	10979.311	2.926
084520	40.532063	95.72941	266.539407	781.126236	10978.091	-7.838
084540	40.529729	95.780002	265.933891	776.058093	10971.783	-15.943
084600	40.527333	95.831419	265.957969	772.582333	10966.553	-15.94
084620	40.524872	95.882319	266.027836	771.402083	10961.188	-12.189
084640	40.522413	95.932361	265.995254	770.782513	10957.641	-6.792
084700	40.520014	95.982059	265.996982	769.312342	10957.781	-1.111
084720	40.51763	96.031959	266.001999	768.843668	10958.103	0.866
084740	40.515211	96.081386	265.999659	768.985384	10958.026	-0.325
084800	40.512692	96.130704	265.999783	768.862461	10958.152	-0.76
084820	40.509996	96.183435	266.000144	769.850453	10957.314	3.713
084840	40.507418	96.235424	265.999975	771.195281	10958.739	8.541
084900	40.505133	96.282844	265.999981	771.765771	10963.87	8.424
084920	40.502611	96.33266	266.000011	772.721319	10965.002	7.669
084940	40.499901	96.384723	265.999999	774.235134	10965.477	8.114
085000	40.497313	96.435042	265.999999	775.640001	10971.24	7.988
085020	40.494652	96.484676	266.000001	776.437426	10974.228	3.557
085040	40.4919	96.5352	266.0	777.0	10973.0	0.0
085100	40.489181	96.587211	266.0	778.106762	10972.008	4.741
085120	40.486488	96.63834	266.0	779.862784	10974.996	9.334
085140	40.483741	96.688822	266.0	781.903076	10979.859	8.172
085200	40.48087	96.74136	266.000003	783.528383	10980.322	3.403
085220	40.478053	96.792634	265.999994	784.09791	10980.293	-2.878
085240	40.475336	96.841374	265.999998	783.995686	10980.137	-7.853
085300	40.472537	96.890753	266.000038	784.472707	10975.27	-8.719
085320	40.469495	96.943952	265.999914	785.462954	10972.655	-7.285
085340	40.466352	96.999033	265.999974	785.113744	10973.079	-7.823
085400	40.463454	97.049926	266.000531	781.290402	10968.665	-13.198
085420	40.460599	97.098049	265.998797	777.768999	10962.215	-14.249
085440	40.457606	97.147182	265.999297	776.970795	10958.172	-8.583
085500	40.454526	97.199873	266.007408	777.877813	10958.004	-3.616
085520	40.451513	97.251567	265.985287	779.923991	10957.362	3.423
085540	40.448593	97.300559	265.990389	781.895963	10957.521	13.946
085600	40.445619	97.351013	266.102846	782.09356	10966.496	22.381
085620	40.442577	97.402244	265.776614	782.164821	10976.112	20.593
085640	40.439473	97.453442	265.07049	782.204295	10979.793	9.602
085700	40.43629	97.505549	264.912488	779.869875	10980.296	1.74
085720	40.433075	97.556973	265.024835	779.459862	10979.837	0.002
085740	40.429851	97.607052	265.006871	781.87358	10979.854	0.4
085800	40.426578	97.657709	264.993399	780.469234	10980.748	-4.005
085820	40.423339	97.70843	265.001592	779.074464	10978.841	-9.051
085840	40.420149	97.758811	265.000492	781.466719	10973.715	-8.751
085900	40.416845	97.810362	264.999526	783.397972	10972.324	-3.462
085920	40.413505	97.862514	265.000115	784.195204	10973.168	0.626
085940	40.410243	97.913645	265.000036	784.845735	10973.059	0.174
090000	40.407038	97.962605	264.999964	785.809241	10972.896	-0.043
090020	40.403769	98.01219	265.000007	787.519277	10973.073	-0.152
090040	40.400371	98.064018	265.000001	789.884007	10973.035	-0.099
090100	40.396941	98.115112	264.999987	791.946471	10972.186	3.861
090120	40.393488	98.167034	265.000018	793.480437	10974.407	8.22
090140	40.390019	98.219933	265.000018	794.781968	10979.488	8.478
090200	40.386566	98.270546	264.999866	796.317967	10980.632	3.305
090220	40.383061	98.321198	265.000234	797.104107	10979.826	-0.741
090240	40.37945	98.373632	265.000249	796.981359	10979.965	-0.161
090300	40.375763	98.425607	264.998071	797.512736	10980.034	0.264
090320	40.37212	98.476633	265.002775	798.096114	10980.01	-0.133
090340	40.368531	98.527828	265.004335	798.033923	10980.03	-0.147
090400	40.364813	98.580993	264.974612	797.941751	10979.809	0.785
090420	40.361103	98.633174	265.038327	798.05291	10980.293	-1.231
090440	40.357453	98.683575	265.06028	798.074801	10980.462	-7.039
090500	40.353576	98.737519	264.494776	797.419715	10976.229	-9.61
090520	40.34963	98.791623	263.8618	796.972624	10972.387	-6.48
090540	40.345841	98.842307	263.892036	797.065742	10972.801	-0.736
090600	40.342153	98.892635	264.653669	796.193062	10973.25	0.568
090620	40.338306	98.944772	264.934412	794.590809	10972.893	0.084
090640	40.334272	98.997706	264.162617	793.223348	10972.829	0.462
090700	40.330538	99.046658	263.87612	792.722733	10973.756	-3.517
090720	40.326846	99.095585	264.025539	793.205936	10972.013	-9.178
090740	40.32283	99.148852	264.011343	794.545538	10966.237	-9.514
090800	40.318715	99.202598	263.991106	796.421961	10963.342	0.207
090820	40.314723	99.254416	264.001834	796.810816	10966.293	9.207
090840	40.310873	99.304402	264.000814	795.228994	10972.159	8.563
090900	40.306899	99.355005	263.999361	795.184721	10973.03	7.42
090920	40.302752	99.408054	264.000132	794.483456	10973.792	8.296
090940	40.298601	99.462227	264.000059	790.905751	10979.039	8.512
091000	40.294705	99.51208	263.999953	788.039134	10980.577	4.671
091020	40.290792	99.561295	264.000011	786.790903	10980.074	-1.538
091040	40.286634	99.613767	264.000007	785.618184	10980.448	-6.335
091100	40.282577	99.664706	263.999983	782.15921	10976.714	-7.536
091120	40.278599	99.713798	264.000006	778.808716	10972.868	-6.972
091140	40.274535	99.763125	264.000046	778.647613	10973.444	-7.483
091200	40.270449	99.813386	263.999856	779.375413	10970.116	-8.816
091220	40.266273	99.864545	264.000078	778.857609	10964.685	-7.617
091240	40.261929	99.916077	264.000626	777.163337	10964.53	-1.895
091300	40.257663	99.967176	263.998002	777.826632	10965.196	1.01
091320	40.253479	100.018119	264.001092	778.947736	10965.003	-0.166
091340	40.249216	100.069282	264.008719	777.190518	10965.174	-0.816
091400	40.244933	100.118926	263.97175	778.363019	10964.34	2.776
091420	40.240689	100.167768	264.00737	782.154174	10965.176	8.208
091440	40.236489	100.217859	264.126809	783.809512	10970.786	9.494
091500	40.232276	100.268361	263.591855	784.086803	10974.047	4.538
091520	40.2279	100.3194	263.0	784.0	10973.0	-0.0
091540	40.223242	100.371706	263.616204	783.848374	10972.1	4.823
091600	40.218617	100.422886	264.157905	784.398042	10975.2	9.614
091620	40.2144	100.4725	264.0	785.0	10980.0	8.0
091640	40.21037	100.52261	263.247925	784.291792	10980.522	2.34
091700	40.204183	100.574192	259.859654	784.097154	10979.728	-0.997
091720	40.194953	100.625982	254.72033	784.405814	10979.854	-0.43
091740	40.183795	100.674967	252.010619	782.679749	10980.103	0.063
091800	40.1718	100.722	252.0	779.0	10980.0	0.0
091820	40.159779	100.770222	252.044756	775.471568	10979.759	0.699
091840	40.147837	100.81824	251.981223	772.770101	10980.6	-2.12
091900	40.136059	100.864737	251.998023	771.104862	10980.316	-7.591
091920	40.12452	100.910229	252.002807	770.069789	10975.127	-9.15
091940	40.112453	100.958133	251.998592	766.723579	10972.18	-5.231
092000	40.100096	101.007407	252.000103	762.90197	10973.031	0.195
092020	40.088285	101.054353	252.000913	762.869664	10972.926	1.26
092040	40.076081	101.102345	251.997899	762.403289	10973.542	-2.792
092100	40.063701	101.150968	252.000572	760.971908	10972.832	-8.199
092120	40.052178	101.196726	252.010547	761.206974	10967.36	-9.429
092140	40.040701	101.241629	251.974261	760.024117	10964.182	-5.327
092200	40.0288	101.2876	252.0	758.0	10965.0	-0.0
092220	40.016703	101.334928	252.140988	759.02691	10965.144	0.551
092240	40.004473	101.382594	251.606689	760.675943	10964.952	-0.249
092300	39.9924	101.4294	251.0	761.0	10965.0	0.0
092320	39.980747	101.475073	251.701931	760.361316	10964.947	0.257
092340	39.968627	101.522357	251.857645	759.894317	10965.136	-0.479
092400	39.95602	101.571011	251.029946	760.889039	10965.043	-0.143
092420	39.943928	101.617582	250.885352	763.997608	10964.096	4.837
092440	39.932007	101.66341	251.035383	767.030233	10966.882	9.203
092500	39.919831	101.710245	251.00443	768.839213	10972.629	8.382
092520	39.907487	101.758039	250.991908	770.39832	10973.649	3.036
092540	39.895454	101.804427	251.002508	771.13238	10972.848	-1.045
092600	39.883452	101.850228	251.000297	771.006524	10973.013	-0.29
092620	39.87048	101.899701	250.999643	771.314419	10972.625	4.011
092640	39.857749	101.948307	250.999731	772.683367	10973.954	11.071
092700	39.845804	101.993916	250.999608	773.994796	10978.949	15.341
092720	39.833487	102.040859	251.003105	772.94226	10986.162	7.622
092740	39.820685	102.089359	250.994525	771.850027	10986.896	-3.184
092800	39.807663	102.138336	250.994174	772.035696	10980.607	-7.803
092820	39.794662	102.18707	251.043718	771.255461	10979.885	-7.755
092840	39.782487	102.23275	250.923615	771.282808	10978.819	-8.932
092900	39.770983	102.276074	250.918824	771.39502	10973.529	-9.784
092920	39.758574	102.322838	251.823684	766.856094	10972.699	-1.129
092940	39.745673	102.37106	252.253999	764.97246	10973.991	-2.558
093000	39.732899	102.41851	251.798943	766.599716	10971.641	-9.394
093020	39.720322	102.465219	251.091141	768.623994	10965.804	-8.848
093040	39.707606	102.512593	250.914447	770.278251	10964.258	-3.423
093100	39.694537	102.561412	251.020822	771.176066	10965.159	0.7
093120	39.681431	102.610299	251.006721	771.767612	10965.019	0.321
093140	39.669143	102.65576	250.991821	773.643053	10965.167	-0.951
093200	39.656798	102.701195	251.00457	777.249214	10964.679	1.267
093220	39.643783	102.749228	251.00532	781.376208	10964.478	7.044
093240	39.631054	102.796489	250.971046	783.441231	10969.295	9.643
093300	39.617953	102.84488	251.043161	784.232933	10973.718	6.415
093320	39.604318	102.894864	251.067752	784.293374	10973.253	0.631
093340	39.591796	102.941153	250.451115	781.608549	10972.571	0.057
093400	39.579338	102.986845	249.927687	778.059843	10973.386	-1.057
093420	39.565905	103.035255	249.995658	776.147911	10973.544	-6.987
093440	39.552585	103.083446	249.894194	775.994011	10968.669	-9.648
093500	39.539839	103.129956	250.200458	775.78887	10964.312	-6.489
093520	39.527287	103.175864	250.961527	774.342116	10964.789	-0.767
093540	39.513997	103.224168	250.56064	772.605085	10965.193	0.765
093600	39.500689	103.272176	249.886669	770.105503	10964.969	-0.254
093620	39.487923	103.318021	249.956178	766.760157	10965.017	-0.214
093640	39.474838	103.365074	250.034268	764.344357	10964.841	0.746
093700	39.461972	103.411157	249.992936	764.242924	10965.219	-0.928
093720	39.449724	103.454741	249.996863	765.806872	10965.498	-6.615
093740	39.436863	103.500905	250.002455	765.726379	10961.702	-10.39
093800	39.423604	103.548814	249.999499	766.617011	10957.203	-5.732
093820	39.410557	103.595829	249.999789	770.882619	10957.183	5.9
093840	39.397492	103.642473	250.000106	774.574955	10961.858	9.788
093900	39.384455	103.68886	250.000054	776.242448	10965.286	7.377
093920	39.371362	103.73548	250.000187	776.785899	10964.735	7.175
093940	39.357664	103.783871	249.999029	778.072996	10968.191	12.299
094000	39.344092	103.831662	250.001252	779.101329	10974.495	14.6
094020	39.33111	103.877511	250.002825	778.962565	10979.162	8.048
094040	39.317513	103.925469	249.983442	779.687514	10981.641	0.725
094100	39.303667	103.97414	249.982634	781.379015	10981.115	-4.521
094120	39.290693	104.019546	250.049917	783.006196	10976.781	-8.156
094140	39.27765	104.064912	249.961726	784.137078	10972.68	-7.425
094200	39.263552	104.114181	249.816291	784.822085	10972.768	-1.537
094220	39.250618	104.161486	250.793971	785.10266	10972.974	0.335
094240	39.238558	104.208192	251.858052	783.385691	10973.598	-3.875
094300	39.226204	104.256035	251.847745	781.59312	10971.732	-10.197
094320	39.213416	104.304212	251.0832	781.823143	10965.909	-14.705
094340	39.200779	104.351803	250.896922	783.304439	10960.627	-13.671
094400	39.188377	104.399022	251.028512	784.019585	10956.825	-2.948
094420	39.176053	104.446082	251.005902	782.44722	10957.141	13.156
094440	39.163647	104.49268	250.992599	778.87357	10966.584	19.229
094500	39.151079	104.539458	251.002047	776.605667	10974.752	10.102
094520	39.138184	104.587581	251.000424	776.92993	10973.683	-6.214
094540	39.124804	104.637717	250.999469	776.998214	10968.202	-11.465
094600	39.111936	104.686155	251.000147	777.1842	10964.016	-4.625
094620	39.099911	104.731494	251.00003	778.651807	10964.513	6.571
094640	39.087572	104.777697	250.999962	781.197279	10969.261	13.311
094700	39.0748	104.82522	251.00001	781.717101	10974.734	15.392
094720	39.061777	104.873558	251.000002	779.356373	10979.248	15.165
094740	39.048565	104.922624	251.000001	777.461801	10984.782	12.865
094800	39.035867	104.969578	250.999994	774.819327	10989.154	3.59
094820	39.023745	105.01412	250.999993	771.330408	10988.691	-12.598
094840	39.011154	105.060419	251.000052	770.578181	10981.009	-25.779
094900	38.99841	105.106988	250.999925	771.080165	10969.462	-28.279
094920	38.985832	105.152672	250.999838	770.98827	10959.708	-18.955
094940	38.97286	105.200443	251.00064	771.314766	10956.825	-5.921
095000	38.959679	105.248821	250.99934	772.195422	10958.321	0.12
095020	38.946791	105.295255	250.997868	773.455047	10958.579	-1.481
095040	38.93426	105.341131	251.008837	775.563099	10955.99	10.07
095100	38.921634	105.387557	250.990801	777.164292	10960.074	24.796
095120	38.908578	105.43469	250.966752	777.099504	10975.498	23.496
095140	38.895598	105.481678	251.131456	777.110495	10983.551	11.407
095200	38.882938	105.52775	251.138007	778.330498	10981.244	0.734
095220	38.870526	105.572555	250.415351	780.906168	10978.166	3.72
095240	38.857716	105.618525	250.045822	781.854675	10980.975	7.573
095300	38.844132	105.667285	250.851129	779.493856	10987.911	-3.281
095320	38.830852	105.714609	250.710412	779.635257	10982.483	-14.318
095340	38.817963	105.760538	249.929555	782.407382	10972.097	-13.99
095400	38.804918	105.807494	249.933711	784.043693	10972.139	-3.024
095420	38.791671	105.85497	250.037941	783.057878	10973.536	1.467
095440	38.778426	105.902124	249.994942	782.041679	10972.895	-0.074
095500	38.765361	105.948682	249.995239	783.556028	10972.743	0.5
095520	38.752293	105.995519	250.00273	784.042183	10973.744	-3.088
095540	38.738978	106.042944	249.999632	784.153041	10972.422	-8.57
095600	38.725352	106.090739	249.999617	786.180273	10966.731	-9.125
095620	38.711783	106.138645	250.000156	787.795192	10964.34	-5.247
095640	38.698235	106.1866	250.000004	789.209383	10964.989	0.583
095700	38.684568	106.234345	250.000154	791.954888	10964.419	6.005
095720	38.671334	106.280749	249.999433	794.097806	10967.68	10.86
095740	38.65815	106.327255	250.000316	795.07327	10973.483	15.456
095800	38.644255	106.376052	250.002736	796.074348	10977.497	17.51
095820	38.630182	106.425283	249.992469	798.485536	10984.263	7.825
095840	38.616535	106.472921	250.002117	796.622806	10987.85	-7.593
095900	38.603515	106.518278	250.041519	784.103417	10978.638	-13.094
095920	38.590497	106.563468	249.906465	773.238843	10970.624	-9.66
095940	38.57719	106.609495	249.753252	769.995672	10971.027	-2.99
100000	38.563894	106.655417	250.197708	768.423276	10973.396	0.091
100020	38.550694	106.701009	250.97493	766.088696	10973.218	-0.407
100040	38.537263	106.74742	250.514455	767.366982	10971.83	5.402
100100	38.523604	106.794516	249.886055	769.495055	10974.996	7.038
100120	38.509933	106.841442	249.982359	769.215202	10980.108	0.568
100140	38.496542	106.887206	249.975999	767.309609	10974.723	1.924
100200	38.483656	106.931381	250.086317	765.470197	10975.616	12.197
100220	38.471	106.9753	250.0	764.0	10988.0	17.0
100240	38.457707	107.021235	248.60963	761.698703	10989.662	-0.31
100300	38.443366	107.066514	247.381245	760.57567	10985.042	-14.435
100320	38.428528	107.110494	246.98456	759.842355	10979.396	-14.645
100340	38.413957	107.154727	246.976371	757.226557	10974.039	-9.645
100400	38.399205	107.199526	247.011865	754.406844	10973.115	-7.068
100420	38.384696	107.243239	246.998891	752.938981	10972.681	-8.18
100440	38.370871	107.285077	246.998298	752.983593	10966.974	-8.999
100500	38.355876	107.330215	247.000869	752.688148	10964.01	-4.581
100520	38.340294	107.376917	246.999911	751.9493	10965.133	0.127
100540	38.325972	107.419958	246.999803	751.871153	10965.517	-0.892
100600	38.311942	107.46207	247.000302	752.235231	10963.696	5.021
100620	38.297294	107.5059	246.999863	751.885732	10965.688	15.851
100640	38.281894	107.551902	246.998939	750.323358	10976.335	18.027
100700	38.266555	107.597708	247.003362	750.229085	10982.17	6.335
100720	38.251993	107.641078	246.998163	749.776917	10979.541	-7.892
100740	38.238222	107.681873	246.98309	746.181739	10974.659	-9.26
100800	38.223869	107.724517	247.040039	745.201907	10972.478	-4.428
100820	38.2088	107.7693	247.0	747.0	10973.0	-0.0
100840	38.19404	107.812687	246.781849	746.175562	10972.855	1.423
100900	38.17932	107.855636	247.625251	743.751665	10973.586	-3.055
100920	38.165	107.899	249.0	742.0	10973.0	-8.0
100940	38.151969	107.942383	249.073841	741.971569	10967.182	-3.701
101000	38.139407	107.985549	249.149859	741.673462	10964.999	3.084
101020	38.126673	108.028673	249.782495	740.50561	10969.252	6.444
101040	38.11375	108.072297	249.955002	740.039007	10973.33	5.582
101100	38.100664	108.116582	249.250776	741.23302	10973.313	1.475
101120	38.087467	108.160802	248.883154	743.246297	10972.972	-1.107
101140	38.073916	108.205919	249.011101	745.166714	10972.933	0.332
101200	38.059977	108.252637	249.019104	746.511291	10972.307	4.952
101220	38.046831	108.296954	248.991261	747.544159	10975.311	8.671
101240	38.0344	108.3389	249.0	748.0	10980.0	8.0
101300	38.02152	108.382144	249.001501	747.401002	10980.469	2.445
101320	38.007906	108.427565	248.999406	746.745964	10979.845	-0.971
101340	37.9941	108.4733	249.0	747.0	10980.0	0.0
101400	37.980908	108.516716	249.000108	747.741321	10979.836	0.944
101420	37.967835	108.560008	248.999957	744.91492	10980.489	-2.362
101440	37.9547	108.6038	249.0	740.0	10980.0	-8.0
101500	37.94176	108.646756	249.000008	738.829346	10975.156	-9.379
101520	37.928484	108.690784	248.999997	739.02534	10972.227	-5.431
101540	37.914876	108.735868	249.0	738.985431	10972.959	-0.162
101600	37.901508	108.779851	249.000001	739.374689	10973.128	0.634
101620	37.888194	108.823468	249.0	738.016572	10972.994	-0.364
101640	37.874951	108.866863	249.0	735.11652	10973.011	-0.062
101700	37.86212	108.908989	248.999999	733.886931	10972.724	1.071
101720	37.849292	108.950983	249.000002	734.349718	10973.641	-2.549
101740	37.836253	108.993564	249.000001	735.000409	10973.198	-7.939
101800	37.823179	109.036393	248.999986	734.373943	10966.979	-4.241
101820	37.809858	109.079886	249.000033	733.976928	10966.114	3.177
101840	37.796322	109.12384	249.000027	734.073738	10972.326	6.988
101900	37.782955	109.167241	248.999794	732.963363	10973.711	4.216
101920	37.769741	109.21015	249.000294	731.755755	10973.093	-1.832
101940	37.756543	109.252941	249.000459	731.834133	10973.421	-7.141
102000	37.743319	109.295736	248.997311	733.014202	10968.99	-10.027
102020	37.730172	109.338351	249.004075	734.343972	10963.926	-5.546
102040	37.717035	109.381003	249.007659	734.976121	10964.069	5.048
102100	37.703527	109.424608	248.962714	734.855253	10969.291	9.013
102120	37.689888	109.468393	249.03642	735.185923	10973.273	7.775
102140	37.676435	109.51143	249.116743	736.625644	10972.679	7.751
102200	37.662968	109.554325	248.415238	737.379289	10976.066	8.625
102220	37.649831	109.596214	248.065143	736.78396	10980.458	7.4
102240	37.637099	109.637001	248.886105	735.412147	10980.196	2.218
102300	37.623582	109.680095	248.604463	734.603211	10980.418	-3.874
102320	37.609779	109.724055	248.01251	735.193022	10979.52	-7.176
102340	37.596618	109.76619	248.767741	736.718982	10974.553	-6.412
102400	37.582951	109.809681	248.817861	736.609311	10972.911	-6.247
102420	37.568654	109.85485	248.061159	735.206291	10973.818	-7.165
102440	37.554735	109.898874	248.415779	735.469854	10969.028	-5.285
102500	37.541294	109.941452	248.992145	737.283773	10965.108	1.299
102520	37.52786	109.9839	248.260431	738.756376	10970.771	8.352
102540	37.514144	110.02707	247.857793	739.112652	10974.934	1.633
102600	37.500206	110.070889	248.019288	740.398611	10972.169	-8.71
102620	37.486305	110.11467	248.020648	743.982518	10965.992	-4.51
102640	37.472616	110.157734	247.989696	745.301291	10966.747	7.579
102700	37.458915	110.200747	248.000966	745.060166	10973.687	15.169
102720	37.445026	110.244302	248.001504	746.562942	10978.848	10.397
102740	37.431718	110.285963	247.999153	746.82269	10980.749	2.588
102800	37.418579	110.326985	247.999958	745.103614	10980.076	-0.088
102820	37.404479	110.370845	248.00016	743.091985	10978.89	4.573
102840	37.389828	110.416077	247.999949	741.332068	10982.097	6.877
102900	37.375403	110.460414	247.99999	739.385053	10987.689	1.271
102920	37.361719	110.502798	248.000017	736.376029	10985.721	-7.778
102940	37.348356	110.544378	247.999999	733.837302	10979.418	-14.375
103000	37.33469	110.586738	247.999998	732.756508	10974.75	-15.203
103020	37.320619	110.630121	248.000001	730.003934	10969.997	-15.107
103040	37.306877	110.672366	248.0	726.806034	10964.441	-14.871
103100	37.293993	110.712007	248.000002	726.592636	10959.429	-11.132
103120	37.280315	110.75411	247.999995	727.70027	10956.854	-1.561
103140	37.26599	110.798123	248.000003	729.172751	10958.375	7.525
103200	37.252304	110.840009	248.000028	731.085237	10963.318	8.106
103220	37.238875	110.881061	247.999934	732.772581	10965.197	6.325
103240	37.2251	110.9232	248.0	734.0	10965.0	8.0
103300	37.210775	110.967041	248.000357	734.89224	10969.682	13.542
103320	37.196852	111.009665	247.999088	734.779512	10976.057	14.063
103340	37.183472	111.050552	247.999746	734.025955	10979.92	8.3
103400	37.169812	111.09207	248.005045	733.894609	10979.979	3.085
103420	37.155695	111.134722	247.98809	734.070371	10980.753	-3.148
103440	37.141373	111.177867	247.976701	734.08013	10981.699	-10.51
103500	37.127333	111.220302	248.055375	733.849276	10975.196	-14.605
103520	37.113407	111.262465	248.013653	733.964672	10965.321	-13.216
103540	37.099052	111.305705	247.530314	735.256562	10963.361	-6.947
103600	37.084693	111.348823	246.97981	737.087935	10965.033	0.312
103620	37.070725	111.39078	246.85713	738.898127	10964.614	5.541
103640	37.056526	111.433495	247.338576	741.760273	10966.998	11.522
103700	37.0423	111.4763	248.0	745.0	10973.0	15.0
103720	37.028676	111.5172	248.133507	746.672997	10978.333	9.75
103740	37.014376	111.560021	247.773712	747.136794	10980.792	3.099
103800	36.999195	111.605386	247.241144	747.090774	10980.586	0.17
103820	36.984484	111.649239	246.947609	746.977742	10979.776	0.335
103840	36.970587	111.690533	246.985503	746.993861	10979.838	0.513
103900	36.95642	111.732519	247.013936	747.005783	10980.76	-4.238
103920	36.941961	111.775362	246.996624	746.99878	10978.845	-8.797
103940	36.927628	111.817835	246.998934	746.999885	10973.726	-7.739
104000	36.913599	111.859277	247.001183	746.998404	10972.246	-3.201
104020	36.899417	111.901258	246.999777	747.001855	10973.114	0.41
104040	36.884681	111.94504	246.999757	747.006104	10973.048	0.369
104100	36.869738	111.989082	247.000596	746.974603	10973.074	-0.713
104120	36.854979	112.032379	246.999448	747.026406	10972.878	0.625
104140	36.840529	112.07488	246.998249	747.08538	10972.584	5.986
104200	36.826032	112.117402	247.007229	746.442763	10975.455	12.485
104220	36.81135	112.160316	246.992493	744.477748	10981.277	14.848
104240	36.796545	112.203582	246.97573	741.133222	10986.961	10.141
104300	36.781775	112.246882	247.100616	737.398897	10988.696	2.271
104320	36.767365	112.288772	246.895449	734.569329	10987.81	-11.562
104340	36.753296	112.329409	246.661973	732.747721	10983.633	-27.743
104400	36.738881	112.372952	248.604782	729.651206	10967.782	-22.205
104420	36.725821	112.415142	249.377164	727.123591	10962.355	-6.899
104440	36.713392	112.456344	248.906877	725.531078	10965.653	1.226
104500	36.700287	112.498967	248.963991	724.194407	10965.253	0.472
104520	36.687274	112.541074	249.028158	723.856555	10964.798	-0.36
104540	36.674351	112.582922	248.994195	724.027004	10965.046	0.063
104600	36.661268	112.625306	248.997422	724.006458	10965.03	0.004
104620	36.648245	112.667525	249.002023	724.022982	10964.929	0.119
104640	36.635241	112.709476	248.999582	723.959495	10965.075	-0.181
104700	36.622338	112.750888	248.999812	723.9049	10965.164	-0.417
104720	36.610011	112.790772	249.000161	724.693765	10964.171	2.851
104740	36.597441	112.831394	248.999982	726.262831	10965.592	7.613
104800	36.583964	112.874423	248.999991	728.216699	10971.377	9.066
104820	36.570956	112.916004	248.999975	730.530302	10974.015	3.872
104840	36.558123	112.957126	249.000027	732.122196	10972.751	0.136
104900	36.544556	113.000485	249.000138	732.110531	10972.235	5.827
104920	36.53115	113.04343	248.999497	731.953567	10976.013	9.788
104940	36.518026	113.085385	249.000401	731.992909	10980.359	7.278
105000	36.504765	113.127424	249.001939	731.931293	10980.328	1.503
105020	36.491432	113.169723	248.99299	732.273752	10979.851	-0.955
105040	36.478102	113.212168	249.00559	731.775526	10979.989	0.248
105100	36.464775	113.254536	249.027006	729.575684	10979.848	0.795
105120	36.451402	113.296612	248.902364	728.753629	10980.624	-3.231
105140	36.438125	113.338615	249.07786	728.984461	10979.486	-8.571
105200	36.424932	113.380559	249.376148	728.75939	10974.391	-9.143
105220	36.411089	113.421394	247.314631	730.235833	10972.255	-4.405
105240	36.396058	113.462643	244.788454	732.165921	10973.099	0.393
105300	36.380006	113.505857	244.800848	732.17256	10973.094	0.37
105320	36.364277	113.548063	245.114322	731.839145	10972.946	-0.213
105340	36.349423	113.587809	244.984494	732.070498	10973.007	0.029
105400	36.335012	113.62616	244.983401	732.323203	10973.008	0.031
105420	36.319896	113.666469	245.008283	730.838157	10972.996	-0.015
105440	36.304247	113.708361	244.999224	728.890286	10973.0	0.001
105500	36.288917	113.749392	244.998794	728.843721	10973.001	0.002
105520	36.273555	113.790241	245.000664	729.039806	10973.0	-0.001
105540	36.258174	113.830937	244.999906	729.017069	10973.0	0.0
105600	36.242928	113.871304	244.999609	729.187977	10973.0	0.001
105620	36.227124	113.913151	245.001019	728.239124	10973.0	-0.002
105640	36.211377	113.954707	244.999462	726.925565	10973.0	0.001
105700	36.196627	113.993465	244.995731	726.893734	10972.999	0.006
105720	36.1815	114.03351	245.013608	727.027924	10973.004	-0.02
105740	36.165718	114.075381	244.992564	727.011065	10972.998	0.011
105800	36.150009	114.116688	244.940624	727.123404	10972.982	0.087
105820	36.134553	114.15734	245.189498	726.519814	10973.058	-0.276
105840	36.118902	114.198238	244.895248	726.018684	10972.968	0.151
105900	36.102349	114.239355	242.595517	727.569922	10972.747	1.206
105920	36.084454	114.277111	237.920153	732.03353	10973.655	-4.578
105940	36.063201	114.313721	232.116948	737.965541	10970.22	-11.819
110000	36.0395	114.349328	228.737117	742.769576	10964.298	-6.35
110020	36.015726	114.382093	229.020216	745.140066	10965.394	9.032
110040	35.98984	114.417941	228.431052	745.525805	10970.7	10.174
110100	35.964141	114.453677	227.865782	744.232195	10973.675	4.332
110120	35.939712	114.487521	227.992279	742.1012	10973.036	0.119
110140	35.915366	114.521218	228.027481	740.480686	10972.917	-0.588
110200	35.890854	114.554989	227.990009	739.842786	10972.921	0.592
110220	35.866341	114.588644	227.998841	739.971563	10972.93	0.28
110240	35.841996	114.62218	228.002119	740.162843	10973.791	-4.535
110300	35.817398	114.655972	227.999337	739.705656	10971.259	-9.672
110320	35.792645	114.689767	227.999917	739.011842	10965.456	-8.677
110340	35.768421	114.722813	228.000146	739.496025	10963.457	1.829
110400	35.743621	114.756897	227.999964	740.202163	10967.078	10.003
110420	35.718519	114.79157	228.000002	740.065625	10972.65	8.495
110440	35.695137	114.823608	227.999928	739.437507	10973.646	2.682
110500	35.671068	114.856469	228.000162	741.166698	10972.778	-0.639
110520	35.645433	114.891535	228.000108	744.760834	10972.96	-0.054
110540	35.62077	114.925272	227.998846	745.485072	10973.212	-0.184
110600	35.596581	114.958446	228.002301	744.746429	10972.653	0.782
110620	35.571498	114.992769	228.001503	744.90457	10972.781	6.942
110640	35.545035	115.028553	227.98391	746.305505	10976.839	10.96
110700	35.519687	115.063015	228.032045	747.110562	10981.25	-53.652
110720	35.49592	115.095445	228.02094	746.971886	10962.834	-179.844
110740	35.470883	115.128575	227.624421	747.718892	10886.883	-258.741
110800	35.444993	115.162146	227.107878	747.633135	10777.025	-284.744
110820	35.419684	115.194969	226.898398	744.026003	10673.665	-288.417
110840	35.394594	115.227623	226.964191	737.185168	10582.426	-286.454
110900	35.368532	115.261447	227.017963	729.371134	10489.18	-287.062
110920	35.343831	115.293565	226.997837	726.103786	10391.153	-293.986
110940	35.321236	115.323106	227.003566	733.167508	10291.942	-302.37
111000	35.293923	115.358444	227.029442	746.377369	10190.3	-298.831
111020	35.267595	115.392569	226.902653	751.214859	10090.998	-288.562
111040	35.2438	115.4235	227.0	747.0	9997.0	-282.0
111100	35.219247	115.455235	227.751578	743.073577	9906.158	-287.731
111120	35.192833	115.489392	228.093868	741.098183	9806.853	-302.091
111140	35.16632	115.523759	227.845827	745.19237	9701.248	-306.632
111200	35.140702	115.55691	227.387903	755.987345	9598.583	-298.899
111220	35.114405	115.590714	226.695408	767.081598	9502.408	-301.409
111240	35.086965	115.625771	226.038163	775.2892	9405.517	-306.23
111300	35.059501	115.660836	225.928875	781.78526	9295.354	-275.334
111320	35.033144	115.694567	226.026213	786.826947	9202.593	-226.631
111340	35.007385	115.727565	226.014374	789.74081	9143.011	-182.146
111400	34.979803	115.762725	225.994264	789.314742	9094.447	-143.523
111420	34.951426	115.798743	226.000184	786.886092	9051.121	-112.696
111440	34.924949	115.832346	225.998882	785.311096	9019.466	-93.814
111500	34.898189	115.866362	226.005553	784.891103	8991.339	-92.783
111520	34.870521	115.901553	225.99833	785.003907	8959.238	-99.104
111540	34.843313	115.936095	225.970632	784.987133	8922.753	-94.818
111600	34.816762	115.969657	226.083475	785.081038	8893.233	-86.861
111620	34.789925	116.003539	225.976431	784.975089	8868.643	-84.071
111640	34.762015	116.038935	225.589962	783.533762	8838.107	-87.745
111700	34.735322	116.072919	227.229393	779.341989	8807.996	-85.297
111720	34.710939	116.104041	227.451014	776.138406	8780.975	-84.116
111740	34.684555	116.137643	225.629358	776.036414	8752.651	-89.515
111800	34.654355	116.175971	225.923724	776.020234	8721.637	-90.97
111820	34.627323	116.210319	226.092201	775.876114	8691.398	-91.025
111840	34.601858	116.242689	225.980585	776.220915	8661.395	-91.008
111900	34.575235	116.276482	226.002171	776.948942	8630.629	-91.017
111920	34.548365	116.310557	225.949254	776.74169	8599.878	-90.86
111940	34.521482	116.344637	226.098832	775.454242	8569.316	-91.248
112000	34.494684	116.378422	226.106667	774.090956	8538.645	-91.264
112020	34.468331	116.411312	225.19736	773.722435	8507.792	-88.111
112040	34.442125	116.445535	227.525642	769.925059	8479.668	-85.557
112100	34.417351	116.483862	234.529833	762.717049	8451.973	-87.913
112120	34.399506	116.519583	241.576675	756.033864	8420.199	-91.367
112140	34.384785	116.555045	244.48358	753.871254	8394.809	-120.517
112200	34.364182	116.604925	243.069905	752.695322	8355.382	-194.386
112220	34.346963	116.646544	242.664395	728.727664	8263.013	-256.834
112240	34.331667	116.683653	243.347948	720.114863	8167.752	-321.958
112300	34.315803	116.722608	243.98171	738.114236	8068.633	-427.008
112320	34.299702	116.762815	244.074659	748.386156	7895.138	-586.182
112340	34.283765	116.802487	243.950695	745.096827	7662.853	-703.398
112400	34.267723	116.842156	243.990364	735.441758	7411.411	-738.366
112420	34.250979	116.883843	244.173278	729.006785	7168.309	-742.938
112440	34.234779	116.923198	243.645776	725.686713	6918.348	-732.751
112500	34.219824	116.960457	244.786646	721.341566	6671.345	-705.921
112520	34.2062	117.0007	250.747496	713.340159	6457.818	-667.235
112540	34.195543	117.039628	253.013639	709.031228	6229.334	-662.172
112600	34.184396	117.080092	252.828048	705.487885	6007.336	-668.142
112620	34.172058	117.121725	252.292549	700.175818	5793.662	-668.432
112640	34.160662	117.160444	251.359192	693.452139	5561.783	-664.788
112700	34.14922	117.199734	250.922937	683.566014	5345.637	-629.672
112720	34.137718	117.239042	251.110169	675.256525	5148.287	-601.854
112740	34.126966	117.275815	251.074518	671.641859	4941.743	-615.467
112800	34.115892	117.313462	250.478195	667.542381	4733.163	-626.668
112820	34.10446	117.352119	249.870358	660.55062	4524.208	-622.175
112840	34.093119	117.390403	249.901538	651.637842	4316.057	-614.339
112900	34.082237	117.427207	250.608179	645.101966	4113.204	-618.611
112920	34.071713	117.462933	251.091687	644.586804	3913.344	-544.816
112940	34.061123	117.498922	250.834492	640.296225	3738.289	-404.268
113000	34.050285	117.535552	250.099192	618.946245	3620.545	-286.502
113020	34.039691	117.571106	249.338534	585.579488	3555.747	-174.806
113040	34.030628	117.602017	251.1698	552.979645	3507.434	-245.398
113100	34.021874	117.631295	250.765573	532.923045	3407.473	-420.761
113120	34.012516	117.662625	249.338746	526.248416	3240.079	-473.617
113140	34.0061	117.6915	261.0	525.0	3078.0	-501.0
113200	34.002833	117.723993	264.21272	524.802057	2909.666	-532.485
113220	33.999937	117.755932	263.303596	526.406545	2719.448	-504.922
113240	33.996739	117.786635	262.951284	524.666359	2555.714	-450.725
113300	33.993608	117.817613	262.984932	516.765288	2434.32	-416.723
113320	33.990629	117.848373	263.014501	509.113968	2286.906	-387.439
113340	33.987732	117.878611	262.996502	507.350422	2153.575	-356.903
113400	33.9848	117.908504	262.998918	511.92597	2062.202	-346.078
113420	33.981754	117.938739	263.001041	516.229009	1940.921	-391.775
113440	33.978687	117.970033	262.999749	516.543545	1789.75	-401.881
113500	33.975692	118.001818	262.999922	509.675625	1652.135	-312.694
113520	33.972745	118.031733	263.000074	491.759711	1573.902	-207.433
113540	33.969829	118.059983	262.999982	467.723205	1537.74	-166.793
113600	33.967027	118.087614	262.999995	453.34048	1483.409	-241.172
113620	33.964483	118.114875	263.000001	464.449807	1348.718	-405.93
113640	33.961834	118.141244	263.0	451.277458	1208.687	-436.116
113700	33.95924	118.166705	263.0	436.191333	1061.984	-412.754
113720	33.956761	118.191466	263.0	422.708602	920.777	-384.712
113740	33.954295	118.215892	263.0	400.310393	806.351	-341.534
113800	33.951828	118.240401	263.0	381.171915	699.977	-323.679
113820	33.949554	118.263208	263.0	359.294957	592.417	-331.706
113840	33.947577	118.283069	263.0	327.188052	480.296	-308.708
113900	33.945724	118.30116	263.0	291.926582	369.964	-179.381
113920	33.944003	118.317483	263.0	271.659413	340.869	-188.154
113940	33.942426	118.332633	263.0	266.183142	414.083	-316.411
114000	33.940897	118.347742	263.0	262.362476	455.405	-349.7
114020	33.939343	118.363189	263.0	259.229345	315.583	-314.956
