062557	40.6458	73.8101	303.0	311.0	213.0	0.0
062617	40.652378	73.828066	285.063812	300.537245	467.053	553.509
062637	40.649062	73.846687	244.2187	323.971225	579.419	271.283
062657	40.637221	73.864555	222.897311	385.414411	649.845	292.977
062717	40.6223	73.8821	219.0	425.0	808.0	686.0
062737	40.599222	73.889433	174.887773	462.619394	1077.684	746.704
062757	40.580104	73.870099	125.547762	521.724782	1305.801	673.393
062817	40.575571	73.836035	86.230216	546.934609	1527.229	744.921
062837	40.581335	73.800566	77.617733	551.405708	1801.592	895.528
062857	40.585928	73.768214	78.850781	538.887048	2124.164	833.475
062917	40.592184	73.732052	75.951018	553.915933	2358.625	683.549
062937	40.598987	73.695449	77.950237	572.095435	2585.102	557.228
062957	40.611448	73.660714	58.365471	576.218761	2721.556	520.728
063017	40.629463	73.632346	47.138518	575.687105	2926.793	654.391
063037	40.649505	73.60563	47.727309	580.411186	3165.741	709.083
063057	40.670381	73.578497	44.899483	588.243988	3384.963	667.124
063117	40.691826	73.551561	35.625289	595.679259	3593.626	650.085
063137	40.714173	73.523387	57.826285	607.527135	3820.882	676.829
063157	40.737124	73.49585	51.890544	609.072613	4049.36	622.937
063217	40.760687	73.477779	30.447762	576.547162	4204.679	366.173
063237	40.788977	73.476955	391.844597	573.728509	4302.358	337.812
063257	40.818458	73.478197	345.080706	590.823819	4433.94	426.633
063317	40.845215	73.486836	342.048786	571.204049	4582.105	377.734
063337	40.869053	73.50679	321.037964	564.726712	4687.914	293.089
063357	40.891197	73.531226	317.452506	582.564714	4779.204	302.057
063417	40.913552	73.559905	317.131423	602.908072	4890.847	372.088
063437	40.938079	73.588982	319.989629	627.939925	5016.058	482.207
063457	40.962083	73.61426	320.027503	642.387066	5184.243	549.275
063517	40.985756	73.640275	321.453038	646.171529	5407.734	492.352
063537	41.010958	73.66749	322.058257	656.45638	5566.184	410.149
063557	41.038212	73.69559	321.555248	676.264329	5653.876	386.758
063617	41.066525	73.724397	322.566696	692.740926	5791.039	457.925
063637	41.092311	73.752428	319.45255	684.470968	5998.837	602.238
063657	41.110588	73.782793	300.635997	635.686512	6199.796	638.902
063717	41.123125	73.82508	282.644748	595.686295	6432.294	422.685
063737	41.129384	73.862616	279.746654	600.119371	6554.006	274.411
063757	41.134253	73.899166	281.685874	621.724765	6599.082	213.311
063817	41.140556	73.939098	281.999342	638.416398	6641.454	232.466
063837	41.147683	73.982464	282.048846	645.590561	6745.106	336.392
063857	41.154675	74.02565	281.875451	647.718331	6883.592	429.636
063917	41.16136	74.066956	281.961079	647.147965	7033.08	471.311
063937	41.168111	74.107776	282.389385	641.460167	7199.26	502.725
063957	41.173487	74.148488	277.391245	630.534739	7371.678	502.932
064017	41.17699	74.189757	275.430466	624.222666	7535.95	445.433
064037	41.180164	74.232922	277.227612	625.212818	7680.894	362.727
064057	41.183902	74.274947	278.050775	628.698123	7790.032	281.08
064117	41.187982	74.313626	277.438446	632.476641	7860.331	218.497
064137	41.191427	74.35459	276.012919	639.032394	7925.665	206.218
064157	41.194892	74.400168	276.286309	648.655429	7995.51	166.086
064217	41.196111	74.440295	267.703125	644.398288	8036.875	139.435
064237	41.189265	74.481748	251.241215	641.407769	8090.816	168.166
064257	41.17398	74.520862	238.908013	649.016093	8148.421	174.697
064317	41.156235	74.559286	238.033166	652.754482	8206.26	196.371
064337	41.139446	74.594792	237.951317	654.868248	8270.613	244.946
064357	41.122693	74.630657	238.48442	654.168331	8365.82	298.453
064417	41.105264	74.668428	239.071765	651.104595	8479.343	320.639
064437	41.087673	74.706806	239.012998	647.635649	8586.389	337.006
064457	41.071752	74.742117	239.085435	644.76679	8687.496	476.701
064517	41.056355	74.776128	238.855802	630.353365	8868.112	641.839
064537	41.040131	74.811149	238.09639	600.803989	9152.59	673.038
064557	41.024388	74.844965	238.211672	580.191735	9377.128	538.242
064617	41.009738	74.876623	239.338582	576.561382	9477.717	265.402
064637	40.994841	74.908675	240.053325	584.202433	9503.899	55.567
064657	40.979148	74.944099	241.342033	592.990136	9535.441	79.277
064717	40.966586	74.980017	247.970094	597.859522	9562.844	90.638
064737	40.957106	75.016801	252.732245	602.319848	9592.295	79.756
064757	40.948859	75.054599	254.295653	608.258445	9621.083	90.365
064817	40.940422	75.092799	254.85398	615.219984	9648.639	127.563
064837	40.931594	75.131352	253.260974	620.752951	9695.448	189.805
064857	40.922577	75.170191	252.756324	618.219284	9770.942	277.18
064917	40.913453	75.20922	253.054281	610.637096	9882.467	326.754
064937	40.904349	75.247898	253.004107	604.218947	10007.644	292.417
064957	40.895503	75.285416	252.985321	602.445918	10089.602	212.081
065017	40.886763	75.323069	253.005459	606.557882	10139.507	158.872
065037	40.877855	75.361565	253.000398	611.891881	10185.395	152.026
065057	40.86866	75.400171	252.996872	610.906968	10242.611	146.384
065117	40.859791	75.437971	253.005056	610.577057	10291.035	125.221
065137	40.851147	75.475851	253.001461	615.650799	10323.462	92.626
065157	40.841881	75.515826	252.970891	622.196702	10352.949	61.246
065217	40.832543	75.555532	253.060737	620.962008	10365.263	24.053
065237	40.82341	75.594015	252.873057	615.046144	10362.405	-3.588
065257	40.814086	75.632856	252.131235	614.778443	10362.727	-1.56
065317	40.804426	75.672488	251.921652	615.124931	10363.256	1.056
065337	40.79485	75.71163	251.989466	615.041103	10362.893	-0.004
065357	40.785734	75.749176	251.937791	615.162393	10362.836	0.459
065417	40.776815	75.786001	252.465223	613.767484	10363.718	-3.695
065437	40.767668	75.8237	253.11373	611.432076	10362.067	-8.911
065457	40.758225	75.862475	253.113576	610.008946	10356.928	-8.899
065517	40.749096	75.899853	252.466474	610.869838	10355.299	-3.791
065537	40.739979	75.937576	251.936093	612.193146	10356.143	0.589
065557	40.730427	75.97747	251.985607	612.110996	10356.06	0.29
065617	40.72072	76.017146	251.940407	611.785253	10355.971	-0.373
065637	40.711294	76.055427	252.102679	612.221037	10355.983	0.262
065657	40.702205	76.092783	252.24048	614.179253	10355.943	0.516
065717	40.692846	76.130856	250.824218	618.123701	10356.294	-2.43
065737	40.683866	76.168776	253.545877	621.648943	10355.656	3.227
065757	40.677085	76.210332	261.308177	624.587215	10358.944	23.688
065817	40.674502	76.248644	268.178891	627.797919	10369.219	16.798
065837	40.675695	76.288406	275.404248	635.203709	10371.921	1.514
065857	40.680137	76.33232	279.945073	641.854304	10370.285	-0.073
065917	40.686648	76.374189	280.996355	643.606463	10370.513	0.663
065937	40.692981	76.415154	280.989314	645.032997	10371.815	-2.842
065957	40.698913	76.456978	281.000998	647.197815	10370.612	-8.402
070017	40.705279	76.500262	281.001525	648.666533	10364.844	-9.248
070037	40.711413	76.541626	280.999242	649.298997	10362.16	-4.756
070057	40.717297	76.581663	281.000067	650.143624	10363.074	0.305
070117	40.723414	76.623246	281.00007	651.768418	10363.074	0.638
070137	40.729628	76.665327	281.000082	651.447648	10363.107	-0.954
070157	40.735837	76.707461	281.000155	650.029008	10363.191	-0.834
070217	40.742048	76.750142	280.999385	651.024666	10362.252	3.533
070237	40.748232	76.792759	281.000635	651.871521	10363.789	8.805
070257	40.754364	76.834664	281.002051	649.653712	10369.582	9.289
070317	40.76049	76.876575	280.9915	648.181714	10372.245	2.149
070337	40.766628	76.919056	281.008832	646.424203	10370.409	-10.849
070357	40.772662	76.961385	281.028554	643.800743	10365.422	-20.61
070417	40.778334	77.001085	280.967275	646.648211	10356.65	-11.388
070437	40.784197	77.041341	281.724074	647.686076	10354.914	-1.945
070457	40.790454	77.084759	281.828319	646.537193	10356.369	0.587
070517	40.796701	77.12889	281.022022	646.908885	10356.015	0.059
070537	40.802416	77.169138	281.04305	649.912657	10356.065	-0.736
070557	40.8081	77.209626	280.679558	653.505625	10355.703	1.684
070617	40.814095	77.252542	279.99749	655.021313	10355.902	7.669
070637	40.820223	77.29545	280.710912	653.938641	10359.789	13.527
070657	40.82635	77.338345	280.789497	657.911558	10365.739	14.62
070717	40.8324	77.381447	280.006835	664.855787	10370.819	8.492
070737	40.838377	77.424492	280.615907	663.134137	10372.376	-2.648
070757	40.844467	77.467925	280.971302	660.426637	10368.611	-7.872
070817	40.850659	77.511554	280.256455	662.040678	10363.326	-3.169
070837	40.856683	77.554329	279.880819	664.05138	10365.586	4.639
070857	40.862595	77.597029	280.011122	665.086301	10371.327	7.901
070917	40.868563	77.640647	280.016906	665.428159	10371.368	2.756
070937	40.874307	77.682818	279.991889	663.543935	10371.256	-3.372
070957	40.879979	77.724449	280.000555	660.795282	10370.737	-8.593
071017	40.885913	77.767887	279.99927	659.92335	10365.599	-14.152
071037	40.891835	77.811015	280.005621	660.339715	10359.456	-13.644
071057	40.897687	77.853707	279.996649	661.063358	10355.812	-7.283
071117	40.903532	77.896817	279.972875	661.267037	10355.667	-1.19
071137	40.909092	77.937974	280.086806	660.300072	10356.321	0.014
071157	40.914684	77.97981	279.952241	661.371724	10355.887	0.274
071217	40.920646	78.025715	279.226605	666.695166	10355.182	5.696
071237	40.925968	78.069057	278.914679	667.581042	10359.05	9.913
071257	40.930937	78.110629	279.022826	665.847398	10364.011	5.377
071317	40.936314	78.154276	279.006713	667.515576	10363.677	-6.205
071337	40.941685	78.197406	278.995658	669.713757	10359.065	-10.63
071357	40.946997	78.240783	278.997832	671.526679	10355.362	-5.814
071417	40.952398	78.285638	278.994495	673.508325	10355.697	5.194
071437	40.957961	78.330869	279.034802	676.260965	10358.001	19.223
071457	40.963389	78.374882	278.946825	678.486105	10366.616	21.201
071517	40.968495	78.417137	278.916212	678.398012	10377.547	4.283
071537	40.973547	78.459147	279.643269	675.347159	10371.681	-15.574
071557	40.978818	78.502941	279.921712	672.374791	10360.586	-23.312
071617	40.984311	78.548626	279.129068	671.260582	10356.765	-16.627
071637	40.989639	78.593154	278.878222	669.399556	10351.395	-10.531
071657	40.994689	78.63586	279.029144	667.624967	10347.498	-6.875
071717	40.999668	78.678404	279.008669	667.717096	10348.026	-1.529
071737	41.004979	78.723487	278.993766	669.745878	10346.869	7.697
071757	41.010224	78.767762	278.998303	671.158742	10350.072	17.813
071817	41.015183	78.809417	278.994662	670.943503	10360.893	23.096
071837	41.020429	78.853048	279.034508	672.002148	10368.944	18.154
071857	41.025601	78.896953	278.954003	673.185365	10371.096	6.036
071917	41.030733	78.941853	279.366573	672.215256	10371.405	-4.168
071937	41.036003	78.988013	279.999186	671.006028	10370.652	-8.263
071957	41.040782	79.02982	279.302245	672.395045	10364.919	-9.086
072017	41.045722	79.072221	278.863053	673.29808	10362.075	-4.666
072037	41.050916	79.116531	279.009953	672.964956	10363.107	0.205
072057	41.05599	79.160575	278.993093	672.890375	10363.321	-0.232
072117	41.061024	79.204793	279.077121	673.241339	10362.316	2.442
072137	41.066112	79.249361	278.952895	672.876688	10363.348	8.537
072157	41.071214	79.293723	278.225652	671.24354	10368.875	10.218
072217	41.076087	79.337053	277.920647	671.616667	10372.712	1.219
072237	41.080891	79.380408	277.994281	673.058598	10370.45	-8.348
072257	41.085868	79.424801	277.888992	672.070588	10363.99	-3.913
072317	41.090565	79.467112	278.459942	668.928005	10365.12	5.53
072337	41.095304	79.509915	278.991339	665.768865	10371.452	7.536
072357	41.100573	79.556692	278.291946	664.799511	10372.187	-3.128
072417	41.105372	79.599572	277.862535	665.679403	10368.243	-13.074
072437	41.109873	79.6404	278.01306	665.881527	10362.402	-14.793
072457	41.114901	79.686095	278.022475	663.659594	10357.284	-9.744
072517	41.119915	79.731729	277.989718	663.24598	10355.614	-4.332
072537	41.1246	79.7749	278.0	665.0	10356.0	0.0
072557	41.129112	79.81735	278.001766	665.819543	10355.361	5.593
072617	41.133753	79.86059	277.999301	666.286349	10358.066	9.445
072637	41.1385	79.9047	278.0	668.0	10363.0	8.0
072657	41.143094	79.948703	278.000129	671.571359	10363.744	1.513
072717	41.147759	79.992733	277.999945	673.607335	10362.21	1.534
072737	41.1525	80.0363	278.0	674.0	10363.0	8.0
072757	41.157062	80.078561	278.000037	675.549851	10368.648	9.362
072817	41.16154	80.120878	277.999926	675.697824	10371.683	5.802
072837	41.1661	80.1646	278.0	674.0	10371.0	-0.0
072857	41.170795	80.209786	278.000389	673.015445	10371.697	-5.856
072917	41.17533	80.253821	277.999019	673.273307	10368.617	-9.199
072937	41.1798	80.2974	278.0	674.0	10363.0	-8.0
072957	41.184586	80.34361	278.005402	674.073781	10362.376	-2.458
073017	41.189352	80.389381	277.985174	673.981333	10363.331	1.148
073037	41.193907	80.433221	277.968337	674.027113	10363.204	0.708
073057	41.198397	80.4768	278.044647	673.930996	10362.943	-0.197
073117	41.20286	80.520402	278.027587	673.953633	10362.993	-0.025
073137	41.207229	80.563017	277.708099	674.930909	10363.013	0.046
073157	41.211739	80.607121	278.580206	676.842461	10362.997	-0.016
073217	41.216353	80.652976	278.379021	678.0463	10363.0	-0.003
073237	41.219854	80.69728	271.523964	676.441217	10362.998	0.01
073257	41.217905	80.741204	264.233152	676.106203	10363.014	-0.051
073317	41.21156	80.785321	260.367084	677.691454	10363.011	-0.037
073337	41.205265	80.82903	259.633573	678.762125	10362.942	0.198
073357	41.199567	80.872969	260.081691	679.02772	10363.069	-0.233
073417	41.193691	80.91774	260.053484	679.018042	10363.154	-0.52
073437	41.187734	80.962744	259.870921	678.831827	10362.255	3.516
073457	41.182009	81.007067	260.142373	677.471845	10363.987	9.237
073517	41.17646	81.050861	260.879468	674.674276	10369.767	9.667
073537	41.170545	81.095979	261.43554	672.318594	10372.485	-1.368
073557	41.166574	81.139811	265.657237	669.659623	10368.084	-13.432
073617	41.166268	81.183099	271.677525	667.59744	10360.747	-15.446
073637	41.168405	81.22869	273.789591	667.803265	10356.821	-9.296
073657	41.17093	81.27305	274.083649	667.942472	10355.551	-2.861
073717	41.173064	81.315504	274.037537	667.729661	10355.731	-0.059
073737	41.175185	81.3583	273.984303	668.874383	10356.282	-0.673
073757	41.177412	81.402325	274.000771	671.105955	10355.94	0.216
073817	41.179623	81.447106	274.002394	672.687426	10355.012	6.583
073837	41.181776	81.491865	273.999285	673.037675	10359.115	6.333
073857	41.183908	81.535761	273.999939	673.019494	10362.941	-0.263
073917	41.186096	81.578926	273.998148	673.772155	10357.612	-1.717
073937	41.188334	81.624552	274.00569	673.940294	10357.449	3.688
073957	41.190504	81.670936	273.998375	674.044147	10363.188	7.963
074017	41.192502	81.713762	273.971677	675.534746	10363.624	2.574
074037	41.19454	81.75639	274.08037	675.962436	10362.687	-0.925
074057	41.196711	81.801526	273.977277	676.062789	10363.025	0.012
074117	41.198891	81.848634	273.262331	678.276288	10363.251	-0.544
074137	41.200814	81.893393	272.911934	678.948962	10362.393	2.351
074157	41.202593	81.935837	272.999797	677.9763	10363.167	8.255
074217	41.204569	81.979469	272.920956	678.107285	10368.63	10.121
074237	41.20664	82.02416	273.315109	677.310813	10372.482	2.468
074257	41.208703	82.06937	274.026285	675.972857	10370.782	-8.366
074317	41.210727	82.114685	274.170056	676.1287	10365.064	-10.023
074337	41.212624	82.159035	273.626587	675.205265	10362.063	-4.259
074357	41.214498	82.203693	272.981528	674.00466	10363.078	-0.017
074417	41.216511	82.250317	272.939829	675.372516	10363.804	-4.969
074437	41.218423	82.294667	273.026773	676.133497	10360.683	-10.279
074457	41.220188	82.33739	272.998667	676.026972	10355.822	-7.603
074517	41.221978	82.38238	272.995557	677.348519	10354.827	3.642
074537	41.223818	82.426353	273.002272	678.477951	10358.608	10.275
074557	41.225694	82.470512	272.999806	679.036952	10363.129	7.741
074617	41.227571	82.518574	272.997964	680.210751	10363.414	1.907
074637	41.229393	82.564909	273.005032	682.138893	10362.835	-0.798
074657	41.231191	82.608821	272.998612	684.076955	10363.003	0.052
074717	41.233014	82.653899	272.975945	684.636	10362.919	0.387
074737	41.234704	82.697591	273.06818	682.43529	10363.302	-0.812
074757	41.236279	82.740719	272.980758	681.07401	10362.912	0.217
074817	41.238025	82.786679	272.665262	684.79425	10361.452	6.477
074837	41.240288	82.833436	273.699935	685.591304	10367.71	6.534
074857	41.240405	82.878792	267.410022	683.696172	10369.174	-3.851
074917	41.234599	82.923007	255.406115	684.675106	10360.609	-7.64
074937	41.22433	82.967105	252.994555	686.716721	10361.944	4.832
074957	41.214301	83.009985	252.930728	687.175194	10367.919	10.071
075017	41.205001	83.051961	253.154755	685.116868	10371.396	6.584
075037	41.195451	83.094455	253.891915	681.605928	10370.896	1.129
075057	41.18557	83.139159	254.119186	679.438898	10372.528	-4.464
075117	41.175474	83.184708	254.000059	678.991769	10368.938	-10.63
075137	41.167234	83.226811	258.492103	676.638402	10362.443	-11.986
075157	41.16407	83.26809	267.313235	673.30668	10362.138	-8.076
075217	41.164348	83.314305	270.654881	675.313417	10357.112	-7.859
075237	41.165261	83.3577	271.661082	677.389818	10354.588	-0.935
075257	41.16607	83.401228	272.056446	678.063183	10356.757	8.503
075317	41.166979	83.448876	272.11884	678.069355	10361.526	10.245
075337	41.167875	83.494277	271.564563	677.876394	10364.524	0.228
075357	41.168727	83.537849	270.948997	678.083794	10362.213	-8.226
075417	41.169589	83.583519	270.952007	678.838292	10356.42	-2.395
075437	41.170488	83.629915	271.027469	678.982663	10359.079	1.469
075457	41.17131	83.674042	270.996338	679.085287	10362.797	-0.319
075517	41.171968	83.715803	270.996554	680.35786	10357.098	-0.878
075537	41.172674	83.762819	271.001972	682.303666	10358.204	3.334
075557	41.173402	83.810734	270.999737	684.275225	10363.305	8.514
075617	41.174054	83.852989	270.999753	685.718229	10362.519	8.883
075637	41.174805	83.899177	271.000142	686.166877	10366.829	5.332
075657	41.175479	83.946602	270.999981	685.961859	10370.87	-1.139
075717	41.17591	83.988613	270.999982	685.889864	10365.019	-7.536
075737	41.176591	84.033443	271.00001	686.424981	10361.903	-5.264
075757	41.177409	84.080617	270.999999	687.056801	10363.145	0.505
075817	41.178004	84.125032	270.999999	687.074021	10363.134	0.464
075837	41.178597	84.168916	271.000001	686.889145	10362.937	-0.219
075857	41.179203	84.214108	271.0	687.219644	10363.023	0.08
075917	41.179723	84.260558	271.0	688.2821	10363.018	0.063
075937	41.180176	84.306986	271.0	689.416878	10362.995	-0.018
075957	41.180646	84.352588	271.0	689.99264	10362.999	-0.002
080017	41.181241	84.397629	271.0	689.831009	10363.001	0.004
080037	41.181811	84.444066	271.0	690.459148	10363.0	-0.001
080057	41.182259	84.490824	271.0	691.909669	10363.0	0.0
080117	41.182684	84.534124	271.000003	692.115347	10363.0	-0.002
080137	41.183254	84.58042	270.999995	692.062746	10362.999	0.004
080157	41.183857	84.630182	270.999997	692.069844	10363.0	0.003
080217	41.184135	84.674234	271.000036	690.759845	10363.004	-0.028
080237	41.184485	84.717695	270.999932	689.832665	10362.993	0.052
080257	41.18498	84.76376	271.000119	690.052444	10363.012	-0.091
080317	41.185234	84.80883	271.000407	690.079995	10363.04	-0.31
080337	41.185492	84.853971	270.998024	689.664196	10362.807	1.503
080357	41.185809	84.899816	270.998039	689.11196	10362.808	1.491
080417	41.186096	84.946158	271.004637	688.930676	10363.453	-6.194
080437	41.186422	84.991424	270.976928	689.306253	10360.174	-10.808
080457	41.18674	85.036598	271.019181	690.150975	10355.608	-7.133
080517	41.186939	85.083557	271.093277	691.418623	10355.605	-1.209
080537	41.187125	85.130513	270.580957	693.272851	10356.325	0.194
080557	41.187331	85.175997	269.945336	695.277205	10355.879	0.329
080617	41.187531	85.220298	269.941668	697.155171	10355.521	5.529
080637	41.18773	85.26632	270.059437	699.930515	10358.222	12.342
080657	41.18793	85.313261	269.971521	702.179889	10363.968	14.852
080717	41.188128	85.358908	269.87719	702.174138	10369.813	10.191
080737	41.188336	85.40452	270.514492	701.88195	10371.458	4.422
080757	41.188525	85.450776	270.978962	702.03024	10371.068	-0.85
080817	41.188662	85.497593	270.247916	702.096199	10371.667	-6.481
080837	41.18876	85.544847	269.865372	701.688936	10367.69	-9.48
080857	41.1888	85.591634	270.017948	702.246473	10362.559	-7.267
080917	41.188789	85.637458	270.016895	704.524539	10362.54	-1.248
080937	41.188857	85.684021	269.990306	704.888492	10363.433	-0.113
080957	41.188892	85.730999	270.001311	705.305376	10362.809	0.634
081017	41.188752	85.777376	270.00132	708.869388	10362.195	8.829
081037	41.18864	85.824388	269.99886	710.913724	10366.671	16.226
081057	41.188572	85.872028	269.99945	709.683373	10374.583	16.333
081117	41.188407	85.919239	270.000166	706.300833	10379.417	5.968
081137	41.188206	85.966227	270.000007	703.091322	10378.201	-7.578
081157	41.188183	86.013913	270.000018	702.42348	10373.073	-9.763
081217	41.188195	86.059942	269.999892	700.996756	10370.663	-6.761
081237	41.188107	86.104982	269.999964	698.109464	10371.061	-7.746
081257	41.187927	86.152331	270.000747	697.032968	10367.103	-15.689
081317	41.187687	86.196801	269.998795	696.995793	10359.063	-21.649
081337	41.18745	86.241346	270.008195	697.04667	10351.171	-15.009
081357	41.187237	86.287857	269.983686	696.904107	10347.467	-4.797
081417	41.187013	86.332704	269.934102	696.610957	10347.851	-1.972
081437	41.186716	86.378342	270.056167	697.345896	10347.635	1.391
081457	41.186372	86.425958	270.118589	699.437273	10347.023	8.041
081517	41.186116	86.473493	269.294037	701.457782	10353.888	9.091
081537	41.185674	86.521563	268.839761	702.732938	10356.044	10.697
081557	41.185131	86.568225	269.021388	702.950111	10356.878	15.776
081617	41.184796	86.611555	269.02025	702.222025	10367.63	17.354
081637	41.184507	86.656653	268.987886	701.874898	10373.524	5.688
081657	41.184163	86.704173	269.001087	702.011173	10370.46	-8.908
081717	41.183767	86.751454	269.001663	702.016636	10364.612	-10.034
081737	41.18335	86.797362	268.999169	701.993184	10362.272	-4.322
081757	41.182965	86.843031	269.000076	701.99981	10363.065	0.244
081817	41.182596	86.889928	269.000101	701.993274	10363.076	0.383
081837	41.182028	86.936249	268.999992	702.011972	10363.013	-0.135
081857	41.181442	86.983124	268.999968	701.885068	10362.783	0.946
081917	41.180965	87.030222	269.00007	702.192797	10363.364	-1.528
081937	41.180504	87.076594	269.000115	702.944326	10363.582	-7.519
081957	41.179931	87.123412	268.999319	702.819404	10358.515	-5.566
082017	41.179324	87.17013	269.00103	703.411534	10356.523	2.619
082037	41.17873	87.216706	269.001621	704.953553	10362.058	8.116
082057	41.178023	87.264794	268.990494	703.92585	10364.08	3.41
082117	41.177287	87.31149	269.014353	703.088675	10362.453	0.431
082137	41.176626	87.355881	269.022575	704.695793	10362.4	6.815
082157	41.175991	87.40298	268.867603	705.440873	10367.422	9.683
082217	41.175265	87.450257	269.207914	704.645922	10371.609	6.678
082237	41.174452	87.495186	269.965399	703.245026	10371.102	1.122
082257	41.173757	87.541027	269.547359	702.324592	10371.431	-4.135
082317	41.17309	87.588057	268.904436	701.898227	10370.03	-9.905
082337	41.172348	87.63521	268.988412	701.896351	10364.305	-14.802
082357	41.17162	87.681926	268.901497	702.69186	10358.388	-12.365
082417	41.170864	87.728102	269.198195	702.865251	10355.662	-6.263
082437	41.170057	87.773939	269.960073	702.044326	10355.995	-1.085
082457	41.169287	87.819833	269.566641	702.522036	10355.399	4.653
082517	41.168414	87.866165	268.878298	702.951292	10357.121	8.884
082537	41.167395	87.912878	268.948015	702.138725	10362.27	8.683
082557	41.166491	87.959297	269.137555	701.865829	10363.711	3.631
082617	41.165636	88.00543	268.826087	702.040131	10362.791	-0.828
082637	41.164708	88.051569	268.107302	702.286145	10362.777	-0.886
082657	41.163768	88.097916	268.142494	703.404585	10363.038	0.153
082717	41.16284	88.144471	268.949034	704.919679	10363.017	0.068
082737	41.161852	88.190912	268.518762	704.180193	10362.987	-0.053
082757	41.160856	88.237315	268.02317	702.80411	10363.003	0.011
082817	41.159867	88.28431	268.801914	702.904104	10363.001	0.005
082837	41.158725	88.332775	269.235937	703.12024	10362.999	-0.004
082857	41.157494	88.380094	268.83929	702.917764	10363.0	0.001
082917	41.156297	88.424886	268.120349	702.839625	10363.0	0.0
082937	41.15512	88.471088	267.90936	704.003161	10363.0	-0.0
082957	41.154049	88.517685	268.018562	705.155692	10363.0	0.0
083017	41.153068	88.563331	268.007978	705.072871	10363.0	0.0
083037	41.151898	88.610943	267.995227	704.929592	10363.0	-0.0
083057	41.150644	88.657728	268.001797	705.098835	10363.0	-0.0
083117	41.149458	88.702983	268.000103	705.027278	10363.0	-0.0
083137	41.148282	88.750688	267.999633	704.461583	10363.0	0.0
083157	41.147009	88.798456	268.000131	706.341272	10363.0	-0.0
083217	41.145666	88.844521	268.000008	709.886618	10363.0	-0.0
083237	41.144396	88.890102	267.999963	710.43106	10363.0	0.001
083257	41.14311	88.936625	268.000034	709.776687	10363.001	-0.002
083317	41.141767	88.983922	268.000028	709.890431	10363.001	-0.003
083337	41.140446	89.030364	267.999858	710.594929	10362.996	0.015
083357	41.139077	89.077079	268.00021	711.052071	10363.006	-0.022
083417	41.137601	89.125324	268.000329	710.984343	10363.01	-0.035
083437	41.136098	89.174306	267.997553	711.367903	10362.925	0.258
083457	41.134648	89.22242	267.99732	712.426368	10362.918	0.283
083517	41.133315	89.268081	268.006475	713.943219	10363.197	-0.684
083537	41.131954	89.314213	267.996626	715.055044	10362.897	0.359
083557	41.13041	89.363989	267.973277	715.449886	10362.185	5.977
083617	41.128942	89.411545	268.085147	717.554172	10366.108	9.376
083637	41.127559	89.456281	267.95318	718.917472	10371.274	7.634
083657	41.126055	89.502394	267.234142	716.475878	10371.249	2.46
083717	41.12436	89.552009	266.889235	717.022838	10371.45	-3.587
083737	41.122616	89.601558	267.004801	718.986848	10370.831	-8.162
083757	41.121014	89.646488	267.008136	716.668988	10365.187	-9.212
083817	41.119398	89.69258	267.018457	716.810783	10362.115	-5.052
083837	41.117716	89.741114	266.992994	719.021317	10363.046	0.142
083857	41.116047	89.788355	266.872709	717.194673	10363.194	0.338
083917	41.114386	89.833854	267.413343	715.163235	10362.789	0.219
083937	41.112716	89.879875	268.000193	715.016597	10363.045	-0.113
083957	41.111033	89.928776	267.397813	715.294528	10363.832	-4.368
084017	41.109332	89.977409	266.877044	714.342772	10361.09	-8.482
084037	41.107589	90.024363	266.992927	713.010771	10356.155	-8.178
084057	41.105781	90.071196	267.025174	714.023618	10355.449	-2.675
084117	41.104023	90.117827	266.990862	715.587861	10356.201	0.776
084137	41.10229	90.16427	266.999397	716.009932	10356.014	0.036
084157	41.100427	90.211027	267.003728	715.679448	10355.911	0.045
084217	41.09859	90.257597	266.995024	716.850282	10356.125	-0.413
084237	41.096793	90.304419	266.99863	718.948318	10356.035	-0.141
084257	41.094863	90.352649	267.025618	718.931354	10355.343	5.004
084317	41.092974	90.400335	266.933121	719.732557	10357.975	10.016
084337	41.0911	90.4477	267.0	721.0	10363.0	8.0
084357	41.089062	90.495901	267.666836	719.405193	10364.38	-3.112
084417	41.087236	90.538103	268.173444	719.807582	10360.33	-10.01
084437	41.085393	90.581224	267.972631	723.161049	10355.938	-7.782
084457	41.08297	90.6383	267.25259	725.807445	10356.857	-2.612
084517	41.08077	90.690402	266.900404	728.756397	10352.5	5.4
084537	41.078903	90.734028	267.004744	732.157267	10357.037	57.858
084557	41.076809	90.781344	267.003067	734.879337	10398.123	179.556
084617	41.074605	90.830881	266.957252	736.306357	10467.26	246.594
084637	41.072431	90.879828	267.088405	732.300019	10560.763	241.486
084657	41.070306	90.927617	267.026783	727.032055	10649.771	200.148
084717	41.068146	90.97539	266.207142	731.021583	10692.676	164.562
084737	41.065837	91.023237	266.230373	734.871703	10740.072	145.664
084757	41.06342	91.072001	266.991638	734.927092	10802.635	144.579
084817	41.061069	91.122756	266.444104	738.271473	10835.759	156.888
084837	41.058762	91.172049	265.860811	740.296828	10890.332	155.883
084857	41.056419	91.219674	265.991999	739.056529	10962.664	117.185
084917	41.054009	91.269158	266.028358	738.765814	10977.95	41.378
084937	41.051661	91.317344	265.98998	739.160883	10971.105	-3.767
084957	41.049412	91.363472	265.999417	739.032426	10972.888	-0.371
085017	41.047134	91.411016	266.002244	737.922802	10973.474	1.284
085037	41.044703	91.459758	265.999288	736.386868	10972.767	-0.118
085057	41.042172	91.508826	265.999865	735.131078	10972.883	0.234
085117	41.039759	91.557975	266.000169	734.49037	10973.706	-3.716
085137	41.037333	91.606849	265.999953	733.570705	10971.716	-10.287
085157	41.034785	91.655051	265.99999	732.162793	10965.919	-14.772
085217	41.032242	91.70239	266.000012	731.61716	10960.535	-13.311
085237	41.029764	91.749812	265.999998	732.350209	10957.29	-4.675
085257	41.027304	91.797814	266.000001	733.770785	10957.385	6.546
085317	41.02473	91.845641	265.999987	734.556409	10962.068	9.545
085337	41.022126	91.894276	266.00002	735.304001	10965.315	7.352
085357	41.019534	91.944273	266.000032	736.700058	10964.766	7.385
085417	41.016804	91.994105	265.999812	738.120557	10968.465	12.184
085437	41.014116	92.04272	266.000284	739.345811	10974.815	15.055
085457	41.011537	92.090531	266.000447	740.018173	10979.396	9.881
085517	41.008736	92.139555	265.997381	739.5865	10981.13	-1.049
085537	41.005842	92.189299	266.003954	740.737351	10978.815	-9.828
085557	41.003052	92.238225	266.00622	744.36918	10973.806	-9.383
085617	41.000301	92.285457	265.963524	746.462584	10971.636	0.749
085637	40.997594	92.332961	266.055078	747.217099	10974.302	9.653
085657	40.994868	92.382373	266.086629	747.90887	10979.322	8.956
085717	40.991927	92.432588	265.340247	748.115753	10980.684	3.151
085737	40.988898	92.481899	265.103046	747.925817	10979.763	-0.378
085757	40.985937	92.530058	265.902934	747.889986	10979.787	0.209
085817	40.982987	92.579213	265.700606	748.721769	10980.806	-2.761
085837	40.980066	92.62878	264.915987	750.247762	10979.457	-7.561
085857	40.977158	92.67772	264.850638	751.703927	10974.328	-8.725
085917	40.974057	92.727544	265.432548	752.131453	10972.424	-5.169
085937	40.970952	92.777366	266.067537	752.000992	10972.972	0.923
085957	40.968096	92.825753	266.138984	752.087419	10972.484	6.427
090017	40.965189	92.874598	265.554022	751.460395	10975.717	9.974
090037	40.962137	92.924399	264.949532	749.65716	10980.521	6.828
090057	40.959037	92.974271	264.945958	747.436619	10981.131	-4.303
090117	40.955952	93.023264	265.027028	747.111255	10977.115	-10.263
090137	40.952771	93.072265	264.997435	746.825258	10972.753	-7.488
090157	40.949397	93.122529	264.99561	743.554684	10972.576	-1.798
090217	40.946144	93.172296	265.001936	740.752499	10973.191	0.694
090237	40.943044	93.221028	264.999904	739.993284	10972.99	-0.031
090257	40.939903	93.269256	264.999686	739.72855	10972.949	-0.041
090317	40.936815	93.315909	265.000142	737.239567	10973.073	-0.156
090337	40.933744	93.36171	264.999992	733.891103	10972.982	0.056
090357	40.93055	93.408604	264.999965	732.767807	10972.704	1.009
090417	40.927339	93.456276	265.000046	730.145552	10973.834	-3.276
090437	40.924139	93.504532	264.999989	726.920276	10972.765	-8.011
090457	40.920884	93.553359	264.999819	726.96775	10966.167	-3.187
090517	40.917573	93.601591	265.000509	726.197191	10967.331	2.548
090537	40.914233	93.649405	264.999856	723.907764	10973.077	-0.466
090557	40.910897	93.697758	264.997502	722.995696	10968.75	-12.468
090617	40.907572	93.745528	265.007084	723.198162	10960.84	-12.024
090637	40.904232	93.792661	264.998	724.058569	10958.087	0.558
090657	40.90084	93.840203	264.965215	725.413998	10963.066	7.143
090717	40.897414	93.888321	265.09867	726.559002	10965.252	8.105
090737	40.894034	93.93605	264.972113	727.002464	10965.132	8.045
090757	40.89073	93.982629	264.172501	726.891282	10970.654	8.999
090817	40.887255	94.030568	264.216031	727.490489	10974.068	4.649
090837	40.88373	94.07885	265.030989	729.092107	10972.914	0.015
090857	40.880433	94.124865	265.181806	731.054946	10972.144	5.272
090917	40.8769	94.172993	264.632838	733.128691	10975.409	9.197
090937	40.8732	94.2225	264.0	734.0	10980.0	7.0
090957	40.869789	94.268852	263.930798	732.540529	10980.325	2.826
091017	40.866268	94.3156	264.024144	732.291533	10980.245	-2.576
091037	40.862489	94.36454	264.001403	733.936797	10980.12	-7.801
091057	40.858777	94.413368	263.994621	734.321092	10975.675	-9.689
091117	40.85516	94.460957	264.00166	733.707957	10972.194	-5.514
091137	40.851562	94.508105	264.000208	732.245154	10972.833	-0.069
091157	40.847913	94.556851	263.99962	729.483724	10974.029	-4.115
091217	40.84422	94.605425	264.000119	729.857822	10971.06	-9.369
091237	40.840559	94.652129	264.000015	733.696314	10965.353	-8.367
091257	40.836976	94.69784	263.999973	735.534729	10964.505	-3.451
091317	40.833069	94.74741	264.000009	738.896816	10964.859	2.113
091337	40.828899	94.799718	264.000001	744.566655	10964.797	7.402
091357	40.825127	94.84674	263.999997	746.898478	10969.134	13.381
091417	40.821336	94.8938	264.000003	746.967229	10975.457	14.325
091437	40.817298	94.944102	264.000001	746.980555	10979.781	8.671
091457	40.813415	94.993087	263.999986	747.419967	10980.333	2.609
091517	40.809519	95.04187	264.000028	748.532687	10980.026	-1.11
091537	40.8055	95.091143	264.000019	749.896814	10980.085	-0.423
091557	40.801549	95.138959	263.999802	750.381059	10978.944	5.616
091617	40.797626	95.186794	264.000394	749.451272	10982.304	7.522
091637	40.793611	95.235854	264.000258	748.064612	10987.915	0.883
091657	40.789433	95.285455	263.997243	747.874862	10983.832	-6.997
091717	40.785225	95.335191	264.005492	745.518158	10978.812	-5.988
091737	40.781106	95.384603	264.003589	740.453388	10979.759	-0.0
091757	40.777085	95.432983	263.961594	737.363005	10981.457	-7.162
091817	40.773112	95.479634	264.077474	737.315543	10977.222	-19.479
091837	40.769046	95.526325	264.092177	738.793841	10966.998	-23.14
091857	40.764715	95.576811	263.327506	739.135539	10959.182	-11.339
091917	40.760466	95.626032	263.117499	739.055942	10958.849	3.651
091937	40.756497	95.670933	263.931423	739.15059	10964.166	8.409
091957	40.752409	95.717818	263.616731	737.738319	10965.931	3.287
092017	40.748078	95.76706	262.832036	737.137664	10964.557	0.219
092037	40.743661	95.81624	262.882307	738.71659	10964.534	6.386
092057	40.739454	95.863985	263.66614	739.386408	10968.666	13.373
092117	40.735182	95.912767	263.93144	738.712536	10974.796	14.391
092137	40.730704	95.963059	263.189563	737.440586	10979.318	8.848
092157	40.726496	96.009858	262.87933	735.963757	10980.272	3.591
092217	40.722343	96.055905	263.020978	734.831445	10980.104	-1.066
092237	40.717884	96.105379	263.015522	734.234772	10980.601	-6.591
092257	40.713395	96.154914	262.99111	733.349736	10977.142	-9.034
092317	40.709063	96.202499	263.001226	731.698241	10972.571	-6.232
092337	40.704881	96.248395	263.001467	729.634548	10972.302	-0.716
092357	40.700665	96.294487	262.999356	728.720737	10973.826	-2.022
092417	40.696275	96.341795	263.000032	729.022336	10972.816	-8.229
092437	40.691731	96.389824	263.000117	729.231331	10967.253	-9.379
092457	40.687342	96.436398	262.999954	728.450951	10964.342	-5.749
092517	40.683	96.4829	263.0	727.0	10965.0	-0.0
092537	40.678305	96.53271	263.000012	726.10273	10964.326	5.475
092557	40.673633	96.581707	262.99999	726.109709	10966.969	9.606
092617	40.669217	96.627647	262.999998	726.044679	10972.776	8.344
092637	40.664871	96.67281	263.000041	724.548668	10974.515	-2.43
092657	40.660298	96.720361	262.99991	724.176617	10970.592	-10.041
092717	40.655535	96.769679	262.999972	725.896882	10965.157	-8.223
092737	40.650922	96.816924	263.000555	727.897658	10964.586	-3.026
092757	40.646305	96.864174	262.998751	729.931932	10964.821	2.288
092817	40.641631	96.912224	262.999617	731.911041	10964.893	7.684
092837	40.637051	96.959199	263.007733	733.418545	10969.378	13.859
092857	40.63236	97.006908	262.982607	734.351428	10975.898	13.61
092917	40.627629	97.054962	262.99466	734.967576	10979.944	8.17
092937	40.623158	97.100802	263.107706	735.417934	10979.346	7.711
092957	40.61835	97.14907	262.730746	734.074063	10982.408	7.171
093017	40.613244	97.199292	262.022325	732.035104	10987.933	0.527
093037	40.608622	97.245129	261.921034	732.89712	10984.222	-11.241
093057	40.603921	97.291215	262.027839	734.698458	10976.923	-14.506
093117	40.598854	97.340141	262.0016	734.142067	10973.056	-8.254
093137	40.593856	97.388755	261.994331	730.141637	10973.463	-6.732
093157	40.589077	97.435686	262.001999	729.804356	10971.104	-9.294
093217	40.584343	97.48222	262.000115	733.846428	10965.228	-8.325
093237	40.579352	97.530771	261.999593	735.018281	10963.478	2.341
093257	40.574405	97.578348	262.000143	735.284521	10967.395	10.123
093317	40.569548	97.624818	262.000008	736.895111	10972.838	8.242
093337	40.564473	97.673543	261.999971	739.067041	10973.525	2.652
093357	40.559502	97.720762	262.00001	740.469932	10972.928	-1.24
093417	40.55456	97.767157	262.0	741.871682	10973.029	-0.203
093437	40.549125	97.818497	262.000001	745.355397	10972.212	5.436
093457	40.543717	97.869555	261.999993	747.552523	10975.041	8.684
093517	40.538649	97.91689	261.999998	747.049404	10979.895	8.015
093537	40.533676	97.962799	262.000052	745.981105	10979.456	8.463
093557	40.528714	98.009259	261.9999	744.107335	10982.17	6.682
093617	40.523626	98.057466	261.999935	742.100504	10987.914	0.71
093637	40.518212	98.10748	262.000693	741.994741	10983.66	-5.94
093657	40.512714	98.157421	261.998621	741.586421	10979.217	-7.97
093717	40.507333	98.206167	261.999099	739.291601	10980.03	-7.673
093737	40.502035	98.254268	262.009646	736.342132	10977.034	-13.655
093757	40.496832	98.301647	261.980789	734.499593	10969.842	-12.538
093817	40.491711	98.348267	261.987447	734.038211	10964.939	-0.991
093837	40.486585	98.394618	262.139818	733.254093	10969.841	3.627
093857	40.481347	98.441973	261.753576	731.018296	10972.717	-4.049
093917	40.475929	98.490594	261.024152	728.96575	10966.239	-14.646
093937	40.470384	98.538826	261.459836	730.951882	10959.237	-8.589
093957	40.465118	98.584666	262.168346	731.534226	10959.023	3.64
094017	40.46016	98.628899	262.07698	729.063586	10964.433	8.09
094037	40.454895	98.675785	261.394598	731.262631	10965.512	4.448
094057	40.449342	98.724884	260.907142	735.075874	10965.196	-2.321
094117	40.443787	98.773507	260.969216	736.757884	10965.492	-6.737
094137	40.438436	98.819317	261.061519	738.191679	10960.835	-5.356
094157	40.433011	98.865799	260.951038	740.818875	10958.205	2.547
094217	40.42732	98.915301	260.899653	744.321931	10963.381	13.133
094237	40.421704	98.963589	261.601868	746.184174	10969.11	17.029
094257	40.416074	99.011918	261.944803	747.39596	10974.456	13.759
094317	40.41032	99.061838	261.168428	749.478018	10979.468	8.709
094337	40.404729	99.109762	260.864556	751.26644	10979.544	7.896
094357	40.399176	99.156827	261.022433	752.07165	10980.944	7.553
094417	40.393443	99.205437	261.01427	752.53542	10987.314	2.255
094437	40.387615	99.254726	260.99052	754.822374	10985.201	-5.3
094457	40.381711	99.304214	261.001648	755.795391	10979.304	-7.591
094517	40.375713	99.354024	261.001218	753.344055	10979.475	-1.755
094537	40.369684	99.404328	260.999309	754.151251	10980.338	0.794
094557	40.36385	99.452938	261.000091	755.993925	10979.925	0.015
094617	40.358331	99.498327	261.000079	753.819621	10979.787	0.576
094637	40.352724	99.54453	260.999981	752.387426	10980.659	-3.107
094657	40.346785	99.593248	260.999982	751.811014	10979.481	-8.587
094717	40.34057	99.643481	260.999889	750.177334	10974.385	-9.155
094737	40.334448	99.693034	261.000419	750.756974	10972.262	-4.412
094757	40.328518	99.741136	260.999663	752.029274	10973.095	0.405
094817	40.322615	99.788761	260.998372	750.726869	10973.075	0.43
094837	40.316483	99.838195	261.005886	748.816399	10973.011	-0.43
094857	40.310421	99.887082	260.995306	747.975818	10972.955	0.203
094917	40.304727	99.932959	260.977323	747.701011	10972.757	0.871
094937	40.298765	99.981051	261.083467	744.476537	10973.915	-3.714
094957	40.292467	100.031542	260.957213	742.04586	10972.53	-8.049
095017	40.286219	100.080949	260.26965	745.424472	10966.147	-3.43
095037	40.280281	100.127731	259.772045	748.152873	10966.907	5.209
095057	40.274397	100.173636	260.035498	746.84881	10973.229	7.8
095117	40.268151	100.221528	260.878976	743.149538	10974.223	-2.294
095137	40.261857	100.270377	260.682545	741.748684	10970.658	-13.294
095157	40.255694	100.318573	259.995747	741.957272	10964.659	-14.757
095217	40.249569	100.365501	260.619856	740.229713	10958.722	-4.973
095237	40.243394	100.413018	261.231183	741.077966	10959.742	4.243
095257	40.237207	100.461207	261.02705	744.824304	10964.856	6.999
095317	40.23112	100.508498	260.352764	747.327333	10965.002	6.125
095337	40.22509	100.555057	259.923628	748.130527	10966.069	8.776
095357	40.21902	100.601725	259.984191	748.031557	10972.012	14.635
095417	40.2128	100.64949	260.019824	747.925209	10977.768	12.735
095437	40.206273	100.698882	259.994517	748.082874	10980.544	5.203
095457	40.199581	100.748847	259.998865	748.080377	10980.198	0.042
095517	40.19324	100.796728	260.001422	746.862785	10979.085	3.72
095537	40.187204	100.842837	259.999608	743.592147	10981.53	9.599
095557	40.181066	100.889311	259.99992	739.451723	10987.323	8.936
095617	40.174389	100.938356	260.000089	737.651632	10989.431	-0.779
095637	40.167722	100.986984	259.999996	736.411297	10986.457	-10.772
095657	40.161437	101.033292	260.00002	734.276742	10980.807	-14.722
095717	40.155133	101.079653	259.999817	732.870326	10976.108	-15.721
095737	40.148778	101.126334	260.00033	731.345451	10970.968	-14.039
095757	40.142449	101.172992	260.000353	729.257668	10965.519	-9.032
095817	40.136122	101.219756	259.997351	727.936485	10964.187	-1.935
095837	40.129773	101.266389	260.004629	726.252566	10965.528	-0.948
095857	40.123296	101.31333	260.004919	724.162614	10965.417	-7.229
095917	40.116569	101.361598	259.9631	724.371869	10960.812	-9.342
095937	40.110115	101.408132	260.064803	727.27875	10957.518	-6.852
095957	40.104044	101.452358	260.087661	731.317717	10958.065	-1.556
100017	40.097582	101.49907	259.343966	733.902146	10956.743	7.792
100037	40.090723	101.547899	259.095111	735.463041	10960.235	17.686
100057	40.083908	101.595942	259.896803	736.824819	10971.144	22.901
100117	40.077578	101.641005	259.970759	737.235929	10977.329	20.208
100137	40.071252	101.686165	260.20661	736.835837	10981.686	14.382
100157	40.064449	101.734423	260.99227	736.937704	10987.784	8.405
100217	40.057472	101.78402	260.420834	739.034735	10989.257	-1.855
100237	40.050965	101.830155	259.917391	740.155071	10986.209	-12.25
100257	40.044727	101.87392	260.009567	739.969528	10980.348	-15.199
100317	40.037833	101.921762	259.426489	741.41985	10973.928	-6.088
100337	40.030857	101.969921	258.841115	741.746168	10974.577	2.104
100357	40.02401	102.017112	258.951862	740.122265	10979.876	0.572
100417	40.016724	102.067364	259.614051	739.757931	10976.384	-6.161
100437	40.009906	102.114866	260.147322	740.115212	10972.071	-6.801
100457	40.003575	102.159057	260.047563	740.039103	10972.878	-0.447
100517	39.996358	102.208165	259.381719	739.448375	10973.294	0.687
100537	39.989202	102.256991	258.916329	738.825875	10972.829	0.13
100557	39.982619	102.302376	258.982681	739.60409	10972.872	0.348
100617	39.975515	102.349949	259.021718	743.307106	10973.879	-4.382
100637	39.968349	102.397551	258.993993	744.87583	10971.386	-9.091
100657	39.961531	102.443365	258.998757	742.346039	10965.565	-8.501
100717	39.954522	102.490468	259.001559	741.355743	10964.447	-3.785
100737	39.947432	102.538519	258.999569	742.594337	10964.897	1.871
100757	39.940374	102.586715	258.999911	744.686461	10964.718	7.116
100817	39.933119	102.635569	259.000112	746.470366	10968.833	13.115
100837	39.925904	102.684221	258.999969	747.002116	10975.156	14.516
100857	39.918861	102.731914	258.999994	746.899413	10979.643	9.043
100917	39.911711	102.778958	259.000007	748.455857	10980.438	2.604
100937	39.904457	102.826017	258.999999	750.751021	10979.88	-0.545
100957	39.897189	102.873462	259.000001	751.980321	10979.976	-0.117
101017	39.889948	102.92097	258.999991	751.236964	10980.023	0.18
101037	39.882828	102.967514	259.000017	749.25462	10980.005	-0.109
101057	39.875772	103.013337	259.000018	747.963081	10980.013	-0.083
101117	39.868514	103.06053	258.999867	749.282199	10979.889	0.573
101137	39.861094	103.108678	259.000233	749.759589	10980.197	-1.087
101157	39.853551	103.157306	259.000248	748.122817	10980.21	-6.877
101217	39.845779	103.207085	258.998077	748.635506	10977.214	-14.037
101237	39.837974	103.256783	259.002766	750.559706	10970.752	-13.331
101257	39.830446	103.304657	259.004321	751.867338	10965.106	-2.322
101317	39.823398	103.349954	258.974691	752.117999	10968.722	6.702
101337	39.816334	103.395759	259.038206	751.97929	10973.836	6.999
101357	39.808897	103.443744	259.060091	752.005253	10973.258	0.917
101417	39.801429	103.490982	258.495887	751.923803	10972.751	-0.864
101437	39.793751	103.539175	257.860122	752.12636	10973.06	0.208
101457	39.785847	103.589105	257.889397	752.201463	10973.019	0.064
101517	39.778319	103.636802	258.669064	750.51183	10972.982	-0.061
101537	39.770991	103.683342	258.915507	750.469754	10973.005	0.013
101557	39.763515	103.730691	258.127174	752.873002	10973.002	0.001
101617	39.755875	103.778249	257.879894	751.515299	10972.994	0.015
101637	39.748015	103.826312	258.02897	749.986195	10973.008	-0.028
101657	39.740124	103.874407	258.00896	751.686931	10973.012	-0.045
101717	39.732713	103.920558	257.991377	752.310055	10972.932	0.266
101737	39.725154	103.967753	258.00208	751.904978	10973.102	-0.402
101757	39.717153	104.016766	258.000643	751.940182	10973.16	-0.633
101817	39.709657	104.062142	257.999382	752.243248	10972.061	4.924
101837	39.702012	104.108561	258.000148	751.643496	10974.474	7.709
101857	39.693735	104.159205	258.000045	750.168945	10979.788	1.56
101917	39.685813	104.20748	257.999964	750.0092	10976.657	-5.279
101937	39.678229	104.253647	257.999997	749.727965	10972.595	-8.475
101957	39.670563	104.300401	257.999982	748.237199	10973.334	-8.169
102017	39.662664	104.348221	258.000121	747.534736	10968.663	-7.703
102037	39.654931	104.394918	257.999814	746.52401	10964.631	-8.275
102057	39.647378	104.440653	257.999706	745.021174	10965.364	-8.391
102117	39.639194	104.490071	258.001724	746.28274	10960.667	-4.54
102137	39.631217	104.53797	257.997397	748.552175	10958.573	2.061
102157	39.623909	104.581471	257.995906	749.761754	10964.204	7.477
102217	39.615962	104.628353	258.024012	751.153105	10965.144	8.086
102237	39.607415	104.678391	257.963743	752.19844	10965.951	8.626
102257	39.598937	104.727961	257.942973	752.762783	10971.867	12.349
102317	39.590997	104.775043	258.470527	754.670862	10976.077	14.214
102337	39.58328	104.820871	258.988531	757.568335	10979.31	13.297
102357	39.575234	104.86769	258.619103	760.078481	10984.983	10.688
102417	39.567042	104.915282	257.630168	761.177824	10988.61	6.17
102437	39.558776	104.963738	256.985212	761.027101	10988.081	0.694
102457	39.550111	105.014147	257.612603	760.859375	10988.246	-3.522
102517	39.541792	105.062196	257.929866	759.017644	10987.216	-11.787
102537	39.533929	105.107515	257.114665	756.162891	10981.402	-22.259
102557	39.525355	105.15695	256.745222	756.883396	10970.507	-20.932
102617	39.516789	105.20621	257.281364	758.161493	10963.92	-11.37
102637	39.50887	105.251736	257.986104	757.929373	10964.884	-1.341
102657	39.500995	105.297444	257.503845	759.441794	10964.312	6.005
102717	39.492762	105.344749	256.883122	761.713404	10966.763	7.942
102737	39.484116	105.393647	256.975786	762.930336	10972.672	7.551
102757	39.475375	105.443413	257.030529	762.99098	10971.659	13.227
102817	39.467078	105.490777	256.991264	763.180944	10976.638	13.24
102837	39.459059	105.536059	256.997896	763.932333	10987.776	1.806
102857	39.450305	105.584842	257.004936	763.82719	10979.762	-7.191
102917	39.441695	105.633497	256.994579	762.316401	10972.996	-6.447
102937	39.433572	105.680038	256.994754	760.946328	10979.547	-0.348
102957	39.424674	105.729279	257.038572	762.532414	10976.561	-2.955
103017	39.415781	105.778472	256.932839	762.272963	10972.899	-10.584
103037	39.407459	105.825372	256.928664	759.884258	10973.718	-15.633
103057	39.398829	105.872946	257.716605	763.674798	10963.545	-14.53
103117	39.38982	105.922629	257.863395	766.23251	10957.109	1.544
103137	39.380928	105.97231	257.033803	764.083436	10964.44	22.438
103157	39.372686	106.018266	256.801571	763.817871	10975.788	21.699
103217	39.364651	106.063956	257.197263	763.857721	10981.17	9.162
103237	39.355072	106.112493	255.261505	765.718225	10980.051	0.188
103257	39.342306	106.162328	249.444641	771.240565	10980.019	0.235
103317	39.329055	106.208019	249.553095	767.358138	10979.909	0.689
103337	39.315687	106.25335	249.888415	766.284587	10980.465	-2.814
103357	39.302168	106.299643	248.905708	769.349967	10979.605	-8.915
103417	39.28867	106.345644	248.910722	769.613104	10974.96	-13.929
103437	39.275415	106.391087	249.053408	767.331782	10969.572	-15.79
103457	39.262034	106.437078	248.995205	766.05859	10964.478	-14.826
103517	39.24818	106.484299	248.992661	768.235673	10959.511	-11.191
103537	39.234693	106.53005	249.003685	769.151424	10956.729	-1.041
103557	39.221335	106.575329	248.999655	769.09631	10958.432	8.465
103617	39.20738	106.622671	248.999469	771.182247	10963.84	8.267
103637	39.193595	106.669417	249.000277	772.668058	10964.451	9.775
103657	39.180126	106.714977	248.999987	774.134146	10965.303	15.249
103717	39.166513	106.760828	248.999957	777.731411	10975.842	17.137
103737	39.152621	106.807463	249.000019	779.491229	10981.713	9.405
103757	39.138378	106.855221	248.999999	778.979166	10979.903	-0.228
103817	39.123931	106.903687	248.999997	778.992544	10979.471	0.096
103837	39.11013	106.94988	249.000001	778.825558	10980.86	-2.909
103857	39.096606	106.995014	249.0	779.057807	10979.785	-8.018
103917	39.082378	107.042456	248.999999	781.058207	10973.944	-3.024
103937	39.068426	107.088893	249.000002	782.689256	10975.214	1.926
103957	39.05481	107.134088	248.999999	781.881131	10980.02	-0.283
104017	39.040724	107.180772	248.999991	779.133356	10975.464	-6.872
104037	39.02646	107.228188	249.000025	780.759809	10971.977	-5.992
104057	39.012183	107.275566	248.999993	785.135698	10973.054	0.188
104117	38.997721	107.323085	248.999875	785.45978	10973.229	0.461
104137	38.98292	107.371693	249.000377	784.738314	10972.729	0.267
104157	38.968421	107.419441	249.000399	784.918228	10972.785	0.572
104217	38.955262	107.462682	248.998266	785.132291	10973.85	-3.81
104237	38.941885	107.506514	249.002171	784.884905	10971.918	-8.853
104257	38.927031	107.555171	249.004873	784.759548	10966.031	-8.8
104317	38.91241	107.603106	248.976376	786.647679	10964.334	-4.239
104337	38.898103	107.649969	249.030207	789.780522	10964.993	1.186
104357	38.88357	107.697389	249.078119	792.42319	10964.633	5.452
104417	38.869017	107.744625	248.58852	793.930567	10967.511	11.348
104437	38.854249	107.792432	247.98259	795.071957	10973.304	15.004
104457	38.839138	107.841397	247.943252	796.623539	10978.585	11.124
104517	38.82469	107.888172	248.025355	796.928214	10980.58	4.192
104537	38.810687	107.9334	247.998708	797.063033	10979.962	-0.074
104557	38.796061	107.980537	247.99493	799.230958	10979.681	0.405
104617	38.781261	108.02814	248.001749	799.786354	10980.478	-1.874
104637	38.76645	108.075603	248.000102	798.071492	10980.136	-7.769
104657	38.751302	108.12393	247.999611	797.566838	10975.555	-9.605
104717	38.736439	108.171508	248.00012	798.48398	10972.345	-5.939
104737	38.721962	108.217937	248.000015	799.877291	10972.923	-0.372
104757	38.70707	108.265197	247.999974	800.780113	10973.083	0.912
104817	38.691727	108.314007	248.000006	801.033135	10973.09	-0.761
104837	38.676483	108.362776	247.999999	800.994302	10973.084	-0.393
104857	38.661968	108.408748	248.000015	801.118508	10972.044	5.719
104917	38.647147	108.455535	247.999967	800.725141	10975.055	7.176
104937	38.631838	108.504089	247.999968	800.019537	10979.968	0.86
104957	38.61735	108.550128	248.000235	800.474564	10975.932	-1.945
105017	38.602796	108.596063	247.999587	801.148859	10973.335	2.178
105037	38.587516	108.643929	247.999332	801.081553	10978.74	7.276
105057	38.572422	108.691389	248.003111	800.663058	10981.372	0.871
105117	38.557425	108.738537	247.996059	799.667873	10979.162	-10.369
105137	38.54226	108.78595	247.991136	798.242274	10974.465	-15.016
105157	38.527355	108.832559	248.042988	797.785412	10968.368	-12.535
105217	38.512434	108.879135	247.945028	798.085036	10964.503	-6.382
105237	38.497339	108.926341	247.857836	798.143234	10964.739	-0.96
105257	38.482733	108.972785	248.575789	797.487216	10965.155	0.669
105317	38.467344	109.01886	247.389664	798.531406	10964.991	-0.191
105337	38.449716	109.065434	243.001797	802.233019	10965.048	-0.359
105357	38.430678	109.111778	241.319301	803.285032	10964.727	1.849
105417	38.411454	109.157247	242.100923	803.130013	10965.217	6.942
105437	38.392824	109.201754	242.211417	805.493586	10968.267	12.823
105457	38.374301	109.246206	241.977101	808.344212	10974.029	12.177
105517	38.355303	109.291555	241.975487	809.733695	10979.772	3.047
105537	38.335593	109.338331	242.012236	810.300662	10977.116	-1.547
105557	38.315989	109.384846	241.998852	811.125053	10973.086	0.219
105617	38.297314	109.429345	241.998203	812.596618	10978.436	0.914
105637	38.278228	109.474561	242.001048	813.174201	10978.86	-2.817
105657	38.258804	109.520314	242.000104	813.811606	10973.376	-6.921
105717	38.240103	109.564421	241.999787	816.810319	10972.438	-4.162
105737	38.22092	109.609559	242.000073	819.831998	10972.859	2.256
105757	38.200794	109.656842	242.00003	820.941188	10972.673	7.458
105817	38.181197	109.703187	241.999846	821.083643	10976.994	9.381
105837	38.161737	109.748964	242.000248	820.954967	10980.678	6.261
105857	38.14203	109.794865	242.00026	820.968416	10980.144	0.552
105917	38.122753	109.84	241.997985	821.219578	10979.785	-0.647
105937	38.10384	109.88435	242.002897	820.674515	10980.083	0.035
105957	38.084723	109.929023	242.004526	819.21613	10980.073	-0.166
110017	38.064734	109.97584	241.973492	818.734401	10979.637	1.241
110037	38.044643	110.02278	242.040017	819.158421	10980.531	-2.059
110057	38.025293	110.06764	242.062938	819.19089	10980.831	-12.83
110117	38.006468	110.111053	241.482475	817.507192	10972.927	-21.231
110137	37.987501	110.154771	240.924107	815.684977	10962.995	-20.877
110157	37.967839	110.200165	240.959478	815.648047	10958.571	-11.494
110217	37.94753	110.246994	241.027353	817.324008	10957.402	-0.241
110237	37.927317	110.293588	240.994686	819.334633	10958.377	8.409
110257	37.90781	110.3386	240.992524	820.458124	10961.573	12.724
110317	37.888484	110.38305	241.001676	821.243099	10966.719	12.43
110337	37.869128	110.427432	241.000793	821.920654	10972.014	8.491
110357	37.850185	110.471076	240.999397	821.916462	10973.673	3.579
110417	37.830683	110.515926	241.000028	822.034438	10972.977	-0.129
110437	37.809608	110.563889	241.00013	823.251618	10973.059	-1.115
110457	37.788778	110.611194	240.999962	824.187085	10972.723	1.189
110517	37.769299	110.655668	240.999979	824.105136	10972.306	5.517
110537	37.7503	110.699323	241.000011	823.938353	10975.417	8.281
110557	37.730714	110.744283	241.0	823.996073	10979.865	7.178
110617	37.710022	110.791326	241.000001	824.032591	10980.479	2.284
110637	37.690273	110.836021	240.999994	823.945089	10979.827	-0.711
110657	37.671211	110.879152	240.999996	823.969619	10979.981	-0.086
110717	37.650025	110.927071	241.000044	824.316465	10980.026	0.197
110737	37.628858	110.974933	240.999912	823.315828	10980.01	-0.142
110757	37.609153	111.019402	240.999943	821.151287	10980.013	-0.068
110817	37.589442	111.063688	241.000755	820.368767	10979.816	0.831
110837	37.569502	111.108443	240.99986	818.848563	10980.035	-0.152
110857	37.549521	111.153362	240.997727	814.663262	10980.568	-5.197
110917	37.529449	111.198312	241.006361	811.925867	10978.065	-11.146
110937	37.509626	111.242578	240.998208	810.927044	10972.726	-15.127
110957	37.490395	111.285695	240.966755	808.861474	10967.548	-15.878
111017	37.470799	111.329793	241.081231	807.669732	10962.394	-13.29
111037	37.4511	111.374	241.0	808.0	10958.0	-7.0
111057	37.432308	111.415692	240.262723	808.299326	10956.554	2.347
111117	37.412508	111.459358	240.102397	807.602057	10959.658	8.195
111137	37.391318	111.506186	240.891639	806.168542	10964.627	8.157
111157	37.371235	111.550821	241.249775	805.624493	10964.784	7.611
111217	37.351737	111.594097	240.714814	806.423018	10966.35	8.446
111237	37.331885	111.637973	240.003309	807.808672	10972.17	8.554
111257	37.31199	111.682149	240.561639	808.224784	10973.781	3.661
111317	37.292152	111.726164	240.941418	807.877327	10972.812	-0.687
111337	37.272225	111.770061	240.135189	807.859118	10972.942	-0.212
111357	37.251969	111.81451	239.872178	809.218855	10973.056	0.205
111417	37.231795	111.858792	240.030835	811.878339	10972.986	-0.049
111437	37.211902	111.902515	240.009543	812.057026	10972.996	-0.015
111457	37.191769	111.946648	239.990782	802.763041	10973.004	0.015
111517	37.171942	111.990004	240.002276	792.883826	10972.999	-0.005
111537	37.152722	112.032037	240.000881	790.238778	10973.0	-0.003
111557	37.133228	112.074773	239.999306	789.246707	10972.998	0.009
111617	37.113458	112.117957	240.000149	790.933616	10973.003	-0.011
111637	37.093623	112.16097	240.000092	796.398617	10973.009	-0.031
111657	37.07343	112.204835	239.999948	799.541734	10972.97	0.105
111717	37.053467	112.248275	240.000007	801.461102	10973.024	-0.083
111737	37.034251	112.289941	240.000008	806.030217	10973.127	-0.44
111757	37.014558	112.33248	239.999996	810.448836	10972.601	1.793
111817	36.993954	112.37696	240.0	813.091495	10973.104	7.338
111837	36.972987	112.422329	240.000001	814.078845	10977.078	13.687
111857	36.952684	112.466265	240.0	813.612539	10983.133	14.055
111917	36.932811	112.509037	240.0	812.992385	10987.878	8.315
111937	36.912223	112.552944	240.0	813.511752	10988.287	2.701
111957	36.891841	112.596518	240.0	811.569492	10988.226	-2.18
112017	36.872266	112.638624	240.0	808.079063	10988.11	-7.68
112037	36.852847	112.680293	239.999999	808.287625	10983.6	-13.835
112057	36.83215	112.724708	240.000002	806.404832	10977.135	-13.708
112117	36.810825	112.770502	240.000001	801.20998	10973.066	-8.202
112137	36.791229	112.81243	239.999986	798.736892	10973.468	-7.055
112157	36.771585	112.854298	240.000032	797.168159	10971.007	-8.865
112217	36.750935	112.898203	240.00001	795.086206	10965.195	-8.207
112237	36.730543	112.941485	239.999803	793.76523	10964.173	-2.012
112257	36.711062	112.98285	240.000443	792.129392	10965.61	-0.958
112317	36.691883	113.023611	240.000136	790.080604	10965.129	-7.657
112337	36.671654	113.066556	239.997258	789.108108	10960.836	-11.163
112357	36.651079	113.110083	240.00622	789.028776	10956.211	-1.791
112417	36.631136	113.152122	240.003634	789.031307	10957.3	13.991
112437	36.612111	113.192203	239.961707	788.638848	10967.872	16.924
112457	36.59266	113.233291	240.076058	789.804169	10973.583	14.214
112517	36.572087	113.276795	240.04968	792.728958	10972.62	14.787
112537	36.551227	113.320715	239.252363	794.663219	10981.913	16.651
112557	36.53084	113.363516	239.178088	794.919344	10989.643	11.652
112617	36.510981	113.405157	239.964075	794.853373	10988.302	1.091
112637	36.490979	113.44702	239.531484	796.737461	10987.686	-1.612
112657	36.470864	113.489146	238.875465	798.252433	10987.973	0.909
112717	36.450591	113.531562	238.974189	798.022497	10987.879	0.659
112737	36.429783	113.574759	239.032627	798.202655	10989.047	-7.207
112757	36.409391	113.617073	238.990502	797.500107	10985.954	-19.296
112817	36.389514	113.658531	238.996697	795.412415	10975.923	-28.252
112837	36.36848	113.702366	239.002694	794.300349	10964.686	-26.173
112857	36.347097	113.746835	238.999576	792.356937	10956.898	-10.975
112917	36.3269	113.788774	238.9998	788.107836	10956.26	10.37
112937	36.307875	113.828192	238.999831	785.499866	10965.185	19.174
112957	36.288332	113.868609	239.000341	784.957957	10973.961	12.943
113017	36.267316	113.911995	239.001186	784.946722	10973.662	1.966
113037	36.247174	113.953436	238.995013	785.150401	10972.342	-0.463
113057	36.227493	113.993975	239.005194	784.852985	10973.34	-0.725
113117	36.206929	114.036472	239.016797	784.026278	10973.923	-6.986
113137	36.186274	114.078864	238.930356	784.567228	10968.512	-6.24
113157	36.166124	114.120183	239.072369	784.863536	10965.3	1.741
113217	36.146283	114.161005	239.233978	783.837164	10971.367	7.877
113237	36.12569	114.202732	238.02997	785.439971	10973.973	4.583
113257	36.105841	114.243971	240.056248	782.356798	10972.902	-0.34
113317	36.090817	114.28534	252.195007	772.758321	10973.03	0.102
113337	36.082089	114.331313	262.163143	770.912225	10972.973	-0.07
113357	36.07605	114.379688	261.402012	772.283043	10972.993	-0.005
113417	36.070035	114.426921	260.583335	768.007861	10973.02	-0.044
113437	36.0639	114.472795	261.144877	763.093388	10972.976	0.085
113457	36.058006	114.518428	261.11154	763.515078	10972.963	0.138
113517	36.051772	114.564627	260.33375	766.473159	10973.213	-0.813
113537	36.045222	114.611924	260.078175	770.092224	10972.678	1.293
113557	36.038681	114.659888	260.86239	773.430353	10972.494	7.141
113617	36.032383	114.706976	261.181905	775.851918	10977.029	9.008
113637	36.026089	114.754013	260.877567	777.389748	10980.223	7.454
113657	36.019923	114.801702	260.844	778.673714	10979.585	7.375
113717	36.014404	114.84902	261.507235	780.970362	10984.582	11.611
113737	36.005834	114.897482	255.614547	786.377679	10988.366	5.646
113757	35.99204	114.941274	242.936943	794.856479	10987.85	-1.45
113817	35.969214	114.980621	230.372596	804.361285	10988.065	0.229
113837	35.93853	115.015094	217.230913	814.786218	10987.919	0.472
113857	35.904862	115.037141	202.984413	825.799111	10988.269	-2.445
113917	35.864897	115.050386	190.997626	833.652197	10987.026	-10.877
113937	35.822015	115.054656	184.853484	835.280923	10981.542	-13.909
113957	35.780483	115.057689	183.35088	833.741479	10977.37	-18.76
114017	35.738848	115.061403	184.248951	831.614643	10971.204	-17.402
114037	35.69732	115.064672	185.158952	828.926308	10963.778	-5.876
114057	35.65837	115.067945	185.07479	824.689353	10964.655	-0.334
114117	35.613271	115.071747	185.50488	821.656858	10965.097	-0.018
114137	35.571524	115.079995	191.867703	814.6571	10964.695	0.678
114157	35.534188	115.094391	200.903984	803.780437	10965.834	-2.977
114217	35.498305	115.115401	209.21015	793.763313	10964.222	-9.812
114237	35.46484	115.142894	217.431935	786.614453	10957.804	-9.693
114257	35.436124	115.174542	225.24335	779.506751	10957.749	-0.83
114317	35.409803	115.208206	227.448107	780.018805	10958.645	-0.28
114337	35.38325	115.243168	226.851177	782.321138	10957.242	2.575
114357	35.355793	115.27871	226.966787	783.331383	10957.254	13.774
114417	35.328939	115.313533	227.061475	790.737276	10966.172	16.509
114437	35.302801	115.347546	226.959866	795.062009	10974.544	10.866
114457	35.276502	115.381648	226.883126	790.867092	10974.552	3.46
114517	35.248582	115.417553	227.12895	791.544	10972.685	-0.596
114537	35.220229	115.454964	228.46677	801.219777	10972.916	-0.17
114557	35.196038	115.490804	231.576924	807.320084	10973.015	0.061
114617	35.172841	115.527048	232.087205	809.923105	10973.017	-0.064
114637	35.147617	115.565931	231.888089	808.368559	10972.78	0.572
114657	35.121041	115.606648	232.031173	804.820817	10973.412	-1.026
114717	35.095077	115.646541	232.006674	802.991251	10973.442	-1.094
114737	35.071624	115.682664	231.989911	804.404888	10969.675	8.217
114757	35.047691	115.719484	232.005826	806.633004	10978.811	-15.945
114817	35.021827	115.759143	232.004293	806.394666	10979.175	-106.383
114837	34.996979	115.797156	231.977314	802.459108	10901.425	-236.34
114857	34.971867	115.835733	232.085135	800.327145	10800.857	-293.566
114917	34.946152	115.875314	231.95213	803.566019	10712.058	-279.668
114937	34.92111	115.913648	231.229253	810.441996	10618.995	-280.834
114957	34.896431	115.951259	231.045302	813.981542	10521.058	-295.565
115017	34.871493	115.989198	231.872303	812.072113	10419.758	-308.669
115037	34.845694	116.028438	231.631097	818.571504	10313.997	-314.282
115057	34.819126	116.068871	231.010529	831.024782	10207.547	-311.363
115117	34.792325	116.10968	231.791686	837.03713	10105.788	-301.847
115137	34.765577	116.150355	231.762739	838.644364	10006.875	-289.601
115157	34.73956	116.189855	230.948913	836.557111	9911.779	-281.661
115217	34.714543	116.227773	230.92182	829.605343	9821.132	-285.145
115237	34.688756	116.26668	231.039254	820.377588	9725.5	-300.074
115257	34.662891	116.305695	230.996332	812.354028	9621.254	-312.453
115317	34.638517	116.342642	230.994388	807.565083	9513.366	-308.257
115337	34.613476	116.380449	231.002815	803.505873	9413.538	-300.535
115357	34.58776	116.419122	230.999739	799.674841	9316.976	-278.153
115417	34.562932	116.456528	230.999612	797.403597	9220.13	-220.393
115437	34.538669	116.493095	231.000155	796.872627	9160.494	-146.719
115457	34.514101	116.530055	231.000007	796.986787	9133.568	-106.341
115517	34.488739	116.568108	231.000179	796.784234	9101.925	-152.192
115537	34.463604	116.605757	230.99935	797.758912	9043.174	-296.848
115557	34.438938	116.642686	231.000362	796.578097	8921.657	-539.49
115617	34.414126	116.679842	231.002896	792.05509	8696.535	-821.754
115637	34.388532	116.718144	230.990752	799.528135	8356.536	-940.402
115657	34.362759	116.756703	231.005055	807.929383	8009.494	-854.112
115717	34.337876	116.793878	231.040365	796.486875	7780.022	-687.849
115737	34.313491	116.82999	230.871175	782.090972	7586.372	-614.633
115757	34.288914	116.866533	231.070408	770.791483	7377.491	-625.491
115817	34.263974	116.903912	231.562218	757.42161	7161.684	-627.506
115837	34.240077	116.938107	229.440691	744.301996	6959.079	-699.855
115857	34.218576	116.974031	236.134055	730.597255	6712.071	-732.22
115917	34.202074	117.014416	250.818482	716.38454	6436.691	-652.341
115937	34.191502	117.052988	253.302062	705.723659	6243.798	-613.514
115957	34.181561	117.093324	251.692313	697.853856	6059.659	-603.301
120017	34.169864	117.135549	251.908691	690.668932	5847.363	-603.047
120037	34.159314	117.173651	252.064275	681.451955	5651.148	-610.002
120057	34.149331	117.210433	252.015695	673.934651	5452.14	-614.448
120117	34.1387	117.24917	252.058494	669.421913	5234.902	-605.883
120137	34.127938	117.28767	251.582539	660.96729	5033.154	-580.956
120157	34.117437	117.324853	251.027067	639.086288	4849.839	-559.101
120217	34.107495	117.360411	251.294931	599.361719	4670.129	-561.069
120237	34.098676	117.393824	252.523664	574.805489	4481.324	-544.11
120257	34.090862	117.425776	253.892307	577.621331	4292.787	-490.034
120317	34.082947	117.458431	253.926108	573.168329	4137.827	-447.825
120337	34.074825	117.491322	253.159143	560.074323	4003.881	-431.983
120357	34.066771	117.523149	252.820237	550.297942	3862.476	-439.657
120417	34.058642	117.554802	253.113914	544.764587	3710.587	-453.865
120437	34.050309	117.587234	253.449194	540.653852	3556.961	-455.378
120457	34.04208	117.619327	252.717302	538.895866	3407.796	-434.792
120517	34.034219	117.650037	251.373919	538.839436	3265.519	-407.429
120537	34.026776	117.679015	253.495886	535.335657	3124.809	-441.193
120557	34.020715	117.708946	259.823469	530.894965	2964.957	-498.418
120617	34.017354	117.743644	263.698335	537.274528	2786.857	-426.813
120637	34.014468	117.77638	263.794266	545.006182	2674.794	-374.574
120657	34.011349	117.807879	262.842906	550.27616	2566.758	-348.907
120717	34.008141	117.840348	262.966412	547.05147	2423.091	-297.201
120737	34.004964	117.872065	262.940785	522.713505	2344.465	-211.425
120757	34.001893	117.90251	263.161222	489.459274	2316.592	-164.436
120817	33.999031	117.931595	263.907287	465.09554	2257.273	-273.648
120837	33.996481	117.959097	264.021037	457.921322	2088.729	-552.863
120857	33.993864	117.986809	263.984902	471.087636	1890.049	-390.165
120917	33.991272	118.014422	264.172925	466.974197	1793.902	-255.933
120937	33.988615	118.040458	263.63332	445.721602	1729.626	-298.097
120957	33.985838	118.065963	262.980964	428.360525	1615.143	-370.532
121017	33.983132	118.093626	263.971476	429.734587	1462.262	-377.241
121037	33.980557	118.119832	263.514955	431.004838	1341.364	-302.793
121057	33.978121	118.143678	262.837259	415.089666	1265.395	-259.274
121117	33.975813	118.166182	262.991067	389.029439	1193.814	-288.005
121137	33.973596	118.188565	263.023029	375.685491	1074.161	-320.669
121157	33.971428	118.210429	263.011715	363.450641	959.773	-326.18
121217	33.969304	118.231823	263.006543	349.417134	866.238	-306.231
121237	33.967215	118.253563	262.856753	346.259885	752.426	-291.105
121257	33.964952	118.27507	263.353754	338.818303	673.385	-331.003
121317	33.962969	118.294081	264.00383	320.928689	566.188	-285.034
121337	33.96172	118.310109	263.29659	305.863085	358.392	-48.508
121357	33.958609	118.334171	263.006039	301.667304	555.204	-474.08
121417	33.956548	118.352684	263.00919	290.478239	539.279	-597.955
121437	33.955525	118.366064	263.003621	276.332473	313.808	-400.62
121457	33.95432	118.380204	262.999703	269.542714	131.187	-256.662
121517	33.952711	118.396264	263.00009	275.833767	55.532	-189.171
121537	33.951172	118.41167	262.99993	240.215867	15.915	-37.303
