051315	73.7788	40.6312	107.0	-270.431332	155.598504	0.0
051335	73.767784	40.619184	338.191	-287.980338	-137.910168	2.866
051355	73.764541	40.601778	467.535	-237.371795	-273.925457	1.639
051415	73.762912	40.582411	562.895	-128.770675	388.420038	1.477
051435	73.773932	40.559963	675.977	235.192922	-404.83953	3.125
051455	73.7883	40.54	960.0	-40.146969	476.311055	4.409
051515	73.80256	40.517843	1257.81	187.410279	440.744893	4.422
051535	73.819545	40.49779	1526.019	139.801932	459.666347	4.248
051555	73.843833	40.484459	1811.07	109.315448	472.062461	4.134
051615	73.871954	40.472638	2067.141	-367.349444	328.280069	3.818
051635	73.900232	40.460456	2311.572	-209.025323	455.59594	3.806
051655	73.928505	40.448372	2567.545	-349.307288	366.04302	3.606
051715	73.957275	40.436091	2810.245	-335.490172	385.564717	2.912
051735	73.98753	40.423142	2990.831	-162.940947	506.415997	2.359
051755	74.019658	40.409373	3114.044	-232.090692	516.665052	2.012
051815	74.053741	40.394765	3208.605	-603.905438	-29.377296	1.778
051835	74.089283	40.379396	3319.648	-343.341987	535.523997	2.207
051855	74.125318	40.363907	3488.947	194.319681	625.405324	3.04
051915	74.162594	40.347744	3724.889	57.11616	658.385922	3.584
051935	74.202657	40.330247	3979.349	-326.069314	576.454853	3.367
051955	74.240002	40.319969	4162.818	-296.159179	605.619896	2.915
052015	74.283231	40.314179	4360.165	556.501009	392.993554	2.834
052035	74.329717	40.309396	4560.973	-687.744888	16.981671	2.966
052055	74.374871	40.303935	4744.215	-689.072611	117.718417	3.061
052115	74.419097	40.298467	4953.93	-630.646982	-310.250095	3.0
052135	74.463593	40.293161	5162.145	-685.205701	-159.16882	2.852
052155	74.509363	40.2876	5320.371	-695.475665	-153.967865	2.747
052215	74.556938	40.281805	5504.116	-694.880348	-186.966642	2.638
052235	74.603452	40.276159	5692.955	-702.790659	-176.764945	2.5
052255	74.646963	40.270849	5826.109	-711.449626	-178.391885	2.381
052315	74.695093	40.264936	5987.598	-718.45214	-182.555007	2.375
052335	74.745777	40.258701	6155.611	-724.876158	-183.348562	2.363
052355	74.793902	40.252784	6285.023	-731.374097	-185.081587	2.26
052415	74.844409	40.246512	6454.115	-736.467242	-186.336937	2.241
052435	74.892608	40.240435	6589.379	-744.038126	-188.236697	2.065
052455	74.939176	40.234589	6721.335	-749.557065	-189.653627	2.229
052515	74.988426	40.228414	6879.306	-750.49828	-189.843255	2.437
052535	75.040295	40.221871	7041.388	-750.22552	-189.787415	2.285
052555	75.090653	40.21554	7180.24	-752.515266	-190.58602	2.06
052615	75.140216	40.209305	7305.886	-756.797255	-191.143978	1.881
052635	75.190934	40.202886	7427.803	-762.042686	-192.448393	1.759
052655	75.243002	40.196265	7536.477	-768.61626	-197.164098	1.664
052715	75.292198	40.189972	7643.38	-774.244069	-191.669066	1.682
052735	75.341252	40.183677	7756.47	-769.728506	-214.093108	1.798
052755	75.394987	40.176703	7874.551	-774.775508	-209.833533	1.827
052815	75.446549	40.169886	8001.268	-802.991945	-53.492026	1.665
052835	75.497949	40.163994	8108.243	-642.83954	-488.414903	1.5
052855	75.551316	40.1592	8189.841	473.79544	-658.866715	1.48
052915	75.604597	40.154982	8284.656	798.628335	158.269469	1.567
052935	75.656825	40.150863	8408.987	799.251637	154.012976	1.683
052955	75.710177	40.146638	8518.945	813.552997	47.289081	1.682
053015	75.762744	40.142502	8619.07	810.793838	91.709222	1.564
053035	75.813202	40.138562	8729.268	810.226311	91.315834	1.413
053055	75.868706	40.13417	8812.596	814.995024	84.128029	1.258
053115	75.925274	40.129657	8881.406	819.736426	87.713858	1.26
053135	75.975991	40.125616	8971.355	819.680314	87.427582	1.508
053155	76.027597	40.121435	9076.597	819.239793	88.50052	1.672
053215	76.08177	40.117	9190.964	818.314867	89.346127	1.711
053235	76.135352	40.112657	9312.134	813.021443	82.606598	1.807
053255	76.1879	40.1084	9426.0	806.429419	85.980181	1.615
053315	76.240661	40.104034	9507.859	811.100242	68.679892	0.926
053335	76.292212	40.099777	9560.165	818.218562	18.710886	1.052
053355	76.343692	40.095479	9633.813	692.876683	434.946672	1.461
053415	76.395936	40.091078	9744.25	359.111063	728.997706	1.707
053435	76.448994	40.086609	9875.916	584.696513	553.783649	1.665
053455	76.501882	40.082124	9992.315	794.524436	101.955351	1.441
053515	76.553738	40.077666	10064.658	802.9878	-16.344326	1.19
053535	76.605311	40.073241	10120.61	802.06503	79.499023	1.075
053555	76.657628	40.068818	10196.234	799.667102	76.864105	1.168
053615	76.710677	40.06424	10284.1	790.21066	125.789971	1.069
053635	76.763416	40.059559	10352.037	791.80158	114.018453	0.628
053655	76.814452	40.055069	10367.032	698.25634	-390.60161	0.198
053715	76.865213	40.050589	10361.604	436.250225	-670.496395	-0.006
053735	76.916975	40.045967	10362.83	493.286419	-629.764913	-0.003
053755	76.969338	40.041293	10363.26	515.762223	-612.3708	0.006
053815	77.020744	40.036651	10363.022	497.347132	-627.994154	-0.004
053835	77.071129	40.032058	10363.068	501.238745	-624.789665	-0.002
053855	77.122363	40.027468	10362.161	502.892087	-623.587211	0.024
053915	77.17383	40.022845	10364.861	501.31782	-624.396375	0.047
053935	77.225138	40.01817	10370.625	501.151628	-623.612067	0.043
053955	77.277053	40.013447	10371.671	501.32585	-623.595098	0.015
054015	77.328815	40.008699	10370.811	500.881332	-623.240487	-0.004
054035	77.380311	40.003889	10370.99	499.982919	-622.081281	-0.001
054055	77.432554	39.998946	10370.869	499.643617	-621.642466	0.004
054115	77.48435	39.99408	10371.344	498.790556	-620.595087	-0.007
054135	77.534809	39.98937	10371.233	496.974588	-618.332759	-0.037
054155	77.58471	39.984622	10366.762	495.409815	-616.385729	-0.068
054215	77.63626	39.979712	10360.676	494.810013	-615.637624	-0.075
054235	77.689347	39.974698	10356.299	494.90933	-615.761639	-0.046
054255	77.740869	39.969788	10354.832	494.641801	-615.443169	0.012
054315	77.790929	39.964989	10357.763	494.007057	-614.613935	0.05
054335	77.840779	39.960187	10362.688	493.137252	-613.540869	0.043
054355	77.891484	39.955239	10363.563	492.058017	-612.39868	0.014
054415	77.943169	39.950155	10362.831	491.895443	-611.647998	-0.004
054435	77.994656	39.945094	10362.983	491.905579	-611.787062	-0.0
054455	78.044077	39.940267	10362.98	490.162019	-612.407175	0.001
054515	78.092689	39.935457	10363.108	493.56442	-609.012361	-0.001
054535	78.142091	39.9305	10363.077	492.765793	-609.777809	-0.001
054555	78.192648	39.925486	10361.93	468.547304	-628.232337	0.014
054615	78.243202	39.920452	10362.82	486.273039	-612.589241	0.035
054635	78.292714	39.9154	10368.307	551.76661	-549.689608	0.046
054655	78.3429	39.910292	10371.842	307.007354	-712.483323	0.029
054715	78.393877	39.905155	10371.058	-229.279539	-739.330589	0.001
054735	78.443579	39.900082	10370.605	-302.110021	-711.04965	0.001
054755	78.492477	39.895015	10371.578	-223.74193	-735.754953	-0.009
054815	78.541173	39.889951	10371.163	-241.397719	-725.064303	-0.039
054835	78.58993	39.884932	10365.731	-245.842943	-720.927608	-0.048
054855	78.640702	39.87971	10362.193	-239.920116	-721.583322	-0.029
054915	78.691576	39.874451	10362.959	-240.561419	-718.995677	-0.001
054935	78.737772	39.869648	10363.046	-239.608196	-714.908721	0.006
054955	78.784077	39.864714	10363.216	-238.291746	-712.280682	-0.009
055015	78.832859	39.85946	10363.081	-238.065018	-711.28318	-0.039
055035	78.881183	39.854372	10359.528	-237.478654	-709.43596	-0.074
055055	78.929287	39.8493	10352.56	-236.873701	-707.743622	-0.061
055115	78.97732	39.844156	10347.966	-236.486127	-706.55225	-0.003
055135	79.02457	39.839089	10352.983	-235.895556	-704.682224	0.033
055155	79.072139	39.833991	10356.512	-235.210464	-702.948842	0.042
055215	79.120658	39.828765	10355.907	-234.872618	-701.790658	0.041
055235	79.169317	39.82346	10360.603	-235.016035	-700.843031	0.041
055255	79.216129	39.818326	10363.315	-233.681651	-701.114581	0.039
055315	79.262135	39.813261	10362.897	-234.29486	-700.904209	0.04
055335	79.310737	39.807872	10367.865	-239.68176	-697.871895	0.049
055355	79.358738	39.802545	10372.384	-221.36367	-702.261549	0.019
055415	79.404616	39.797454	10371.203	-229.530335	-698.299698	-0.039
055435	79.450754	39.792306	10365.717	-307.491528	-666.668961	-0.048
055455	79.498299	39.786977	10361.886	-37.725706	-733.117523	-0.022
055515	79.546583	39.781546	10362.271	428.401729	-596.335355	0.001
055535	79.593487	39.776245	10364.006	260.179982	-685.352685	-0.016
055555	79.639045	39.771086	10362.555	-262.070035	-683.487575	-0.041
055615	79.684888	39.765908	10356.847	-274.209854	-680.132241	-0.016
055635	79.732196	39.760583	10358.111	-225.503253	-699.160549	0.022
055655	79.780287	39.755158	10363.239	-226.782874	-699.166891	0.041
055715	79.827652	39.74976	10362.766	-166.200212	-716.104586	0.04
055735	79.874412	39.744345	10365.622	-474.882017	-560.395009	0.047
055755	79.921327	39.738844	10371.424	-717.863806	-153.052252	0.037
055815	79.968745	39.733282	10372.294	-721.004744	-138.690526	-0.02
055835	80.015179	39.727906	10367.692	-705.102409	-200.337365	-0.053
055855	80.061512	39.722551	10362.723	-710.18376	-177.631216	-0.038
055915	80.109351	39.716934	10362.575	-712.491751	-177.079446	-0.008
055935	80.1565	39.711432	10363.217	-712.548032	-182.012635	0.004
055955	80.203975	39.705934	10362.978	-712.543461	-180.050792	-0.0
060015	80.25303	39.700197	10362.951	-712.514288	-179.389589	-0.0
060035	80.297417	39.694914	10363.076	-712.77274	-182.55542	-0.001
060055	80.341473	39.68963	10362.966	-714.83867	-179.699335	0.001
060115	80.392381	39.683569	10362.734	-716.785989	-172.142101	0.005
060135	80.439267	39.677934	10363.843	-706.751375	-208.149084	-0.017
060155	80.482856	39.672649	10362.538	-718.241154	-165.683935	-0.041
060215	80.530895	39.666849	10356.567	-736.25181	-58.555168	-0.019
060235	80.578156	39.661059	10359.16	-491.520911	-551.978119	0.031
060255	80.625285	39.655242	10364.367	-308.091712	-671.792219	0.037
060315	80.674628	39.649202	10363.115	-711.153908	-204.349323	0.001
060335	80.72343	39.643255	10361.803	-735.646655	-92.65176	0.02
060355	80.770236	39.637552	10365.005	-711.921934	-209.059098	0.048
060415	80.815717	39.631968	10370.664	-718.371408	-185.37926	0.042
060435	80.862291	39.626166	10371.367	-722.672172	-176.196878	0.019
060455	80.910158	39.620214	10371.378	-721.996002	-184.755731	-0.015
060515	80.958164	39.614286	10371.356	-722.185912	-182.979207	-0.04
060535	81.00504	39.608455	10365.228	-722.621903	-182.378826	-0.023
060555	81.052765	39.602463	10364.089	-721.504184	-182.645042	0.016
060615	81.10207	39.596226	10370.546	-719.43858	-182.009754	0.04
060635	81.150476	39.590062	10371.619	-719.404383	-182.34859	0.025
060655	81.194826	39.584433	10371.163	-718.707814	-181.241775	-0.021
060715	81.239582	39.57874	10369.148	-715.935884	-184.394728	-0.062
060735	81.2884	39.5725	10363.0	-716.425008	-181.262814	-0.076
060755	81.335851	39.566497	10358.331	-720.756633	-162.650932	-0.079
060815	81.383259	39.560424	10353.163	-703.345038	-227.893504	-0.07
060835	81.431	39.5542	10348.0	-717.39446	-181.508095	-0.041
060855	81.477513	39.548135	10346.891	-678.602958	294.764093	0.013
060915	81.524439	39.542016	10350.062	-430.697616	602.473306	0.062
060935	81.5719	39.5358	10356.0	-541.804065	506.96386	0.076
060955	81.618254	39.529702	10361.816	-740.425664	-49.996506	0.05
061015	81.664217	39.523712	10362.477	-741.429299	-30.005591	0.045
061035	81.7112	39.5176	10363.0	-541.804065	506.96386	0.076
061055	81.759909	39.511139	10373.157	-493.272127	552.815174	0.091
061115	81.808024	39.504734	10380.023	-557.252826	485.361812	0.042
061135	81.855	39.4985	10378.0	-538.153094	503.547662	-0.041
061155	81.902182	39.492208	10373.497	-533.821986	506.008794	-0.073
061215	81.948431	39.486053	10368.433	-537.6611	500.513408	-0.079
061235	81.9946	39.4799	10363.0	-535.962511	501.497943	-0.076
061255	82.042922	39.473376	10357.65	-535.618403	501.642757	-0.055
061315	82.090727	39.466905	10355.516	-536.291046	501.620111	-0.026
061335	82.1367	39.4607	10356.0	-536.692706	502.181182	0.0
061355	82.182037	39.454577	10355.649	-536.730136	502.253385	0.024
061415	82.227537	39.448418	10357.156	-536.679137	502.15557	0.058
061435	82.273762	39.442121	10362.628	-536.691767	502.179569	0.077
061455	82.320956	39.435616	10369.903	-536.699271	502.189775	0.03
061515	82.368463	39.42905	10368.953	-536.682933	502.171532	-0.012
061535	82.415744	39.422525	10363.053	-536.689937	502.178668	-0.001
061555	82.462629	39.416036	10367.534	-536.747659	502.230173	0.032
061615	82.50874	39.40963	10371.994	-536.549746	502.053237	0.035
061635	82.554855	39.403225	10371.031	-535.995302	501.530427	0.002
061655	82.602482	39.396645	10371.432	-535.201198	500.74923	-0.026
061715	82.650066	39.390038	10369.388	-533.739592	499.499548	-0.055
061735	82.696501	39.383524	10363.325	-532.340246	498.133585	-0.076
061755	82.742116	39.377091	10357.706	-532.420246	497.679764	-0.058
061815	82.786771	39.370769	10355.623	-531.789014	498.726137	-0.028
061835	82.831335	39.364424	10356.009	-532.138334	498.267606	-0.001
061855	82.877328	39.357834	10355.348	-535.840661	494.365989	0.028
061915	82.923207	39.351273	10357.849	-524.260293	506.32806	0.047
061935	82.969235	39.344735	10362.842	-529.852384	500.626424	0.042
061955	83.017593	39.337884	10363.56	-579.83119	444.727729	0.013
062015	83.065147	39.331064	10362.803	-396.345615	616.445153	-0.004
062035	83.111351	39.324342	10362.989	111.351429	725.482727	-0.0
062055	83.159001	39.317417	10363.04	283.749135	676.926025	0.001
062115	83.204563	39.310798	10362.986	-131.889361	722.284035	-0.0
062135	83.248247	39.304429	10362.999	-536.273248	502.589536	-0.0
062155	83.2951	39.297572	10363.004	-171.817908	714.781793	0.0
062215	83.342822	39.29057	10362.996	224.960882	699.561101	0.0
062235	83.389388	39.283739	10362.999	137.974516	721.891907	0.0
062255	83.435471	39.276995	10363.017	113.650764	727.47986	-0.0
062315	83.481031	39.270275	10362.962	139.746954	723.871655	0.001
062335	83.526865	39.263448	10362.988	133.347456	724.858181	0.0
062355	83.574272	39.256383	10363.235	131.536458	724.922729	-0.004
062415	83.621175	39.249379	10362.471	133.534917	725.325454	0.01
062435	83.666818	39.242542	10362.838	133.334577	726.815556	0.04
062455	83.71281	39.235647	10368.305	133.278401	727.27983	0.047
062515	83.759464	39.228623	10371.703	133.25651	726.235984	0.031
062535	83.806183	39.221551	10371.008	132.96869	724.933417	0.002
062555	83.852261	39.214565	10371.626	132.844933	725.072091	-0.027
062615	83.899033	39.207494	10369.055	133.130078	724.21494	-0.049
062635	83.946363	39.200353	10363.228	132.682989	722.922143	-0.042
062655	83.99257	39.193342	10361.433	131.044812	724.597797	0.011
062715	84.039636	39.186066	10365.52	136.941825	723.904747	0.055
062735	84.086648	39.178747	10370.877	133.841958	722.776789	0.048
062755	84.130396	39.172065	10370.992	136.722365	721.049927	-0.002
062815	84.175837	39.165071	10371.49	221.514525	696.19305	-0.03
062835	84.223178	39.157757	10368.867	-172.576905	706.834933	-0.057
062855	84.270534	39.150439	10362.681	-528.904068	497.214188	-0.076
062915	84.316128	39.143375	10357.351	-109.857302	716.037717	-0.056
062935	84.359891	39.136613	10355.494	224.65176	688.128691	-0.022
062955	84.404304	39.129742	10356.022	126.29528	712.896834	0.001
063015	84.451556	39.122362	10356.024	123.820874	713.170527	0.003
063035	84.496662	39.115306	10356.133	112.218181	715.87589	-0.004
063055	84.541029	39.108331	10355.954	137.827518	712.854896	0.001
063115	84.588768	39.10075	10355.169	252.63356	681.070901	0.029
063135	84.630251	39.094232	10358.739	-255.758204	678.427359	0.047
063155	84.671754	39.087717	10363.539	-464.655244	555.260338	0.036
063215	84.723902	39.079371	10363.356	519.93577	505.96592	0.006
063235	84.771903	39.071682	10362.706	718.918532	106.272807	-0.003
063255	84.816665	39.064512	10363.11	660.600855	303.586278	-0.001
063315	84.864415	39.056831	10363.256	665.093751	293.594672	-0.004
063335	84.90884	39.049707	10362.023	677.271791	264.233946	0.021
063355	84.953087	39.042604	10364.02	671.752545	277.992263	0.041
063415	85.001327	39.034792	10370.326	672.052624	277.265013	0.014
063435	85.04619	39.02747	10368.35	672.916881	275.154128	-0.032
063455	85.089224	39.020474	10362.116	672.516382	276.137845	-0.034
063515	85.135091	39.013076	10361.885	672.54053	276.08396	0.025
063535	85.181629	39.005459	10366.952	672.582268	275.944477	0.054
063555	85.227358	38.997907	10371.496	672.586776	275.995228	0.035
063615	85.272398	38.990522	10371.355	672.626401	275.968754	0.005
063635	85.31811	38.983056	10370.595	672.25308	276.088469	0.0
063655	85.364021	38.975483	10371.245	671.475256	275.306346	-0.003
063715	85.409096	38.967937	10371.703	670.31341	274.297615	-0.032
063735	85.453773	38.960521	10367.349	668.593865	277.553913	-0.05
063755	85.499525	38.95295	10362.424	670.891852	271.98757	-0.035
063815	85.546413	38.945101	10362.504	672.745786	265.351551	-0.004
063835	85.59077	38.937641	10363.891	652.09287	311.967603	-0.01
063855	85.633811	38.930454	10362.251	683.931701	234.535475	-0.049
063915	85.678701	38.923018	10357.145	708.841316	142.579805	-0.062
063935	85.725431	38.91517	10355.535	238.372777	682.514433	0.028
063955	85.770705	38.907491	10359.785	353.597042	631.340171	0.064
064015	85.815508	38.899896	10363.604	701.052874	180.545881	0.029
064035	85.861778	38.892076	10363.187	680.065977	245.822865	0.003
064055	85.908105	38.884231	10362.82	656.841765	301.841711	-0.003
064115	85.952329	38.876685	10363.044	671.771237	267.387743	0.001
064135	85.995441	38.869262	10363.014	670.03076	271.66539	0.0
064155	86.042684	38.861124	10362.982	666.16401	280.955747	-0.0
064215	86.089297	38.853086	10363.011	671.844667	267.142627	-0.0
064235	86.132334	38.845636	10363.014	673.27267	263.527962	-0.0
064255	86.178484	38.837645	10362.922	639.895417	336.429814	0.001
064315	86.224383	38.8297	10363.116	702.566421	171.01401	-0.002
064335	86.267045	38.822304	10363.182	639.449362	-337.662951	-0.003
064355	86.311618	38.814548	10361.932	482.691404	-536.869642	0.025
064415	86.356924	38.806669	10364.677	669.221941	-267.690391	0.039
064435	86.401098	38.798968	10370.744	674.560794	254.191341	0.008
064455	86.446207	38.790968	10367.256	720.202695	-43.788011	-0.027
064515	86.491851	38.78291	10362.422	542.075194	-474.207778	-0.043
064535	86.536694	38.775131	10363.2	573.047861	-430.267376	-0.041
064555	86.580271	38.767504	10359.433	598.681498	-390.882566	-0.043
064615	86.624113	38.759734	10355.41	584.201976	-415.622545	-0.036
064635	86.669169	38.75171	10355.917	589.364377	-414.553927	-0.007
064655	86.714147	38.743696	10355.472	591.870905	-412.162404	0.025
064715	86.75915	38.735692	10357.106	590.667617	-413.844973	0.045
064735	86.804586	38.727621	10362.269	592.0868	-414.499588	0.044
064755	86.850068	38.719518	10363.689	592.638111	-414.586888	0.018
064815	86.894599	38.71152	10362.832	592.255365	-414.50079	-0.003
064835	86.938849	38.70354	10362.946	592.273629	-414.489185	-0.001
064855	86.985814	38.695168	10363.065	592.884	-414.894891	0.001
064915	87.032024	38.686865	10362.965	593.144079	-415.089949	-0.0
064935	87.075019	38.678974	10362.959	593.040997	-415.016056	0.0
064955	87.118704	38.671006	10363.221	594.449801	-416.000445	-0.001
065015	87.163837	38.662829	10362.662	595.904636	-417.019409	0.002
065035	87.209632	38.654501	10361.731	595.901941	-417.017263	0.017
065055	87.255563	38.646058	10364.404	595.585706	-416.796416	0.036
065115	87.30103	38.637648	10370.2	595.629002	-416.826932	0.043
065135	87.345446	38.629538	10371.802	595.585078	-416.792401	0.018
065155	87.389597	38.621443	10370.731	595.73208	-416.90343	-0.002
065215	87.434239	38.613152	10370.802	595.792765	-416.948713	0.001
065235	87.479101	38.604952	10371.887	594.331489	-415.873177	-0.02
065255	87.524323	38.596699	10369.664	592.932491	-415.007435	-0.046
065315	87.569706	38.588279	10363.808	593.06157	-415.136799	-0.044
065335	87.614317	38.579938	10362.274	593.532107	-414.730572	-0.019
065355	87.65901	38.571572	10363.125	592.714729	-415.735668	0.005
065415	87.704361	38.563091	10362.963	591.946401	-415.740175	0.003
065435	87.749194	38.554697	10363.498	594.615112	-407.404311	-0.019
065455	87.793249	38.546431	10362.13	582.396711	-420.965925	-0.04
065515	87.836812	38.538226	10357.79	567.519792	-440.898814	-0.042
065535	87.880278	38.529973	10355.557	624.394447	-356.810343	-0.028
065555	87.924406	38.521556	10356.005	609.614311	-381.296501	-0.003
065615	87.970056	38.512885	10355.379	145.362102	-703.84896	0.026
065635	88.016473	38.504066	10357.566	108.888293	-711.303596	0.047
065655	88.062142	38.495352	10362.647	581.553028	-426.159764	0.043
065715	88.105756	38.487013	10363.816	313.553978	-648.058347	0.011
065735	88.148545	38.478809	10362.391	-124.02191	-707.979044	0.004
065755	88.192072	38.470449	10362.703	-40.625237	-717.827788	0.037
065815	88.236844	38.461866	10367.7	-6.602796	-718.941123	0.054
065835	88.281353	38.453286	10372.35	-35.509045	-718.276785	0.019
065855	88.325345	38.44476	10371.468	-29.477971	-718.505747	-0.038
065915	88.370417	38.436084	10365.135	-26.952131	-716.645986	-0.028
065935	88.414815	38.4275	10363.888	-28.987771	-715.092249	0.018
065955	88.457979	38.419073	10370.168	-28.555982	-714.64117	0.038
070015	88.502103	38.410469	10372.834	-28.233706	-712.24369	-0.004
070035	88.547339	38.401628	10369.441	-28.305197	-710.025997	-0.049
070055	88.592081	38.392874	10363.738	-28.265744	-709.567114	-0.045
070115	88.634011	38.384782	10362.349	-28.201967	-708.381805	-0.018
070135	88.676569	38.376523	10363.095	-28.163433	-707.234859	0.005
070155	88.721952	38.367514	10362.936	-28.164575	-707.336846	0.003
070215	88.766223	38.358613	10363.631	-28.207425	-707.777158	-0.022
070235	88.808361	38.350259	10361.928	-28.11902	-706.970618	-0.045
070255	88.850344	38.342111	10356.829	-28.01314	-704.804236	-0.04
070315	88.895604	38.333167	10354.619	-28.366968	-703.77341	-0.004
070335	88.940836	38.324084	10356.483	-27.834574	-704.703111	0.042
070355	88.982861	38.31565	10361.02	-27.069842	-706.851518	0.072
070415	89.026288	38.307066	10366.851	-32.074239	-707.857914	0.071
070435	89.070209	38.298437	10371.495	-25.073176	-707.28132	0.032
070455	89.111802	38.290161	10372.098	-13.199976	-705.365334	-0.028
070515	89.154721	38.281468	10367.329	-81.622893	-700.212737	-0.044
070535	89.199011	38.272461	10362.698	15.423014	-704.667296	-0.029
070555	89.242555	38.26369	10363.414	426.552792	-558.564799	-0.029
070615	89.285802	38.254988	10362.39	568.46124	-412.143363	-0.03
070635	89.329461	38.246141	10356.767	217.317183	-670.050944	-0.011
070655	89.373711	38.237131	10358.196	-453.955759	-539.433769	0.024
070715	89.417042	38.228311	10363.461	-586.936912	-390.958476	0.04
070735	89.458706	38.219841	10363.391	-125.652372	-696.374439	0.011
070755	89.502264	38.21092	10362.94	-232.625948	-667.798623	-0.009
070815	89.546346	38.201884	10362.879	-631.065181	-313.702206	0.003
070835	89.588101	38.193382	10362.284	-629.576679	-316.196823	0.032
070855	89.630439	38.184695	10366.338	-595.279888	-380.312777	0.049
070915	89.674211	38.175628	10371.437	-612.405896	-355.530353	0.037
070935	89.71811	38.166522	10371.458	-612.235022	-355.672816	0.007
070955	89.760735	38.157719	10370.564	-609.741915	-360.286365	-0.0
071015	89.803848	38.148826	10371.196	-610.433642	-358.185102	-0.002
071035	89.849091	38.139447	10371.827	-608.448594	-357.037658	-0.032
071055	89.89263	38.130378	10367.447	-608.001082	-357.209562	-0.045
071115	89.934224	38.121704	10362.712	-607.626598	-356.810324	-0.04
071135	89.976334	38.112949	10363.244	-604.38408	-354.90737	-0.039
071155	90.020288	38.103819	10360.355	-603.724327	-354.551676	-0.044
071215	90.063802	38.094715	10355.753	-605.484205	-355.572227	-0.039
071235	90.104747	38.086042	10355.786	-606.152131	-355.963901	-0.013
071255	90.14792	38.076948	10355.562	-606.245935	-356.02145	0.02
071315	90.193057	38.067458	10356.336	-606.178446	-355.980915	0.042
071335	90.236483	38.058223	10361.556	-606.037714	-355.898226	0.043
071355	90.278902	38.049211	10363.071	-606.822192	-356.359106	0.039
071415	90.320872	38.040314	10363.312	-608.009178	-357.056086	0.041
071435	90.362749	38.031378	10369.088	-608.186578	-357.160218	0.043
071455	90.406308	38.022025	10371.712	-607.244112	-356.60698	0.03
071515	90.45058	38.012535	10371.019	-606.167678	-355.974626	-0.002
071535	90.493259	38.003452	10371.968	-606.077	-355.920678	-0.036
071555	90.535411	37.994391	10367.512	-606.30978	-356.060214	-0.031
071615	90.577714	37.985245	10363.064	-606.178507	-355.980438	0.001
071635	90.620034	37.9762	10369.147	-605.570993	-355.613994	0.009
071655	90.66284	37.967009	10369.347	-605.222483	-355.44871	-0.019
071715	90.706729	37.957519	10362.786	-605.34862	-355.485455	-0.04
071735	90.751367	37.947895	10362.293	-605.474077	-355.424362	-0.013
071755	90.79352	37.938778	10363.338	-604.983311	-355.684563	0.004
071815	90.834623	37.929838	10362.977	-605.435287	-355.430582	0.0
071835	90.877587	37.920507	10363.267	-605.277964	-357.683054	-0.005
071855	90.919188	37.911505	10363.669	-602.956501	-359.939665	-0.037
071915	90.962696	37.902015	10358.811	-617.548511	-333.466708	-0.03
071935	91.006217	37.892472	10356.384	-588.394586	-382.943313	0.011
071955	91.047653	37.88339	10361.826	-565.360703	-416.167006	0.04
072015	91.090306	37.874033	10363.909	-698.722091	67.563068	0.023
072035	91.13417	37.864384	10362.796	-652.139887	259.871853	-0.003
072055	91.177723	37.854778	10362.873	-634.798028	-299.774452	-0.001
072115	91.220561	37.845329	10363.284	-693.116161	-110.717715	-0.003
072135	91.263176	37.835955	10362.707	-590.14198	380.41368	0.005
072155	91.305374	37.826667	10362.364	-611.685823	346.184348	0.034
072215	91.345468	37.817728	10367.062	-638.291986	295.003703	0.048
072235	91.386732	37.808514	10371.544	-624.610779	322.359064	0.036
072255	91.431203	37.79865	10371.109	-625.342283	319.470202	0.008
072315	91.474085	37.789043	10371.589	-626.288424	315.313819	-0.023
072335	91.516669	37.779461	10369.982	-623.79879	316.506702	-0.044
072355	91.560669	37.769608	10364.082	-622.54005	315.635755	-0.045
072415	91.602369	37.760222	10362.181	-623.730338	315.907597	-0.019
072435	91.643472	37.750935	10363.169	-624.187523	316.315079	0.003
072455	91.686188	37.741296	10363.075	-622.106191	315.243683	0.001
072515	91.728034	37.731841	10362.941	-621.678528	315.003176	-0.001
072535	91.769761	37.722417	10363.012	-621.458182	314.904222	0.0
072555	91.812427	37.712791	10363.005	-619.975353	314.151736	0.0
072615	91.854158	37.703328	10362.996	-621.156585	314.747709	-0.0
072635	91.895334	37.693942	10363.001	-621.240208	314.792634	0.0
072655	91.937135	37.684405	10363.0	-617.759334	313.029884	0.0
072715	91.979651	37.674741	10363.0	-618.019535	313.149493	-0.0
072735	92.022694	37.664932	10363.0	-620.372862	314.364931	0.0
072755	92.06569	37.655047	10363.0	-620.334298	314.361479	0.0
072815	92.107687	37.645357	10363.0	-618.332697	313.174752	-0.0
072835	92.149391	37.635781	10363.0	-617.346564	312.959072	0.0
072855	92.191485	37.626172	10363.0	-619.235353	314.2277	0.0
072915	92.232849	37.616624	10363.0	-621.047812	312.820484	-0.0
072935	92.274446	37.606932	10363.0	-619.107333	315.655879	0.0
072955	92.317031	37.597022	10363.0	-617.355862	319.111885	0.0
073015	92.358218	37.587447	10363.0	-630.159726	293.241191	-0.0
073035	92.399578	37.577827	10363.0	-608.633892	335.49001	0.0
073055	92.442705	37.56777	10363.0	-580.735663	381.668411	0.0
073115	92.483968	37.558096	10363.0	-691.895881	-68.537534	-0.0
073135	92.524491	37.548591	10363.0	-613.385613	-325.940372	0.0
073155	92.566749	37.538711	10363.0	-668.143327	181.803162	-0.0
073215	92.609543	37.528658	10363.0	-570.67933	391.1439	0.0
073235	92.651606	37.518743	10363.0	-624.817454	297.162042	-0.0
073255	92.692683	37.509083	10363.0	-623.843817	296.023427	-0.0
073315	92.734163	37.499353	10363.0	-601.177387	337.333143	0.0
073335	92.775797	37.489529	10363.0	-622.872135	294.480193	-0.0
073355	92.81667	37.479782	10363.0	-649.126948	230.908091	-0.0
073415	92.857421	37.470141	10363.0	-368.379278	582.289335	0.0
073435	92.899038	37.460288	10363.0	-97.677912	682.024025	-0.0
073455	92.941515	37.450089	10363.0	-559.741125	401.63074	-0.0
073515	92.982423	37.440365	10363.0	-500.610094	473.910342	0.0
073535	93.022749	37.430841	10363.0	-22.663425	689.739248	-0.0
073555	93.06454	37.420839	10363.0	-30.562241	689.656482	-0.0
073615	93.106116	37.410777	10363.0	-73.446285	684.774345	0.0
073635	93.147439	37.400804	10363.0	-84.337124	681.652193	-0.0
073655	93.189203	37.390808	10363.001	-152.921798	669.637011	-0.0
073715	93.230227	37.380811	10362.995	239.733019	643.819239	0.0
073735	93.270544	37.371349	10363.004	-314.853735	610.664776	-0.0
073755	93.311204	37.363442	10363.018	653.806188	216.26409	-0.0
073815	93.353168	37.358381	10362.927	692.974301	-32.55655	0.001
073835	93.397009	37.35601	10362.933	-158.704205	-681.049078	0.001
073855	93.442781	37.355167	10363.281	529.478132	-457.505749	-0.005
073915	93.488269	37.354802	10362.65	204.869156	-666.779488	0.006
073935	93.531825	37.354322	10362.215	239.827305	-654.349106	0.037
073955	93.575	37.353861	10367.804	288.948542	-634.776024	0.03
074015	93.618173	37.353361	10370.556	262.802574	-644.914727	-0.011
074035	93.661443	37.352751	10364.337	263.89843	-640.589859	-0.04
074055	93.705613	37.352184	10361.981	266.487508	-637.00152	-0.023
074115	93.749035	37.351674	10363.21	264.437193	-637.261992	0.004
074135	93.791185	37.351145	10363.093	264.622953	-637.215852	0.002
074155	93.835522	37.350534	10362.927	264.886633	-637.147229	-0.001
074215	93.879253	37.349979	10363.015	264.748202	-637.186911	0.0
074235	93.920287	37.34953	10363.007	264.762844	-637.186787	0.0
074255	93.963833	37.348921	10362.995	264.768035	-637.148241	-0.0
074315	94.008493	37.348238	10363.001	264.784015	-637.214509	0.0
074335	94.05126	37.347644	10363.0	264.803248	-637.258987	0.0
074355	94.093437	37.347059	10363.0	264.564284	-636.67254	-0.0
074415	94.136013	37.346442	10363.0	264.377499	-636.23957	0.0
074435	94.179694	37.345777	10363.0	264.418935	-636.349357	0.0
074455	94.225027	37.345046	10363.0	264.084702	-635.436993	-0.0
074515	94.268857	37.344329	10363.0	263.466696	-634.152887	0.0
074535	94.309781	37.34367	10363.0	263.168009	-633.576105	0.0
074555	94.352715	37.342957	10363.0	263.664569	-633.275162	-0.0
074615	94.396122	37.342219	10363.0	262.671423	-633.70704	0.0
074635	94.43759	37.341493	10363.0	261.957942	-633.969372	0.0
074655	94.479915	37.340681	10363.0	269.58654	-631.05109	-0.0
074715	94.52329	37.339834	10363.0	256.987641	-635.800922	0.0
074735	94.566788	37.339036	10363.0	242.766494	-639.750918	0.0
074755	94.610647	37.338246	10363.001	341.516966	-592.711907	-0.0
074815	94.654547	37.337435	10362.999	174.158288	-661.19634	0.0
074835	94.697563	37.336575	10362.995	-356.892699	-580.672755	0.0
074855	94.738647	37.335634	10363.019	-103.882288	-672.429533	-0.0
074915	94.779512	37.334733	10362.981	249.767952	-633.908863	0.0
074935	94.822127	37.333946	10362.937	-258.593003	-632.659955	0.001
074955	94.865385	37.333069	10363.26	-464.308448	-503.069941	-0.005
075015	94.908183	37.332109	10362.73	-376.040425	-570.916473	0.005
075035	94.950263	37.331175	10362.126	-379.730151	-565.811451	0.036
075055	94.992597	37.330257	10367.437	-393.485947	-555.661906	0.031
075115	95.035217	37.329303	10370.728	-386.954352	-560.225831	-0.009
075135	95.077689	37.328298	10364.713	-386.488178	-558.817704	-0.04
075155	95.120062	37.327324	10361.697	-386.876321	-557.161702	-0.022
075215	95.162882	37.326349	10363.284	-386.208716	-557.231954	-0.0
075235	95.206225	37.325291	10363.808	-386.213862	-557.25323	-0.03
075255	95.248517	37.324153	10359.927	-386.303384	-557.089434	-0.049
075315	95.290739	37.323041	10355.677	-386.274444	-557.288588	-0.038
075335	95.333919	37.322044	10355.838	-386.548506	-557.972479	-0.011
075355	95.374858	37.321039	10355.556	-387.54913	-557.72105	0.02
075415	95.416612	37.319923	10356.49	-386.32278	-558.325995	0.043
075435	95.462441	37.318707	10361.588	-384.357689	-559.515914	0.046
075455	95.504896	37.317601	10363.754	-395.853252	-552.647195	0.023
075515	95.545376	37.316531	10362.902	-381.164767	-564.516842	-0.002
075535	95.589183	37.315331	10362.92	-354.280004	-581.963368	-0.002
075555	95.633382	37.314113	10363.002	-497.478449	-463.565422	0.002
075615	95.675553	37.312922	10363.035	-284.866238	-616.351717	-0.001
075635	95.716376	37.311903	10363.1	634.934396	-244.985957	-0.002
075655	95.760027	37.311507	10362.166	676.472188	101.364479	0.022
075715	95.80361	37.311305	10364.583	622.340701	-290.02736	0.047
075735	95.845268	37.310876	10370.41	301.836962	-617.152812	0.044
075755	95.888398	37.310351	10371.73	215.307085	-652.373024	0.016
075815	95.931674	37.309813	10370.798	276.458405	-628.926774	-0.004
075835	95.974144	37.30928	10370.958	266.005132	-633.415709	-0.001
075855	96.017744	37.308742	10371.055	262.813428	-634.717255	0.001
075915	96.060427	37.308222	10370.98	259.972107	-635.940352	0.0
075935	96.101393	37.307689	10370.991	258.658707	-635.704845	0.0
075955	96.143545	37.30704	10371.046	297.958126	-614.811125	-0.003
080015	96.186119	37.306377	10370.926	196.38075	-651.229717	0.005
080035	96.228604	37.305786	10370.922	191.883345	-651.42165	0.005
080055	96.2722	37.3052	10371.0	667.410963	-119.359152	-0.051
080115	96.314029	37.304552	10366.384	672.671317	51.074985	-0.079
080135	96.356589	37.303831	10359.762	576.132083	-346.090605	-0.065
080155	96.3997	37.3031	10356.0	257.480335	-619.632857	-0.041
080215	96.440132	37.302438	10356.752	217.689866	-632.45234	-0.041
080235	96.480813	37.301736	10353.072	272.257956	-609.669352	-0.032
080255	96.5231	37.301	10348.0	256.329156	-616.862516	0.0
080315	96.565576	37.300342	10353.148	247.531994	-620.517661	0.032
080335	96.608321	37.299621	10356.585	272.628197	-609.774063	0.043
080355	96.6506	37.2988	10356.0	256.329156	-616.862516	0.041
080415	96.691295	37.297993	10360.659	169.529314	-646.324778	0.044
080435	96.732561	37.297211	10363.822	468.091109	-475.805173	0.028
080455	96.7751	37.2964	10363.0	655.598379	-117.2466	-0.0
080515	96.81753	37.295517	10362.859	450.970891	-488.946777	-0.003
080535	96.859255	37.294727	10363.039	213.821089	-629.628757	0.002
080555	96.9002	37.294	10363.0	255.177977	-614.092175	0.0
080615	96.94082	37.293123	10363.109	-163.889183	-644.530789	-0.002
080635	96.982422	37.292171	10362.742	-435.929034	-502.092258	0.004
080655	97.025068	37.291245	10362.92	-382.269033	-544.121078	0.001
080715	97.067317	37.290375	10364.611	-366.968033	-555.383008	-0.026
080735	97.108458	37.289501	10359.346	-383.901382	-544.312115	0.068
080755	97.149013	37.288592	10360.865	-379.947622	-546.980053	0.346
080815	97.1904	37.287669	10401.914	-378.842149	-548.494212	0.718
080835	97.23271	37.286709	10464.709	-381.7301	-550.016921	1.048
080855	97.275432	37.285702	10537.475	-383.392723	-552.968333	1.26
080915	97.317869	37.284689	10632.342	-382.801829	-552.341115	1.369
080935	97.359335	37.283721	10726.712	-382.260685	-551.369468	1.39
080955	97.400024	37.282794	10811.202	-382.353968	-551.543848	1.294
081015	97.441233	37.281828	10900.233	-381.009825	-549.621013	1.015
081035	97.484078	37.280755	10958.823	-380.939279	-549.505584	0.59
081055	97.527475	37.279612	10972.744	-382.278217	-551.439866	0.181
081115	97.568642	37.278524	10973.485	-380.855817	-549.38926	0.016
081135	97.61029	37.277385	10972.868	-379.014854	-546.732633	-0.001
081155	97.653452	37.276174	10972.973	-378.847953	-546.49205	-0.0
081215	97.694642	37.275072	10973.033	-378.872589	-546.527629	0.0
081235	97.735182	37.273944	10972.997	-378.902247	-546.57048	-0.0
081255	97.776706	37.272703	10973.007	-379.272084	-547.104057	-0.0
081315	97.818096	37.27154	10972.952	-380.063677	-548.245024	0.001
081335	97.859503	37.270412	10973.063	-380.655151	-549.099962	-0.001
081355	97.901514	37.26921	10973.143	-380.616018	-549.044729	-0.003
081415	97.943871	37.267961	10972.286	-380.522244	-548.89639	0.018
081435	97.985043	37.266774	10973.717	-380.607084	-549.04032	0.044
081455	98.025039	37.265661	10978.829	-380.662207	-549.143389	0.046
081515	98.068016	37.264371	10980.817	-380.120578	-548.183431	0.02
081535	98.111906	37.263003	10979.864	-379.34223	-547.31288	-0.001
081555	98.153033	37.261744	10979.727	-379.202847	-547.520234	0.002
081615	98.193776	37.260438	10980.704	-380.0717	-546.395716	-0.015
081635	98.235115	37.259105	10979.467	-378.160566	-546.98333	-0.044
081655	98.276488	37.257843	10974.334	-375.579185	-548.941637	-0.046
081715	98.31759	37.256552	10972.434	-390.428049	-537.332134	-0.026
081735	98.359381	37.255193	10972.96	-367.963583	-551.376752	0.005
081755	98.402455	37.253794	10972.421	-329.761732	-575.015495	0.034
081815	98.444506	37.252385	10975.945	-556.818992	-360.231524	0.047
081835	98.484881	37.250993	10980.338	-658.666911	74.706152	0.038
081855	98.52494	37.249605	10980.167	-647.838526	134.275177	0.011
081915	98.567117	37.248128	10980.475	-577.227796	-319.514778	-0.021
081935	98.609056	37.2467	10979.479	-387.859711	-531.140476	-0.042
081955	98.648017	37.24545	10974.257	-641.336677	-136.17583	-0.043
082015	98.688458	37.24409	10972.811	-644.782785	109.423072	-0.036
082035	98.730181	37.242567	10972.639	-652.750282	11.543203	-0.044
082055	98.770704	37.241024	10967.294	-652.009117	12.211071	-0.071
082115	98.811625	37.239557	10961.313	-651.299467	29.266283	-0.072
082135	98.852834	37.238066	10957.617	-651.61079	22.231952	-0.033
082155	98.893385	37.236454	10957.121	-651.535792	22.27829	0.025
082215	98.934271	37.234916	10961.032	-651.984522	23.520587	0.053
082235	98.976154	37.23335	10965.393	-652.65333	23.03801	0.036
082255	99.018642	37.231601	10965.53	-652.674129	23.042261	0.004
082315	99.059872	37.229959	10964.094	-652.45173	23.122565	0.012
082335	99.099328	37.228483	10965.605	-652.684983	23.094451	0.044
082355	99.138211	37.227029	10971.389	-653.918824	23.138362	0.048
082415	99.179022	37.225473	10974.008	-656.051522	23.220189	0.019
082435	99.220102	37.223861	10972.752	-657.728589	23.276915	0.001
082455	99.259435	37.222271	10972.236	-657.75827	23.277984	0.03
082515	99.301209	37.220597	10976.013	-657.347607	23.263908	0.05
082535	99.344631	37.218833	10980.36	-657.735598	23.277451	0.037
082555	99.386391	37.217083	10980.329	-659.154412	23.327664	0.008
082615	99.427113	37.215469	10979.847	-659.956808	23.356093	-0.005
082635	99.467846	37.213842	10979.993	-659.428021	23.337367	0.001
082655	99.509083	37.212029	10979.849	-658.057452	23.288865	0.004
082715	99.550276	37.210246	10980.543	-657.234146	23.259717	-0.014
082735	99.591057	37.208526	10979.696	-657.695768	23.276069	-0.043
082755	99.631692	37.20674	10974.822	-659.114382	23.326313	-0.051
082815	99.673383	37.204868	10971.647	-659.896335	23.353798	-0.009
082835	99.71509	37.203022	10973.4	-659.508675	23.340301	0.044
082855	99.755062	37.2013	10978.483	-658.298971	23.298038	0.049
082915	99.794878	37.1995	10980.674	-656.323913	23.225517	0.023
082935	99.835623	37.197612	10979.948	-654.450616	23.162304	-0.002
082955	99.877263	37.195752	10980.007	-653.297231	23.129066	-0.004
083015	99.919045	37.193849	10979.707	-650.970189	23.010475	0.007
083035	99.960657	37.191906	10980.183	-648.429151	22.96313	-0.003
083055	100.001529	37.190011	10981.608	-647.425341	23.041834	-0.055
083115	100.039289	37.188251	10974.819	-644.727809	22.463133	-0.09
083135	100.076119	37.186509	10964.702	-641.515236	22.802396	-0.074
083155	100.116402	37.184588	10964.031	-641.482123	24.422657	-0.019
083215	100.157471	37.182629	10965.428	-641.021305	17.811945	0.008
083235	100.197813	37.180704	10964.98	-638.437373	23.965082	-0.0
083255	100.237953	37.178772	10964.946	-635.608456	46.272853	-0.002
083315	100.277324	37.176833	10964.985	-635.390703	-44.817302	0.001
083335	100.316145	37.174904	10965.011	-635.624474	41.548404	-0.0
083355	100.355457	37.172985	10965.219	-396.775531	497.805188	-0.004
083415	100.395881	37.170984	10964.367	-479.918911	421.019367	0.013
083435	100.436391	37.168895	10965.18	-640.728346	20.786943	0.042
083455	100.475349	37.166811	10970.863	-496.886283	404.959231	0.047
083515	100.513759	37.164815	10973.812	-244.654629	593.292482	0.027
083535	100.553669	37.162794	10972.971	-332.582025	551.604577	-0.001
083555	100.596225	37.16059	10973.105	-342.460076	547.784359	-0.007
083615	100.638229	37.15844	10972.37	-325.0245	561.066082	0.017
083635	100.678605	37.156398	10973.193	-331.352	557.909143	0.041
083655	100.718538	37.154329	10978.789	-329.989667	554.137979	0.019
083715	100.75779	37.152275	10978.483	-328.672234	555.028266	-0.022
083735	100.7972	37.1502	10973.0	-331.121728	558.175063	-0.041
083755	100.838175	37.148011	10972.378	-331.426685	558.518251	-0.014
083815	100.87949	37.145797	10973.252	-330.997802	558.036023	0.005
083835	100.919913	37.143609	10973.013	-331.115276	558.167952	0.0
083855	100.959263	37.141418	10972.964	-331.140007	558.192537	-0.001
083915	100.99909	37.139196	10972.988	-331.125816	558.186657	0.001
083935	101.039591	37.137006	10972.992	-331.12508	558.180983	0.0
083955	101.079437	37.13492	10973.175	-331.046096	558.046616	-0.004
084015	101.119873	37.13261	10972.599	-331.308863	558.490846	0.01
084035	101.160787	37.130119	10972.877	-331.635969	559.04194	0.039
084055	101.200351	37.127893	10977.223	-330.993776	557.959367	0.053
084115	101.240016	37.125705	10981.065	-329.335979	555.1647	0.021
084135	101.28047	37.123424	10980.342	-327.236643	551.625855	-0.036
084155	101.320441	37.121235	10975.578	-325.48025	548.666072	-0.053
084215	101.36026	37.118965	10972.242	-323.779695	545.79673	-0.027
084235	101.400055	37.116542	10972.848	-322.080493	542.932997	-0.0
084255	101.439076	37.114172	10973.906	-320.941924	541.027344	-0.018
084315	101.47734	37.111903	10971.304	-320.04237	539.47325	-0.043
084335	101.515707	37.109669	10965.919	-319.40424	538.386941	-0.04
084355	101.555442	37.107356	10964.302	-319.761946	539.189716	-0.016
084415	101.595029	37.105022	10965.15	-320.595295	540.222522	0.002
084435	101.633271	37.102712	10965.088	-320.700944	540.071548	0.001
084455	101.672231	37.100284	10964.907	-319.439072	540.655625	-0.0
084515	101.712396	37.097812	10965.052	-322.177	540.84052	-0.001
084535	101.752531	37.095414	10965.145	-326.185638	542.522994	-0.002
084555	101.790571	37.093018	10964.404	-310.501677	554.57917	0.014
084615	101.828712	37.090513	10965.451	-335.33991	541.918191	0.046
084635	101.869478	37.087896	10970.726	-374.35194	518.855532	0.074
084655	101.909846	37.085402	10976.914	-85.044533	637.958356	0.065
084715	101.949491	37.082947	10980.075	311.130584	567.616129	0.039
084735	101.990051	37.080342	10979.5	326.656066	561.21792	0.037
084755	102.031667	37.077777	10982.806	261.074869	596.357582	0.047
084815	102.072698	37.075241	10988.38	301.370037	578.202542	0.038
084835	102.111832	37.072597	10989.075	359.137563	543.986439	-0.012
084855	102.152005	37.069954	10985.974	65.015421	649.546633	-0.056
084915	102.19396	37.067331	10981.072	-326.905278	567.286237	-0.071
084935	102.235988	37.064644	10975.865	-59.934188	652.520965	-0.064
084955	102.277714	37.06192	10972.434	344.36222	557.099191	-0.029
085015	102.318685	37.059248	10972.427	316.391993	573.467336	0.028
085035	102.357553	37.056691	10975.955	275.138138	594.536085	0.067
085055	102.397113	37.05399	10981.417	297.247988	583.512726	0.076
085115	102.439199	37.051051	10986.693	294.675876	582.852459	0.051
085135	102.4799	37.048352	10989.956	289.068475	580.318783	-0.014
085155	102.519076	37.045811	10986.926	288.493159	575.194131	-0.085
085215	102.558698	37.043095	10976.49	287.638231	573.516095	-0.117
085235	102.599268	37.040213	10968.625	286.330316	571.5706	-0.102
085255	102.639394	37.037394	10964.345	285.29942	569.240326	-0.073
085315	102.677771	37.034803	10959.562	284.982632	568.610136	-0.056
085335	102.716168	37.032168	10956.007	284.927567	568.547661	0.009
085355	102.756273	37.029372	10959.188	284.977183	568.627047	0.083
085415	102.797733	37.02651	10969.983	285.237511	569.146364	0.091
085435	102.836391	37.0238	10973.76	285.732265	570.137131	0.061
085455	102.874275	37.021106	10973.525	286.53773	571.74293	0.038
085515	102.91494	37.018218	10978.522	287.452434	573.568105	0.038
085535	102.955101	37.015336	10980.8	287.723752	574.110233	0.021
085555	102.994986	37.012464	10979.89	287.655322	573.972888	-0.002
085615	103.036006	37.009523	10979.882	288.145715	574.950204	-0.002
085635	103.075414	37.006631	10980.122	289.569158	577.797436	0.0
085655	103.11369	37.003767	10979.941	290.903194	580.449488	0.001
085715	103.153195	37.000837	10979.743	291.158647	580.942473	0.004
085735	103.194114	36.997872	10980.908	291.588543	581.897761	-0.018
085755	103.233814	36.994975	10979.27	292.183211	582.947692	-0.049
085815	103.271445	36.992156	10972.741	292.10326	582.910717	-0.044
085835	103.31271	36.98915	10971.368	291.905925	583.669014	0.02
085855	103.356556	36.985849	10976.39	294.220928	583.508547	0.041
085915	103.3994	36.9825	10980.0	293.470567	585.576661	0.0
085935	103.438787	36.979454	10974.496	287.212589	592.067951	-0.023
085955	103.479255	36.976402	10975.195	310.356694	584.158498	0.044
090015	103.519704	36.973365	10983.482	237.127334	620.110845	0.097
090035	103.559197	36.97036	10987.904	278.380769	603.898459	0.043
090055	103.603627	36.966965	10988.209	653.97241	122.868712	0.009
090115	103.646067	36.963675	10988.224	528.965059	405.934869	-0.008
090135	103.684718	36.960653	10988.101	-330.509638	577.424514	-0.034
090155	103.726022	36.957488	10983.964	298.149861	583.455884	-0.066
090215	103.767154	36.954296	10977.898	644.620554	-80.138987	-0.074
090235	103.806204	36.951173	10973.371	651.671054	37.893838	-0.046
090255	103.846264	36.947971	10972.518	641.436375	111.13601	-0.014
090315	103.886979	36.944731	10973.109	646.575888	57.913471	0.003
090335	103.927525	36.941503	10973.028	650.124712	62.422687	0.003
090355	103.968772	36.93822	10973.111	652.959425	73.425692	-0.004
090415	104.01052	36.934869	10973.034	656.098685	70.137637	-0.001
090435	104.051714	36.931507	10972.314	659.843929	69.690934	0.024
090455	104.091773	36.928259	10974.733	661.666332	70.779328	0.05
090515	104.131485	36.925064	10979.797	662.166012	70.612489	0.043
090535	104.17271	36.921671	10981.488	665.161582	70.870606	-0.016
090555	104.215766	36.918044	10977.513	668.583961	71.300311	-0.042
090615	104.258276	36.914467	10973.02	670.178156	71.454285	-0.003
090635	104.297057	36.911313	10976.735	669.820698	71.411392	0.039
090655	104.336829	36.908017	10981.095	668.827793	71.310492	0.026
090715	104.379703	36.904363	10980.27	667.441084	71.16162	-0.035
090735	104.422115	36.900841	10976.601	664.859078	70.8859	-0.071
090755	104.464361	36.89738	10970.691	664.78861	70.87874	-0.063
090815	104.50646	36.893878	10965.359	668.135966	71.235563	-0.021
090835	104.546192	36.890474	10967.223	669.672975	71.399543	0.029
090855	104.585985	36.88702	10973.235	669.197421	71.348698	0.039
090915	104.6296	36.883289	10974.59	669.725597	71.40446	-0.016
090935	104.672823	36.879594	10969.467	670.797939	71.521081	-0.036
090955	104.713601	36.876074	10964.966	672.109353	71.659632	-0.002
091015	104.753518	36.872587	10970.109	673.756535	71.826243	0.024
091035	104.794994	36.868909	10973.171	673.977955	71.877929	0.047
091055	104.838003	36.865069	10972.427	672.45156	71.711932	0.069
091115	104.880026	36.861358	10980.828	670.950068	71.400587	0.07
091135	104.921952	36.857737	10988.125	670.159818	71.505722	0.029
091155	104.96479	36.854076	10982.908	668.941376	71.735333	-0.049
091215	105.006062	36.850377	10977.248	662.825665	69.373226	-0.103
091235	105.046885	36.84662	10972.225	657.09327	70.759998	-0.117
091255	105.089739	36.8428	10962.041	660.588147	76.516977	-0.103
091315	105.131648	36.839064	10955.366	668.77662	54.203819	-0.022
091335	105.1725	36.8354	10958.0	672.190244	71.667821	0.076
091355	105.214752	36.831645	10968.264	663.412354	161.613033	0.091
091415	105.257483	36.827696	10974.586	672.755264	-141.908352	0.05
091435	105.299662	36.823675	10973.464	433.560252	-533.721755	0.006
091455	105.341194	36.819886	10972.626	636.173324	-251.435996	-0.005
091515	105.382572	36.816147	10973.094	678.366567	50.848173	0.001
091535	105.424462	36.812207	10973.088	525.506581	-429.151814	-0.0
091555	105.467144	36.808176	10972.781	349.378526	-579.291681	0.002
091615	105.50897	36.804225	10973.205	434.331746	-514.406616	-0.002
091635	105.549064	36.800418	10973.862	431.071324	-512.067188	-0.024
091655	105.590556	36.796562	10970.373	412.764401	-524.069102	-0.047
091715	105.633092	36.792601	10964.797	418.826421	-520.578541	-0.039
091735	105.673928	36.788642	10963.691	421.765318	-523.037231	0.018
091755	105.714163	36.784818	10967.871	421.173161	-524.815613	0.053
091815	105.7551	36.781	10973.0	420.359991	-523.009061	0.041
091835	105.797164	36.776946	10973.545	420.125526	-522.581303	0.01
091855	105.83958	36.772894	10972.711	420.834477	-523.653343	-0.002
091915	105.8809	36.769	10973.0	421.612926	-524.567956	0.0
091935	105.920389	36.76517	10973.516	421.365244	-524.249993	-0.008
091955	105.961445	36.761158	10971.775	422.535804	-525.720082	0.023
092015	106.0042	36.757	10973.0	424.745266	-528.465192	0.076
092035	106.04558	36.752972	10984.118	424.621106	-528.310002	0.069
092055	106.086842	36.749033	10987.508	421.784701	-524.781957	-0.001
092115	106.1286	36.745	10980.0	418.480587	-520.67072	-0.076
092135	106.169863	36.740737	10975.068	417.871682	-519.913061	-0.085
092155	106.210364	36.736511	10970.302	419.452088	-521.879512	-0.068
092215	106.251	36.7324	10965.0	421.612926	-524.567956	-0.041
092235	106.293193	36.728228	10963.647	423.003896	-526.298389	0.017
092255	106.336567	36.723948	10967.642	423.951371	-527.477938	0.052
092315	106.3791	36.7197	10973.0	424.745266	-528.465192	0.041
092335	106.419006	36.715646	10973.581	425.244834	-529.083965	0.01
092355	106.459997	36.711482	10972.685	425.420607	-529.312489	-0.002
092415	106.5031	36.7071	10973.0	425.371734	-529.244639	0.0
092435	106.545814	36.702686	10973.593	425.313298	-529.133134	-0.019
092455	106.587845	36.69834	10971.312	425.544919	-529.560207	-0.055
092515	106.62921	36.694115	10965.65	426.474238	-530.669485	-0.077
092535	106.670004	36.689977	10959.663	428.405963	-532.466172	-0.044
092555	106.71217	36.685594	10958.376	430.65118	-536.91788	0.035
092615	106.75578	36.680957	10964.113	434.704468	-541.584045	0.112
092635	106.798431	36.676488	10974.262	441.435475	-541.398701	0.126
092655	106.841804	36.671952	10982.839	431.207812	-552.354307	0.098
092715	106.88593	36.667301	10987.315	430.827215	-554.936638	0.049
092735	106.927614	36.662933	10989.947	491.866676	-504.96443	-0.029
092755	106.969471	36.658547	10985.432	353.561066	-608.882014	-0.088
092815	107.013654	36.653853	10974.503	-137.857148	-685.211987	-0.084
092835	107.05736	36.649102	10971.603	-363.191449	-593.414761	-0.033
092855	107.100607	36.644392	10973.315	-66.149316	-691.657313	0.007
092915	107.143602	36.639792	10973.063	417.243511	-555.589783	0.003
092935	107.184888	36.635415	10973.152	174.716466	-674.38253	-0.007
092955	107.226886	36.630949	10972.707	-283.618403	-641.709146	0.007
093015	107.271116	36.626191	10972.305	-252.554362	-662.052281	0.038
093035	107.314401	36.621476	10977.281	-203.915485	-682.921256	0.026
093055	107.358393	36.616669	10979.507	-232.157831	-677.403172	-0.006
093115	107.404688	36.611617	10974.026	-232.38484	-682.813906	-0.008
093135	107.449643	36.606633	10975.013	-228.280201	-687.731109	0.018
093155	107.493674	36.6017	10980.251	-231.043797	-689.74228	0.042
093215	107.539337	36.596612	10979.771	-232.753685	-694.451304	0.039
093235	107.58497	36.591483	10982.385	-232.982325	-696.513813	0.036
093255	107.6297	36.5864	10988.0	-232.971685	-696.046115	0.036
093315	107.674152	36.581367	10988.594	-233.606034	-697.842634	0.017
093335	107.719379	36.576336	10988.094	-233.911435	-698.880057	-0.009
093355	107.765348	36.571265	10988.272	-233.386799	-697.292001	-0.036
093415	107.810579	36.566144	10984.24	-232.780974	-695.467477	-0.068
093435	107.855407	36.561	10977.717	-232.044205	-693.280673	-0.071
093455	107.900291	36.555867	10973.221	-231.402487	-691.362176	-0.043
093515	107.944806	36.550764	10973.611	-231.769254	-692.422452	-0.039
093535	107.98889	36.545671	10971.489	-232.54129	-694.804613	-0.037
093555	108.033183	36.540538	10965.391	-232.940657	-696.02272	-0.008
093615	108.078753	36.535328	10968.059	-232.893513	-695.395188	0.034
093635	108.123205	36.530265	10974.052	-232.016583	-693.695869	0.032
093655	108.165579	36.525367	10973.985	-231.177145	-691.806279	-0.029
093715	108.210088	36.520124	10968.606	-232.724339	-689.884409	-0.051
093735	108.255344	36.514796	10964.598	-228.504482	-689.59824	-0.037
093755	108.299124	36.509691	10965.114	-225.224681	-688.385768	-0.033
093815	108.343532	36.504418	10962.67	-254.288262	-677.91603	-0.047
093835	108.388543	36.499033	10957.779	-224.478389	-688.251781	-0.033
093855	108.433163	36.493764	10956.03	-139.450844	-708.786146	0.045
093915	108.477756	36.488487	10963.295	-486.581152	-538.879264	0.094
093935	108.522541	36.483131	10973.305	-712.140128	-179.433325	0.074
093955	108.567354	36.477737	10974.321	-501.986964	-545.270606	0.023
094015	108.612089	36.472344	10972.554	-163.641823	-729.675993	-0.005
094035	108.657658	36.466851	10972.882	-233.330749	-715.77155	-0.0
094055	108.705423	36.461076	10973.402	-181.965308	-728.240292	-0.005
094115	108.751517	36.455524	10972.439	-366.561567	-651.311406	0.011
094135	108.795371	36.450234	10972.427	-708.88653	-238.286762	0.042
094155	108.842926	36.444365	10978.569	-740.794173	-107.543919	0.001
094215	108.891354	36.438321	10978.074	-722.710538	-204.986257	-0.041
094235	108.937153	36.43262	10967.056	-727.623287	-203.791851	-0.022
094255	108.981897	36.427098	10968.306	-732.702998	-179.75011	0.011
094315	109.027038	36.42156	10979.719	-725.712672	-182.91257	0.004
094335	109.073144	36.415884	10972.353	-724.160013	-184.504793	-0.057
094355	109.120227	36.41005	10962.828	-725.386382	-183.114761	-0.064
094415	109.166767	36.404244	10964.491	-725.12149	-183.383975	-0.004
094435	109.210378	36.398757	10966.435	-726.409701	-183.894979	-0.016
094455	109.254332	36.393178	10963.509	-730.608427	-184.82616	-0.043
094515	109.301314	36.38721	10958.357	-736.022117	-186.213165	-0.011
094535	109.349207	36.381196	10960.244	-738.290352	-186.803069	0.046
094555	109.395672	36.375367	10966.552	-740.639076	-187.387585	0.081
094615	109.440918	36.369603	10971.844	-746.079341	-188.76493	0.078
094635	109.489108	36.363377	10976.326	-750.626467	-189.916708	0.076
094655	109.537978	36.357055	10981.413	-752.507895	-190.392031	0.074
094715	109.584945	36.351021	10986.962	-752.376797	-190.358927	0.052
094735	109.633024	36.344849	10989.449	-752.294263	-190.338152	-0.002
094755	109.679607	36.338857	10986.817	-752.217847	-190.318743	-0.048
094815	109.723477	36.333186	10981.035	-752.64398	-190.426547	-0.047
094835	109.771355	36.326932	10979.083	-756.622439	-191.433328	-0.015
094855	109.821154	36.320388	10980.36	-760.722145	-192.470243	-0.002
094915	109.868759	36.314136	10980.528	-761.199873	-192.590869	-0.029
094935	109.915777	36.307998	10976.917	-760.411653	-192.39421	-0.045
094955	109.962963	36.301785	10972.887	-760.05832	-192.301985	-0.035
095015	110.010256	36.295442	10972.644	-760.667998	-192.447829	-0.011
095035	110.057557	36.28921	10973.012	-761.199366	-192.612786	0.006
095055	110.1057	36.2829	10973.0	-761.019799	-192.545749	0.0
095115	110.155371	36.276126	10973.8	-760.355802	-192.259702	-0.028
095135	110.203109	36.269654	10970.624	-759.879932	-192.558603	-0.047
095155	110.249243	36.263516	10965.161	-760.025119	-192.377898	-0.042
095215	110.297631	36.256962	10964.61	-760.463388	-190.737834	-0.017
095235	110.346084	36.250369	10964.729	-759.147618	-195.812277	0.014
095255	110.392977	36.244015	10964.863	-759.776677	-193.379142	0.04
095315	110.439543	36.237677	10969.992	-765.235634	-170.464976	0.051
095335	110.487622	36.231095	10974.325	-746.121211	-240.812267	0.019
095355	110.536861	36.224335	10973.195	-756.106609	-207.288764	-0.039
095415	110.584957	36.217727	10967.835	-720.476725	308.820629	-0.05
095435	110.632802	36.211095	10963.645	-509.497487	596.287455	-0.015
095455	110.680846	36.204394	10964.414	-562.612578	547.42281	0.031
095515	110.728192	36.197841	10969.841	-585.889294	521.712361	0.043
095535	110.775564	36.19129	10973.681	-568.481296	539.713452	0.029
095555	110.823616	36.184612	10973.168	-570.904096	537.262052	0.007
095615	110.871861	36.177917	10973.36	-573.17107	534.932548	-0.017
095635	110.919403	36.171278	10972.435	-572.69181	535.450747	-0.048
095655	110.96629	36.164634	10967.05	-574.031732	534.833633	-0.076
095715	111.014731	36.157754	10960.5	-569.255763	542.957903	-0.052
095735	111.063377	36.150834	10958.145	-583.066223	534.648307	0.014
095755	111.110419	36.14413	10962.654	-599.472595	521.20692	0.068
095815	111.157938	36.137442	10969.232	-500.001412	605.968489	0.07
095835	111.205971	36.130545	10973.308	-616.008614	466.284801	0.035
095855	111.253032	36.1238	10973.29	-615.468353	-460.906576	0.006
095915	111.298435	36.118817	10972.833	554.955641	-533.294691	-0.003
095935	111.344384	36.114883	10973.023	766.681874	95.921301	0.0
095955	111.393102	36.110391	10973.028	674.502605	-386.92484	0.0
100015	111.442143	36.105813	10972.988	345.176797	-698.607681	-0.0
100035	111.489849	36.101489	10973.001	505.258118	-593.01949	0.0
100055	111.536518	36.097273	10973.002	773.37346	-118.755265	0.0
100115	111.584399	36.092767	10973.0	762.524156	185.80068	-0.0
100135	111.633	36.0881	10973.0	777.592856	82.905674	0.0
100155	111.680181	36.083703	10972.994	723.974648	-273.962484	0.0
100215	111.728052	36.079189	10973.015	-127.961395	-759.374735	-0.001
100235	111.774494	36.073799	10972.985	-263.19964	726.329116	0.001
100255	111.81704	36.066119	10972.924	-281.740079	-722.706602	0.005
100315	111.864597	36.053867	10973.201	621.842794	-462.566846	-0.021
100335	111.912396	36.039517	10971.762	-643.970162	427.173779	-0.05
100355	111.95548	36.025587	10967.854	-588.871764	498.457883	-0.059
100415	111.997066	36.011987	10963.1	-762.698207	-110.552876	-0.062
100435	112.039781	35.998309	10958.756	-570.170258	-516.606274	-0.045
100455	112.084819	35.983955	10956.092	-435.458658	-631.456113	0.025
100515	112.130514	35.969335	10960.389	-610.613298	-462.627367	0.089
100535	112.175375	35.954916	10970.787	-768.512985	31.807193	0.088
100555	112.220219	35.94051	10974.392	-747.005178	211.936659	0.038
100615	112.264877	35.926136	10972.76	-771.464155	132.717654	-0.004
100635	112.309229	35.911774	10972.839	-771.842965	137.260094	-0.003
100655	112.354539	35.897054	10973.144	-769.96544	149.938147	0.001
100715	112.399082	35.88258	10972.937	-770.165827	143.897633	0.0
100735	112.441891	35.868686	10972.841	-766.492321	143.531857	0.002
100755	112.487177	35.853983	10973.622	-765.069745	144.194266	-0.015
100815	112.532273	35.839255	10972.341	-765.624518	143.865306	-0.047
100835	112.574271	35.825438	10966.837	-765.444786	143.854506	-0.073
100855	112.619027	35.810833	10961.307	-766.709457	144.159155	-0.073
100915	112.665591	35.795712	10957.303	-768.95506	144.549888	-0.027
100935	112.710464	35.781081	10956.424	-771.693117	145.065774	0.054
100955	112.754932	35.76652	10964.004	-778.355243	146.323881	0.095
101015	112.799193	35.751979	10973.268	-787.664977	148.071707	0.074
101035	112.843087	35.737513	10973.901	-795.148054	149.478211	0.018
101055	112.889085	35.722293	10972.515	-797.787327	149.974827	-0.006
101115	112.936214	35.706629	10973.048	-796.994386	149.825623	0.0
101135	112.981286	35.691617	10973.592	-795.842184	149.609062	-0.016
101155	113.025586	35.677018	10971.415	-790.902872	148.680351	-0.059
101215	113.070616	35.662254	10965.391	-781.805362	146.970227	-0.078
101235	113.116683	35.646933	10958.199	-773.265763	145.365746	-0.008
101255	113.162183	35.631727	10961.488	-772.52317	145.223477	0.069
101315	113.206316	35.617027	10972.624	-779.014815	146.445106	0.078
101335	113.249908	35.602532	10974.528	-784.245623	147.440622	0.021
101355	113.294201	35.587832	10972.007	-787.604556	148.034216	0.004
101415	113.34024	35.572492	10972.809	-789.178226	148.34821	0.04
101435	113.387941	35.556398	10978.205	-787.973371	148.292308	0.027
101455	113.43373	35.54088	10979.344	-787.082411	147.594113	-0.026
101515	113.477698	35.526019	10973.649	-787.259333	147.780395	-0.074
101535	113.524119	35.510373	10967.902	-786.431142	150.105889	-0.081
101555	113.571144	35.494498	10963.158	-788.931874	143.771677	-0.075
101615	113.616532	35.47915	10958.672	-792.377721	144.700789	-0.05
101635	113.660645	35.464294	10955.395	-788.151803	179.651164	0.047
101655	113.705781	35.449058	10962.128	-805.24094	96.373603	0.142
101715	113.7526	35.433174	10978.015	-808.323317	93.340579	0.157
101735	113.798809	35.417512	10986.367	-507.173829	638.139563	0.096
101755	113.845136	35.401701	10988.613	-419.273882	700.864635	0.015
101815	113.891596	35.385731	10988.474	-797.971167	183.517865	-0.036
101835	113.936058	35.370571	10983.259	-652.694596	495.11563	-0.049
101855	113.981278	35.355185	10979.363	-209.734686	791.634796	-0.033
101915	114.028198	35.339156	10979.954	-287.668384	766.818812	-0.005
101935	114.073308	35.323768	10979.391	-332.177538	748.49922	0.025
101955	114.120356	35.30763	10981.447	-300.76219	761.996861	0.047
102015	114.169807	35.29055	10987.307	-306.226728	759.835659	0.045
102035	114.214645	35.275082	10989.436	-308.369491	755.939704	-0.003
102055	114.258925	35.259795	10986.481	-304.806982	753.646526	-0.055
102115	114.305325	35.243741	10980.837	-304.515887	751.812156	-0.075
102135	114.348866	35.228723	10975.87	-304.490355	751.159873	-0.076
102155	114.391749	35.213936	10971.385	-303.986948	750.224598	-0.079
102215	114.43752	35.198091	10965.963	-303.483775	748.896972	-0.079
102235	114.486364	35.181128	10959.584	-303.339244	749.39529	-0.038
102255	114.533337	35.164791	10958.925	-303.495774	747.631366	0.018
102315	114.576092	35.149901	10964.411	-302.140948	744.201731	0.042
102335	114.618702	35.135018	10965.538	-298.753351	746.966078	0.016
102355	114.663646	35.119333	10964.885	-312.572917	743.871552	-0.007
102415	114.7109	35.1029	10965.0	-303.434329	748.860206	0.0
102435	114.75851	35.086386	10964.307	-246.355502	771.93722	0.023
102455	114.803669	35.070674	10966.815	-422.702249	691.882312	0.058
102515	114.847	35.0555	10973.0	-304.560942	751.640627	0.081
102535	114.891897	35.039422	10978.322	814.506987	53.329862	0.057
102555	114.936497	35.021728	10980.866	-272.046017	-774.150372	0.016
102615	114.980347	35.00258	10980.619	-793.651612	-210.548521	-0.003
102635	115.025557	34.982828	10978.969	-820.694679	-23.408542	0.017
102655	115.070567	34.963523	10980.49	-816.541236	-84.963788	0.041
102715	115.113301	34.945021	10986.947	-815.158853	-86.817506	0.017
102735	115.158246	34.925432	10985.817	-813.887117	-78.420328	-0.025
102755	115.203774	34.905598	10979.605	-812.151122	-78.069244	-0.039
102815	115.245723	34.887368	10979.268	-813.073395	-65.905298	-0.009
102835	115.288927	34.868503	10980.49	-807.698734	-118.542868	-0.003
102855	115.334161	34.84868	10980.06	-811.166958	-89.354439	-0.002
102915	115.377733	34.829601	10979.087	-805.306259	117.674366	0.042
102935	115.418845	34.811385	10981.801	-617.948284	-528.33739	-0.093
102955	115.461206	34.793542	10976.306	661.676579	-471.56179	0.051
103015	115.507766	34.775989	10959.512	666.501846	454.660785	0.469
103035	115.552246	34.759673	10979.272	399.699513	686.301545	-1.318
103055	115.59438	34.744029	10950.574	445.884365	649.767953	-3.673
103115	115.641024	34.727018	10662.378	511.874393	633.255256	-1.288
103135	115.688171	34.709997	10188.393	512.041211	698.568341	0.377
103155	115.731598	34.694149	9718.838	542.290745	741.632931	-4.36
103215	115.782775	34.674954	9457.609	893.202485	251.1809	-4.858
103235	115.8369	34.6545	9335.0	911.108198	-40.321858	-2.428
103255	115.886863	34.635783	9237.015	646.398445	626.194586	-1.508
103315	115.937021	34.617233	9141.719	406.772473	795.730662	-1.487
103335	115.986917	34.598925	9042.118	536.001272	713.097275	-1.566
103355	116.034825	34.581353	8934.748	524.795271	722.047656	-1.589
103415	116.083921	34.563172	8830.163	502.822437	730.802958	-1.553
103435	116.133466	34.54474	8730.295	509.943892	714.411487	-1.504
103455	116.181598	34.526877	8632.597	511.753438	703.99612	-1.483
103515	116.228813	34.509362	8536.148	491.096727	713.372817	-1.486
103535	116.275788	34.491904	8439.554	485.986798	713.935897	-1.501
103555	116.322989	34.474317	8340.625	577.736686	635.668754	-1.514
103615	116.370489	34.456626	8239.487	553.85817	645.652058	-1.532
103635	116.417987	34.438973	8137.501	195.169294	815.952666	-1.557
103655	116.463411	34.421765	8037.313	735.237473	379.369557	-1.484
103715	116.506368	34.404688	7944.378	172.310853	-795.681284	-1.354
103735	116.54967	34.386815	7858.664	333.296291	-722.83208	-1.384
103755	116.593271	34.368846	7765.483	444.724212	-647.389155	-1.483
103815	116.635042	34.351666	7661.341	381.483407	-679.993331	-1.544
103835	116.675893	34.334885	7563.819	397.12582	-666.466784	-1.639
103855	116.7182	34.317726	7466.092	394.339924	-665.32397	-1.934
103915	116.760488	34.30081	7314.266	374.660495	-666.677836	-2.434
103935	116.801895	34.28425	7120.574	382.339061	-647.301536	-2.898
103955	116.842451	34.267818	6929.182	407.085321	-620.266642	-3.034
104015	116.882834	34.251599	6725.557	255.108401	-689.525094	-2.949
104035	116.922488	34.235485	6527.982	422.514451	-589.953395	-2.769
104055	116.960627	34.219833	6365.449	445.692374	549.987392	-2.59
104115	116.998799	34.206782	6200.746	-580.139154	-371.501864	-2.534
104135	117.037627	34.196169	6026.174	673.425086	-2.162139	-2.443
104155	117.076595	34.185881	5867.458	401.248073	527.065826	-1.978
104215	117.113657	34.175718	5765.017	510.414662	399.157279	-1.449
104235	117.148822	34.166113	5711.77	485.072492	396.888541	-1.562
104255	117.186607	34.155793	5587.662	479.699314	388.091253	-2.245
104315	117.221059	34.146325	5409.411	480.673043	371.14713	-2.941
104335	117.25407	34.137298	5192.453	462.47152	379.635712	-3.243
104355	117.289133	34.127774	4962.822	449.838449	389.15636	-3.034
104415	117.323593	34.118195	4783.217	509.502672	301.631808	-2.579
104435	117.356451	34.108942	4641.681	416.989022	415.151189	-2.251
104455	117.38886	34.100191	4497.75	-190.41619	548.371758	-2.317
104515	117.422337	34.091863	4349.886	-501.668068	261.494527	-2.641
104535	117.456207	34.083656	4157.466	-361.157419	432.149806	-2.944
104555	117.489605	34.075464	3943.602	-17.831847	571.673022	-2.828
104615	117.52214	34.067272	3765.954	-41.544618	575.781739	-2.217
104635	117.554243	34.059009	3657.006	-31.662709	565.85334	-1.857
104655	117.585871	34.050914	3556.174	-97.410045	543.217754	-1.998
104715	117.617278	34.043038	3397.954	-193.726953	513.728923	-2.393
104735	117.649909	34.03468	3222.887	460.436467	306.570386	-2.534
104755	117.682924	34.026276	3064.625	-522.112249	172.818845	-2.381
104815	117.71408	34.020478	2920.398	-511.185535	-173.247267	-2.024
104835	117.74428	34.017684	2791.51	538.184241	37.345609	-1.59
104855	117.7765	34.0145	2697.0	540.93416	57.673513	-1.621
104915	117.810661	34.011288	2589.645	384.184222	-392.966988	-2.239
104935	117.844291	34.007989	2415.277	283.611495	-455.635551	-2.518
104955	117.875879	34.004837	2238.229	341.136342	-396.66751	-2.347
105015	117.905886	34.001935	2106.618	330.373093	-405.30155	-2.022
105035	117.936408	33.998973	1980.94	323.004514	-409.062519	-1.75
105055	117.967285	33.995935	1869.284	324.207873	-401.410948	-1.408
105115	117.998134	33.992866	1791.421	319.6345	-397.285366	-1.01
105135	118.029273	33.989751	1746.104	314.475754	-391.761144	-0.912
105155	118.058784	33.986806	1691.456	301.512218	-375.015423	-1.121
105215	118.085769	33.984075	1596.46	283.626267	-352.871861	-1.555
105235	118.112128	33.98128	1469.103	279.551906	-347.820755	-2.102
105255	118.139062	33.978545	1322.078	275.307796	-342.528537	-2.203
105315	118.16456	33.97602	1178.702	268.641432	-334.244169	-1.994
105335	118.188301	33.973641	1055.166	260.475593	-324.082254	-1.796
105355	118.212643	33.971205	949.327	247.201604	-307.566078	-1.736
105415	118.235418	33.968927	835.978	236.725526	-294.532447	-1.749
105435	118.256509	33.966818	712.528	229.196741	-285.165055	-1.778
105455	118.27911	33.964571	604.119	212.328235	-264.177327	-1.755
105515	118.298891	33.962555	478.714	189.125642	-235.308854	-1.108
105535	118.315019	33.960871	406.579	171.282056	-213.107977	-0.637
105555	118.332346	33.959148	464.852	166.847302	-207.590287	-1.688
105615	118.34873	33.957545	397.203	163.436958	-203.34716	-2.017
105635	118.364033	33.956031	253.32	160.473929	-199.660579	-1.792
105655	118.378408	33.954549	110.288	158.599308	-197.328187	-1.417
