062314	73.7971	40.6396	30.0	241.334063	-162.600338	0.0
062334	73.814124	40.645989	253.304	291.572853	71.611616	3.391
062354	73.83432	40.644509	444.016	237.509617	-226.079801	2.275
062414	73.855109	40.634235	565.12	306.290479	223.223038	1.847
062434	73.876564	40.622742	673.795	196.007859	-370.921425	1.999
062454	73.897232	40.608846	840.377	162.505968	-428.157625	2.829
062514	73.914773	40.589584	1065.678	-222.144046	430.232768	3.764
062534	73.931816	40.568502	1320.382	487.468	62.372917	3.907
062554	73.949889	40.547555	1589.182	386.549029	-321.696256	3.873
062614	73.967313	40.526384	1818.987	46.697086	-520.235357	4.082
062634	73.985266	40.503922	2113.598	-230.597011	-466.850006	4.459
062654	74.002735	40.481574	2414.471	-481.126695	-173.959339	4.05
062714	74.019997	40.459741	2626.175	-169.023733	-493.346839	3.179
062734	74.03814	40.436519	2841.88	-532.945728	-53.065049	3.342
062754	74.0566	40.4143	3071.0	-31.150058	-541.104125	2.703
062814	74.084081	40.394894	3169.179	78.94367	550.735293	1.376
062834	74.114883	40.380232	3250.517	518.55741	-279.766306	1.296
062854	74.14806	40.366103	3365.243	63.491156	-618.727234	2.179
062914	74.183864	40.349155	3539.112	89.994716	-631.201529	3.224
062934	74.221	40.331384	3797.187	594.439986	-230.299968	3.711
062954	74.257151	40.314444	4066.836	432.319294	-463.630139	3.598
063014	74.291111	40.298512	4268.82	420.63715	-478.867136	3.275
063034	74.32565	40.28217	4471.016	561.46875	-309.086961	3.059
063054	74.361388	40.265399	4688.049	580.450965	274.610473	2.998
063114	74.397441	40.248745	4889.036	-78.52257	639.620692	2.938
063134	74.433918	40.231327	5059.986	541.299673	366.116709	2.66
063154	74.471342	40.213522	5198.474	665.488476	54.530351	2.161
063214	74.5112	40.2022	5342.0	119.064528	649.171501	2.23
063234	74.553411	40.197791	5496.576	-122.167986	649.49865	2.092
063254	74.597109	40.195123	5623.733	616.929779	-268.066374	1.622
063314	74.641587	40.191291	5705.311	689.022473	-1.060558	1.19
063334	74.686559	40.187546	5766.678	688.724074	174.760168	1.244
063354	74.732576	40.183899	5846.397	726.694149	38.94093	1.492
063414	74.780102	40.180022	5958.192	734.525634	31.756903	1.598
063434	74.829	40.176	6073.0	735.829557	78.45294	1.6
063454	74.878902	40.171936	6169.641	742.448348	84.60749	1.564
063514	74.928718	40.167867	6270.881	747.06253	77.489499	1.542
063534	74.9772	40.1639	6378.0	748.756292	79.831167	1.509
063554	75.024297	40.160089	6469.749	756.304557	80.995658	1.43
063614	75.074253	40.15599	6563.636	761.138463	81.089239	1.488
063634	75.124382	40.151831	6665.166	763.415863	81.45729	1.547
063654	75.172961	40.147783	6765.939	767.246699	81.776831	1.495
063714	75.22293	40.143577	6863.421	771.230531	82.061826	1.454
063734	75.27321	40.139353	6957.032	775.874152	82.867094	1.426
063754	75.323182	40.135167	7048.111	781.257534	83.60474	1.422
063814	75.374276	40.130805	7141.272	786.045059	82.322093	1.494
063834	75.427043	40.126249	7242.305	789.071933	86.072207	1.574
063854	75.480585	40.121635	7351.019	790.646429	94.230208	1.58
063914	75.532313	40.117165	7454.752	793.99433	81.629638	1.521
063934	75.581301	40.112912	7546.194	797.17916	63.099781	1.426
063954	75.631836	40.108557	7637.076	786.895702	145.458224	1.352
064014	75.684712	40.103976	7726.179	799.120224	-67.804884	1.282
064034	75.737516	40.099297	7806.52	550.265719	-588.373965	1.15
064054	75.788748	40.094689	7879.205	447.024927	-672.759309	1.051
064114	75.840653	40.090072	7934.187	523.373006	-623.612004	1.91
064134	75.894423	40.085326	8060.23	509.831262	-633.683228	3.765
064154	75.947262	40.080501	8433.925	502.303887	-588.428605	4.973
064214	75.994548	40.076195	8827.05	421.27719	-595.768844	4.553
064234	76.037631	40.072398	9044.969	407.57934	-583.102159	2.931
064254	76.08528	40.068137	9176.313	689.527655	-144.845479	1.884
064314	76.13223	40.063862	9276.615	702.873323	-1.393049	1.564
064334	76.17535	40.059908	9372.836	487.422711	-506.765056	1.514
064354	76.221625	40.055674	9477.077	391.820367	-581.371098	1.427
064414	76.268478	40.051261	9568.819	425.877971	-555.784764	1.242
064434	76.312832	40.047082	9637.388	411.111343	-569.780103	1.032
064454	76.356817	40.043256	9701.101	563.643406	-423.561819	0.905
064514	76.401993	40.038112	9755.01	-656.373035	272.174875	0.828
064534	76.446563	40.030418	9806.523	-545.255905	-465.416609	0.852
064554	76.4932	40.018578	9867.08	363.945914	-623.934919	0.88
064614	76.536696	40.00452	9920.893	619.163783	-388.517488	0.746
064634	76.575859	39.988177	9965.753	269.826831	687.17386	0.751
064654	76.618111	39.968719	10017.207	718.387512	-186.806956	0.829
064714	76.660132	39.949153	10074.06	713.048692	217.999522	0.813
064734	76.70284	39.929304	10124.465	727.207813	182.919074	0.774
064754	76.745566	39.909412	10176.303	734.354876	159.123294	0.733
064814	76.783325	39.891736	10222.573	732.952951	183.927993	0.749
064834	76.82209	39.873544	10270.713	739.21848	178.935551	0.766
064854	76.868883	39.851629	10327.501	739.460196	180.199809	0.634
064914	76.911627	39.831538	10363.416	744.306075	180.841526	0.359
064934	76.95411	39.811543	10373.82	750.042988	184.925449	0.113
064954	76.997633	39.7911	10370.86	755.22838	183.321122	-0.003
065014	77.039639	39.771407	10370.545	759.30928	173.322686	-0.009
065034	77.08368	39.750641	10371.202	748.634403	215.496272	0.004
065054	77.128341	39.729486	10370.99	758.966358	175.541279	-0.0
065114	77.169095	39.71021	10370.969	778.570869	28.050553	-0.001
065134	77.209724	39.691002	10371.01	514.564156	584.591248	0.0
065154	77.252827	39.670601	10370.996	460.337285	629.269258	-0.0
065214	77.297119	39.649584	10371.0	624.172977	-470.867626	-0.0
065234	77.340332	39.628986	10371.001	442.262975	-645.146702	0.0
065254	77.383955	39.608193	10371.0	600.326225	-501.254621	-0.0
065314	77.42865	39.58692	10371.0	570.693946	-534.772694	-0.0
065334	77.472422	39.566031	10371.0	557.257339	-546.108763	0.0
065354	77.513843	39.546242	10371.0	565.489561	-535.132005	-0.0
065414	77.554806	39.526657	10371.0	563.789702	-537.380964	-0.0
065434	77.599373	39.505264	10371.0	570.29441	-533.171048	0.0
065454	77.642082	39.484716	10371.0	555.734697	-551.217865	-0.0
065514	77.682172	39.465432	10371.0	560.353148	-548.237003	-0.0
065534	77.727026	39.443859	10371.0	639.746558	-453.793158	0.0
065554	77.772226	39.421895	10371.0	392.293986	-680.931871	-0.0
065614	77.814578	39.401556	10371.0	458.720356	-639.638922	-0.0
065634	77.85744	39.382489	10371.0	-537.732477	570.313464	0.0
065654	77.901596	39.364319	10371.0	19.895696	-781.679705	-0.0
065714	77.946182	39.346737	10371.0	-313.13524	-718.583272	-0.0
065734	77.989989	39.329413	10371.0	-434.82476	-652.606375	0.0
065754	78.034317	39.311764	10371.0	-332.294831	-710.228511	-0.0
065814	78.079831	39.293623	10371.0	-354.745812	-700.191136	-0.0
065834	78.125315	39.275454	10371.0	-363.740889	-695.922615	0.0
065854	78.169877	39.257626	10371.001	-355.986541	-699.265125	-0.0
065914	78.213785	39.240064	10371.0	-357.247278	-697.872993	-0.0
065934	78.258299	39.222277	10370.997	-357.999884	-698.216317	0.0
065954	78.30301	39.204305	10371.011	-357.958674	-698.905044	-0.0
070014	78.348046	39.186176	10370.994	-357.859081	-698.616869	0.0
070034	78.39367	39.167921	10370.946	-357.389671	-698.4461	0.001
070054	78.438113	39.150016	10371.148	-359.476458	-699.333034	-0.003
070114	78.482366	39.132085	10370.958	-359.510726	-702.44769	0.001
070134	78.528651	39.113447	10370.275	-355.407913	-705.525473	0.029
070154	78.574132	39.095125	10373.401	-373.663222	-696.034456	0.048
070214	78.618652	39.077085	10378.142	-356.367565	-705.055395	0.039
070234	78.664326	39.058488	10378.49	-292.199222	-733.981594	0.009
070254	78.709743	39.039975	10377.696	-561.699124	-555.492119	-0.002
070314	78.754656	39.021681	10378.039	-788.071223	-55.225868	-0.0
070334	78.799853	39.003275	10378.533	-785.970064	76.919871	-0.025
070354	78.843921	38.985286	10376.222	-673.616548	-407.729616	-0.06
070414	78.887624	38.967388	10370.679	-359.602557	-697.742617	-0.076
070434	78.932771	38.948865	10364.641	-707.443036	-342.526	-0.055
070454	78.976893	38.930745	10362.512	-783.671385	82.833096	-0.025
070514	79.020643	38.912779	10362.984	-783.025018	-97.051293	0.001
070534	79.066787	38.89384	10362.261	-551.435775	-564.236021	0.03
070554	79.113154	38.874806	10365.747	-99.635751	-783.010953	0.048
070614	79.157888	38.857512	10371.15	783.689879	90.518744	0.039
070634	79.201863	38.843494	10371.274	-56.853779	-783.664682	0.006
070654	79.250123	38.831808	10370.782	-771.945893	-136.710818	-0.005
070714	79.300421	38.821872	10371.045	753.655405	-216.364712	0.001
070734	79.349029	38.813149	10371.02	701.419688	-350.6436	0.0
070754	79.397377	38.804423	10370.984	585.549813	-519.691479	-0.0
070814	79.444572	38.795793	10371.003	651.130579	-432.987439	0.0
070834	79.490974	38.787396	10371.001	645.531641	-441.675201	0.0
070854	79.541279	38.778256	10370.999	635.775034	-452.787637	-0.0
070914	79.591659	38.769094	10371.0	638.814633	-445.449692	0.0
070934	79.638263	38.760632	10371.0	638.519581	-446.174212	0.0
070954	79.685905	38.751856	10371.0	637.959805	-446.746169	0.0
071014	79.736318	38.742658	10371.001	639.18801	-447.147091	-0.0
071034	79.786084	38.733623	10371.0	640.794897	-448.450286	0.0
071054	79.832377	38.725041	10370.996	640.9079	-448.549184	0.0
071114	79.880885	38.71607	10371.011	640.479167	-448.173545	-0.0
071134	79.931478	38.70674	10370.997	640.742178	-448.40539	0.0
071154	79.979711	38.697717	10370.944	642.246323	-449.597233	0.001
071214	80.028489	38.688591	10371.136	643.948775	-450.283747	-0.003
071234	80.0784	38.6793	10371.0	644.793451	-451.232097	0.0
071254	80.126992	38.670218	10370.254	645.105265	-453.410003	0.027
071314	80.17537	38.661147	10373.145	648.837496	-449.10659	0.048
071334	80.2241	38.652	10378.0	646.432062	-452.378811	0.041
071354	80.272435	38.642916	10378.499	633.880085	-470.918831	0.012
071414	80.320282	38.633888	10377.816	678.957254	-404.101483	-0.005
071434	80.36882	38.624711	10377.993	671.539636	-416.108639	-0.001
071454	80.419509	38.615156	10377.832	292.521381	-733.927394	0.004
071514	80.468773	38.605795	10378.359	-106.957453	-782.542688	-0.007
071534	80.515755	38.596755	10378.499	-52.53878	-787.350062	-0.032
071554	80.565556	38.587204	10374.067	-9.649148	-788.839876	-0.041
071614	80.616124	38.577515	10370.836	-36.003335	-788.198975	-0.041
071634	80.664233	38.568261	10371.557	-33.95173	-788.279489	-0.043
071654	80.711073	38.559269	10366.374	-26.806234	-788.531025	-0.026
071714	80.758011	38.550208	10363.407	-35.634935	-788.204516	0.01
071734	80.806562	38.540754	10369.648	-40.378836	-787.985181	0.04
071754	80.85818	38.530771	10372.028	11.65233	-788.824056	0.023
071814	80.908461	38.521065	10370.792	-86.041029	-784.413985	-0.004
071834	80.954727	38.512015	10370.916	-153.90968	-774.694625	-0.001
071854	81.00279	38.502627	10371.025	724.922097	-314.42259	0.0
071914	81.052623	38.494972	10370.998	-774.557384	150.871706	-0.0
071934	81.102186	38.490718	10371.004	232.604689	753.60809	0.0
071954	81.152052	38.488085	10370.999	-762.185984	-205.193547	-0.0
072014	81.202581	38.485521	10371.0	-543.354225	573.437751	-0.0
072034	81.253138	38.482879	10370.996	-250.961151	748.824241	0.0
072054	81.304049	38.480194	10371.007	-437.537698	658.342866	-0.0
072114	81.354865	38.477528	10371.011	-415.173014	675.266575	-0.0
072134	81.4036	38.474911	10370.935	-394.261904	688.385342	0.001
072154	81.452154	38.472325	10371.098	-407.1256	680.427988	-0.002
072214	81.502059	38.469745	10371.185	-405.57186	681.4072	-0.004
072234	81.551589	38.46715	10370.122	-403.822906	682.503604	0.023
072254	81.602923	38.464378	10372.149	-404.749677	681.923206	0.04
072314	81.656595	38.46142	10377.563	-404.662431	681.977695	0.01
072334	81.706658	38.458652	10375.487	-404.529116	682.063405	-0.025
072354	81.754846	38.455995	10370.609	-404.598528	682.016816	-0.035
072414	81.805318	38.453206	10370.809	-404.597362	682.012742	-0.012
072434	81.857139	38.450307	10370.426	-404.590049	682.045736	0.023
072454	81.90796	38.447415	10371.398	-404.589572	682.012351	0.04
072514	81.956568	38.444616	10377.036	-404.577492	681.941473	0.016
072534	82.006087	38.441805	10376.101	-404.635426	682.281011	-0.024
072554	82.056742	38.438905	10370.659	-404.566076	681.881123	-0.04
072614	82.106673	38.43593	10370.417	-403.831693	679.885532	-0.012
072634	82.156349	38.432998	10371.257	-401.868379	679.788113	0.005
072654	82.206976	38.430049	10370.987	-403.358729	679.283799	-0.0
072714	82.258831	38.426964	10370.959	-408.126427	676.476969	-0.001
072734	82.30842	38.423994	10371.018	-388.635009	687.750678	0.0
072754	82.357445	38.421046	10370.999	-407.097355	677.038436	-0.0
072814	82.410079	38.417841	10370.998	-471.133284	634.248102	-0.0
072834	82.461115	38.41471	10370.999	-151.191837	775.155081	0.0
072854	82.508858	38.411753	10371.001	368.230972	699.007569	-0.0
072914	82.55648	38.408761	10371.014	405.565726	680.477845	-0.0
072934	82.606842	38.405579	10370.966	334.947694	718.990064	0.001
072954	82.6586	38.4023	10371.0	355.301007	708.950065	0.0
073014	82.708123	38.399146	10371.196	359.929776	707.955884	-0.004
073034	82.758859	38.395928	10370.572	354.900213	711.829097	0.009
073054	82.811098	38.392624	10370.751	356.081775	710.934549	0.038
073114	82.860806	38.389443	10375.13	355.833766	709.234566	0.052
073134	82.911112	38.386144	10379.098	355.334316	709.26041	0.021
073154	82.963414	38.382648	10378.35	356.135179	710.645133	-0.037
073214	83.01422	38.379252	10373.518	356.28621	710.859876	-0.052
073234	83.063296	38.37603	10370.352	356.21718	710.795699	-0.029
073254	83.112627	38.372832	10370.919	356.229703	710.805336	-0.002
073314	83.164118	38.369422	10371.149	355.613643	709.569872	0.003
073334	83.212424	38.36612	10370.953	355.285641	708.920658	-0.001
073354	83.257896	38.362936	10370.994	355.339591	709.027209	-0.0
073414	83.309238	38.359364	10371.011	354.495453	707.342441	0.0
073434	83.363286	38.355598	10370.996	353.80927	705.973565	-0.0
073454	83.414143	38.352033	10370.999	353.934751	706.223883	-0.0
073514	83.459732	38.348855	10371.002	354.037198	706.428664	-0.0
073534	83.507885	38.34548	10370.997	353.842496	706.03911	0.0
073554	83.560397	38.341762	10370.998	353.528741	705.413304	0.0
073614	83.609302	38.338288	10371.018	353.471193	705.303976	-0.0
073634	83.658928	38.334731	10370.963	353.523519	705.393264	0.001
073654	83.711381	38.330954	10370.966	353.513881	705.374696	0.001
073714	83.761257	38.327385	10371.254	353.484954	705.395903	-0.005
073734	83.809961	38.323833	10370.556	353.54655	705.327616	0.009
073754	83.859438	38.320135	10370.399	353.558991	705.30959	0.038
073814	83.908374	38.316515	10375.516	353.221075	705.746702	0.028
073834	83.956844	38.312906	10377.448	353.933917	704.798061	-0.013
073854	84.006153	38.309166	10371.902	353.603228	703.32761	-0.041
073914	84.057747	38.305294	10370.153	347.247406	705.977486	-0.021
073934	84.108221	38.301473	10371.197	360.571112	699.680876	0.004
073954	84.15653	38.297756	10371.051	365.0835	697.351283	0.002
074014	84.208002	38.293901	10371.014	277.385345	735.387846	-0.003
074034	84.258445	38.290075	10370.901	461.974387	634.354874	0.002
074054	84.305482	38.286363	10370.825	767.81273	162.476431	0.003
074114	84.35603	38.282445	10372.049	786.089805	7.88715	-0.025
074134	84.406022	38.278572	10369.346	780.578139	101.588185	-0.04
074154	84.452724	38.274868	10363.29	781.995276	89.054708	-0.009
074214	84.503339	38.270872	10366.545	783.074583	78.024912	0.031
074234	84.555123	38.266803	10371.879	782.436001	84.740402	0.036
074254	84.603748	38.262954	10371.272	782.524983	83.83929	0.005
074314	84.650856	38.25917	10370.737	782.603458	83.047485	-0.005
074334	84.700351	38.255152	10371.066	782.554114	83.529289	0.001
074354	84.753057	38.250854	10371.024	782.559637	83.464502	0.0
074414	84.803949	38.246684	10370.955	782.580354	83.409249	0.0
074434	84.852551	38.242733	10371.044	782.544461	83.440417	-0.001
074454	84.900933	38.238813	10371.063	782.533711	83.434585	-0.002
074514	84.951069	38.234613	10370.636	782.745287	83.452858	0.014
074534	85.001292	38.230332	10371.585	782.277676	83.405862	0.037
074554	85.050135	38.226198	10374.903	780.953397	83.26498	0.048
074614	85.09926	38.222076	10378.45	780.683368	83.234984	0.024
074634	85.147979	38.218009	10379.211	782.157141	83.391714	-0.031
074654	85.190521	38.214425	10373.701	782.691436	83.450753	-0.053
074714	85.24009	38.210168	10369.896	782.498863	83.42286	-0.029
074734	85.298076	38.205161	10371.055	782.568732	83.437927	0.001
074754	85.349146	38.200771	10371.178	782.59146	83.468994	0.003
074814	85.397829	38.196574	10370.921	782.512807	83.343958	-0.001
074834	85.446813	38.192286	10371.004	782.578273	83.46157	0.0
074854	85.494573	38.188029	10371.013	782.797941	83.884549	0.0
074914	85.543906	38.183709	10370.994	781.805304	82.154127	-0.0
074934	85.595169	38.179276	10371.0	780.557276	83.56016	0.0
074954	85.64588	38.17479	10371.001	781.470447	89.218003	0.0
075014	85.694338	38.17041	10371.0	783.72036	66.827327	-0.0
075034	85.743032	38.165969	10371.0	780.017825	87.878044	0.0
075054	85.795249	38.161224	10370.999	766.515233	169.026679	0.0
075114	85.845177	38.156704	10371.004	768.836021	-157.151027	-0.0
075134	85.8916	38.1525	10371.0	491.150868	-611.086593	-0.0
075154	85.939048	38.148166	10370.979	446.089007	-644.853042	0.0
075214	85.988684	38.143569	10371.053	507.969119	-596.472369	-0.001
075234	86.039	38.1389	10371.0	489.897932	-609.527699	-0.0
075254	86.087737	38.134438	10370.707	486.516888	-611.755766	0.005
075314	86.136573	38.129897	10371.741	491.574861	-609.064677	-0.015
075334	86.1863	38.1252	10371.0	491.150868	-611.086593	-0.041
075354	86.236098	38.120545	10364.544	490.941454	-611.289455	-0.02
075414	86.286196	38.11582	10364.732	491.399129	-611.212069	0.018
075434	86.3354	38.1111	10371.0	491.777336	-611.866041	0.041
075454	86.382239	38.106587	10370.99	491.812528	-611.943147	0.041
075514	86.430741	38.101923	10372.844	491.762831	-611.834802	0.043
075534	86.482	38.097	10378.0	491.777336	-611.866041	0.041
075554	86.532965	38.092087	10378.611	491.783633	-611.876331	0.012
075614	86.581478	38.087377	10377.644	491.766767	-611.851782	-0.002
075634	86.6292	38.0827	10378.0	491.777336	-611.866041	0.0
075654	86.679446	38.077745	10378.787	491.830293	-611.932995	-0.026
075714	86.728212	38.072961	10375.836	491.643876	-611.697664	-0.048
075734	86.7758	38.0683	10371.0	491.777336	-611.866041	-0.041
075754	86.8266	38.063252	10370.522	492.883662	-613.255012	-0.011
075814	86.876822	38.058223	10371.136	492.520671	-612.762758	0.003
075834	86.924548	38.053444	10370.954	491.782585	-611.949799	-0.001
075854	86.972538	38.048646	10370.991	492.86035	-613.30016	-0.0
075914	87.023592	38.043531	10371.008	493.45335	-613.294454	0.0
075934	87.073597	38.038472	10371.003	492.555309	-613.983562	-0.0
075954	87.120668	38.033638	10371.006	493.460859	-615.184981	-0.0
080014	87.169658	38.028564	10370.95	500.270201	-613.216124	0.001
080034	87.22193	38.023199	10371.088	489.214766	-624.824529	-0.002
080054	87.274371	38.017862	10371.094	489.44918	-626.154487	-0.002
080114	87.321469	38.012985	10370.293	559.670459	-567.292869	0.022
080134	87.369378	38.007973	10372.323	373.533724	-705.334361	0.047
080154	87.421967	38.002495	10377.305	-178.099556	-777.773221	0.045
080214	87.473492	37.997141	10378.699	-322.214522	-731.3724	0.017
080234	87.523061	37.991942	10377.761	-236.961076	-763.97846	-0.002
080254	87.571947	37.98674	10377.82	-248.125141	-758.761157	0.001
080314	87.620805	37.981536	10378.843	-258.49585	-754.465844	-0.017
080334	87.670418	37.976275	10376.998	-252.282813	-757.40955	-0.039
080354	87.720891	37.970918	10371.853	-253.248705	-758.582341	-0.041
080414	87.770956	37.965517	10371.288	-254.334391	-758.580932	-0.043
080434	87.820499	37.960124	10370.088	-253.876723	-758.723794	-0.038
080454	87.870176	37.954735	10363.712	-254.136938	-759.421242	-0.011
080514	87.920505	37.949237	10365.754	-254.302275	-759.682431	0.028
080534	87.97079	37.943697	10371.731	-254.226593	-759.56493	0.037
080554	88.020804	37.938179	10371.6	-254.231013	-759.572432	0.005
080614	88.072458	37.93253	10369.999	-254.239801	-759.581538	0.012
080634	88.122851	37.926996	10371.568	-254.238821	-759.586515	0.044
080654	88.16961	37.921766	10376.692	-254.246301	-759.608726	0.046
080714	88.218905	37.916278	10378.582	-254.17987	-759.409387	0.026
080734	88.270633	37.910526	10378.022	-253.872526	-758.491093	-0.003
080754	88.321021	37.90484	10378.661	-253.255322	-756.645572	-0.028
080814	88.370725	37.8992	10375.573	-252.676618	-754.92307	-0.04
080834	88.42	37.8936	10371.0	-252.333092	-753.891909	-0.041
080854	88.46846	37.888071	10371.299	-252.245158	-753.605195	-0.038
080914	88.517475	37.882502	10368.908	-252.519531	-754.509507	-0.047
080934	88.5677	37.8768	10363.0	-252.967892	-755.788492	-0.041
080954	88.618422	37.870982	10361.481	-253.116332	-755.897651	0.016
081014	88.668193	37.86527	10365.83	-252.686127	-755.791403	0.049
081034	88.7175	37.8596	10371.0	-252.967892	-755.788492	0.041
081054	88.768118	37.85369	10370.773	-254.428287	-755.494898	0.038
081114	88.818596	37.847735	10372.969	-249.259353	-756.467669	0.043
081134	88.868	37.8419	10378.0	-252.333092	-753.891909	0.041
081154	88.916833	37.836168	10378.344	-271.290556	-745.956278	0.016
081214	88.96592	37.83041	10378.288	-201.86191	-765.849229	-0.016
081234	89.0153	37.8246	10378.0	-250.746092	-749.150451	-0.041
081254	89.064298	37.818808	10373.193	-654.868067	-440.205068	-0.047
081314	89.112794	37.812972	10370.211	-788.304084	-35.184985	-0.028
081334	89.161351	37.807093	10370.958	-770.673742	-169.215367	-0.001
081354	89.210712	37.801238	10371.135	-402.750344	-677.092901	0.003
081414	89.259994	37.795324	10370.984	-374.513132	-691.547342	-0.002
081434	89.309033	37.789303	10371.008	-755.454278	-213.67883	-0.0
081454	89.358705	37.78323	10370.781	-774.209061	-116.466754	0.004
081514	89.408411	37.777193	10371.513	-750.727339	-217.935813	-0.01
081534	89.457648	37.7712	10371.159	-757.709602	-193.31818	-0.04
081554	89.506481	37.765188	10365.767	-759.55058	-186.470851	-0.048
081614	89.554738	37.759232	10362.137	-757.504208	-193.662716	-0.028
081634	89.602964	37.7533	10362.943	-758.049735	-191.908582	-0.001
081654	89.652087	37.747245	10363.365	-759.373474	-191.745366	-0.0
081714	89.70069	37.741182	10362.501	-760.492266	-192.497781	0.008
081734	89.748229	37.735198	10362.862	-761.01236	-192.533968	0.039
081754	89.795715	37.729258	10367.768	-760.968084	-192.870862	0.067
081814	89.843107	37.72333	10373.11	-761.220196	-191.76643	0.08
081834	89.891416	37.717246	10377.256	-761.198016	-191.889853	0.078
081854	89.942371	37.710792	10382.94	-759.517118	-197.259598	0.062
081914	89.99236	37.704421	10386.814	-761.496487	-183.829184	0.025
081934	90.03939	37.698397	10386.318	-760.269802	-182.988957	-0.032
081954	90.086644	37.692351	10383.07	-739.002844	-259.6954	-0.089
082014	90.135214	37.686097	10374.803	-778.206705	-92.384931	-0.124
082034	90.184958	37.679679	10364.206	-781.151046	-35.377387	-0.105
082054	90.235108	37.673501	10362.594	205.12359	-756.958424	-0.015
082114	90.283781	37.668646	10364.125	780.28001	104.893058	0.015
082134	90.332023	37.664647	10363.741	760.095584	210.790691	-0.003
082154	90.382133	37.660266	10361.251	739.611997	-275.043453	0.031
082214	90.431821	37.655628	10364.3	464.568703	-637.724866	0.079
082234	90.478764	37.651322	10375.879	466.643865	-636.820833	0.057
082254	90.527902	37.646848	10375.996	511.398573	-604.011123	0.013
082314	90.578467	37.642212	10370.934	494.746282	-619.871005	0.002
082334	90.627332	37.637691	10376.063	494.771346	-619.646984	0.035
082354	90.677009	37.633092	10379.06	498.407726	-617.791704	0.028
082414	90.727551	37.628394	10377.857	497.959021	-619.867552	-0.003
082434	90.777757	37.623673	10377.855	497.947718	-619.835168	-0.002
082454	90.828793	37.618866	10378.12	498.157219	-619.636733	0.001
082514	90.87849	37.614236	10377.955	497.977079	-619.601994	0.001
082534	90.925056	37.609944	10377.821	497.191762	-618.62357	0.003
082554	90.973643	37.605356	10378.62	495.929749	-617.020458	-0.016
082614	91.024397	37.600467	10377.502	494.777007	-615.599832	-0.044
082634	91.074548	37.595629	10372.543	494.30819	-615.01664	-0.047
082654	91.124403	37.590799	10370.343	494.342134	-615.0563	-0.025
082714	91.17342	37.586031	10371.033	494.241873	-614.93247	0.002
082734	91.220796	37.581426	10370.83	493.450323	-613.947592	0.007
082754	91.268054	37.576836	10371.818	492.414875	-612.65949	-0.019
082814	91.317394	37.571996	10370.527	491.743067	-611.823251	-0.041
082834	91.369346	37.566825	10364.056	491.725006	-611.799677	-0.016
082854	91.419291	37.561912	10365.257	491.803236	-611.902296	0.023
082914	91.466975	37.557225	10371.347	491.775117	-611.861076	0.04
082934	91.515198	37.55236	10371.312	491.775509	-611.846161	0.016
082954	91.563695	37.547486	10371.572	491.773034	-611.916883	-0.023
083014	91.612394	37.542606	10370.553	491.780543	-611.83932	-0.04
083034	91.661421	37.537604	10364.114	491.804054	-611.654097	-0.016
083054	91.709874	37.532614	10365.163	491.771035	-612.641456	0.024
083114	91.758912	37.52759	10371.391	493.343469	-613.385478	0.04
083134	91.809907	37.522422	10371.674	495.845778	-613.221647	0.012
083154	91.859783	37.517312	10370.687	489.389007	-619.095602	-0.004
083214	91.906338	37.512466	10371.02	495.667769	-613.853083	-0.0
083234	91.952957	37.507599	10370.793	466.681943	-636.365522	0.004
083254	92.006246	37.502049	10370.486	420.155906	-668.932201	0.033
083314	92.055767	37.496957	10374.44	775.19704	-150.087826	0.052
083334	92.102283	37.492115	10378.947	783.856667	-88.747603	0.027
083354	92.150805	37.486933	10378.807	-24.853897	-788.531092	-0.03
083414	92.20134	37.481573	10374.293	-408.727997	-675.096061	-0.052
083434	92.251037	37.476307	10370.501	-215.91703	-758.666673	-0.034
083454	92.298819	37.471196	10370.777	-234.600319	-751.651996	-0.005
083514	92.348766	37.465915	10371.184	-261.989233	-740.869065	0.004
083534	92.399498	37.460528	10370.97	-247.044031	-745.01661	-0.001
083554	92.448433	37.455201	10370.982	-247.814018	-744.794579	-0.0
083614	92.49711	37.449846	10371.008	-250.051831	-744.158459	0.0
083634	92.54534	37.444558	10371.002	-249.004514	-744.445227	-0.0
083654	92.592835	37.439381	10371.013	-249.053576	-744.412217	-0.0
083714	92.641815	37.43401	10370.94	-249.260375	-744.49277	0.001
083734	92.691752	37.428501	10371.064	-249.108618	-744.303634	-0.001
083754	92.740734	37.42309	10371.206	-248.864145	-743.58191	-0.004
083814	92.788007	37.417848	10370.146	-248.908453	-743.514784	0.021
083834	92.834537	37.412655	10371.904	-248.746166	-743.31328	0.041
083854	92.881999	37.407333	10377.452	-248.200359	-741.98325	0.013
083914	92.931305	37.401831	10375.503	-248.611957	-740.963378	-0.028
083934	92.980445	37.396306	10370.413	-247.727774	-742.015233	-0.038
083954	93.028013	37.390859	10370.627	-246.94378	-743.888351	-0.008
084014	93.077254	37.385248	10371.246	-256.284277	-740.425467	0.005
084034	93.127302	37.379577	10370.959	-240.170446	-743.747598	-0.001
084054	93.175942	37.374046	10370.976	-221.850468	-747.269708	-0.001
084114	93.224194	37.36854	10371.004	-349.396289	-695.438638	0.001
084134	93.272897	37.362831	10371.011	-131.949134	-768.30624	-0.0
084154	93.321779	37.357331	10371.044	724.172934	-298.30612	-0.001
084214	93.369251	37.353708	10370.808	278.860859	733.246997	0.003
084234	93.417032	37.351208	10371.145	-449.918479	642.011996	-0.002
084254	93.466876	37.348315	10371.821	-459.781389	635.648652	-0.024
084314	93.515501	37.345496	10368.415	-373.633074	691.139496	-0.047
084334	93.562561	37.342866	10362.788	-402.923557	676.124549	-0.039
084354	93.610482	37.340062	10361.47	-407.192293	675.302404	0.017
084414	93.65991	37.337115	10365.848	-400.710407	679.797317	0.049
084434	93.7105	37.3341	10371.0	-403.060347	679.442681	0.041
084454	93.761339	37.33106	10370.627	-405.064006	682.257507	0.038
084514	93.811624	37.328054	10373.074	-405.977831	683.970472	0.03
084534	93.861734	37.325014	10377.936	-405.771262	683.63751	0.003
084554	93.91276	37.321804	10374.227	-404.25962	685.738474	-0.031
084614	93.962655	37.318685	10370.22	-410.638561	683.600863	-0.036
084634	94.011511	37.315705	10370.959	-409.602859	684.828574	-0.004
084654	94.062318	37.312566	10370.449	-380.385922	701.624676	0.028
084714	94.111389	37.309513	10372.571	-458.595875	652.876883	0.046
084734	94.158034	37.3066	10377.665	-441.061961	664.918309	0.042
084754	94.207355	37.303466	10378.597	173.353318	780.418477	0.015
084814	94.25848	37.300182	10377.837	216.147309	769.994983	-0.004
084834	94.309196	37.296921	10377.995	-392.080561	695.192482	-0.001
084854	94.358827	37.29374	10377.842	-20.759462	797.121833	0.005
084914	94.409138	37.290467	10378.388	448.577218	658.148266	-0.009
084934	94.459533	37.287124	10378.261	368.079676	704.743295	-0.038
084954	94.506704	37.283982	10373.68	334.257636	721.300013	-0.048
085014	94.554624	37.280797	10370.301	362.872535	707.035055	-0.03
085034	94.604837	37.277436	10370.913	356.236694	708.689356	-0.002
085054	94.653546	37.274102	10371.159	352.957902	708.158347	0.003
085114	94.702797	37.27075	10370.952	354.059623	705.259434	-0.001
085134	94.753398	37.267341	10370.995	352.748267	703.704849	-0.0
085154	94.802593	37.263941	10370.995	351.947392	702.535327	0.001
085214	94.851666	37.260534	10371.029	351.487706	701.254576	-0.001
085234	94.901043	37.257136	10371.021	350.504884	699.369299	-0.0
085254	94.948874	37.253809	10370.771	349.002532	696.402134	0.004
085314	94.997155	37.250434	10371.457	347.674112	693.725532	-0.009
085334	95.046676	37.246951	10371.299	346.85681	692.100129	-0.038
085354	95.095167	37.243454	10366.074	346.209241	690.810569	-0.048
085414	95.141875	37.240061	10362.172	345.7254	689.842209	-0.03
085434	95.188254	37.236716	10362.842	345.46509	689.323215	-0.003
085454	95.236981	37.233194	10363.215	345.401831	689.202723	0.003
085514	95.285273	37.229702	10362.912	345.484264	689.353694	-0.0
085534	95.331822	37.22632	10362.953	345.481421	689.347516	0.0
085554	95.380002	37.222756	10363.285	345.171256	688.805315	-0.005
085614	95.428764	37.219154	10362.523	345.923858	690.120945	0.009
085634	95.476939	37.215632	10362.496	346.274194	690.812436	0.038
085654	95.525369	37.21206	10368.23	341.519287	682.383859	0.066
085714	95.571228	37.208637	10371.085	338.470511	673.75636	0.332
085734	95.615038	37.205324	10391.912	337.757322	672.236086	0.827
085754	95.662926	37.201649	10482.69	330.360726	671.938701	1.093
085814	95.711193	37.19793	10568.202	344.665427	665.428149	1.112
085834	95.75684	37.194425	10612.904	348.050623	670.59025	1.078
085854	95.803249	37.190867	10696.823	264.610544	706.66735	1.154
085914	95.849971	37.187215	10786.076	462.398475	592.128715	1.116
085934	95.896947	37.183474	10843.419	740.334654	134.613773	0.884
085954	95.946289	37.179599	10894.637	756.893014	11.44509	0.745
090014	95.99434	37.175791	10943.199	754.659958	99.748355	0.586
090034	96.040352	37.172073	10977.273	760.343554	85.079701	0.31
090054	96.089835	37.168151	10983.354	768.814205	76.887608	0.08
090114	96.139077	37.164275	10979.07	771.424984	83.659799	-0.016
090134	96.185425	37.160566	10979.806	767.276261	82.096339	-0.003
090154	96.23283	37.156689	10980.257	764.80251	81.178784	0.004
090214	96.281468	37.15271	10979.905	764.804596	81.642681	-0.001
090234	96.329781	37.148782	10979.956	766.247313	81.716867	0.0
090254	96.376628	37.144922	10980.245	769.682377	82.036025	-0.004
090314	96.423831	37.141022	10979.597	772.115147	82.328937	0.007
090334	96.472407	37.13701	10979.576	772.500845	82.364286	0.037
090354	96.520694	37.132931	10984.634	773.964368	82.516874	0.049
090414	96.568297	37.128905	10988.746	774.409325	82.566849	0.032
090434	96.615664	37.124984	10988.149	772.809638	82.395881	0.003
090454	96.663607	37.12106	10987.851	772.371861	82.348304	-0.004
090514	96.712773	37.116905	10987.973	772.716727	82.386841	0.001
090534	96.762531	37.112544	10987.925	772.668059	82.381686	0.001
090554	96.810983	37.108361	10988.794	772.286614	82.329797	-0.006
090614	96.859387	37.104235	10988.389	772.471062	82.354747	-0.026
090634	96.909499	37.09991	10983.989	773.943665	82.548325	-0.061
090654	96.958213	37.095633	10977.972	774.544564	82.526591	-0.077
090714	97.004626	37.091523	10973.463	774.38817	82.50676	-0.048
090734	97.052976	37.087289	10971.808	777.406598	83.316537	0.01
090754	97.101833	37.083013	10974.514	780.120864	82.420267	0.049
090814	97.149116	37.078823	10979.511	779.743596	82.33311	0.044
090834	97.195682	37.074649	10980.605	779.106374	89.292028	0.017
090854	97.244649	37.070233	10979.915	781.90962	74.396692	-0.004
090914	97.296073	37.0656	10980.061	783.744501	69.524423	-0.003
090934	97.344524	37.061263	10979.41	769.899751	164.191801	0.019
090954	97.391914	37.056993	10981.012	785.509853	-46.10762	0.05
091014	97.441084	37.052504	10986.713	552.106527	-558.814356	0.074
091034	97.490513	37.04801	10992.713	428.858055	-653.664827	0.07
091054	97.539201	37.043573	10997.073	501.620428	-594.936725	0.02
091114	97.587514	37.03911	10997.048	490.9973	-601.437058	-0.062
091134	97.636874	37.034505	10988.265	478.892367	-607.83262	-0.112
091154	97.684847	37.030007	10977.932	486.009954	-599.384997	-0.104
091214	97.730166	37.025731	10973.525	488.430573	-596.811755	-0.053
091234	97.776952	37.021234	10972.734	465.168995	-613.852027	-0.014
091254	97.825309	37.01657	10973.009	485.775822	-596.10047	0.0
091314	97.872881	37.012037	10972.976	547.098357	-540.378571	0.002
091334	97.919679	37.00749	10973.168	266.307521	-721.186492	-0.003
091354	97.966564	37.003203	10972.948	534.459749	-553.015519	0.001
091414	98.014362	36.999753	10972.088	-365.289367	679.353448	0.029
091434	98.062751	36.997192	10975.973	-738.946438	-222.924591	0.048
091454	98.111022	36.99506	10980.855	-764.420071	98.766124	0.032
091514	98.158716	36.992853	10980.37	-769.214794	50.490229	0.002
091534	98.206043	36.990574	10978.999	-771.641793	-1.549821	0.016
091554	98.253476	36.988343	10981.284	-770.732254	44.031401	0.048
091614	98.301689	36.986155	10987.057	-769.809784	47.12823	0.047
091634	98.351178	36.983797	10989.584	-765.541127	-81.243334	-0.003
091654	98.39983	36.981387	10986.5	-744.143558	193.139751	-0.049
091714	98.447076	36.979063	10980.763	-404.407184	653.920378	-0.045
091734	98.496068	36.976735	10979.283	-679.478976	361.287378	-0.017
091754	98.54373	36.974402	10980.174	-765.0879	68.75859	0.003
091814	98.588809	36.972071	10980.056	-476.568476	597.804395	0.001
091834	98.636977	36.969693	10979.932	-295.512927	703.949471	-0.001
091854	98.685345	36.967307	10980.027	-407.945068	646.130443	-0.0
091914	98.731251	36.964916	10980.04	-397.924245	652.330447	-0.001
091934	98.779655	36.962399	10979.825	-383.167948	660.368175	0.003
091954	98.828038	36.959886	10980.218	-390.544138	655.365499	-0.005
092014	98.873477	36.957497	10980.49	-389.824017	655.807164	-0.033
092034	98.920199	36.955075	10976.748	-389.028491	656.827	-0.054
092054	98.968682	36.952566	10972.143	-390.01784	657.242579	-0.028
092114	99.016987	36.950025	10972.048	-390.64004	658.410339	0.033
092134	99.063534	36.94756	10977.518	-391.539723	660.097183	0.031
092154	99.11049	36.945059	10979.412	-392.584618	661.768151	-0.008
092214	99.159713	36.942389	10973.791	-393.560239	663.421343	-0.009
092234	99.208817	36.939616	10974.75	-395.027441	665.907057	0.043
092254	99.255926	36.936962	10981.871	-396.033765	667.596661	0.077
092314	99.30184	36.934456	10987.454	-395.937573	667.434978	0.047
092334	99.350857	36.931692	10987.605	-396.125471	667.754227	0.037
092354	99.401611	36.92878	10989.131	-396.477472	668.344073	0.04
092414	99.450953	36.925982	10995.299	-396.451111	668.297537	0.013
092434	99.498636	36.923269	10993.847	-396.402775	668.238674	-0.049
092454	99.546714	36.920488	10985.891	-396.441246	668.260945	-0.073
092514	99.596053	36.917605	10980.138	-396.451823	668.248933	-0.017
092534	99.643749	36.914853	10983.249	-396.253332	668.228438	0.037
092554	99.691094	36.91209	10989.013	-395.764647	666.81187	0.032
092614	99.739501	36.909169	10989.088	-394.555109	664.248869	-0.022
092634	99.786404	36.906321	10984.141	-392.125205	664.547536	-0.046
092654	99.833568	36.903458	10979.654	-395.060087	663.313774	-0.033
092714	99.883222	36.900442	10979.746	-400.44636	660.061697	-0.011
092734	99.931685	36.897516	10979.65	-375.998355	674.249192	0.014
092754	99.9782	36.8947	10980.0	-393.366491	663.101654	0.041
092814	100.025082	36.891798	10985.093	-474.986463	603.068597	0.055
092834	100.073281	36.888773	10989.949	-126.658522	754.357768	0.005
092854	100.1219	36.8857	10988.0	342.307654	683.02377	-0.076
092914	100.169064	36.882705	10977.487	-72.698617	760.007164	-0.089
092934	100.214954	36.879803	10972.198	-507.248187	569.200338	-0.065
092954	100.261587	36.876854	10973.109	-405.990092	643.719204	-0.042
093014	100.310827	36.873696	10967.398	111.072382	752.432175	-0.021
093034	100.357264	36.870698	10965.732	404.173533	645.644281	0.026
093054	100.401564	36.867849	10972.618	345.568641	680.255717	0.075
093114	100.450987	36.864689	10978.623	328.127343	687.558647	0.059
093134	100.500234	36.861472	10979.967	345.481061	677.749489	0.033
093154	100.546669	36.858357	10979.881	341.22774	680.187128	0.035
093214	100.594105	36.855182	10984.763	339.817462	680.860729	0.041
093234	100.642205	36.851985	10988.747	340.387171	678.443624	0.028
093254	100.689102	36.848858	10988.18	338.884252	676.038598	0.002
093314	100.733562	36.845834	10987.58	338.6621	675.943096	0.001
093334	100.780104	36.842642	10988.46	338.473019	675.318753	-0.008
093354	100.830028	36.839211	10988.445	337.121197	672.663819	-0.038
093414	100.877429	36.835898	10983.294	336.251833	670.955218	-0.041
093434	100.921817	36.832783	10979.678	335.986655	670.407554	-0.036
093454	100.965928	36.829706	10980.401	335.988077	670.4126	-0.041
093514	101.013283	36.826361	10976.185	336.212683	670.863281	-0.029
093534	101.061581	36.822977	10973.098	335.808275	670.054976	0.014
093554	101.107806	36.819795	10978.248	334.255018	666.955773	0.069
093614	101.153388	36.81656	10984.627	332.501227	663.45692	0.073
093634	101.199192	36.813232	10988.526	331.42935	661.31741	0.03
093654	101.24513	36.809897	10988.797	331.189444	660.838017	-0.026
093714	101.290404	36.806581	10984.652	330.704696	659.876015	-0.064
093734	101.335754	36.803219	10978.977	330.136751	658.734188	-0.078
093754	101.3816	36.799802	10974.472	330.124619	658.700236	-0.078
093814	101.425808	36.796537	10969.026	330.527149	659.576104	-0.067
093834	101.469271	36.79336	10964.324	331.290082	660.978751	-0.03
093854	101.514519	36.790037	10963.853	332.221682	662.677309	0.027
093914	101.56287	36.786398	10968.707	332.725573	664.686489	0.049
093934	101.61067	36.782786	10973.29	334.17533	666.173863	0.039
093954	101.654518	36.779542	10972.863	336.017429	667.456441	0.037
094014	101.699612	36.776166	10975.2	331.42545	672.245313	0.056
094034	101.747207	36.772552	10980.834	340.669829	671.000226	0.079
094054	101.794836	36.768933	10986.045	355.465	666.808413	0.08
094114	101.840123	36.765466	10991.961	274.394026	703.519343	0.064
094134	101.885749	36.76193	10996.199	368.884523	656.293205	0.038
094154	101.935051	36.758065	10996.131	709.628939	249.996898	0.012
094214	101.983472	36.754207	10996.516	750.604706	-0.968985	-0.019
094234	102.029315	36.750542	10995.637	742.713015	86.85941	-0.042
094254	102.074237	36.747003	10989.914	740.350547	92.037082	-0.044
094314	102.119817	36.7434	10987.655	739.479966	73.088327	-0.036
094334	102.165779	36.739716	10987.903	735.709047	78.724176	-0.042
094354	102.211012	36.73606	10982.991	735.417309	79.334362	-0.069
094414	102.256947	36.732339	10976.741	736.069532	78.065703	-0.072
094434	102.30396	36.728506	10972.886	735.801882	78.470759	-0.039
094454	102.350694	36.72465	10972.319	735.137591	78.454158	-0.003
094514	102.394869	36.721036	10973.968	734.643068	78.296015	-0.011
094534	102.438245	36.717488	10973.237	734.802664	78.341796	-0.036
094554	102.48524	36.713528	10966.358	736.113243	78.489551	-0.0
094614	102.533003	36.709536	10967.469	739.39816	78.831445	0.068
094634	102.579059	36.705772	10979.008	742.679994	79.183074	0.115
094654	102.624145	36.702043	10985.283	741.78448	79.088295	0.103
094714	102.668664	36.698302	10990.695	740.761495	78.978638	0.055
094734	102.713848	36.69449	10995.984	740.939474	78.997736	0.005
094754	102.76136	36.690512	10991.49	737.904218	78.674135	-0.032
094814	102.808182	36.68651	10987.356	735.089031	78.374044	-0.04
094834	102.852853	36.68259	10988.101	734.823343	78.345702	-0.039
094854	102.897783	36.678684	10984.094	734.800589	78.34276	-0.066
094914	102.944142	36.674681	10977.388	734.979922	78.363299	-0.072
094934	102.991081	36.670604	10973.148	735.731516	78.443106	-0.043
094954	103.036299	36.66663	10973.396	736.864607	78.556388	-0.034
095014	103.080209	36.662745	10971.631	738.416633	78.74034	-0.046
095034	103.124637	36.658809	10965.73	740.454934	78.958344	-0.045
095054	103.1715	36.654651	10963.355	742.768725	79.100685	0.006
095114	103.219011	36.650435	10966.863	744.00885	79.486151	0.049
095134	103.265268	36.646313	10972.525	745.2605	79.629989	0.043
095154	103.310606	36.64222	10973.141	750.428953	78.714061	0.034
095214	103.356998	36.637998	10973.834	754.586523	82.729787	0.049
095234	103.404859	36.633647	10979.055	755.4522	82.9677	0.074
095254	103.451793	36.629402	10985.076	757.646436	62.601674	0.067
095314	103.497505	36.625249	10988.98	753.462933	112.14948	0.021
095334	103.543287	36.621046	10988.56	756.672175	114.642892	-0.031
095354	103.591019	36.616646	10983.111	712.223642	-293.528794	-0.035
095414	103.64008	36.612119	10980.119	456.69349	-625.442747	0.009
095434	103.688692	36.607627	10985.367	454.970341	-628.433843	0.066
095454	103.735006	36.603338	10992.379	518.518587	-577.605777	0.072
095514	103.781215	36.599035	10996.297	469.218163	-617.909612	0.035
095534	103.830248	36.594439	10996.316	409.036629	-657.700509	0.005
095554	103.879902	36.589775	10995.678	716.356514	-290.65999	-0.0
095614	103.927937	36.58523	10996.154	767.311439	69.171915	-0.002
095634	103.973698	36.580839	10996.726	627.211255	-439.178477	-0.025
095654	104.019109	36.576483	10993.308	391.284624	-654.271182	-0.049
095714	104.064667	36.572078	10987.778	480.572619	-589.983087	-0.078
095734	104.110137	36.567579	10983.558	488.678634	-582.02707	-0.118
095754	104.157461	36.562907	10973.23	470.551578	-597.493173	-0.087
095814	104.2061	36.5582	10965.0	476.115638	-592.379861	0.0
095834	104.253597	36.553678	10974.149	473.898245	-587.288756	0.043
095854	104.300235	36.549137	10981.513	470.146939	-585.891356	0.012
095914	104.34623	36.544518	10976.474	470.850562	-586.209558	-0.054
095934	104.391026	36.540031	10968.176	470.520853	-585.383825	-0.055
095954	104.435775	36.535572	10965.078	468.511782	-582.881428	0.003
100014	104.482121	36.530913	10970.402	467.288068	-580.604641	0.042
100034	104.528841	36.526249	10974.405	465.967259	-582.076499	0.021
100054	104.574769	36.521672	10972.835	469.003644	-582.869939	0.001
100114	104.619992	36.51709	10970.827	475.465277	-580.029017	0.069
100134	104.666655	36.51241	10979.789	451.975491	-597.368822	0.119
100154	104.714291	36.507637	10993.994	446.900548	-598.674752	0.092
100214	104.760098	36.502871	10994.002	539.960634	-518.000817	0.01
100234	104.805086	36.498317	10987.182	386.541494	-642.867797	-0.044
100254	104.851281	36.493606	10987.447	-496.058709	-560.9897	-0.015
100314	104.897864	36.487128	10988.097	-444.095217	599.798537	0.018
100334	104.943771	36.479198	10987.666	571.605496	475.100987	0.012
100354	104.988194	36.471434	10989.39	719.861272	168.978023	-0.034
100414	105.032288	36.463964	10986.855	675.590337	294.100906	-0.081
100434	105.077461	36.456224	10975.764	676.094633	293.338947	-0.083
100454	105.122459	36.448488	10972.185	684.339194	271.644809	-0.059
100514	105.166691	36.440859	10972.581	679.400408	280.086195	-0.032
100534	105.210227	36.433305	10966.685	679.191429	280.453571	-0.01
100554	105.253012	36.425953	10966.191	680.340483	278.404066	0.011
100614	105.296359	36.418541	10972.075	680.092255	278.868754	0.031
100634	105.342426	36.410522	10972.95	679.799685	279.123681	0.043
100654	105.388579	36.402426	10973.995	680.127245	279.061521	0.037
100714	105.432342	36.394793	10979.532	681.341356	279.579381	0.009
100734	105.476131	36.387145	10977.278	683.54182	280.500076	-0.029
100754	105.52069	36.379338	10972.283	684.588935	280.9328	-0.037
100814	105.56581	36.37141	10972.649	684.253672	280.808724	-0.006
100834	105.611525	36.36332	10973.449	687.389929	281.966625	0.001
100854	105.656411	36.355329	10972.771	691.757136	283.974653	0.003
100914	105.699996	36.347563	10972.374	693.578122	284.960755	0.032
100934	105.745194	36.339555	10976.206	694.314157	283.481839	0.05
100954	105.790604	36.331522	10980.498	693.47188	286.06137	0.035
101014	105.834591	36.323705	10980.416	694.058657	289.643119	0.004
101034	105.880737	36.315486	10979.292	705.866118	269.534455	0.01
101054	105.927146	36.307173	10980.586	693.953114	305.753307	0.049
101114	105.971549	36.299159	10985.844	675.35338	344.914135	0.078
101134	106.018355	36.290752	10993.191	755.961357	-40.296693	0.05
101154	106.065562	36.282259	10995.698	596.605412	-464.134202	-0.008
101214	106.109522	36.27426	10989.86	597.895282	-462.280965	-0.04
101234	106.153426	36.266301	10986.985	631.603791	-416.853631	-0.025
101254	106.199888	36.257896	10988.142	619.615289	-436.9714	0.002
101314	106.248328	36.249082	10988.165	620.018092	-437.05674	0.002
101334	106.293458	36.240867	10987.786	620.000473	-432.078042	0.001
101354	106.336721	36.232994	10988.123	615.559708	-431.013459	-0.002
101414	106.382023	36.224715	10988.557	613.386506	-429.479101	-0.029
101434	106.426854	36.216461	10985.389	611.623392	-427.88471	-0.062
101454	106.471051	36.208275	10979.39	610.340839	-427.133926	-0.076
101514	106.515755	36.199981	10974.258	610.52315	-427.267915	-0.056
101534	106.559364	36.191865	10972.247	609.474471	-426.506304	-0.017
101554	106.603083	36.183777	10973.171	607.84065	-425.373067	-0.001
101614	106.64877	36.175422	10974.049	607.882868	-425.403072	-0.031
101634	106.692974	36.16721	10969.344	607.656946	-425.242969	-0.037
101654	106.736697	36.158951	10965.011	608.106199	-425.558105	0.006
101714	106.782974	36.150256	10970.141	611.025026	-427.600808	0.062
101734	106.828635	36.141763	10976.258	612.562889	-428.67664	0.082
101754	106.873172	36.133459	10980.441	611.926866	-428.231874	0.076
101814	106.91825	36.124919	10985.615	610.894467	-427.510074	0.077
101834	106.963179	36.116439	10991.69	609.463738	-426.505577	0.068
101854	107.007012	36.108183	10996.29	607.754843	-425.313503	0.036
101914	107.050005	36.099983	10996.821	606.11313	-424.174008	-0.017
101934	107.09525	36.091347	10993.82	604.540327	-423.028429	-0.076
101954	107.141537	36.082536	10987.134	603.838601	-422.590202	-0.12
102014	107.185742	36.074092	10977.207	604.798491	-423.404483	-0.127
102034	107.229991	36.065584	10968.994	606.261256	-423.822668	-0.094
102054	107.274719	36.056974	10964.883	608.035575	-425.633857	-0.038
102114	107.318966	36.048501	10964.278	611.53864	-430.153217	0.015
102134	107.364843	36.039678	10966.718	618.941081	-426.885535	0.076
102154	107.411043	36.030769	10973.483	616.110029	-432.927266	0.117
102214	107.454687	36.022404	10984.38	601.993094	-452.025014	0.094
102234	107.499617	36.013752	10989.636	657.393283	-368.916893	0.043
102254	107.546063	36.004732	10988.254	647.605178	-389.670775	0.003
102314	107.590522	35.996057	10987.665	218.880064	-723.924934	-0.004
102334	107.634199	35.987521	10988.074	25.925294	-755.444538	0.001
102354	107.679328	35.978709	10988.015	550.677521	-517.825392	0.0
102414	107.726285	35.969554	10988.036	699.732238	-288.259644	-0.001
102434	107.772453	35.960559	10987.915	529.574372	-543.257161	0.002
102454	107.816431	35.951958	10987.832	57.563854	-758.54476	0.003
102514	107.860821	35.943187	10988.806	-96.297018	-754.929593	-0.019
102534	107.906544	35.934109	10986.936	-16.631512	-761.019427	-0.045
102554	107.95268	35.924952	10981.059	-24.270612	-762.290695	-0.045
102614	107.997261	35.916064	10979.211	-35.150999	-762.707696	-0.02
102634	108.042155	35.907127	10980.147	-29.425931	-763.730772	0.003
102654	108.088766	35.897892	10980.032	-30.027663	-765.158715	0.002
102714	108.134106	35.88885	10980.149	-30.853338	-765.575096	-0.005
102734	108.178978	35.879894	10979.804	-30.417946	-765.367561	0.004
102754	108.22494	35.870756	10979.344	-30.440697	-765.390333	0.034
102814	108.270445	35.861582	10983.533	-30.504565	-765.335929	0.046
102834	108.315604	35.852427	10988.409	-30.478213	-765.444888	0.032
102854	108.361435	35.843226	10988.417	-30.486958	-765.671365	0.008
102914	108.408066	35.833844	10987.859	-30.439776	-764.340306	-0.005
102934	108.454934	35.824324	10987.987	-30.357453	-762.325348	0.001
102954	108.501156	35.814868	10987.63	-30.316196	-761.294654	0.008
103014	108.546258	35.805702	10989.133	-30.204229	-758.471827	-0.026
103034	108.590839	35.796641	10987.676	-30.078939	-755.329251	-0.078
103054	108.635698	35.78737	10977.321	-30.084911	-755.479952	-0.082
103114	108.67947	35.778352	10971.682	-30.040835	-754.371235	-0.057
103134	108.722981	35.769472	10973.017	-29.93117	-751.617777	-0.036
103154	108.768889	35.760068	10970.015	-29.94881	-752.065832	-0.044
103214	108.814515	35.750693	10964.549	-30.101138	-755.884717	-0.031
103234	108.857866	35.741799	10963.257	-30.29994	-760.864994	0.045
103254	108.904629	35.732202	10970.337	-30.41232	-763.744364	0.108
103314	108.95246	35.72236	10980.884	-30.491942	-765.676369	0.115
103334	108.995866	35.713365	10986.695	-30.641234	-769.257904	0.068
103354	109.041159	35.703865	10989.317	-30.682484	-771.106188	-0.0
103414	109.088521	35.693915	10987.756	-30.726466	-771.427356	-0.041
103434	109.133545	35.68455	10981.363	-30.886631	-772.81693	-0.021
103454	109.178155	35.675247	10981.567	-30.489429	-773.655471	0.027
103514	109.2237	35.6657	10988.0	-30.798048	-773.387018	0.041
103534	109.269785	35.656057	10989.75	-32.379693	-773.164837	-0.017
103554	109.316012	35.646314	10984.779	-26.764261	-773.919696	-0.042
103614	109.362372	35.636492	10979.993	-29.745408	-775.326218	-0.002
103634	109.409042	35.626672	10984.708	-53.447844	-776.297479	0.036
103654	109.455329	35.616928	10989.023	19.57722	-778.97688	0.032
103714	109.50093	35.60728	10988.059	-15.481159	-778.850123	0.001
103734	109.546362	35.59766	10987.779	-499.396908	-598.083347	-0.003
103754	109.592501	35.587845	10988.103	-708.605707	-322.327495	0.001
103814	109.639357	35.577804	10988.013	-672.408788	-389.438244	-0.0
103834	109.686062	35.567737	10987.803	-660.94071	-408.316387	0.003
103854	109.732699	35.557666	10988.418	-673.935541	-386.513698	-0.008
103914	109.779345	35.547603	10988.241	-670.178775	-391.422109	-0.037
103934	109.825702	35.537618	10983.733	-661.261197	-403.854061	-0.067
103954	109.871359	35.527792	10977.714	-679.059701	-370.277355	-0.075
104014	109.916727	35.517993	10973.432	-676.382779	-371.012619	-0.048
104034	109.96278	35.507938	10971.893	-563.75326	-521.282905	0.008
104054	110.007123	35.498148	10974.409	-759.154302	-99.830421	0.051
104114	110.049657	35.488449	10979.407	-186.291589	743.021565	0.046
104134	110.094662	35.477516	10981.369	42.064817	763.806825	-0.007
104154	110.140278	35.466197	10978.413	-82.269694	759.311186	-0.049
104214	110.184353	35.455467	10973.449	-49.774438	762.302384	-0.044
104234	110.228067	35.445085	10972.65	-443.300283	622.993055	-0.02
104254	110.272608	35.434252	10972.734	-721.880742	259.132715	0.009
104314	110.318175	35.423097	10972.394	-713.637832	287.197667	0.04
104334	110.363731	35.412598	10977.913	276.281314	713.838794	0.057
104354	110.409457	35.396786	10980.603	-451.97192	-615.354823	0.023
104414	110.446356	35.375252	10979.898	702.517712	268.627266	-0.003
104434	110.475155	35.349804	10980.088	172.315991	-714.669562	0.003
104454	110.504095	35.321392	10980.015	606.528112	402.147736	0.001
104514	110.533227	35.293408	10979.996	-2.813987	725.701688	-0.001
104534	110.563254	35.265164	10979.986	416.124771	597.719879	0.0
104554	110.59346	35.236469	10979.973	373.694713	631.738148	0.001
104614	110.62094	35.210267	10980.165	255.237214	692.1446	-0.003
104634	110.648849	35.183469	10979.749	442.428243	592.511152	0.005
104654	110.679352	35.153894	10979.605	725.088305	154.832164	0.034
104714	110.708755	35.125203	10983.53	738.052727	-100.160916	0.065
104734	110.737693	35.09729	10989.942	710.79098	231.563951	0.075
104754	110.767653	35.068917	10995.286	369.301958	650.527797	0.05
104814	110.797847	35.040256	10997.207	587.588583	462.550208	-0.004
104834	110.8277	35.011445	10994.828	746.832796	-46.675228	-0.053
104854	110.857129	34.982636	10989.221	749.672131	-9.153062	-0.075
104914	110.886542	34.954079	10983.453	590.002343	464.481262	-0.077
104934	110.916264	34.925683	10978.676	302.620112	689.211907	-0.077
104954	110.94636	34.897218	10974.101	344.903327	672.211018	-0.078
105014	110.976564	34.868505	10968.07	302.5175	694.182082	-0.06
105034	111.006751	34.839442	10964.577	445.409579	613.825697	-0.033
105054	111.036818	34.810213	10965.051	743.049144	161.664339	-0.007
105114	111.066614	34.781323	10963.841	756.626359	-103.787783	0.038
105134	111.09632	34.752552	10967.085	729.787675	235.248857	0.091
105154	111.125872	34.723923	10977.906	383.580961	666.104958	0.118
105214	111.154863	34.696039	10985.865	509.973891	577.413682	0.087
105234	111.185316	34.666638	10988.096	33.27014	770.219266	0.034
105254	111.219113	34.637721	10988.223	-369.905726	676.876549	-0.01
105314	111.257249	34.617224	10987.264	-130.264101	-758.864136	-0.054
105334	111.3015	34.6049	10980.0	622.672202	-435.751453	-0.046
105354	111.348214	34.60157	10979.129	-738.807389	-178.219749	-0.012
105414	111.394718	34.601351	10980.354	689.709897	334.099183	0.004
105434	111.441	34.6007	10980.0	296.23669	-712.900992	-0.0
105454	111.48848	34.600144	10979.87	96.686822	-768.030882	0.0
105514	111.535681	34.599712	10980.158	364.217243	-682.394338	-0.002
105534	111.581814	34.599253	10980.08	303.917168	-708.898736	-0.001
105554	111.627743	34.598659	10979.18	280.108482	-715.030014	0.023
105614	111.674377	34.598091	10981.771	298.063198	-704.51481	0.049
105634	111.720795	34.597643	10987.561	293.406378	-704.491686	0.044
105654	111.764728	34.597202	10989.366	291.18581	-703.677137	-0.007
105714	111.809277	34.596674	10986.277	291.395314	-700.307405	-0.057
105734	111.856055	34.596084	10980.789	289.299638	-696.02829	-0.075
105754	111.902571	34.595562	10976.157	287.354437	-691.762612	-0.078
105814	111.947838	34.59503	10971.427	286.518381	-689.457859	-0.075
105834	111.992468	34.594422	10965.954	286.593903	-689.678126	-0.052
105854	112.038077	34.593825	10962.797	286.932579	-690.527048	0.024
105914	112.082679	34.593208	10967.629	288.464104	-694.192038	0.089
105934	112.126015	34.592536	10978.515	290.691893	-699.556043	0.084
105954	112.172588	34.591862	10981.387	290.17758	-698.320809	0.033
110014	112.219788	34.591205	10979.678	288.585249	-694.487307	-0.006
110034	112.264891	34.59054	10979.92	287.935377	-692.923569	-0.002
110054	112.310382	34.589811	10979.96	286.908795	-690.453369	0.005
110114	112.355997	34.589094	10980.187	285.416289	-686.861251	-0.005
110134	112.400415	34.588434	10980.325	284.125176	-683.754081	-0.034
110154	112.443413	34.587733	10976.996	283.645789	-682.602105	-0.065
110214	112.487584	34.586963	10971.174	283.523323	-682.303806	-0.076
110234	112.534033	34.586159	10965.789	283.494339	-682.232826	-0.05
110254	112.579735	34.585372	10963.484	284.214028	-683.988036	0.008
110314	112.624887	34.584539	10966.606	284.795342	-685.337026	0.046
110334	112.669825	34.583663	10972.453	284.709736	-685.1138	0.041
110354	112.712923	34.58291	10972.39	285.139429	-686.473022	0.052
110414	112.756607	34.582162	10974.963	286.256386	-688.462297	0.089
110434	112.802441	34.581286	10985.885	286.82958	-689.59949	0.118
110454	112.84772	34.580346	10993.793	285.326524	-690.535498	0.083
110514	112.892817	34.579435	10996.357	288.682557	-688.85001	0.026
110534	112.938241	34.578574	10996.143	289.862135	-688.325354	0.001
110554	112.982453	34.577675	10995.668	267.602413	-698.208402	0.002
110614	113.026744	34.576699	10996.376	314.878815	-676.119261	-0.006
110634	113.072266	34.575693	10996.562	328.784208	-663.75037	-0.036
110654	113.117712	34.574763	10991.528	-107.133488	-731.354707	-0.046
110714	113.162426	34.573792	10987.535	-471.748139	-568.163142	-0.037
110734	113.20676	34.572712	10988.142	-435.268352	-592.920593	-0.033
110754	113.251837	34.571694	10985.004	-400.911999	-614.326079	-0.058
110814	113.296952	34.570695	10978.747	-418.740819	-599.648411	-0.076
110834	113.341005	34.569626	10973.809	-413.924587	-598.616085	-0.051
110854	113.384103	34.568543	10972.516	-422.917031	-590.436016	-0.018
110914	113.428097	34.567495	10973.067	-402.849274	-603.73275	0.002
110934	113.473404	34.566472	10972.991	-373.016679	-620.87433	0.003
110954	113.515772	34.565384	10973.222	-537.514729	-485.136438	-0.005
111014	113.558321	34.564362	10972.799	-297.163791	-659.990303	0.003
111034	113.604616	34.563291	10972.011	198.356456	-695.205557	0.036
111054	113.646662	34.56105	10977.223	672.676173	280.066723	0.052
111114	113.689117	34.556801	10981.155	-572.681036	-459.375166	0.029
111134	113.735296	34.551439	10979.939	486.663054	-550.852127	-0.001
111154	113.779995	34.546582	10979.739	121.150673	-727.026277	-0.002
111214	113.82308	34.541917	10980.299	-363.294439	-647.292633	-0.003
111234	113.867081	34.536939	10979.935	-233.747228	-709.605896	0.001
111254	113.913486	34.531639	10978.92	-280.82843	-691.487243	0.033
111314	113.956236	34.526927	10983.427	-47.92424	-741.800135	0.034
111334	113.997382	34.522457	10987.97	-287.789607	-681.512021	-0.002
111354	114.04367	34.516745	10982.488	-78.153821	731.15433	-0.034
111414	114.088901	34.508893	10979.432	545.484689	-490.492178	-0.042
111434	114.13088	34.499747	10979.906	-42.341502	-732.773144	-0.041
111454	114.172922	34.490914	10975.201	-66.36967	-729.851432	-0.048
111514	114.216482	34.481805	10971.771	-28.620331	-730.361364	-0.016
111534	114.260798	34.472329	10973.153	-24.606856	-728.47867	0.043
111554	114.304011	34.463119	10977.481	60.954247	-724.581992	0.074
111614	114.345869	34.454281	10983.269	-316.741001	-655.086273	0.071
111634	114.387062	34.44556	10988.175	-628.878315	-368.754831	0.038
111654	114.428875	34.436558	10989.348	-308.126059	-659.584434	-0.019
111714	114.472722	34.427144	10985.348	119.263474	-716.226976	-0.051
111734	114.5166	34.4178	10980.0	-28.888092	-725.425033	-0.041
111754	114.55721	34.409126	10979.515	-505.647902	-524.694723	-0.012
111814	114.599511	34.400014	10980.07	-652.512824	-321.732793	0.007
111834	114.6435	34.3905	10980.0	-623.445508	-366.121152	0.0
111854	114.684334	34.381691	10980.755	-660.410328	-291.188812	-0.029
111914	114.725849	34.372734	10977.75	-448.123596	-562.461433	-0.045
111934	114.7685	34.3635	10973.0	-28.450393	-714.433744	-0.041
111954	114.808791	34.354736	10973.192	-419.973573	-578.074288	-0.036
112014	114.849817	34.345807	10971.344	-657.892483	-280.483988	-0.049
112034	114.892755	34.336467	10965.285	-620.01358	-357.927701	-0.043
112054	114.935245	34.327197	10962.396	-608.965109	-381.010987	0.05
112114	114.977614	34.317896	10970.209	-624.537628	-355.212583	0.161
112134	115.019999	34.308562	10987.125	-618.194254	-361.402253	0.09
112154	115.061791	34.299393	10995.292	-605.432703	-381.220545	-0.367
112214	115.104248	34.290065	10950.833	-638.190331	-320.107388	-0.95
112234	115.144402	34.281198	10855.952	-620.309501	-347.68535	-1.345
112254	115.177752	34.273813	10762.825	-263.740352	-659.34086	-1.424
112314	115.217384	34.265116	10673.275	40.400807	-708.646817	-1.471
112334	115.264922	34.254792	10574.402	-25.592308	-710.370113	-1.514
112354	115.307161	34.245728	10464.996	-12.16929	-715.974002	-1.244
112414	115.349677	34.23672	10392.06	-94.850305	-714.194431	-0.761
112434	115.394108	34.227297	10371.511	-70.21126	-719.264511	-0.291
112454	115.433515	34.218796	10370.531	514.753328	-512.579103	-0.033
112514	115.473516	34.210244	10371.321	501.504069	-524.528124	0.02
112534	115.516387	34.201154	10370.945	-180.825233	-696.44985	-0.003
112554	115.559538	34.191916	10370.965	-600.34745	-385.61304	-0.002
112614	115.600487	34.183011	10371.023	-477.124604	-532.984721	0.001
112634	115.641436	34.174007	10370.998	52.282733	-722.776858	-0.0
112654	115.686172	34.165359	10371.001	473.776974	561.610924	0.0
112714	115.7328	34.1597	10371.0	732.846464	78.134887	-0.0
112734	115.774695	34.155739	10370.997	729.391764	35.972341	0.0
112754	115.817758	34.151647	10371.006	228.307253	-688.899145	-0.0
112814	115.8632	34.1471	10371.0	455.442195	-566.658104	-0.0
112834	115.905893	34.142924	10370.967	487.115893	-541.663099	0.0
112854	115.948014	34.138834	10371.083	456.233287	-569.127507	-0.001
112914	115.9913	34.1346	10371.0	456.695131	-568.216998	-0.0
112934	116.035324	34.1303	10370.544	377.881573	-620.829414	0.007
112954	116.080334	34.125855	10372.153	633.569445	-360.747397	-0.033
113014	116.1251	34.1214	10371.0	729.863371	77.816835	-0.427
113034	116.16804	34.117162	10339.756	639.48767	-360.496381	-1.489
113054	116.21261	34.112737	10197.757	377.675513	-634.266912	-2.616
113114	116.25784	34.108215	9963.775	463.461311	-585.432848	-3.275
113134	116.299524	34.104041	9744.305	483.377196	-574.396897	-3.351
113154	116.344356	34.099299	9530.879	471.017026	-592.325095	-3.25
113214	116.389646	34.094358	9319.669	479.951784	-591.457535	-3.226
113234	116.433801	34.089666	9107.133	469.808037	-596.173871	-3.297
113254	116.479608	34.08485	8884.719	502.117208	-558.485282	-3.366
113314	116.524479	34.08004	8666.681	472.063181	-569.373528	-3.253
113334	116.568611	34.07527	8461.92	403.564595	-602.289014	-2.982
113354	116.611752	34.07077	8279.174	554.596471	430.596262	-3.026
113414	116.650652	34.067154	8061.411	481.689044	494.570546	-3.301
113434	116.692143	34.06349	7853.63	682.898862	11.395078	-2.575
113454	116.735689	34.059485	7719.604	665.397586	81.43504	-1.406
113514	116.773005	34.056041	7621.931	662.483128	22.309522	-1.411
113534	116.810827	34.052514	7531.564	618.69866	218.685	-1.678
113554	116.850686	34.048707	7423.872	649.231758	25.366811	-1.956
113614	116.889843	34.044702	7280.098	-321.475044	-558.961744	-2.499
113634	116.928657	34.040008	7092.103	-636.368101	34.650833	-2.982
113654	116.967321	34.034845	6877.194	-606.793426	-160.021765	-3.177
113714	117.005108	34.02997	6666.625	-607.225953	-120.342512	-3.114
113734	117.040901	34.025458	6468.92	-513.06005	-328.859316	-3.008
113754	117.07588	34.02119	6277.323	-178.508546	-572.390623	-2.983
113814	117.111658	34.017073	6079.791	-153.042335	-572.317649	-3.025
113834	117.144719	34.013189	5877.182	-191.659545	-551.66921	-3.065
113854	117.179887	34.009013	5674.835	-179.639645	-548.188668	-3.028
113914	117.216592	34.00466	5478.42	-181.657881	-542.351828	-2.931
113934	117.249353	34.000675	5290.292	-178.365231	-537.667693	-2.855
113954	117.282662	33.996714	5106.37	-184.145315	-531.030172	-2.873
114014	117.316844	33.992678	4915.616	-154.282998	-535.078003	-2.89
114034	117.349798	33.988705	4722.632	-181.641642	-521.082634	-2.819
114054	117.380776	33.984961	4542.93	-283.098228	-471.551483	-2.714
114114	117.411173	33.981571	4370.017	159.083224	-522.903649	-2.753
114134	117.443956	33.977555	4189.537	-256.746704	-473.338907	-2.67
114154	117.4789	33.9737	4016.0	532.979246	56.825373	-2.261
114214	117.50852	33.977127	3894.684	-492.138427	-267.887529	-2.321
114234	117.542285	33.985092	3712.363	129.909202	-551.440167	-2.035
114254	117.575498	33.993273	3597.295	-384.559285	386.995851	-1.525
114314	117.605964	34.000299	3541.06	-508.396899	-89.956365	-1.438
114334	117.63502	34.006959	3437.159	-498.850214	55.363148	-2.076
114354	117.662975	34.014511	3260.227	-206.774938	-459.030911	-2.455
114414	117.691527	34.019676	3078.039	460.368677	-201.686486	-2.269
114434	117.721816	34.019005	2961.461	-484.944762	43.066799	-1.891
114454	117.751088	34.016403	2853.474	-394.221685	-279.230499	-1.844
114514	117.779369	34.013802	2721.653	459.153536	166.113244	-1.986
114534	117.808133	34.011075	2579.581	420.721509	-236.470775	-1.871
114554	117.836715	34.008291	2475.064	391.807435	-255.780871	-1.502
114614	117.86478	34.005626	2393.995	419.061345	200.193312	-1.25
114634	117.8931	34.003	2309.0	469.339933	50.040254	-1.336
114654	117.922309	34.000167	2222.722	221.244901	-411.851281	-1.515
114714	117.949733	33.997538	2114.644	463.663066	97.376376	-1.324
114734	117.976479	33.995	2035.386	335.267313	318.963907	-0.96
114754	118.0033	33.9923	1989.0	268.12828	-333.603395	-1.041
114814	118.027835	33.989671	1891.621	416.159787	68.57873	-1.586
114834	118.053265	33.98712	1786.089	382.19121	151.860849	-1.734
114854	118.07825	33.984658	1673.077	385.402702	-126.482958	-1.797
114914	118.101969	33.982283	1547.502	249.567837	-320.052961	-1.901
114934	118.125239	33.979964	1418.386	241.637512	-314.204003	-1.839
114954	118.1485	33.977649	1303.645	241.412998	-287.848267	-1.754
115014	118.170419	33.975475	1192.849	219.408548	-275.818353	-1.675
115034	118.190317	33.973494	1079.802	209.288121	-261.225663	-1.571
115054	118.209761	33.971497	984.355	203.46403	-252.38024	-1.475
115114	118.229245	33.969515	893.702	201.963585	-251.456858	-1.443
115134	118.248825	33.967594	794.846	204.652045	-254.653826	-1.48
115154	118.268547	33.965641	698.345	203.507959	-253.153914	-1.487
115214	118.287051	33.963776	600.014	190.142	-236.587641	-1.361
115234	118.303783	33.962066	510.133	170.52488	-212.167398	-1.174
115254	118.319806	33.960412	452.134	164.131159	-204.209609	-1.159
115314	118.335849	33.958761	384.757	164.926284	-205.202344	-1.215
115334	118.351869	33.957132	296.907	166.602589	-207.287789	-1.255
115354	118.367496	33.955569	205.61	167.524104	-208.432805	-1.267
115414	118.382548	33.954093	126.196	166.567699	-207.242358	-1.219
115434	118.399343	33.952388	49.228	168.470826	-209.610268	-0.824
