061248	73.7667	40.6463	107.0	280.825904	-124.039557	0.0
061308	73.756373	40.65828	366.455	-216.707661	217.994532	3.187
061328	73.736543	40.664509	506.365	349.405086	-2.679902	1.947
061348	73.710004	40.664818	637.769	-124.117708	370.511183	1.831
061408	73.681656	40.665357	744.757	359.668467	-254.256349	1.99
061428	73.651419	40.665156	881.115	-478.887688	-117.511252	2.86
061448	73.619444	40.666647	1126.771	-506.281323	76.176982	3.975
061508	73.587215	40.675041	1440.383	-215.151818	-453.557019	4.511
061528	73.559266	40.686832	1716.856	504.200391	-4.993741	4.162
061548	73.528606	40.698299	1976.806	9.358075	-520.995412	3.987
061608	73.503655	40.71569	2235.713	167.65542	-471.138808	3.764
061628	73.490677	40.737169	2473.352	-459.155268	-174.996355	3.8
061648	73.490992	40.761686	2734.541	-209.858868	422.61729	3.761
061708	73.501017	40.784064	2973.501	362.631376	297.635284	2.797
061728	73.516612	40.803493	3160.481	-467.866193	118.930855	2.58
061748	73.534695	40.823759	3313.244	278.482857	-427.114558	2.659
061808	73.553283	40.846661	3471.169	-524.089358	127.814187	2.807
061828	73.572351	40.869821	3694.824	382.838389	392.771294	3.49
061848	73.591916	40.893166	3939.128	-166.087697	527.900864	3.871
061908	73.611804	40.91694	4178.703	74.950952	556.374277	3.751
061928	73.63178	40.94077	4426.85	239.777411	510.656919	3.631
061948	73.651497	40.964272	4671.413	181.792568	534.08877	3.61
062008	73.670762	40.987298	4892.585	165.50849	544.171739	3.541
062028	73.691294	41.011832	5132.014	151.32391	550.398913	3.267
062048	73.712804	41.037463	5322.606	221.647432	537.323459	2.906
062108	73.733497	41.061787	5506.597	-155.15658	568.926666	2.882
062128	73.753107	41.085667	5703.221	428.074496	408.436924	2.764
062148	73.778885	41.108048	5861.378	-490.153978	347.876935	2.632
062208	73.816382	41.121637	6045.514	-73.241015	603.996648	3.184
062228	73.854212	41.127616	6263.202	-159.821651	-583.739443	3.185
062248	73.891499	41.13225	6468.764	476.877113	365.895935	2.907
062308	73.929462	41.13876	6643.076	511.915856	-316.066724	2.63
062328	73.970141	41.145568	6807.702	362.788712	-483.882653	2.447
062348	74.009439	41.151788	6964.66	429.566541	-430.30001	2.318
062408	74.046773	41.157813	7110.848	405.010551	-458.835496	2.204
062428	74.088375	41.1647	7250.044	609.718071	-114.69172	2.142
062448	74.129271	41.170149	7392.248	-373.151546	504.325983	2.211
062508	74.170389	41.174201	7538.213	620.128518	111.764483	2.263
062528	74.212792	41.17809	7687.902	487.159824	401.934676	2.22
062548	74.255194	41.182185	7835.246	523.395761	357.17641	2.108
062608	74.296934	41.18623	7965.783	616.264878	156.780221	1.982
062628	74.338673	41.190171	8091.984	342.785624	537.397421	1.93
062648	74.380578	41.194101	8219.133	332.374915	547.064948	1.841
062708	74.422057	41.197177	8326.887	445.389396	471.855144	1.458
062728	74.465096	41.193154	8411.126	639.873157	181.761573	1.372
062748	74.505361	41.179665	8508.982	519.931015	462.688037	1.487
062808	74.544513	41.161672	8604.428	625.264192	314.604685	1.526
062828	74.58377	41.143682	8703.525	584.524768	388.75967	1.643
062848	74.623552	41.125592	8820.749	702.22012	44.616151	1.632
062908	74.663966	41.107147	8932.437	682.409983	178.462212	1.496
062928	74.704658	41.088598	9011.804	685.41689	188.274521	1.44
062948	74.744723	41.070159	9105.919	698.981317	151.295144	1.586
063008	74.784256	41.051877	9225.266	692.93483	174.979409	1.723
063028	74.823774	41.033708	9340.061	687.392116	182.075722	1.64
063048	74.863215	41.015514	9432.146	712.393581	2.120816	1.738
063108	74.905813	40.996192	9564.322	487.571962	512.043883	2.075
063128	74.94748	40.978947	9716.724	-129.559254	-682.035001	1.839
063148	74.984941	40.966746	9798.244	-597.527879	-338.991234	0.927
063208	75.027561	40.95539	9845.23	608.763824	319.828357	0.816
063228	75.072974	40.945058	9896.139	-25.115408	695.563908	1.071
063248	75.119114	40.934409	9975.553	-155.20955	681.431158	1.287
063308	75.163634	40.923814	10071.496	-77.7641	692.80972	1.378
063328	75.204989	40.914071	10163.066	-57.87107	693.795519	1.365
063348	75.246762	40.904312	10256.012	-74.992179	689.240977	1.194
063408	75.290666	40.894013	10338.307	-71.841605	683.906562	0.84
063428	75.333979	40.883789	10367.875	-68.451679	680.778757	0.361
063448	75.376906	40.873674	10362.176	-69.648098	680.591158	0.011
063508	75.420765	40.863408	10362.202	-69.719138	682.058078	-0.017
063528	75.464256	40.853122	10363.541	-69.963953	682.591396	0.008
063548	75.506841	40.842999	10362.861	-69.466612	682.482895	0.0
063608	75.549071	40.833034	10362.559	-68.51045	682.726687	0.006
063628	75.592087	40.822808	10364.424	-74.036388	681.181292	-0.03
063648	75.635335	40.812462	10361.87	-65.976627	680.686111	-0.081
063708	75.678145	40.802245	10350.871	-52.484259	681.803678	-0.085
063728	75.7223	40.791678	10346.774	-130.619619	671.757909	-0.048
063748	75.765522	40.781307	10347.921	-19.700071	683.484202	0.009
063808	75.805879	40.771619	10346.791	438.143664	523.827818	0.063
063828	75.849387	40.761133	10354.201	585.570181	362.73124	0.089
063848	75.894748	40.750201	10363.812	533.649785	445.927571	0.07
063908	75.937442	40.739939	10363.78	516.334096	462.994334	0.014
063928	75.979508	40.729746	10362.495	604.444394	331.805928	-0.006
063948	76.022536	40.719327	10363.114	475.159076	493.69785	-0.0
064008	76.065948	40.70888	10363.323	-122.36212	668.419457	-0.024
064028	76.106764	40.698817	10361.43	518.763622	433.885646	-0.076
064048	76.148539	40.689034	10354.504	280.07649	610.767063	-0.086
064108	76.192517	40.68058	10348.121	495.781096	439.506052	0.007
064128	76.23219	40.676639	10357.437	274.554735	598.168091	0.107
064148	76.279614	40.676011	10362.583	-292.391894	597.768025	0.064
064208	76.32143	40.678964	10363.215	-500.597826	452.756286	0.01
064228	76.363181	40.68504	10362.95	133.013188	-668.364599	-0.002
064248	76.40952	40.692117	10363.023	-229.419137	-646.560013	0.001
064308	76.454236	40.698587	10363.001	-125.000329	-677.542489	0.0
064328	76.496782	40.704849	10362.995	-90.261406	-681.428733	-0.0
064348	76.541088	40.71151	10363.001	-125.263133	-674.33707	0.0
064408	76.587545	40.718493	10363.0	-119.624208	-676.380416	0.0
064428	76.630801	40.724884	10362.999	-114.37103	-677.305067	-0.0
064448	76.673317	40.731075	10363.0	-117.079563	-676.04456	-0.0
064508	76.719756	40.737829	10363.0	-118.358079	-675.899993	0.0
064528	76.765645	40.744481	10363.0	-117.901328	-677.186439	-0.0
064548	76.807056	40.750423	10363.001	-118.210486	-678.578008	-0.0
064608	76.849682	40.756511	10362.995	-118.330761	-678.839339	0.0
064628	76.895188	40.763089	10363.007	-118.318056	-678.852401	-0.0
064648	76.941829	40.769926	10363.015	-118.472693	-679.574656	-0.0
064708	76.986797	40.776437	10362.927	-118.305755	-680.032876	0.001
064728	77.030364	40.782641	10363.094	-118.689601	-679.512721	-0.002
064748	77.07412	40.788832	10363.211	-118.881351	-678.691359	-0.004
064808	77.118741	40.795161	10361.977	-115.541172	-679.758385	0.024
064828	77.162695	40.801452	10364.341	-122.078277	-679.077935	0.039
064848	77.205996	40.807684	10370.566	-126.459379	-677.474313	0.009
064908	77.25288	40.814342	10367.755	-78.600187	-684.36551	-0.021
064928	77.300185	40.821027	10362.279	-170.595161	-667.577113	-0.031
064948	77.343927	40.827231	10362.93	-479.029082	-495.260539	-0.029
065008	77.3865	40.833181	10362.209	-658.326802	-203.322087	-0.033
065028	77.430035	40.839168	10356.997	-663.005027	-187.589221	-0.043
065048	77.474699	40.845404	10355.211	-361.722081	-586.21489	-0.021
065108	77.520251	40.851802	10356.204	-158.44172	-670.770578	0.002
065128	77.565995	40.858144	10356.179	-584.302529	-369.294023	-0.001
065148	77.610714	40.864279	10355.41	-669.208951	-186.715419	0.016
065208	77.654679	40.870311	10356.727	-635.501181	-287.166929	0.049
065228	77.699015	40.876438	10361.594	-639.929883	-278.279395	0.073
065248	77.744725	40.882754	10367.035	-647.396903	-264.053909	0.08
065308	77.790879	40.889056	10372.355	-643.950872	-274.221956	0.073
065328	77.836376	40.895178	10377.171	-641.975363	-274.935561	0.051
065348	77.881694	40.901284	10379.074	-650.077043	-252.649932	0.0
065408	77.927208	40.907445	10377.173	-632.489921	-292.16132	-0.051
065428	77.972788	40.91359	10372.36	-618.082761	-318.349202	-0.074
065448	78.017762	40.919526	10367.008	-691.233491	70.606639	-0.08
065508	78.062691	40.925193	10361.629	-540.838344	436.501917	-0.073
065528	78.10791	40.930652	10356.804	-559.041826	412.833443	-0.05
065548	78.152349	40.936051	10355.034	-583.557319	378.027302	-0.002
065608	78.197844	40.941622	10356.692	-570.390866	396.36552	0.053
065628	78.244541	40.947327	10361.335	-569.778497	393.339069	0.079
065648	78.28729	40.952623	10368.469	-571.111755	390.562118	0.045
065708	78.329722	40.957839	10370.419	-570.137771	391.849904	-0.013
065728	78.375884	40.963395	10364.276	-569.000613	390.882821	-0.041
065748	78.421611	40.968978	10362.028	-568.536862	390.300055	-0.022
065808	78.466072	40.974463	10363.2	-568.994307	390.754256	0.004
065828	78.510493	40.979864	10363.089	-568.720341	390.552823	0.002
065848	78.555551	40.985175	10362.93	-563.8315	387.176522	-0.001
065908	78.599902	40.990398	10363.015	-559.025407	383.886526	0.0
065928	78.643148	40.995607	10363.008	-559.206288	384.010221	0.0
065948	78.688271	41.000988	10362.995	-560.88781	385.160969	-0.0
070008	78.734009	41.006352	10363.001	-561.271223	385.428939	0.0
070028	78.777781	41.011479	10363.0	-560.010974	384.56797	0.0
070048	78.82051	41.016589	10363.0	-559.680134	384.319307	-0.0
070108	78.865955	41.021943	10363.0	-559.731429	384.473638	0.0
070128	78.912086	41.027323	10363.0	-559.787108	384.274995	-0.0
070148	78.956014	41.032474	10363.0	-559.510824	384.700602	0.0
070208	78.999679	41.037534	10363.0	-559.176558	385.186151	-0.0
070228	79.043396	41.04261	10363.0	-562.468462	380.328341	0.0
070248	79.087306	41.047651	10363.0	-556.189524	389.511121	-0.0
070308	79.13151	41.05264	10363.0	-551.684753	395.904036	-0.0
070328	79.175958	41.057735	10363.0	-595.293445	326.190374	0.0
070348	79.22073	41.062883	10363.0	-504.113648	455.26141	-0.0
070408	79.26553	41.067952	10363.001	-69.195198	677.194912	-0.0
070428	79.309419	41.072901	10362.996	89.281959	675.391116	0.0
070448	79.353422	41.077846	10363.005	6.968595	680.838961	-0.0
070508	79.398842	41.082914	10363.012	14.805647	680.631577	-0.0
070528	79.445276	41.08808	10362.943	26.033256	681.809424	0.001
070548	79.490561	41.093141	10363.073	20.164328	684.206636	-0.001
070608	79.533776	41.097992	10363.165	20.770933	685.54226	-0.003
070628	79.577609	41.102852	10362.2	21.584002	685.681116	0.019
070648	79.621765	41.107704	10364.057	21.158309	685.781465	0.045
070708	79.665862	41.112553	10369.926	21.222133	686.528193	0.045
070728	79.712232	41.117653	10371.862	21.288078	686.779321	0.018
070748	79.758839	41.122743	10370.76	21.253172	686.648668	-0.002
070808	79.803151	41.127529	10370.76	21.256466	686.661099	0.002
070828	79.846507	41.132212	10371.866	21.261389	686.678625	-0.018
070848	79.89142	41.137028	10369.92	21.258509	686.669569	-0.045
070908	79.938168	41.141986	10364.044	21.258483	686.67069	-0.045
070928	79.982602	41.146724	10362.264	21.261596	686.66955	-0.02
070948	80.025798	41.151377	10363.083	21.256184	686.673424	0.005
071008	80.070475	41.156184	10362.89	21.252531	686.676678	0.005
071028	80.116509	41.161042	10363.833	21.291184	686.643192	-0.024
071048	80.161457	41.165753	10361.843	21.218298	686.706482	-0.04
071108	80.204298	41.170269	10356.396	21.167172	686.750912	-0.011
071128	80.248422	41.174857	10358.779	21.701028	686.15819	0.029
071148	80.294407	41.179596	10363.704	20.641424	685.610394	0.038
071208	80.340907	41.184385	10363.375	19.715642	685.675288	0.008
071228	80.386296	41.189025	10362.754	27.349376	685.478966	-0.005
071248	80.430019	41.19348	10363.041	14.890152	685.837242	0.001
071308	80.473226	41.197916	10363.023	0.74459	686.008236	0.001
071328	80.518916	41.202659	10362.997	105.726407	677.756866	-0.001
071348	80.565009	41.207424	10362.987	-68.530021	682.620917	0.0
071408	80.60931	41.211924	10362.951	-536.585717	428.482354	0.001
071428	80.655731	41.21663	10363.209	-380.89466	572.911296	-0.004
071448	80.701759	41.221296	10362.782	60.683117	686.490938	0.004
071508	80.744444	41.225598	10362.294	-1.224005	689.244073	0.033
071528	80.788858	41.230055	10366.74	301.686573	618.365475	0.048
071548	80.83453	41.234591	10371.471	613.854743	308.18225	0.037
071608	80.879222	41.238969	10371.151	607.337258	320.915802	0.01
071628	80.92517	41.243484	10371.547	565.961162	389.604524	-0.022
071648	80.971275	41.247974	10370.219	602.612936	329.766167	-0.044
071708	81.016188	41.252273	10364.343	624.770105	284.093174	-0.045
071728	81.062711	41.25683	10362.152	311.440914	610.100922	-0.021
071748	81.108707	41.261372	10363.145	46.14582	682.308888	0.003
071808	81.151963	41.265545	10363.094	502.007994	464.400034	0.002
071828	81.196808	41.269826	10362.931	628.035135	271.682228	-0.001
071848	81.242203	41.274145	10363.019	578.47591	364.515146	-0.0
071908	81.286078	41.278315	10363.033	579.680113	358.690743	-0.0
071928	81.331756	41.282708	10362.886	586.309415	343.844224	0.002
071948	81.37675	41.287022	10363.114	581.872462	349.945151	-0.003
072008	81.418433	41.290924	10363.368	582.249611	349.70711	-0.029
072028	81.462022	41.294968	10360.765	581.557721	347.945326	-0.068
072048	81.508379	41.299271	10354.49	579.607306	347.404418	-0.071
072108	81.554686	41.303568	10348.285	579.59209	347.363165	-0.017
072128	81.597735	41.307544	10351.244	580.691212	347.917621	0.027
072148	81.640715	41.311531	10356.435	581.736113	348.6016	0.042
072208	81.686813	41.315834	10355.749	582.262935	348.929565	0.041
072228	81.731305	41.319903	10359.162	583.056821	349.288973	0.04
072248	81.774993	41.323783	10363.294	584.492169	350.332249	0.04
072308	81.820437	41.327782	10362.631	586.272806	351.605054	0.04
072328	81.865577	41.331852	10366.471	587.349636	350.716568	0.045
072348	81.910111	41.335905	10371.565	586.275687	352.592564	0.036
072408	81.954833	41.339903	10371.358	586.223159	355.436714	0.007
072428	81.99977	41.343901	10370.767	596.492611	340.159839	-0.004
072448	82.044502	41.347897	10371.035	581.398523	366.073756	0.001
072508	82.089	41.3519	10371.0	589.300081	353.120963	-0.0
072528	82.13432	41.35589	10370.973	683.749886	-59.484291	0.001
072548	82.18071	41.359289	10371.043	497.119443	-472.470218	-0.002
072608	82.2267	41.362	10371.0	75.746202	-681.805334	0.0
072628	82.270594	41.364509	10370.786	-526.363013	-440.551841	0.011
072648	82.315453	41.367148	10371.377	-225.061483	-646.880895	-0.03
072708	82.361018	41.369831	10367.837	289.875041	-617.935248	-0.061
072728	82.407042	41.372511	10362.557	3.688486	-680.729089	-0.036
072748	82.454114	41.375272	10362.621	-448.237017	-510.382929	-0.007
072808	82.497641	41.377822	10363.073	-563.341236	-378.948789	0.007
072828	82.541071	41.38028	10363.103	-522.188056	-433.922069	-0.003
072848	82.588923	41.382893	10363.625	-521.931169	-433.089271	-0.032
072908	82.633805	41.385425	10360.077	-529.217278	-423.623715	-0.049
072928	82.676443	41.387869	10355.621	-526.225797	-427.538471	-0.037
072948	82.721635	41.390343	10355.616	-526.241198	-427.506933	-0.007
073008	82.767272	41.392763	10356.323	-526.79501	-426.85235	0.001
073028	82.811652	41.395164	10355.876	-526.535097	-427.096892	0.002
073048	82.8551	41.39763	10355.504	-526.460762	-427.033435	0.028
073108	82.90017	41.400111	10358.287	-527.002797	-427.393793	0.062
073128	82.945712	41.402565	10363.916	-527.33023	-427.692074	0.076
073148	82.989652	41.404971	10369.561	-526.72918	-427.204362	0.056
073208	83.03435	41.407321	10372.369	-526.628649	-427.11715	0.003
073228	83.079641	41.409651	10370.333	-526.471181	-426.991764	-0.045
073248	83.124134	41.41199	10364.549	-525.307192	-426.047668	-0.049
073308	83.168804	41.414283	10362.038	-525.002212	-425.8001	-0.018
073328	83.213585	41.416538	10363.234	-524.930411	-425.741764	-0.001
073348	83.258126	41.418803	10363.711	-523.778848	-424.807336	-0.029
073408	83.303566	41.421084	10360.165	-523.384817	-424.490394	-0.053
073428	83.348337	41.423332	10355.5	-523.425657	-424.519779	-0.034
073448	83.391073	41.425523	10354.996	-522.803877	-424.009123	0.024
073508	83.435646	41.427776	10359.162	-522.915595	-424.136792	0.052
073528	83.481501	41.430031	10363.33	-523.537901	-424.589297	0.037
073548	83.526024	41.432167	10363.256	-523.57523	-424.53077	0.008
073608	83.570441	41.434257	10363.038	-523.283253	-424.762443	-0.006
073628	83.615747	41.436321	10362.608	-523.915516	-424.003754	0.01
073648	83.661346	41.438394	10362.848	-523.628368	-424.361245	0.04
073708	83.705719	41.440542	10368.212	-520.277303	-428.651022	0.048
073728	83.749241	41.442608	10371.868	-530.546028	-415.219863	0.028
073748	83.792895	41.444598	10371.057	-524.965514	-421.143491	0.001
073808	83.837498	41.446711	10370.653	-474.131571	-477.695412	0.0
073828	83.882894	41.448861	10371.456	-616.348383	-269.487701	-0.007
073848	83.928255	41.450903	10371.125	-641.875265	195.910697	-0.039
073908	83.972662	41.452777	10366.504	-616.689643	258.93617	-0.07
073928	84.016777	41.454663	10360.266	-639.775216	191.420191	-0.071
073948	84.060815	41.456605	10356.102	-634.72626	208.202675	-0.042
074008	84.104336	41.458469	10355.756	-632.939106	212.725058	-0.014
074028	84.148601	41.460369	10355.82	-635.554397	208.19394	0.011
074048	84.193391	41.462306	10355.911	-637.198437	210.062439	0.039
074108	84.237076	41.464124	10359.707	-637.406541	210.499232	0.069
074128	84.281855	41.465907	10365.88	-637.136584	210.023349	0.072
074148	84.327294	41.46771	10370.861	-637.220878	210.145621	0.042
074208	84.370125	41.469498	10371.547	-637.578993	210.280158	0.009
074228	84.413685	41.471341	10370.682	-636.420303	209.901188	-0.0
074248	84.45923	41.473209	10370.945	-634.439361	209.239816	0.001
074308	84.503956	41.474962	10371.951	-634.470225	209.112532	-0.026
074328	84.547739	41.476672	10368.712	-633.710609	209.291129	-0.045
074348	84.591852	41.478412	10363.14	-631.612557	208.392645	-0.041
074408	84.637348	41.480167	10363.127	-630.765254	206.185059	-0.038
074428	84.681488	41.481831	10361.331	-627.867443	211.19073	-0.044
074448	84.723686	41.483419	10356.167	-627.428763	208.185318	-0.042
074508	84.766596	41.485062	10355.466	-633.259532	186.169536	-0.011
074528	84.810631	41.486681	10356.375	-603.965751	267.045436	0.002
074548	84.854772	41.488258	10355.88	-638.797126	169.869712	0.001
074608	84.89819	41.489865	10355.1	-562.911335	-343.772343	0.028
074628	84.942373	41.491505	10358.764	-607.535002	-245.72218	0.048
074648	84.986614	41.493114	10363.535	-594.648956	266.399011	0.036
074708	85.029499	41.494642	10363.357	-597.756918	259.679543	0.007
074728	85.072922	41.496184	10362.68	-647.049882	82.712189	-0.006
074748	85.116598	41.497708	10362.943	-638.249487	136.948696	-0.001
074808	85.159113	41.499121	10363.055	-363.834416	543.844498	0.001
074828	85.20231	41.500536	10362.986	-212.684832	619.352632	-0.0
074848	85.246854	41.502013	10362.995	-587.060518	286.613994	-0.0
074908	85.289636	41.503404	10363.009	-645.220442	97.53356	-0.0
074928	85.332506	41.504856	10362.992	-594.348986	271.418418	0.0
074948	85.376978	41.506151	10362.988	-301.098031	581.485682	0.0
075008	85.420376	41.506428	10363.066	518.898373	399.960536	-0.001
075028	85.463213	41.506287	10362.9	619.858519	-211.639147	0.002
075048	85.506605	41.506386	10362.843	638.677464	-145.504005	0.003
075108	85.550093	41.506364	10363.922	649.018017	-85.979006	-0.025
075128	85.594297	41.506289	10361.552	643.974532	-122.437536	-0.04
075148	85.638949	41.5063	10356.253	647.055026	-117.975097	-0.009
075208	85.681885	41.506266	10359.103	648.208651	-113.75075	0.031
075228	85.72493	41.506164	10363.768	647.840028	-116.385953	0.036
075248	85.769379	41.506028	10363.238	649.365537	-116.298739	0.005
075308	85.812888	41.505893	10362.771	650.522213	-116.15662	-0.005
075328	85.856393	41.50576	10363.055	650.61061	-116.430963	0.001
075348	85.900719	41.505626	10363.017	650.537412	-116.413871	0.0
075408	85.944044	41.505499	10362.984	651.833225	-116.20542	-0.0
075428	85.986914	41.50535	10363.004	652.661469	-117.263289	0.0
075448	86.030678	41.505147	10363.001	652.452682	-117.532754	0.0
075508	86.075898	41.504893	10362.998	654.4077	-111.226245	-0.0
075528	86.122173	41.504614	10363.0	654.768742	-116.026587	-0.0
075548	86.168239	41.504343	10363.0	650.906869	-136.273311	0.0
075608	86.210901	41.504086	10363.0	661.06817	-74.258672	-0.0
075628	86.251857	41.503815	10363.0	657.781728	-104.147213	-0.0
075648	86.296883	41.503487	10363.0	448.040126	-492.870142	0.0
075708	86.342095	41.503153	10363.0	190.406706	-638.191095	-0.0
075728	86.385874	41.502818	10363.0	251.88645	-616.535014	-0.0
075748	86.431243	41.502427	10363.0	268.464926	-609.358581	0.0
075808	86.475606	41.502017	10363.0	251.097279	-617.223358	-0.0
075828	86.518342	41.50162	10363.0	256.024891	-616.876511	-0.0
075848	86.562316	41.501226	10363.0	258.078561	-618.419961	0.0
075908	86.607024	41.500805	10363.0	257.26042	-620.040413	-0.0
075928	86.652028	41.500326	10363.0	257.471171	-619.664631	-0.0
075948	86.697691	41.499786	10363.0	257.441831	-619.349576	0.0
080008	86.742367	41.499287	10363.0	257.677816	-620.175391	-0.0
080028	86.786272	41.498825	10363.0	258.23203	-621.445707	-0.0
080048	86.831568	41.498289	10363.0	258.264533	-621.506293	0.0
080108	86.876533	41.497787	10363.0	258.341934	-621.71121	-0.0
080128	86.920406	41.497325	10363.0	258.625764	-622.389654	-0.0
080148	86.96459	41.496755	10363.0	258.583427	-622.286162	0.0
080208	87.009231	41.496098	10363.0	258.826586	-622.873723	-0.0
080228	87.054328	41.495432	10363.0	259.381351	-624.207945	-0.0
080248	87.100045	41.494821	10363.0	259.457522	-624.386391	0.0
080308	87.14593	41.494237	10363.0	259.386958	-624.231437	-0.0
080328	87.191442	41.493632	10363.0	259.400832	-624.257718	-0.0
080348	87.236417	41.492976	10363.0	259.340079	-624.045109	0.0
080408	87.281821	41.492289	10363.0	259.560675	-624.7817	-0.0
080428	87.325024	41.49163	10363.0	260.135857	-626.067264	-0.0
080448	87.363086	41.491032	10363.0	260.22057	-626.092768	0.0
080508	87.408185	41.490294	10363.0	258.37782	-626.58795	-0.0
080528	87.45875	41.489426	10363.0	258.931723	-626.483269	-0.0
080548	87.507918	41.488525	10363.0	265.081056	-624.607234	0.0
080608	87.551915	41.487711	10363.0	254.755981	-629.473856	-0.0
080628	87.592794	41.486991	10363.001	247.499845	-632.319768	-0.0
080648	87.6393	41.486167	10362.995	322.13456	-597.690717	0.0
080708	87.687391	41.485283	10363.007	175.247189	-656.002661	-0.0
080728	87.731177	41.484423	10363.015	-309.568796	-604.332922	-0.0
080748	87.774526	41.4835	10362.927	-440.850785	-516.38652	0.001
080808	87.81936	41.482577	10363.093	-375.220158	-565.945986	-0.002
080828	87.864864	41.481717	10363.209	-381.734006	-561.621203	-0.004
080848	87.908582	41.480819	10361.985	-390.585673	-554.832197	0.023
080908	87.95272	41.479853	10364.331	-385.382784	-557.688245	0.04
080928	87.999375	41.478849	10370.543	-385.845469	-557.372042	0.011
080948	88.045802	41.47786	10367.868	-386.847232	-557.414294	-0.031
081008	88.091165	41.476835	10362.134	-386.844913	-558.155065	-0.036
081028	88.13588	41.47576	10362.467	-386.880308	-558.135374	-0.003
081048	88.180327	41.474758	10364.168	-386.560837	-557.573719	-0.018
081108	88.22503	41.473727	10361.77	-386.234227	-557.155989	-0.041
081128	88.270082	41.472582	10356.354	-386.266558	-557.197557	-0.011
081148	88.314794	41.471496	10358.863	-386.227723	-557.1343	0.029
081208	88.360056	41.470425	10363.622	-386.352395	-557.317986	0.038
081228	88.4062	41.469285	10363.168	-386.780245	-557.93481	0.009
081248	88.451168	41.468156	10363.416	-386.835668	-558.01414	-0.023
081308	88.495894	41.467005	10362.182	-386.921537	-558.138469	-0.045
081328	88.541191	41.465799	10357.093	-387.688286	-559.244617	-0.048
081348	88.58488	41.464616	10354.593	-388.985725	-561.114769	-0.001
081408	88.629168	41.463376	10357.057	-389.762524	-562.237937	0.049
081428	88.675635	41.462031	10362.089	-389.655839	-562.085869	0.047
081448	88.720517	41.460747	10363.88	-390.205969	-562.860151	0.014
081508	88.765167	41.459473	10362.575	-390.953823	-563.975366	0.003
081528	88.811708	41.458133	10362.285	-391.257183	-564.438576	0.034
081548	88.858264	41.456817	10367.225	-392.107299	-565.395068	0.046
081608	88.9053	41.45544	10371.382	-392.480712	-566.443302	0.039
081628	88.952789	41.453959	10370.759	-392.255072	-566.475421	0.039
081648	88.997561	41.452585	10374.143	-394.076281	-565.337597	0.048
081708	89.041763	41.451263	10378.77	-390.543766	-567.342258	0.031
081728	89.087807	41.449861	10378.677	-387.388878	-567.751967	-0.027
081748	89.133292	41.448402	10374.898	-411.088396	-549.702815	-0.066
081808	89.178805	41.446935	10369.696	-364.481294	-580.928204	-0.078
081828	89.224977	41.445472	10364.421	-329.935902	-599.713502	-0.079
081848	89.26939	41.443958	10358.681	-643.486087	-226.895049	-0.058
081908	89.313312	41.442416	10355.83	-679.874231	-35.499587	-0.038
081928	89.358759	41.440884	10356.361	-439.200926	-520.31397	-0.039
081948	89.405092	41.439344	10352.506	-555.66319	-393.940114	-0.04
082008	89.451102	41.437826	10346.879	-670.946152	115.955557	-0.025
082028	89.496059	41.436349	10345.33	-660.9169	162.146265	0.006
082048	89.540428	41.434846	10348.536	-681.037662	11.913973	0.032
082108	89.585045	41.43326	10354.542	-683.063347	-13.248979	0.04
082128	89.631241	41.431591	10356.114	-676.761872	105.081262	0.041
082148	89.67728	41.42994	10356.283	-685.94283	-17.17073	0.041
082208	89.721381	41.428364	10361.457	-463.067634	-509.019856	0.041
082228	89.768354	41.426631	10363.174	-532.75421	-438.843406	0.039
082248	89.81644	41.424827	10363.273	-689.825034	57.304959	0.042
082308	89.860806	41.42317	10368.805	-690.178472	74.883304	0.048
082328	89.905163	41.421441	10372.601	-696.030584	-0.784533	0.01
082348	89.951508	41.419619	10370.539	-696.521747	27.029077	-0.044
082408	89.998936	41.417826	10364.734	-696.46355	28.288647	-0.049
082428	90.045669	41.415985	10362.206	-696.779401	22.830908	-0.023
082448	90.09122	41.414115	10363.074	-697.702686	24.863053	0.001
082508	90.136217	41.412308	10363.11	-699.233309	25.008959	0.002
082528	90.1813	41.410543	10362.955	-699.48258	24.621543	-0.001
082548	90.227385	41.408709	10362.999	-699.691583	24.775494	0.0
082608	90.274956	41.406714	10362.956	-701.88515	24.865802	0.001
082628	90.322632	41.40469	10363.161	-702.732764	24.838213	-0.003
082648	90.369429	41.402702	10362.91	-702.618718	24.87893	0.002
082708	90.41557	41.400714	10362.279	-704.013923	25.013782	0.029
082728	90.462929	41.39865	10365.814	-704.896009	24.635398	0.053
082748	90.509965	41.396602	10371.434	-704.483009	25.101498	0.036
082808	90.554366	41.394682	10372.529	-704.095935	26.271551	-0.026
082828	90.599832	41.392664	10366.844	-706.119418	20.659567	-0.035
082848	90.648018	41.390476	10363.197	-707.438815	27.408276	0.003
082908	90.697169	41.38825	10369.509	-704.503577	43.813249	0.009
082928	90.743152	41.386196	10369.004	-703.729026	-35.17892	-0.021
082948	90.788166	41.384191	10362.606	-702.642914	57.961231	-0.04
083008	90.836486	41.381991	10362.437	-490.101531	506.764637	-0.013
083028	90.883464	41.37979	10363.148	-292.575909	641.6337	0.009
083048	90.92915	41.377571	10363.058	-365.709575	602.590005	-0.002
083108	90.976661	41.375222	10363.652	-368.065327	599.244206	-0.031
083128	91.023824	41.372976	10360.353	-354.295011	607.892137	-0.048
083148	91.070633	41.370772	10355.731	-360.163788	606.134	-0.038
083208	91.117949	41.368423	10355.56	-360.312598	605.856167	-0.008
083228	91.162353	41.366179	10356.315	-359.814014	607.30932	0.002
083248	91.206285	41.36397	10355.92	-361.365828	609.085893	0.001
083308	91.254361	41.36157	10355.485	-362.161686	610.389093	0.026
083328	91.302668	41.359174	10358.013	-362.238243	610.683868	0.061
083348	91.350185	41.356749	10363.635	-362.264985	610.668383	0.076
083408	91.398163	41.354186	10369.517	-362.634132	611.287986	0.055
083428	91.4445	41.35182	10371.712	-362.79808	611.575873	0.02
083448	91.489766	41.349566	10370.91	-362.756523	611.501932	-0.001
083508	91.536144	41.347109	10370.678	-362.806745	611.587556	0.002
083528	91.583109	41.344594	10371.774	-362.532142	611.119954	-0.015
083548	91.630838	41.342039	10370.596	-362.241628	610.636459	-0.042
083608	91.679119	41.339408	10364.668	-362.350359	610.835877	-0.043
083628	91.724317	41.336972	10362.752	-361.759282	609.762311	-0.039
083648	91.769578	41.33454	10362.745	-361.244385	608.985201	-0.041
083708	91.819662	41.331791	10357.702	-362.244702	610.896371	-0.044
083728	91.867681	41.329158	10355.357	-363.243033	611.500808	-0.028
083748	91.913218	41.326641	10355.982	-362.575958	611.646573	0.003
083808	91.960362	41.323968	10355.366	-361.843994	613.554137	0.033
083828	92.00695	41.321343	10358.785	-369.272238	611.001617	0.044
083848	92.053191	41.318731	10363.177	-362.083416	616.654345	0.04
083908	92.10079	41.315983	10362.685	-342.945833	628.350789	0.038
083928	92.147881	41.313335	10365.621	-433.201868	570.165972	0.048
083948	92.194001	41.310732	10371.447	-325.953675	637.49576	0.036
084008	92.240523	41.307948	10372.505	250.766688	670.638149	-0.024
084028	92.289255	41.30507	10366.999	74.633862	712.110583	-0.038
084048	92.338279	41.302219	10363.105	-365.702204	615.558655	0.005
084108	92.384846	41.29943	10368.767	113.012783	706.997063	0.038
084128	92.432154	41.296562	10371.891	409.480004	587.456197	0.031
084148	92.480255	41.293603	10371.0	312.129905	644.331975	-0.004
084208	92.527065	41.290657	10371.645	307.209983	645.895279	-0.033
084228	92.573898	41.28779	10368.018	326.90266	635.771499	-0.047
084248	92.621735	41.284905	10362.693	319.739603	639.535922	-0.038
084308	92.670126	41.281896	10362.53	319.414437	639.705633	-0.009
084328	92.71685	41.278947	10363.236	320.822963	638.968368	0.004
084348	92.763371	41.275997	10362.978	320.310315	639.242221	-0.0
084408	92.81183	41.272906	10362.966	320.293996	639.268762	-0.001
084428	92.85766	41.269975	10363.017	320.361498	639.147135	0.0
084448	92.902187	41.267102	10362.998	320.364261	639.247635	-0.0
084508	92.949984	41.263982	10362.997	320.460774	639.449126	-0.0
084528	92.998907	41.260789	10363.002	319.940189	638.369652	0.0
084548	93.046191	41.257698	10362.999	319.463544	637.451653	0.0
084608	93.091295	41.254719	10362.996	320.077048	638.741371	0.0
084628	93.138413	41.251601	10363.013	320.525326	639.321695	-0.0
084648	93.18686	41.248382	10362.993	320.314998	639.270942	0.0
084708	93.233339	41.24525	10362.942	320.29595	640.14348	0.001
084728	93.279849	41.242099	10363.186	322.081417	639.343493	-0.003
084748	93.327384	41.238875	10362.898	320.127251	640.582167	0.002
084808	93.375349	41.235611	10362.186	315.950951	644.976646	0.03
084828	93.423075	41.232335	10366.109	340.893223	633.702841	0.048
084848	93.470302	41.229076	10371.273	311.861551	647.662623	0.039
084908	93.517249	41.225823	10371.245	237.801997	676.109845	0.013
084928	93.564523	41.222475	10371.454	574.328265	426.633948	-0.019
084948	93.611548	41.21906	10370.645	710.164053	82.306426	-0.042
085008	93.657794	41.215667	10364.891	490.169994	518.640498	-0.046
085028	93.705512	41.212224	10362.148	225.376955	675.520098	-0.025
085048	93.753985	41.208755	10363.068	328.700201	630.334559	0.002
085108	93.800898	41.205348	10363.017	347.161293	619.444942	0.005
085128	93.847106	41.201989	10363.285	256.429243	662.192472	-0.012
085148	93.892954	41.19867	10362.814	348.062261	618.728929	-0.045
085208	93.938416	41.19536	10358.732	668.357969	234.97994	-0.078
085228	93.984824	41.191899	10351.253	707.825059	-0.481169	-0.05
085248	94.032135	41.188348	10348.281	703.221	82.087921	0.003
085308	94.079201	41.184876	10354.864	702.616281	85.792343	0.005
085328	94.125407	41.181432	10353.075	705.301751	69.727775	-0.003
085348	94.171317	41.177949	10348.099	706.025719	75.787459	0.0
085408	94.217835	41.174412	10354.486	706.463052	76.106541	0.002
085428	94.264439	41.170894	10353.591	708.458679	75.138639	-0.006
085448	94.311081	41.167338	10347.875	712.432265	75.996155	0.003
085508	94.358339	41.163624	10352.644	717.212464	76.533106	0.057
085528	94.406845	41.159761	10359.074	720.326761	76.771348	0.083
085548	94.455384	41.155912	10363.219	723.108709	77.098062	0.076
085608	94.502343	41.152244	10368.374	728.15567	77.638815	0.078
085628	94.550182	41.14855	10374.191	730.582165	77.893239	0.067
085648	94.59947	41.144704	10378.091	730.928835	77.93001	0.039
085708	94.648545	41.140761	10378.135	733.65061	78.211755	0.013
085728	94.696575	41.136884	10378.417	735.5279	78.446817	-0.017
085748	94.744756	41.133001	10377.848	735.854781	78.448241	-0.041
085808	94.794687	41.128933	10372.847	736.983311	78.447118	-0.046
085828	94.843956	41.124904	10370.411	739.010082	79.158569	-0.029
085848	94.89189	41.121007	10370.988	740.864729	78.886073	0.002
085908	94.939687	41.117146	10370.261	741.213483	77.222341	0.034
085928	94.987165	41.113245	10373.736	739.9885	84.011866	0.036
085948	95.035364	41.109191	10378.034	741.008308	77.560595	-0.003
090008	95.085708	41.104927	10374.181	744.644251	54.215359	-0.062
090028	95.136331	41.100685	10367.283	731.622737	149.335158	-0.074
090048	95.185287	41.096599	10362.89	742.554594	59.029775	-0.039
090108	95.232227	41.092616	10362.653	566.76299	-480.333084	-0.009
090128	95.280243	41.088535	10363.01	563.390118	-481.52536	0.006
090148	95.3302	41.0843	10363.0	735.829557	78.45294	-0.0
090208	95.380152	41.080022	10363.795	706.284942	220.845579	-0.029
090228	95.428845	41.0758	10360.669	719.267687	-172.775725	-0.044
090248	95.4769	41.0716	10356.0	462.959811	-576.01147	-0.041
090308	95.525781	41.067327	10356.588	424.152383	-605.100302	-0.043
090328	95.573745	41.063102	10353.137	477.729618	-563.755806	-0.031
090348	95.6211	41.0589	10348.0	462.959811	-576.01147	0.0
090408	95.669972	41.054569	10353.142	460.701334	-578.768908	0.031
090428	95.718408	41.05026	10356.577	464.64569	-575.900402	0.044
090448	95.7659	41.046	10356.0	463.586279	-576.790917	0.041
090508	95.814065	41.041644	10360.694	464.196281	-577.993685	0.041
090528	95.862976	41.037181	10363.287	465.041839	-578.447217	0.039
090548	95.911877	41.032719	10362.896	464.850332	-578.354751	0.04
090608	95.959925	41.028393	10367.861	464.810651	-578.345832	0.049
090628	96.008049	41.023994	10372.406	464.824381	-578.320107	0.019
090648	96.056938	41.01943	10371.21	464.830992	-578.338898	-0.039
090708	96.10631	41.014834	10365.571	465.019095	-578.576789	-0.051
090728	96.155412	41.010222	10362.232	464.395113	-577.794426	-0.027
090748	96.203799	41.005628	10362.956	463.581214	-576.783945	-0.001
090808	96.251719	41.001105	10363.156	464.472954	-577.906916	0.003
090828	96.300322	40.99652	10362.945	464.601864	-578.026005	-0.001
090848	96.349014	40.991924	10362.997	463.603739	-576.803925	-0.0
090908	96.395981	40.987507	10363.012	464.175338	-577.699813	0.0
090928	96.444186	40.982831	10362.993	465.242008	-578.45447	-0.0
090948	96.494665	40.977847	10362.999	464.918717	-578.327044	0.0
091008	96.54482	40.973047	10363.017	463.404411	-579.01754	-0.0
091028	96.592948	40.968442	10362.962	468.045856	-576.813493	0.001
091048	96.64019	40.963835	10362.989	467.506078	-579.96645	0.0
091108	96.689426	40.95905	10363.231	449.940796	-594.141777	-0.004
091128	96.738385	40.954258	10362.48	503.266402	-549.042269	0.01
091148	96.785927	40.949537	10362.84	478.171437	-571.240153	0.04
091208	96.834037	40.944738	10368.253	15.680598	-746.100979	0.048
091228	96.884932	40.939694	10371.821	-309.426674	-680.277519	0.029
091248	96.935898	40.934641	10371.045	-241.341957	-706.997434	0.001
091308	96.981278	40.93004	10370.896	-221.63361	-711.869855	-0.004
091328	97.027672	40.925299	10370.912	-241.717055	-704.666661	0.004
091348	97.078068	40.920159	10370.958	-236.778519	-706.413248	0.001
091408	97.128171	40.915013	10371.9	-234.839179	-705.182961	-0.027
091428	97.178137	40.909902	10368.737	-235.633575	-702.748346	-0.045
091448	97.226869	40.904938	10363.144	-234.912231	-701.772077	-0.041
091508	97.271939	40.900297	10363.067	-234.562674	-701.053518	-0.038
091528	97.318596	40.895462	10361.46	-234.562125	-700.708334	-0.046
091548	97.367789	40.890352	10356.206	-234.558689	-700.782437	-0.042
091608	97.41477	40.885431	10354.647	-234.562657	-700.81766	0.012
091628	97.462955	40.88038	10358.097	-234.548121	-700.749609	0.052
091648	97.513577	40.875066	10362.856	-234.555366	-700.777295	0.042
091708	97.563087	40.869807	10363.504	-234.625922	-700.989598	0.012
091728	97.610442	40.864758	10362.833	-234.390199	-700.2841	-0.004
091748	97.656584	40.859847	10362.994	-233.9388	-698.935638	-0.0
091808	97.703552	40.854836	10362.958	-233.858804	-698.694333	0.002
091828	97.752252	40.849633	10363.163	-233.975185	-699.049413	-0.003
091848	97.80211	40.84427	10363.053	-233.935225	-698.926461	-0.001
091908	97.851437	40.838888	10361.914	-233.550781	-697.744196	0.03
091928	97.899378	40.833703	10365.664	-233.110327	-696.532364	0.037
091948	97.946529	40.828656	10370.978	-232.966273	-696.052045	0.002
092008	97.994456	40.823429	10366.438	-233.1369	-696.093901	-0.036
092028	98.04291	40.818104	10361.825	-232.560538	-695.819891	-0.03
092048	98.090392	40.812858	10362.902	-232.276457	-694.276026	-0.0
092108	98.135726	40.807754	10363.965	-233.547171	-691.590945	-0.022
092128	98.182749	40.80249	10361.048	-227.06393	-692.256509	-0.049
092148	98.231699	40.797067	10356.155	-230.078526	-691.660163	-0.042
092208	98.278539	40.791814	10355.41	-257.792632	-684.094038	-0.012
092228	98.325992	40.786443	10356.309	-173.251086	-711.422198	0.002
092248	98.375152	40.780877	10356.048	-214.333832	-699.910038	-0.0
092308	98.423469	40.775422	10355.187	-652.835201	-333.120774	0.023
092328	98.470935	40.770057	10357.621	-663.24342	-316.32497	0.048
092348	98.518334	40.764649	10362.651	-248.564885	-693.628754	0.043
092408	98.566337	40.759085	10363.841	-546.73739	-496.201616	0.01
092428	98.615068	40.753443	10362.319	-734.518732	-84.538144	0.006
092448	98.663709	40.747852	10362.653	-720.293158	-169.507765	0.038
092508	98.710797	40.7424	10368.239	-711.575434	-203.335603	0.044
092528	98.75667	40.737089	10371.275	-719.075676	-174.631573	0.041
092548	98.802793	40.731749	10370.765	-717.605737	-180.646433	0.042
092608	98.85085	40.726098	10375.896	-717.036663	-183.09925	0.02
092628	98.900219	40.720256	10377.125	-717.425017	-180.973897	-0.014
092648	98.949864	40.714382	10371.555	-716.629232	-181.212168	-0.039
092708	98.999139	40.708526	10370.832	-715.132864	-181.064304	-0.039
092728	99.046841	40.70284	10370.031	-714.428828	-180.721359	-0.047
092748	99.093172	40.697314	10364.285	-714.574865	-180.784641	-0.074
092808	99.140429	40.691661	10358.614	-713.476456	-180.526423	-0.069
092828	99.188565	40.685842	10355.294	-712.373136	-180.235382	-0.024
092848	99.236705	40.679967	10355.41	-712.497198	-180.268413	0.033
092908	99.284585	40.674169	10359.898	-712.57192	-180.288078	0.051
092928	99.3327	40.668334	10363.577	-712.576756	-180.289842	0.032
092948	99.380709	40.662452	10363.18	-712.609754	-180.298789	0.004
093008	99.426887	40.656788	10362.819	-712.016262	-180.13941	-0.004
093028	99.473682	40.651016	10363.034	-711.543629	-180.037432	0.001
093048	99.522369	40.644974	10363.009	-711.631278	-180.071556	0.0
093108	99.568946	40.639249	10363.024	-710.945438	-179.771872	-0.001
093128	99.615712	40.633527	10362.956	-709.072436	-179.53551	0.001
093148	99.664537	40.627486	10362.895	-706.991259	-179.174493	0.002
093208	99.71043	40.621692	10363.525	-706.769897	-177.336822	-0.016
093228	99.756017	40.615913	10362.468	-706.482464	-180.201896	-0.047
093248	99.804668	40.60982	10357.763	-705.817514	-183.245144	-0.073
093308	99.852204	40.603847	10351.923	-710.107905	-160.386069	-0.072
093328	99.899263	40.597886	10347.249	-699.730762	-197.037013	-0.027
093348	99.94757	40.591727	10346.624	-687.911693	-238.738063	0.054
093408	99.994043	40.585736	10354.333	-715.367806	153.462729	0.112
093428	100.040233	40.579795	10364.757	-502.039237	537.86375	0.112
093448	100.088504	40.573659	10370.168	-513.37445	530.919712	0.061
093508	100.136242	40.567515	10371.54	-553.8971	489.452202	0.012
093528	100.183012	40.561373	10370.835	-537.717166	506.987307	0.001
093548	100.230013	40.555163	10370.408	-538.019017	507.066858	0.029
093608	100.277585	40.549019	10373.538	-539.519423	502.65007	0.056
093628	100.325119	40.542881	10378.414	-535.586348	501.341049	0.035
093648	100.372169	40.536618	10379.688	-532.446436	498.510193	-0.048
093708	100.420164	40.530339	10372.747	-527.540833	493.447928	-0.094
093728	100.467704	40.5242	10363.296	-522.260426	488.668429	-0.073
093748	100.5122	40.518279	10361.676	-521.192927	487.718179	-0.028
093808	100.556988	40.512267	10363.196	-523.626302	489.946869	0.005
093828	100.60438	40.505982	10362.972	-526.335137	492.48491	0.005
093848	100.651601	40.499684	10363.623	-525.072274	491.317474	-0.02
093908	100.697769	40.49346	10362.294	-522.490867	488.885598	-0.044
093928	100.743503	40.487266	10357.163	-522.125035	488.529082	-0.045
093948	100.789817	40.481013	10355.25	-521.592182	488.140144	-0.022
094008	100.836896	40.474633	10356.082	-520.46942	486.935264	0.002
094028	100.883698	40.468243	10356.009	-519.522369	485.800386	0.003
094048	100.927802	40.462302	10356.252	-518.548439	486.338281	-0.006
094108	100.971839	40.456369	10355.763	-519.586674	485.270561	0.004
094128	101.018703	40.44992	10354.829	-520.800684	482.945505	0.055
094148	101.06338	40.44378	10361.474	-510.186466	493.146022	0.111
094208	101.107156	40.437767	10372.472	-522.812483	476.656976	0.11
094228	101.154027	40.431246	10378.145	-542.473504	447.430841	0.026
094248	101.201717	40.42457	10374.901	-391.503418	581.430913	-0.025
094308	101.246476	40.418311	10370.951	-588.397559	378.571509	-0.059
094328	101.28953	40.412337	10369.112	-665.172021	-209.875223	-0.116
094348	101.336157	40.405875	10358.218	-583.043639	383.315045	-0.113
094408	101.380277	40.399679	10349.763	-410.017068	566.263384	-0.065
094428	101.424241	40.393425	10348.219	-522.767289	465.619999	0.013
094448	101.471053	40.386758	10353.149	-524.644129	463.420531	0.096
094508	101.515005	40.380561	10362.217	-492.73848	497.475964	0.134
094528	101.557607	40.374579	10371.873	-517.623155	471.063637	0.106
094548	101.603713	40.368039	10377.802	-559.165271	418.203298	0.031
094608	101.650809	40.361303	10375.789	-317.663786	622.222478	-0.025
094628	101.696204	40.354783	10370.888	139.906029	685.887867	-0.041
094648	101.739479	40.348556	10371.278	170.400671	677.711868	-0.041
094708	101.784106	40.342071	10368.6	105.151028	689.393047	-0.041
094728	101.8298	40.3354	10363.0	125.739357	685.564449	-0.036
094748	101.873761	40.329036	10362.384	129.668628	684.832064	-0.012
094808	101.919114	40.3225	10363.141	124.321259	685.787386	0.006
094828	101.965123	40.315838	10362.972	125.571364	685.571249	0.002
094848	102.006907	40.309708	10363.539	126.124032	685.973056	-0.022
094908	102.050015	40.303372	10361.713	125.902933	686.986171	-0.053
094928	102.096368	40.296569	10356.546	126.237753	688.348323	-0.047
094948	102.140265	40.290052	10353.087	126.581608	690.034681	0.053
095008	102.18538	40.283342	10361.21	126.595764	690.272006	0.141
095028	102.232624	40.276372	10376.919	126.311672	688.689621	0.124
095048	102.276514	40.269934	10380.659	126.045108	687.222832	0.022
095108	102.319824	40.263481	10376.257	125.865444	686.253097	-0.058
095128	102.365076	40.256629	10371.61	125.751928	685.632067	-0.074
095148	102.410296	40.249856	10367.486	125.699621	685.358028	-0.102
095208	102.455015	40.243143	10359.38	125.79537	685.850981	-0.115
095228	102.499955	40.236333	10348.947	125.925435	686.558769	-0.083
095248	102.545918	40.229435	10347.015	125.761816	685.84884	-0.037
095308	102.590044	40.222782	10347.803	125.816682	685.799488	0.013
095328	102.632239	40.216311	10347.076	126.247814	687.921338	0.064
095348	102.679091	40.209154	10354.836	126.162763	689.887237	0.105
095408	102.724917	40.202158	10364.944	127.113615	690.486869	0.115
095428	102.765017	40.195984	10369.794	127.676257	690.338473	0.087
095448	102.808565	40.189286	10375.509	121.52057	691.333302	0.04
095508	102.85564	40.182046	10377.646	131.650162	689.585933	-0.009
095528	102.902391	40.174841	10372.376	142.680272	687.465266	-0.04
095548	102.948523	40.167749	10370.165	59.666745	698.787757	-0.025
095608	102.993281	40.160837	10371.102	195.834171	671.628666	0.004
095628	103.03629	40.154111	10370.94	593.099821	367.118621	0.005
095648	103.079188	40.147376	10371.581	667.880315	196.049718	-0.017
095708	103.122781	40.140515	10370.323	637.880979	275.058407	-0.047
095728	103.167098	40.133514	10364.748	637.756852	270.138865	-0.071
095748	103.211948	40.126449	10359.702	641.031468	257.482025	-0.081
095808	103.257627	40.119238	10354.869	637.925933	262.725648	-0.073
095828	103.303242	40.111981	10349.14	638.064448	262.437484	-0.05
095848	103.345185	40.105307	10347.2	638.588755	261.647194	-0.017
095908	103.38596	40.098894	10348.226	638.240151	261.976604	0.0
095928	103.429902	40.092006	10348.423	638.085322	261.89385	-0.005
095948	103.476553	40.084437	10346.508	639.820571	262.492145	0.032
100008	103.52221	40.076979	10349.542	643.983138	264.302814	0.083
100028	103.564808	40.070232	10360.529	649.190135	266.517306	0.086
100048	103.608885	40.06324	10364.568	651.836307	267.005697	0.039
100108	103.654808	40.055791	10362.721	652.268741	268.159832	-0.004
100128	103.700585	40.048236	10362.788	653.738787	269.876825	-0.002
100148	103.745653	40.040888	10363.292	659.077954	263.75459	-0.001
100208	103.789421	40.033797	10362.794	658.096186	277.059051	0.003
100228	103.833157	40.02666	10362.383	657.492021	292.629882	0.028
100248	103.881571	40.018862	10366.276	698.304225	186.152539	0.044
100308	103.929512	40.01114	10371.142	660.506099	294.018704	0.034
100328	103.971063	40.004279	10371.5	243.310217	680.684183	0.008
100348	104.017897	39.99652	10370.668	294.184295	660.905591	-0.001
100408	104.068242	39.988213	10371.047	676.544688	257.799971	-0.0
100428	104.111138	39.981091	10371.671	690.000211	217.100044	-0.025
100448	104.15553	39.973697	10368.78	656.099107	303.325043	-0.059
100508	104.20268	39.965817	10362.687	669.937431	271.91824	-0.076
100528	104.246546	39.95844	10357.397	680.119042	246.958573	-0.056
100548	104.292164	39.950834	10355.393	638.845725	342.298293	-0.021
100608	104.340509	39.942797	10356.049	680.274359	256.872638	0.0
100628	104.3876	39.934859	10356.49	659.700705	-314.099795	-0.005
100648	104.432307	39.927275	10354.812	681.353644	-270.40066	0.022
100708	104.477121	39.919599	10356.327	671.528874	296.43071	0.079
100728	104.525047	39.911323	10366.799	648.500887	345.691309	0.097
100748	104.572121	39.903533	10373.079	712.359842	180.23599	0.038
100808	104.61744	39.895639	10370.528	513.999791	-525.600669	-0.047
100828	104.663224	39.886178	10365.042	-734.921465	-65.824546	-0.073
100848	104.709173	39.876285	10360.527	-677.053431	299.234811	-0.084
100908	104.756465	39.866274	10355.284	-606.596698	-427.784742	-0.072
100928	104.805502	39.855901	10348.345	-525.21959	-529.164486	0.0
100948	104.850388	39.846198	10351.869	-747.897777	-25.816169	0.084
101008	104.893808	39.836699	10363.511	-672.762201	331.678985	0.116
101028	104.942745	39.826194	10369.948	-715.91866	-228.682987	0.068
101048	104.990016	39.816064	10371.319	-714.1429	-236.501196	0.018
101108	105.03524	39.806293	10370.999	-662.496098	358.078134	-0.001
101128	105.084208	39.795688	10371.247	-641.660361	398.155794	-0.007
101148	105.134073	39.784907	10370.151	-687.464597	315.793617	0.02
101208	105.181591	39.7746	10371.246	-673.64502	342.959052	0.04
101228	105.226217	39.764818	10377.702	-670.309711	344.89578	-0.011
101248	105.271882	39.754855	10373.503	-672.161035	338.267741	-0.067
101308	105.319598	39.744476	10362.69	-671.711936	340.481922	-0.075
101328	105.367029	39.734057	10362.359	-673.458074	341.631698	-0.046
101348	105.412242	39.724092	10361.853	-675.013893	341.861002	-0.053
101408	105.45756	39.714077	10355.618	-676.254398	342.679389	-0.076
101428	105.506499	39.703192	10348.921	-679.226001	344.253427	-0.031
101448	105.554476	39.692542	10349.754	-681.889126	345.362072	0.035
101508	105.601404	39.682169	10356.296	-683.343808	346.303121	0.077
101528	105.650422	39.671312	10360.853	-684.767675	347.718979	0.083
101548	105.697216	39.660836	10366.376	-687.967173	346.510684	0.063
101608	105.743758	39.650348	10371.095	-688.440903	349.434933	0.04
101628	105.795209	39.638836	10370.691	-684.294333	357.725668	0.038
101648	105.844111	39.627946	10373.033	-699.058402	327.395639	0.042
101708	105.8892	39.6179	10378.0	-687.74626	348.49115	0.041
101728	105.93644	39.607295	10378.142	-616.368939	457.84729	0.024
101748	105.984947	39.596272	10378.688	-764.490569	2.697042	-0.037
101808	106.032351	39.585506	10375.566	-653.491119	-392.619135	-0.106
101828	106.078373	39.575162	10364.509	-728.253195	221.244125	-0.12
101848	106.125092	39.564563	10357.588	-194.349848	735.258575	-0.078
101908	106.172753	39.553668	10355.633	-220.836282	726.744467	-0.024
101928	106.220665	39.54269	10355.798	-666.300766	361.772033	0.0
101948	106.267989	39.531805	10356.818	-404.214357	641.021458	-0.016
102008	106.314256	39.521172	10355.055	-129.279421	746.92691	-0.048
102028	106.360115	39.510675	10349.37	-637.433718	410.188	-0.05
102048	106.407661	39.499777	10345.615	-524.445845	548.107076	0.015
102108	106.455713	39.4887	10349.684	-11.38126	765.047198	0.085
102128	106.502802	39.477788	10360.607	-35.982379	779.285553	0.087
102148	106.550694	39.466711	10364.578	-111.380772	787.199424	0.04
102208	106.600513	39.455116	10362.798	-77.631946	800.007491	-0.004
102228	106.651798	39.443049	10362.808	-77.514968	800.637523	-0.005
102248	106.701901	39.431404	10363.017	-83.031256	795.644198	0.004
102308	106.751172	39.420049	10363.041	-80.762255	790.411681	-0.001
102328	106.801306	39.408358	10363.394	-81.870015	786.741998	-0.027
102348	106.850472	39.396847	10361.275	-74.488906	785.210832	-0.063
102408	106.898166	39.385642	10355.648	-81.468851	782.682168	-0.075
102428	106.94569	39.374389	10349.068	-105.731103	778.19732	-0.031
102448	106.995029	39.362722	10349.549	-5.974143	785.179936	0.037
102508	107.044054	39.351143	10356.345	-101.082481	782.876458	0.077
102528	107.089675	39.340295	10361.645	-628.807824	492.913426	0.055
102548	107.138037	39.328737	10363.447	-645.152727	481.419537	0.02
102608	107.18996	39.316326	10363.038	-126.175569	795.938355	0.001
102628	107.240061	39.304388	10363.053	5.22375	808.306538	-0.004
102648	107.289137	39.292683	10362.769	-105.970038	803.482154	0.006
102708	107.339032	39.28072	10362.733	-87.390666	807.582637	0.035
102728	107.389736	39.268507	10366.492	-77.627236	816.230993	0.075
102748	107.440112	39.256402	10373.819	-85.205283	826.397163	0.059
102808	107.490106	39.244426	10378.359	-84.396401	832.81997	-0.024
102828	107.541356	39.232051	10370.454	-92.168432	826.039779	-0.078
102848	107.59257	39.219626	10361.837	-74.277711	819.023645	-0.066
102908	107.642552	39.207513	10362.48	-62.617708	818.18498	-0.01
102928	107.692573	39.195408	10363.426	-186.053526	801.842623	0.008
102948	107.743621	39.182973	10362.933	19.980657	823.2943	-0.001
103008	107.795138	39.170301	10362.968	589.996007	565.168856	-0.001
103028	107.84421	39.158281	10362.966	462.08484	660.440423	0.002
103048	107.892132	39.146597	10362.942	-55.34633	794.451227	0.001
103108	107.942156	39.134345	10363.273	250.116774	753.990847	-0.005
103128	107.991106	39.122286	10362.653	666.693705	441.913843	0.006
103148	108.037485	39.110806	10362.22	643.91304	486.530476	0.037
103208	108.088229	39.098212	10367.784	654.733225	472.988979	0.03
103228	108.140101	39.085399	10370.581	579.82737	559.663257	-0.011
103248	108.188391	39.073483	10364.393	503.24112	632.878958	-0.04
103308	108.236379	39.061111	10361.709	482.393119	-657.722825	-0.022
103328	108.28461	39.046397	10363.566	-438.429828	697.631333	0.003
103348	108.332452	39.028459	10365.08	541.320921	-630.133275	-0.009
103408	108.380676	39.008637	10363.621	-805.407504	-224.977061	-0.029
103428	108.429767	38.988461	10358.203	-819.298725	189.455285	-0.024
103448	108.477431	38.969041	10356.403	-779.495119	-322.672891	0.02
103508	108.522888	38.950479	10361.946	-397.67632	-745.304474	0.073
103528	108.568948	38.931705	10368.324	-669.793221	-518.800716	0.063
103548	108.616889	38.912101	10371.256	-851.0007	1.911785	0.03
103608	108.666571	38.891639	10370.734	-854.6719	-8.440002	0.028
103628	108.716513	38.871003	10372.482	-849.056704	-114.299055	0.045
103648	108.76593	38.850554	10377.303	-853.164955	-88.469256	0.042
103708	108.814756	38.830302	10380.193	-856.050434	-77.178105	-0.028
103728	108.86218	38.810586	10374.858	-851.074125	-84.899807	-0.09
103748	108.908358	38.791383	10364.07	-841.805864	-82.585643	-0.082
103808	108.955187	38.771968	10361.678	-841.199165	-81.709259	-0.029
103828	109.003691	38.751875	10363.363	-845.309094	-82.691621	0.006
103848	109.052728	38.731493	10363.072	-847.021178	-82.758749	0.001
103908	109.099376	38.711974	10362.931	-845.789199	-82.578032	-0.002
103928	109.145942	38.692491	10362.981	-847.202598	-82.761389	0.001
103948	109.194198	38.672365	10362.913	-852.601315	-83.284678	0.001
104008	109.242203	38.652248	10363.347	-854.506032	-83.452467	-0.004
104028	109.290621	38.631846	10363.077	-854.803325	-83.490696	-0.001
104048	109.341207	38.610505	10361.023	-860.02642	-84.045971	0.026
104108	109.391645	38.589235	10362.686	-866.625465	-84.654016	0.064
104128	109.439361	38.569122	10372.447	-869.488817	-84.805234	0.086
104148	109.48608	38.549385	10380.763	-869.994963	-85.251853	0.039
104208	109.533926	38.529107	10379.829	-870.544392	-85.379894	-0.054
104228	109.583736	38.507969	10369.777	-871.800204	-83.582166	-0.088
104248	109.6336	38.486763	10362.249	-867.981502	-86.748668	-0.07
104308	109.68201	38.466141	10363.227	-860.140945	-88.399275	-0.047
104328	109.730736	38.445453	10359.108	-864.582386	-63.132033	-0.022
104348	109.780212	38.424404	10356.386	-864.085607	-111.717706	0.008
104408	109.829398	38.403342	10361.963	-856.964393	-145.019949	0.037
104428	109.876613	38.383128	10363.111	-812.956307	313.910443	0.043
104448	109.924308	38.362639	10363.877	-455.698498	747.759572	0.041
104508	109.974214	38.341059	10369.864	-447.554188	753.79192	0.043
104528	110.022915	38.320018	10371.822	-846.173961	238.956621	0.022
104548	110.070866	38.299439	10370.882	-882.121283	-32.078107	-0.004
104608	110.120224	38.278341	10371.058	-654.444303	595.155449	-0.004
104628	110.171433	38.256262	10370.396	-457.712474	758.943631	0.02
104648	110.220417	38.235019	10371.87	-567.34376	681.79409	0.046
104708	110.266139	38.215194	10376.959	-557.326044	689.685467	0.047
104728	110.316535	38.193281	10379.22	-544.571673	702.914942	0.003
104748	110.369101	38.170377	10377.169	-554.413237	699.746141	-0.051
104808	110.419121	38.148586	10372.414	-554.905401	701.831445	-0.071
104828	110.468873	38.126951	10366.748	-554.121144	703.239102	-0.061
104848	110.518674	38.105215	10362.9	-552.433893	699.883648	-0.034
104908	110.567718	38.083632	10362.671	-546.923012	692.791463	-0.007
104928	110.616272	38.062301	10363.156	-545.136704	690.758682	0.003
104948	110.664725	38.041143	10362.989	-547.805931	694.065593	-0.0
105008	110.713164	38.020001	10362.917	-549.316631	695.967905	0.001
105028	110.761062	37.998887	10363.181	-549.620137	696.384599	-0.003
105048	110.8095	37.9774	10363.0	-549.535772	696.26104	0.0
105108	110.859761	37.955241	10362.147	-549.484427	696.138531	0.027
105128	110.908042	37.933983	10365.442	-549.660135	696.56161	0.048
105148	110.9544	37.9135	10371.0	-550.155316	697.046001	0.041
105208	111.00276	37.892056	10371.628	-550.5884	696.808229	0.011
105228	111.051992	37.870145	10370.643	-549.130467	697.734748	-0.002
105248	111.1012	37.8482	10371.0	-549.535772	696.26104	0.0
105308	111.150775	37.826114	10371.751	-553.041673	689.798603	-0.024
105328	111.200031	37.804165	10368.893	-531.494115	700.818631	-0.056
105348	111.2483	37.7826	10363.0	-542.101241	686.841499	-0.076
105408	111.2955	37.761434	10358.371	-610.262322	623.597411	-0.08
105428	111.342617	37.740332	10353.16	-308.841877	815.226132	-0.07
105448	111.3902	37.719	10348.0	283.755517	823.48273	-0.041
105508	111.438062	37.69739	10346.81	342.232559	798.239352	0.015
105528	111.48588	37.675891	10350.274	256.311253	826.794703	0.056
105548	111.5332	37.6547	10356.0	281.149267	815.919169	0.066
105608	111.579733	37.633682	10360.311	300.820052	806.061364	0.059
105628	111.626287	37.612577	10363.262	274.661049	813.865678	0.026
105648	111.673253	37.591316	10364.454	239.39283	825.871928	-0.025
105708	111.719107	37.570441	10359.783	372.093481	777.916016	-0.025
105728	111.764757	37.549749	10355.856	306.571633	806.819588	0.033
105748	111.812793	37.52823	10364.897	-269.144881	817.468726	0.077
105808	111.860736	37.505131	10372.72	865.101031	-96.881181	0.06
105828	111.90701	37.480113	10371.377	-323.644731	829.263333	0.005
105848	111.952847	37.453505	10370.127	480.907939	752.094528	0.001
105908	111.997515	37.427133	10371.948	-84.243428	881.803411	-0.014
105928	112.040885	37.401803	10371.915	16.648284	882.123632	-0.071
105948	112.084808	37.376101	10361.547	75.669963	878.05956	-0.073
110008	112.130146	37.349469	10355.988	33.883801	882.205608	-0.017
110028	112.176253	37.322407	10362.196	41.280521	885.460201	0.038
110048	112.221349	37.296069	10363.988	45.185405	888.890358	0.023
110108	112.266349	37.269664	10362.747	43.611852	891.830236	-0.006
110128	112.311396	37.243008	10362.968	44.283886	893.70291	-0.002
110148	112.354744	37.21741	10362.884	36.939402	894.810855	0.005
110208	112.399941	37.190761	10363.311	55.338316	892.515286	-0.007
110228	112.447449	37.162708	10363.442	59.424907	890.096471	-0.035
110248	112.491265	37.136795	10359.366	-49.14432	891.998349	-0.052
110308	112.534738	37.111028	10355.175	189.047665	875.158317	-0.028
110328	112.58088	37.083622	10355.467	726.028838	524.681984	0.031
110348	112.625334	37.05718	10359.233	820.924208	363.754099	0.064
110408	112.668883	37.031265	10364.229	769.860401	467.152302	0.072
110428	112.713516	37.0047	10368.819	771.939491	465.219208	0.06
110448	112.758433	36.977914	10372.936	783.954191	442.858632	-0.005
110508	112.803165	36.951231	10371.411	780.219651	448.502974	-0.075
110528	112.847903	36.924622	10359.526	781.519068	451.292539	-0.046
110548	112.892885	36.897756	10358.272	784.378298	450.734172	0.04
110608	112.938134	36.870563	10370.5	783.645301	450.871494	0.078
110628	112.983382	36.84336	10374.07	781.210207	449.936278	-0.017
110648	113.028191	36.816415	10366.521	779.609577	447.870802	-0.1
110708	113.073119	36.789373	10356.331	780.012304	448.615153	-0.079
110728	113.119308	36.761541	10354.388	782.820271	454.729146	-0.0
110748	113.165164	36.733805	10357.772	791.905137	446.010877	0.062
110808	113.210325	36.706472	10362.714	789.122426	451.1046	0.076
110828	113.256211	36.678851	10368.557	762.386485	498.597212	0.061
110848	113.301739	36.651174	10372.038	842.271721	350.026468	0.018
110908	113.346195	36.62421	10371.153	805.350682	422.100774	-0.038
110928	113.390503	36.598512	10366.516	-226.701556	873.929121	-0.075
110948	113.437065	36.572336	10360.002	-831.802239	341.094606	-0.063
111008	113.484729	36.54566	10355.931	-759.555556	482.257849	-0.011
111028	113.528849	36.520684	10359.419	-705.405387	560.089831	0.033
111048	113.572338	36.495909	10363.68	-740.232199	513.807082	0.036
111108	113.618053	36.469911	10363.192	-735.88302	520.014908	0.005
111128	113.663442	36.443997	10362.928	-729.996516	527.441102	-0.007
111148	113.710155	36.417307	10362.846	-736.554512	519.983344	0.005
111208	113.758443	36.389752	10362.695	-739.225087	520.116457	0.032
111228	113.803533	36.363894	10366.08	-715.911772	550.048528	0.075
111248	113.847447	36.338617	10373.595	-760.05448	482.807358	0.06
111308	113.892426	36.312715	10378.67	-773.993771	459.061733	-0.027
111328	113.936071	36.287533	10369.321	-271.748643	858.827276	-0.058
111348	113.980031	36.262144	10363.244	-28.838557	900.217136	-0.029
111408	114.026582	36.235258	10370.274	-660.59134	608.990358	0.0
111428	114.075055	36.207229	10367.873	-778.249054	445.171572	-0.023
111448	114.120597	36.180883	10362.023	-731.527501	517.292631	-0.038
111508	114.161962	36.156975	10362.701	-751.429301	488.10454	-0.005
111528	114.206087	36.131464	10363.267	-429.811657	785.5545	0.005
111548	114.253647	36.103714	10362.966	255.825086	857.673613	-0.001
111608	114.297913	36.075851	10363.017	452.864852	-776.343751	0.001
111628	114.336586	36.048344	10362.999	-349.795141	835.262199	0.0
111648	114.377555	36.018764	10363.034	-463.181929	779.831354	-0.001
111708	114.420836	35.987621	10362.937	-854.87964	298.426173	0.002
111728	114.463748	35.956619	10362.933	-309.549559	849.569294	0.002
111748	114.504518	35.927156	10363.507	-82.129245	898.783475	-0.02
111808	114.54569	35.897357	10362.028	-244.665085	866.146688	-0.052
111828	114.587987	35.866664	10357.17	-218.615007	871.025249	-0.075
111848	114.6279	35.837671	10351.381	-198.830508	877.024009	-0.069
111908	114.66873	35.807956	10347.266	-211.511543	876.168541	-0.027
111928	114.712645	35.77594	10347.167	-210.376009	876.380723	0.031
111948	114.754154	35.745693	10352.208	-208.347919	875.669668	0.048
112008	114.794221	35.716469	10356.289	-209.764333	877.063874	0.039
112028	114.835736	35.686102	10355.697	-210.863668	881.165032	0.039
112048	114.877441	35.655554	10359.022	-208.605891	877.502645	0.045
112108	114.918268	35.625715	10363.498	-209.016404	870.450163	0.036
112128	114.958355	35.596484	10363.321	-211.103509	869.573019	0.007
112148	114.999314	35.566441	10362.77	-194.747426	872.858577	-0.004
112208	115.040742	35.536086	10363.057	-220.609059	863.508502	0.0
112228	115.08129	35.506438	10363.091	-249.530995	851.846173	-0.001
112248	115.120541	35.47691	10362.648	42.096937	885.782959	0.006
112308	115.159279	35.446999	10362.525	488.132462	741.592702	0.009
112328	115.198839	35.416432	10363.85	653.46169	600.677426	-0.018
112348	115.2385	35.386	10363.0	615.272189	640.300034	-0.041
112408	115.276731	35.356644	10356.558	611.567792	650.758007	0.007
112428	115.316727	35.325891	10359.794	622.874484	642.945258	0.068
112448	115.3578	35.2943	10371.0	618.736559	643.905327	0.076
112508	115.396073	35.264846	10372.535	619.206993	642.761299	0.018
112528	115.435075	35.234752	10369.712	616.061733	647.47801	0.01
112548	115.4759	35.2032	10371.0	620.122307	645.347444	0.046
112608	115.515924	35.172286	10377.462	629.944667	635.838165	0.011
112628	115.555049	35.142027	10375.16	549.979729	705.950486	-0.033
112648	115.594026	35.111793	10370.182	719.353925	532.665453	-0.036
112708	115.633574	35.080978	10370.768	890.843757	-87.627562	-0.005
112728	115.673982	35.049297	10371.097	864.638539	-226.734932	0.007
112748	115.713729	35.018109	10371.169	870.647972	-198.043515	-0.005
112808	115.752307	34.987908	10371.341	860.157323	-237.725336	-0.033
112828	115.791814	34.956886	10367.693	807.584566	372.299878	-0.071
112848	115.831125	34.925952	10360.752	654.073363	601.339775	-0.066
112908	115.869448	34.8958	10355.876	890.970111	-37.391493	-0.009
112928	115.908789	34.86483	10360.261	800.632001	-389.409074	0.008
112948	115.948192	34.833786	10362.227	886.556982	42.247703	-0.002
113008	115.986434	34.803596	10356.41	623.833304	631.807036	-0.002
113028	116.024363	34.773521	10359.617	852.061638	248.902709	-0.016
113048	116.063354	34.742758	10362.324	877.932958	-125.889888	-0.274
113108	116.103796	34.711164	10336.093	690.995798	556.862973	-0.846
113128	116.143637	34.679916	10250.358	789.194769	411.214202	-1.275
113148	116.181936	34.649778	10146.743	856.747614	-249.462957	-1.574
113208	116.219687	34.620128	10056.718	865.334868	-220.30646	-1.981
113228	116.259702	34.588523	9903.612	880.815796	-147.652388	-2.499
113248	116.299	34.557502	9707.278	875.00178	-169.820579	-2.93
113308	116.335229	34.52898	9516.64	873.43635	-148.488424	-3.11
113328	116.374559	34.497453	9303.557	858.646515	-188.572846	-3.168
113348	116.415048	34.465882	9088.344	157.146272	855.483495	-3.156
113408	116.453878	34.438895	8894.861	654.300796	-551.662748	-3.164
113428	116.496113	34.413728	8682.897	-747.268542	-379.974312	-3.422
113448	116.537479	34.392763	8434.722	-582.49949	584.525437	-3.731
113508	116.581286	34.373979	8175.708	339.987265	-751.496423	-3.398
113528	116.626913	34.355335	7973.248	266.762471	-788.645232	-2.789
113548	116.671195	34.336889	7833.156	-354.215461	-759.503792	-2.63
113608	116.716309	34.31841	7655.152	-19.862051	-833.089293	-3.049
113628	116.761952	34.300001	7425.507	481.82359	-669.331188	-3.502
113648	116.806797	34.281943	7179.38	420.651288	-701.260109	-3.545
113708	116.850277	34.264445	6954.083	464.585915	-660.129726	-3.39
113728	116.893394	34.247049	6740.392	276.565671	-748.322901	-3.34
113748	116.937363	34.229293	6521.124	191.676831	-766.144266	-3.337
113808	116.9816	34.2122	6309.0	-289.914978	715.495147	-2.977
113828	117.022686	34.200104	6125.119	161.230102	742.240442	-3.168
113848	117.066305	34.188302	5902.34	338.549929	676.841535	-3.163
113908	117.108675	34.176855	5699.713	696.116592	284.338482	-3.093
113928	117.151623	34.165165	5505.76	559.624807	488.97449	-3.197
113948	117.196544	34.152869	5281.331	568.423831	463.020344	-3.464
114008	117.236469	34.141887	5047.191	580.980204	428.551131	-3.531
114028	117.276923	34.130799	4814.707	542.130896	474.014498	-3.256
114048	117.320617	34.118791	4605.104	553.421917	465.964359	-2.696
114108	117.361624	34.107323	4453.144	655.787859	267.269761	-2.044
114128	117.3999	34.097065	4354.674	188.437438	648.96399	-1.509
114148	117.435637	34.088367	4270.808	-646.133915	-0.887976	-1.157
114208	117.469027	34.08024	4186.729	-629.370706	23.356304	-1.055
114228	117.503851	34.069874	4155.619	548.203855	-256.639093	-1.525
114248	117.539464	34.057817	4095.727	-71.218143	573.320032	-2.428
114308	117.573193	34.046095	3873.093	106.92689	554.460314	-3.396
114328	117.604504	34.034967	3535.24	-549.903331	145.129041	-3.964
114348	117.634587	34.023391	3264.678	561.240222	-148.738159	-3.622
114408	117.666558	34.012287	3101.527	171.592015	557.735051	-2.669
114428	117.70227	34.004843	2950.66	554.701221	-109.106688	-2.194
114448	117.734657	34.001855	2812.27	480.096671	-282.304446	-2.385
114508	117.768216	33.998677	2641.996	22.991363	-561.639321	-2.484
114528	117.801833	33.995138	2473.669	411.143393	-386.60169	-2.383
114548	117.834645	33.991925	2330.195	340.463556	-441.666087	-2.159
114608	117.868854	33.988581	2189.216	538.707544	-124.234358	-1.809
114628	117.90175	33.985351	2081.796	547.104642	4.023559	-1.452
114648	117.932177	33.982392	2011.211	364.911268	-390.859687	-1.275
114708	117.962765	33.979432	1927.64	213.695676	-467.26831	-1.423
114728	117.993606	33.976354	1823.19	412.253072	-263.145783	-1.681
114748	118.023279	33.973371	1704.455	464.474495	47.162139	-1.816
114808	118.050162	33.970896	1579.108	409.940205	-190.017879	-1.763
114828	118.075478	33.968521	1467.044	232.694546	-376.978841	-1.676
114848	118.101313	33.965878	1366.703	267.752875	-343.940085	-1.664
114908	118.128709	33.963074	1251.413	275.697674	-323.73824	-1.7
114928	118.153942	33.960558	1137.044	256.131996	-324.553069	-1.78
114948	118.17648	33.958333	1025.378	252.116547	-314.398905	-1.856
115008	118.200678	33.955863	891.798	245.920085	-304.697118	-1.823
115028	118.223847	33.953515	771.852	231.036279	-287.830318	-1.668
115048	118.244297	33.951499	680.121	214.627009	-267.081232	-1.514
115108	118.264348	33.949483	582.266	209.839865	-261.00328	-1.526
115128	118.283414	33.94755	474.324	198.639062	-247.168171	-1.356
115148	118.300988	33.945774	386.42	177.069371	-220.310854	-1.021
115208	118.317893	33.944043	353.834	167.554728	-208.468896	-1.093
115228	118.334115	33.942343	296.163	162.733271	-202.474955	-1.395
115248	118.349604	33.94071	198.009	158.560345	-197.2824	-1.61
115308	118.364444	33.939194	93.06	157.596171	-196.080573	-1.483
115328	118.378817	33.937812	15.237	159.913856	-198.963676	-0.836
