062557	73.8101	40.6458	213.0	50.680883	306.842709	0.0
062617	73.828066	40.652378	467.053	-204.786855	219.96586	2.812
062637	73.846687	40.649062	579.419	219.707591	-238.08807	1.378
062657	73.864555	40.637221	649.845	-380.748112	59.7925	1.488
062717	73.8821	40.6223	808.0	260.343128	-335.926265	3.485
062737	73.889433	40.599222	1077.684	233.622219	-399.296083	3.793
062757	73.870099	40.580104	1305.801	518.221915	-60.355568	3.421
062817	73.836035	40.575571	1527.229	-89.070119	-539.63319	3.784
062837	73.800566	40.581335	1801.592	-333.138116	439.394185	4.549
062857	73.768214	40.585928	2124.164	-513.041359	-164.887278	4.234
062917	73.732052	40.592184	2358.625	471.416001	290.843282	3.472
062937	73.695449	40.598987	2585.102	-475.511204	318.091625	2.831
062957	73.660714	40.611448	2721.556	-140.328524	558.870258	2.645
063017	73.632346	40.629463	2926.793	-575.625515	-8.420713	3.324
063037	73.60563	40.649505	3165.741	-477.910764	-329.360664	3.602
063057	73.578497	40.670381	3384.963	357.685891	467.00299	3.389
063117	73.551561	40.691826	3593.626	-287.164441	-521.891142	3.302
063137	73.523387	40.714173	3820.882	175.573774	581.603877	3.438
063157	73.49585	40.737124	4049.36	-33.035541	608.176045	3.165
063217	73.477779	40.760687	4204.679	326.793994	-474.986647	1.86
063237	73.476955	40.788977	4302.358	-376.714153	432.724912	1.716
063257	73.478197	40.818458	4433.94	520.050682	-280.392711	2.167
063317	73.486836	40.845215	4582.105	-529.431026	214.422141	1.919
063337	73.50679	40.869053	4687.914	467.515013	316.774323	1.489
063357	73.531226	40.891197	4779.204	-575.878927	-88.006292	1.534
063417	73.559905	40.913552	4890.847	-594.274592	101.665395	1.89
063437	73.588982	40.938079	5016.058	564.653853	-274.726364	2.45
063457	73.61426	40.962083	5184.243	587.872376	-258.97338	2.79
063517	73.640275	40.985756	5407.734	343.351605	547.400512	2.501
063537	73.66749	41.010958	5566.184	-29.537188	655.791532	2.084
063557	73.69559	41.038212	5653.876	299.013019	606.567932	1.965
063617	73.724397	41.066525	5791.039	-364.121468	589.326351	2.326
063637	73.752428	41.092311	5998.837	375.618984	-572.198292	3.059
063657	73.782793	41.110588	6199.796	366.192479	-519.615636	3.246
063717	73.82508	41.123125	6432.294	592.793569	-58.634009	2.147
063737	73.862616	41.129384	6554.006	-593.82965	-86.657984	1.394
063757	73.899166	41.134253	6599.082	305.318144	-541.592572	1.084
063817	73.939098	41.140556	6641.454	469.726294	-432.357151	1.181
063837	73.982464	41.147683	6745.106	496.05785	-413.175244	1.709
063857	74.02565	41.154675	6883.592	418.710964	-494.186367	2.183
063917	74.066956	41.16136	7033.08	459.036716	-456.164206	2.394
063937	74.107776	41.168111	7199.26	601.69588	-222.335812	2.554
063957	74.148488	41.173487	7371.678	376.403331	505.860247	2.555
064017	74.189757	41.17699	7535.95	321.528899	-535.044955	2.263
064037	74.232922	41.180164	7680.894	449.951701	434.090468	1.843
064057	74.274947	41.183902	7790.032	-12.463212	628.574577	1.428
064117	74.313626	41.187982	7860.331	353.200321	524.667738	1.11
064137	74.35459	41.191427	7925.665	576.181394	-276.364618	1.048
064157	74.400168	41.194892	7995.51	638.878316	-112.197872	0.844
064217	74.440295	41.196111	8036.875	-505.992573	-399.024647	0.708
064237	74.481748	41.189265	8090.816	639.026439	-55.218994	0.854
064257	74.520862	41.17398	8148.421	642.019142	95.04373	0.887
064317	74.559286	41.156235	8206.26	487.339493	-434.267927	0.998
064337	74.594792	41.139446	8270.613	451.661114	-474.188423	1.244
064357	74.630657	41.122693	8365.82	629.299158	-178.658261	1.516
064417	74.668428	41.105264	8479.343	619.924947	199.073488	1.629
064437	74.706806	41.087673	8586.389	627.187633	161.454662	1.712
064457	74.742117	41.071752	8687.496	611.13848	205.509057	2.422
064517	74.776128	41.056355	8868.112	627.525334	59.64327	3.261
064537	74.811149	41.040131	9152.59	472.911946	-370.566762	3.419
064557	74.844965	41.024388	9377.128	494.818729	-302.946982	2.734
064617	74.876623	41.009738	9477.717	483.04776	314.782288	1.348
064637	74.908675	40.994841	9503.899	160.612767	561.690326	0.282
064657	74.944099	40.979148	9535.441	-502.224461	315.290171	0.403
064717	74.980017	40.966586	9562.844	-584.001961	127.975456	0.46
064737	75.016801	40.957106	9592.295	99.504726	594.043777	0.405
064757	75.054599	40.948859	9621.083	-599.141943	104.915527	0.459
064817	75.092799	40.940422	9648.639	-570.190595	-231.037473	0.648
064837	75.131352	40.931594	9695.448	-220.280837	580.35384	0.964
064857	75.170191	40.922577	9770.942	87.421922	612.006937	1.408
064917	75.20922	40.913453	9882.467	-94.917022	603.215071	1.66
064937	75.247898	40.904349	10007.644	-63.866085	600.834136	1.485
064957	75.285416	40.895503	10089.602	-52.413887	600.161535	1.077
065017	75.323069	40.886763	10139.507	-64.92894	603.072713	0.807
065037	75.361565	40.877855	10185.395	-62.419963	608.69978	0.772
065057	75.400171	40.86866	10242.611	-60.176542	607.93594	0.744
065117	75.437971	40.859791	10291.035	-65.114792	607.095055	0.636
065137	75.475851	40.851147	10323.462	-63.454338	612.371989	0.471
065157	75.515826	40.841881	10352.949	-45.182635	620.553999	0.311
065217	75.555532	40.832543	10365.263	-100.480471	612.7785	0.122
065237	75.594015	40.82341	10362.405	15.468062	614.851607	-0.018
065257	75.632856	40.814086	10362.727	426.631199	442.649245	-0.008
065317	75.672488	40.804426	10363.256	509.676932	344.395276	0.005
065337	75.71163	40.79485	10362.893	485.102131	378.08925	-0.0
065357	75.749176	40.785734	10362.836	504.083228	352.597318	0.002
065417	75.786001	40.776815	10363.718	257.526132	557.127288	-0.019
065437	75.8237	40.767668	10362.067	-130.759138	597.286557	-0.045
065457	75.862475	40.758225	10356.928	-130.362806	595.916481	-0.045
065517	75.899853	40.749096	10355.299	255.616824	554.817086	-0.019
065537	75.937576	40.739979	10356.143	502.245226	350.043112	0.003
065557	75.97747	40.730427	10356.06	484.239582	374.422086	0.001
065617	76.017146	40.72072	10355.971	500.396918	351.97176	-0.002
065637	76.055427	40.711294	10355.983	437.269153	428.497709	0.001
065657	76.092783	40.702205	10355.943	375.460408	486.051064	0.003
065717	76.130856	40.692846	10356.294	541.505258	-298.075435	-0.012
065737	76.168776	40.683866	10355.656	-375.058773	495.760351	0.016
065757	76.210332	40.677085	10358.944	-530.511955	-329.64565	0.12
065817	76.248644	40.674502	10369.219	-260.158226	-571.356215	0.085
065837	76.288406	40.675695	10371.921	312.799867	-552.847171	0.008
065857	76.33232	40.680137	10370.285	-604.39573	-216.061912	-0.0
065917	76.374189	40.686648	10370.513	-112.809341	-633.642906	0.003
065937	76.415154	40.692981	10371.815	-117.528498	-634.23546	-0.014
065957	76.456978	40.698913	10370.612	-110.479351	-637.698459	-0.043
070017	76.500262	40.705279	10364.844	-110.393142	-639.203899	-0.047
070037	76.541626	40.711413	10362.16	-111.961635	-639.573123	-0.024
070057	76.581663	40.717297	10363.074	-111.578858	-640.497377	0.002
070117	76.623246	40.723414	10363.074	-111.855356	-642.098474	0.003
070137	76.665327	40.729628	10363.107	-111.792977	-641.78374	-0.005
070157	76.707461	40.735837	10363.191	-111.502442	-640.394345	-0.004
070217	76.750142	40.742048	10362.252	-112.167593	-641.288973	0.018
070237	76.792759	40.748232	10363.789	-111.510491	-642.2631	0.045
070257	76.834664	40.754364	10369.582	-110.224865	-640.234663	0.047
070317	76.876575	40.76049	10372.245	-116.70815	-637.588223	0.011
070337	76.919056	40.766628	10370.409	-105.354589	-637.781044	-0.055
070357	76.961385	40.772662	10365.422	-92.3801	-637.138379	-0.105
070417	77.001085	40.778334	10356.65	-131.805575	-633.072823	-0.058
070437	77.041341	40.784197	10354.914	339.3825	-551.649138	-0.01
070457	77.084759	40.790454	10356.369	394.24227	-512.428897	0.003
070517	77.12889	40.796701	10356.015	-97.005802	-639.594387	0.0
070537	77.169138	40.802416	10356.065	-83.923869	-644.471292	-0.004
070557	77.209626	40.8081	10355.703	-309.275996	-575.689118	0.009
070617	77.252542	40.814095	10355.902	-604.394819	-252.507074	0.039
070637	77.29545	40.820223	10359.789	-291.269684	-585.489298	0.069
070657	77.338345	40.82635	10365.739	-245.892321	-610.233221	0.074
070717	77.381447	40.8324	10370.819	-611.047253	-262.019984	0.043
070737	77.424492	40.838377	10372.376	-350.355292	-563.025802	-0.013
070757	77.467925	40.844467	10368.611	-132.00914	-647.098856	-0.04
070817	77.511554	40.850659	10363.326	-525.147246	-403.135499	-0.016
070837	77.554329	40.856683	10365.586	-638.360099	-182.922442	0.024
070857	77.597029	40.862595	10371.327	-610.12996	-264.728576	0.04
070917	77.640647	40.868563	10371.368	-608.901169	-268.391508	0.014
070937	77.682818	40.874307	10371.256	-613.68187	-252.359103	-0.017
070957	77.724449	40.879979	10370.737	-608.938827	-256.600682	-0.044
071017	77.767887	40.885913	10365.599	-608.464114	-255.48043	-0.072
071037	77.811015	40.891835	10359.456	-607.21217	-259.503217	-0.069
071057	77.853707	40.897687	10355.812	-610.183805	-254.323586	-0.037
071117	77.896817	40.903532	10355.667	-616.247088	-239.819975	-0.006
071137	77.937974	40.909092	10356.321	-584.132451	-307.872482	0.0
071157	77.97981	40.914684	10355.887	-621.162227	-227.090391	0.001
071217	78.025715	40.920646	10355.182	-620.330559	244.279432	0.029
071237	78.069057	40.925968	10359.05	-516.113123	423.428496	0.05
071257	78.110629	40.930937	10364.011	-557.350331	364.298457	0.027
071317	78.154276	40.936314	10363.677	-552.789614	374.166656	-0.032
071337	78.197406	40.941685	10359.065	-550.426116	381.50702	-0.054
071357	78.240783	40.946997	10355.362	-552.746579	381.338826	-0.03
071417	78.285638	40.952398	10355.697	-553.098128	384.312275	0.026
071437	78.330869	40.957961	10358.001	-570.457149	363.190767	0.098
071457	78.374882	40.963389	10366.616	-538.10441	413.263886	0.108
071517	78.417137	40.968495	10377.547	-525.135069	429.484601	0.022
071537	78.459147	40.973547	10371.681	-674.765047	-28.034195	-0.079
071557	78.502941	40.978818	10360.586	-638.249185	-211.48484	-0.118
071617	78.548626	40.984311	10356.765	-597.658387	305.606317	-0.084
071637	78.593154	40.989639	10351.395	-501.699805	443.162578	-0.053
071657	78.63586	40.994689	10347.498	-561.134692	361.733263	-0.035
071717	78.678404	40.999668	10348.026	-553.687362	373.197569	-0.008
071737	78.723487	41.004979	10346.869	-549.729898	382.565786	0.039
071757	78.767762	41.010224	10350.072	-552.62304	380.869837	0.09
071817	78.809417	41.015183	10360.893	-551.055872	382.756595	0.117
071837	78.853048	41.020429	10368.944	-566.758773	361.069772	0.092
071857	78.896953	41.025601	10371.096	-536.829836	406.192396	0.031
071917	78.941853	41.030733	10371.405	-653.711796	156.634089	-0.021
071937	78.988013	41.036003	10370.652	-618.704446	-259.718883	-0.042
071957	79.02982	41.040782	10364.919	-642.462493	198.386094	-0.046
072017	79.072221	41.045722	10362.075	-497.802118	453.346839	-0.024
072037	79.116531	41.050916	10363.107	-558.521628	375.413669	0.001
072057	79.160575	41.05599	10363.321	-552.05198	384.733763	-0.001
072117	79.204793	41.061024	10362.316	-582.698432	337.21868	0.012
072137	79.249361	41.066112	10363.348	-536.133711	406.600149	0.043
072157	79.293723	41.071214	10368.875	-129.868138	658.56067	0.052
072217	79.337053	41.076087	10372.712	73.930858	667.53515	0.006
072237	79.380408	41.080891	10370.45	24.674562	672.606157	-0.042
072257	79.424801	41.085868	10363.99	95.085292	665.310201	-0.02
072317	79.467112	41.090565	10365.12	-278.24338	608.313486	0.028
072337	79.509915	41.095304	10371.452	-545.540855	381.619388	0.038
072357	79.556692	41.100573	10372.187	-171.546989	642.285	-0.016
072417	79.599572	41.105372	10368.243	111.580863	656.261212	-0.066
072437	79.6404	41.109873	10362.402	11.911724	665.774976	-0.075
072457	79.686095	41.114901	10357.284	5.624471	663.63576	-0.05
072517	79.731729	41.119915	10355.614	27.338933	662.682287	-0.022
072537	79.7749	41.1246	10356.0	20.57836	664.681526	0.0
072557	79.81735	41.129112	10355.361	19.428246	665.53603	0.028
072617	79.86059	41.133753	10358.066	21.083767	665.952681	0.048
072637	79.9047	41.1385	10363.0	20.671194	667.680089	0.041
072657	79.948703	41.143094	10363.744	20.695252	671.252409	0.008
072717	79.992733	41.147759	10362.21	20.881894	673.283587	0.008
072737	80.0363	41.1525	10363.0	20.856864	673.677216	0.041
072757	80.078561	41.157062	10368.648	20.879874	675.227097	0.048
072817	80.120878	41.16154	10371.683	20.959368	675.372678	0.029
072837	80.1646	41.1661	10371.0	20.856864	673.677216	-0.0
072857	80.209786	41.170795	10371.697	20.565052	672.701172	-0.03
072917	80.253821	41.17533	10368.617	21.494206	672.930119	-0.047
072937	80.2974	41.1798	10363.0	20.856864	673.677216	-0.041
072957	80.34361	41.184586	10362.376	17.21919	673.853813	-0.012
073017	80.389381	41.189352	10363.331	30.841257	673.275318	0.006
073037	80.433221	41.193907	10363.204	42.175034	672.706336	0.004
073057	80.4768	41.198397	10362.943	-9.230442	673.867781	-0.001
073117	80.520402	41.20286	10362.993	2.266451	673.949822	-0.0
073137	80.563017	41.207229	10363.013	214.136458	640.060395	0.0
073157	80.607121	41.211739	10362.997	-353.34751	577.287844	-0.0
073217	80.652976	41.216353	10363.0	-231.271768	637.385405	-0.0
073237	80.69728	41.219854	10362.998	150.127273	659.571469	0.0
073257	80.741204	41.217905	10363.014	637.54443	225.070426	-0.0
073317	80.785321	41.21156	10363.011	-628.056224	254.580216	-0.0
073337	80.82903	41.205265	10362.942	-296.569133	610.544652	0.001
073357	80.872969	41.199567	10363.069	-532.026071	421.932345	-0.001
073417	80.91774	41.193691	10363.154	-519.907298	436.762982	-0.003
073437	80.962744	41.187734	10362.255	-431.854234	523.750483	0.018
073457	81.007067	41.182009	10363.987	-555.359337	388.000139	0.047
073517	81.050861	41.17646	10369.767	-669.216918	-85.639328	0.049
073537	81.095979	41.170545	10372.485	-521.357366	-424.498278	-0.007
073557	81.139811	41.166574	10368.084	-128.218529	657.270126	-0.068
073617	81.183099	41.166268	10360.747	46.852957	665.951306	-0.078
073637	81.22869	41.168405	10356.821	-595.08034	-303.052124	-0.047
073657	81.27305	41.17093	10355.551	-481.801356	-462.61712	-0.015
073717	81.315504	41.173064	10355.731	-502.453384	-439.776645	-0.0
073737	81.3583	41.175185	10356.282	-526.04187	-413.125758	-0.003
073757	81.402325	41.177412	10355.94	-520.899621	-423.139206	0.001
073817	81.447106	41.179623	10355.012	-521.438404	-424.98278	0.033
073837	81.491865	41.181776	10359.115	-523.02905	-423.580365	0.032
073857	81.535761	41.183908	10362.941	-522.737871	-423.91079	-0.001
073917	81.578926	41.186096	10357.612	-524.081759	-423.446841	-0.009
073937	81.624552	41.188334	10357.449	-521.003336	-427.49391	0.019
073957	81.670936	41.190504	10363.188	-524.197018	-423.736945	0.04
074017	81.713762	41.192502	10363.624	-536.50568	-410.498293	0.013
074037	81.75639	41.19454	10362.687	-489.118664	-466.570625	-0.005
074057	81.801526	41.196711	10363.025	-534.616148	-413.819367	0.0
074117	81.848634	41.198891	10363.251	-677.204282	38.119322	-0.003
074137	81.893393	41.200814	10362.393	-623.587483	268.533692	0.012
074157	81.935837	41.202593	10363.167	-643.822202	212.473141	0.042
074217	81.979469	41.204569	10368.63	-625.208913	262.570571	0.051
074237	82.02416	41.20664	10372.482	-677.306776	2.338249	0.013
074257	82.06937	41.208703	10370.782	-513.633456	-439.45418	-0.042
074317	82.114685	41.210727	10365.064	-445.473512	-508.628911	-0.051
074337	82.159035	41.212624	10362.063	-643.426004	-204.707421	-0.022
074357	82.203693	41.214498	10363.078	-636.085237	222.885291	-0.0
074417	82.250317	41.216511	10363.804	-627.511869	249.713614	-0.025
074437	82.294667	41.218423	10360.683	-647.554072	194.499947	-0.052
074457	82.33739	41.220188	10355.822	-641.731251	212.587557	-0.039
074517	82.38238	41.221978	10354.827	-642.320205	215.001792	0.019
074537	82.426353	41.223818	10358.608	-644.822878	211.035035	0.052
074557	82.470512	41.225694	10363.129	-644.831305	212.799838	0.039
074617	82.518574	41.227571	10363.414	-645.552394	214.356648	0.01
074637	82.564909	41.229393	10362.835	-648.88545	210.38332	-0.004
074657	82.608821	41.231191	10363.003	-649.361013	215.154723	0.0
074717	82.653899	41.233014	10362.919	-644.844274	230.005032	0.002
074737	82.697591	41.234704	10363.302	-661.155666	169.089063	-0.004
074757	82.740719	41.236279	10362.912	-642.583232	225.717959	0.001
074817	82.786679	41.238025	10361.452	-543.783615	416.224153	0.033
074837	82.833436	41.240288	10367.71	-636.334459	-255.174238	0.033
074857	82.878792	41.240405	10369.174	-636.272946	-250.194312	-0.02
074917	82.923007	41.234599	10360.609	-405.409274	-551.745704	-0.039
074937	82.967105	41.22433	10361.944	-66.0605	683.531905	0.025
074957	83.009985	41.214301	10367.919	-22.342787	686.811872	0.051
075017	83.051961	41.205001	10371.396	-173.842554	662.694417	0.033
075037	83.094455	41.195451	10370.896	-571.222433	371.87575	0.006
075057	83.139159	41.18557	10372.528	-638.288517	232.862587	-0.023
075117	83.184708	41.175474	10368.938	-605.691416	306.867612	-0.054
075137	83.226811	41.167234	10362.443	430.335327	522.159969	-0.061
075157	83.26809	41.16407	10362.138	-647.481786	-184.686822	-0.041
075217	83.314305	41.164348	10357.112	599.649294	310.594487	-0.04
075237	83.3577	41.165261	10354.588	58.644693	674.846475	-0.005
075257	83.401228	41.16607	10356.757	-205.997389	646.014516	0.043
075317	83.448876	41.166979	10361.526	-245.880359	631.918428	0.052
075337	83.494277	41.167875	10364.524	123.494323	666.532488	0.001
075357	83.537849	41.168727	10362.213	485.84486	473.024738	-0.042
075417	83.583519	41.169589	10356.42	484.958033	475.012772	-0.012
075437	83.629915	41.170488	10359.079	447.861364	510.330927	0.007
075457	83.674042	41.17131	10362.797	463.599119	496.218384	-0.002
075517	83.715803	41.171968	10357.098	464.360445	497.248625	-0.004
075537	83.762819	41.172674	10358.204	462.979895	501.186501	0.017
075557	83.810734	41.173402	10363.305	465.439996	501.595647	0.043
075617	83.852989	41.174054	10362.519	466.413721	502.660651	0.045
075637	83.899177	41.174805	10366.829	466.523189	503.171041	0.027
075657	83.946602	41.175479	10370.87	466.464514	502.945852	-0.006
075717	83.988613	41.17591	10365.019	466.414995	502.893586	-0.038
075737	84.033443	41.176591	10361.903	466.764832	503.298963	-0.027
075757	84.080617	41.177409	10363.145	467.200261	503.75685	0.003
075817	84.125032	41.178004	10363.134	467.211915	503.769527	0.002
075837	84.168916	41.178597	10362.937	467.085283	503.634824	-0.001
075857	84.214108	41.179203	10363.023	467.31042	503.876781	0.0
075917	84.260558	41.179723	10363.018	468.032863	504.655812	0.0
075937	84.306986	41.180176	10362.995	468.804428	505.487923	-0.0
075957	84.352588	41.180646	10362.999	469.195963	505.910063	-0.0
080017	84.397629	41.181241	10363.001	469.085958	505.791642	0.0
080037	84.444066	41.181811	10363.0	469.51337	506.251943	-0.0
080057	84.490824	41.182259	10363.0	470.499663	507.31554	0.0
080117	84.534124	41.182684	10363.0	470.638074	507.46769	-0.0
080137	84.58042	41.183254	10362.999	470.606275	507.425441	0.0
080157	84.630182	41.183857	10363.0	470.610186	507.431495	0.0
080217	84.674234	41.184135	10363.004	469.699207	506.489701	-0.0
080237	84.717695	41.184485	10362.993	469.121818	505.76064	0.0
080257	84.76376	41.18498	10363.012	469.176402	506.009763	-0.0
080317	84.80883	41.185234	10363.04	469.049153	506.16528	-0.002
080337	84.853971	41.185492	10362.807	469.970958	504.74152	0.008
080357	84.899816	41.185809	10362.808	469.586839	504.344618	0.008
080417	84.946158	41.186096	10363.453	466.126601	507.298204	-0.031
080437	84.991424	41.186422	10360.174	480.264006	494.458891	-0.055
080457	85.036598	41.18674	10355.608	459.511703	514.934329	-0.036
080517	85.083557	41.186939	10355.605	420.903191	548.543723	-0.006
080537	85.130513	41.187125	10356.325	637.464556	272.51823	0.001
080557	85.175997	41.187331	10355.879	676.708413	-159.61239	0.002
080617	85.220298	41.187531	10355.521	677.944679	-162.531058	0.028
080637	85.26632	41.18773	10358.222	695.101788	-82.074537	0.063
080657	85.313261	41.18793	10363.968	687.412981	-143.248001	0.075
080717	85.358908	41.188128	10369.813	670.858559	-207.357935	0.052
080737	85.40452	41.188336	10371.458	662.280144	232.429092	0.022
080757	85.450776	41.188525	10371.068	488.104074	504.579895	-0.004
080817	85.497593	41.188662	10371.667	700.329902	49.770485	-0.033
080837	85.544847	41.18876	10367.69	667.899361	-215.122771	-0.048
080857	85.591634	41.1888	10362.559	693.386171	-111.201289	-0.037
080917	85.637458	41.188789	10362.54	695.517645	-112.2944	-0.006
080937	85.684021	41.188857	10363.433	692.644028	-130.812986	-0.001
080957	85.730999	41.188892	10362.809	694.452029	-123.256046	0.003
081017	85.777376	41.188752	10362.195	697.962311	-123.8726	0.045
081037	85.824388	41.18864	10366.671	699.667495	-125.951258	0.082
081057	85.872028	41.188572	10374.583	698.530698	-125.321003	0.083
081117	85.919239	41.188407	10379.417	695.290467	-124.225734	0.03
081137	85.966227	41.188206	10378.201	692.111322	-123.77126	-0.038
081157	86.013913	41.188183	10373.073	691.455241	-123.646246	-0.05
081217	86.059942	41.188195	10370.663	690.035163	-123.482488	-0.034
081237	86.104982	41.188107	10371.061	687.201877	-122.924383	-0.039
081257	86.152331	41.187927	10367.103	686.238143	-122.197259	-0.08
081317	86.196801	41.187687	10359.063	685.961732	-123.529902	-0.11
081337	86.241346	41.18745	10351.171	687.142755	-117.084992	-0.076
081357	86.287857	41.187237	10347.467	683.927165	-133.861747	-0.024
081417	86.332704	41.187013	10347.851	676.167266	-167.525082	-0.01
081437	86.378342	41.186716	10347.635	692.263934	-84.035379	0.007
081457	86.425958	41.186372	10347.023	698.24573	-40.809303	0.041
081517	86.473493	41.186116	10353.888	445.348094	-541.948425	0.046
081537	86.521563	41.185674	10356.044	162.661719	-683.648116	0.054
081557	86.568225	41.185131	10356.878	283.561132	-643.219981	0.08
081617	86.611555	41.184796	10367.63	282.536371	-642.875549	0.088
081637	86.656653	41.184507	10373.524	261.45676	-651.359144	0.029
081657	86.704173	41.184163	10370.46	270.084968	-647.976694	-0.045
081717	86.751454	41.183767	10364.612	270.460033	-647.826155	-0.051
081737	86.797362	41.18335	10362.272	268.834177	-648.477152	-0.022
081757	86.843031	41.182965	10363.065	269.424864	-648.239135	0.001
081817	86.889928	41.182596	10363.076	269.438479	-648.226398	0.002
081837	86.936249	41.182028	10363.013	269.375242	-648.272927	-0.001
081857	86.983124	41.181442	10362.783	269.310738	-648.162306	0.005
081917	87.030222	41.180965	10363.364	269.495212	-648.418888	-0.008
081937	87.076594	41.180504	10363.582	269.812948	-649.100684	-0.038
081957	87.123412	41.179931	10358.515	269.248049	-649.199971	-0.028
082017	87.17013	41.179324	10356.523	270.586544	-649.284767	0.013
082037	87.216706	41.17873	10362.058	271.563942	-650.547875	0.041
082057	87.264794	41.178023	10364.08	263.923756	-652.576321	0.017
082117	87.31149	41.177287	10362.453	279.084476	-645.325918	0.002
082137	87.355881	41.176626	10362.4	285.031102	-644.479194	0.035
082157	87.40298	41.175991	10367.422	182.330778	-681.470698	0.049
082217	87.450257	41.175265	10371.609	398.885303	-580.875537	0.034
082237	87.495186	41.174452	10371.102	687.564423	-147.677795	0.006
082257	87.541027	41.173757	10371.431	567.659262	-413.549023	-0.021
082317	87.588057	41.17309	10370.03	206.261034	-670.907972	-0.05
082337	87.63521	41.172348	10364.305	261.807222	-651.24148	-0.075
082357	87.681926	41.17162	10358.388	204.519359	-672.270542	-0.063
082417	87.728102	41.170864	10355.662	392.227776	-583.246889	-0.032
082437	87.773939	41.170057	10355.995	685.595608	-151.079107	-0.006
082457	87.819833	41.169287	10355.399	575.689199	-402.640233	0.024
082517	87.866165	41.168414	10357.121	188.938963	-677.083885	0.045
082537	87.912878	41.167395	10362.27	235.373584	-661.511954	0.044
082557	87.959297	41.166491	10363.711	355.653773	-605.083495	0.018
082617	88.00543	41.165636	10362.791	153.148043	-685.132121	-0.004
082637	88.051569	41.164708	10362.777	-335.997397	-616.694073	-0.004
082657	88.097916	41.163768	10363.038	-314.591155	-629.134656	0.001
082717	88.144471	41.16284	10363.017	236.982728	-663.890759	0.0
082737	88.190912	41.161852	10362.987	-61.473651	-701.491792	-0.0
082757	88.237315	41.160856	10363.003	-386.916579	-586.710472	0.0
082817	88.28431	41.159867	10363.001	136.71075	-689.481218	0.0
082837	88.332775	41.158725	10362.999	414.106309	-568.237658	-0.0
082857	88.380094	41.157494	10363.0	162.382999	-683.904338	0.0
082917	88.424886	41.156297	10363.0	-328.181024	-621.514886	0.0
082937	88.471088	41.15512	10363.0	-451.812567	-539.8943	-0.0
082957	88.517685	41.154049	10363.0	-390.919336	-586.878712	0.0
083017	88.563331	41.153068	10363.0	-397.062701	-582.639652	0.0
083037	88.610943	41.151898	10363.0	-404.377253	-577.412129	-0.0
083057	88.657728	41.150644	10363.0	-400.67094	-580.195799	-0.0
083117	88.702983	41.149458	10363.0	-401.612194	-579.457598	-0.0
083137	88.750688	41.148282	10363.0	-401.562034	-578.803986	0.0
083157	88.798456	41.147009	10363.0	-402.344786	-580.54859	-0.0
083217	88.844521	41.145666	10363.0	-404.435916	-583.41289	-0.0
083237	88.890102	41.144396	10363.0	-404.772323	-583.842152	0.0
083257	88.936625	41.14311	10363.001	-404.358131	-583.33305	-0.0
083317	88.983922	41.141767	10363.001	-404.42663	-583.423967	-0.0
083337	89.030364	41.140446	10362.996	-404.927136	-583.934215	0.0
083357	89.077079	41.139077	10363.006	-404.981879	-584.4525	-0.0
083417	89.125324	41.137601	10363.01	-404.873715	-584.445045	-0.0
083437	89.174306	41.136098	10362.925	-406.713986	-583.63347	0.001
083457	89.22242	41.134648	10362.918	-407.454972	-584.4072	0.001
083517	89.268081	41.133315	10363.197	-402.943989	-589.364965	-0.003
083537	89.314213	41.131954	10362.897	-409.365618	-586.279376	0.002
083557	89.363989	41.13041	10362.185	-423.175528	-576.880414	0.03
083617	89.411545	41.128942	10366.108	-357.176267	-622.34163	0.048
083637	89.456281	41.127559	10371.274	-436.789659	-571.01412	0.039
083657	89.502394	41.126055	10371.249	-702.369141	-141.475345	0.012
083717	89.552009	41.12436	10371.45	-709.379735	104.413322	-0.018
083737	89.601558	41.122616	10370.831	-718.650818	21.979282	-0.041
083757	89.646488	41.121014	10365.187	-716.403128	19.519134	-0.047
083817	89.69258	41.119398	10362.115	-716.708194	12.126984	-0.026
083837	89.741114	41.117716	10363.046	-718.375667	30.464008	0.001
083857	89.788355	41.116047	10363.194	-707.726903	116.15003	0.002
083917	89.833854	41.114386	10362.789	-664.684604	-263.918225	0.001
083937	89.879875	41.112716	10363.045	-407.249627	-587.704411	-0.001
083957	89.928776	41.111033	10363.832	-668.825803	-253.610542	-0.022
084017	89.977409	41.109332	10361.09	-705.407617	112.630768	-0.043
084037	90.024363	41.107589	10356.155	-712.368478	30.257417	-0.042
084057	90.071196	41.105781	10355.449	-713.986466	7.28378	-0.014
084117	90.117827	41.104023	10356.201	-714.879025	31.842832	0.004
084137	90.16427	41.10229	10356.014	-715.546559	25.755497	0.0
084157	90.211027	41.100427	10355.911	-715.321081	22.645614	0.0
084217	90.257597	41.09859	10356.125	-716.26675	28.918318	-0.002
084237	90.304419	41.096793	10356.035	-718.463006	26.411987	-0.001
084257	90.352649	41.094863	10355.343	-718.897128	7.015109	0.025
084317	90.400335	41.092974	10357.975	-715.973108	73.467415	0.051
084337	90.4477	41.0911	10363.0	-720.548907	25.500456	0.041
084357	90.495901	41.089062	10364.38	-580.679496	-424.682416	-0.016
084417	90.538103	41.087236	10360.33	-301.850258	-653.459545	-0.051
084437	90.581224	41.085393	10355.938	-428.112669	-582.821967	-0.04
084457	90.6383	41.08297	10356.857	-708.752111	-156.418964	-0.013
084517	90.690402	41.08077	10352.5	-722.128518	98.062684	0.027
084537	90.734028	41.078903	10357.037	-731.813795	22.423947	0.294
084557	90.781344	41.076809	10398.123	-734.495828	23.738555	0.912
084617	90.830881	41.074605	10467.26	-734.06055	57.464429	1.253
084637	90.879828	41.072431	10560.763	-731.270608	-38.815144	1.227
084657	90.927617	41.070306	10649.771	-727.005219	6.246741	1.017
084717	90.97539	41.068146	10692.676	-494.300799	538.571514	0.836
084737	91.023237	41.065837	10740.072	-509.346242	529.719573	0.74
084757	91.072001	41.06342	10802.635	-734.224252	32.133765	0.734
084817	91.122756	41.061069	10835.759	-612.937219	411.524888	0.797
084837	91.172049	41.058762	10890.332	-285.71363	682.940052	0.792
084857	91.219674	41.056419	10962.664	-371.970929	638.625227	0.595
084917	91.269158	41.054009	10977.95	-394.78463	624.435764	0.21
084937	91.317344	41.051661	10971.105	-370.733054	639.465256	-0.019
084957	91.363472	41.049412	10972.888	-376.68604	635.827456	-0.002
085017	91.411016	41.047134	10973.474	-377.913451	633.807137	0.007
085037	91.459758	41.044703	10972.767	-375.255546	633.599948	-0.001
085057	91.508826	41.042172	10972.883	-374.981003	632.302894	0.001
085117	91.557975	41.039759	10973.706	-374.845609	631.638246	-0.019
085137	91.606849	41.037333	10971.716	-374.240559	630.927874	-0.052
085157	91.655051	41.034785	10965.919	-373.545572	629.703153	-0.075
085217	91.70239	41.032242	10960.535	-373.280812	629.225798	-0.068
085237	91.749812	41.029764	10957.29	-373.646242	629.861346	-0.024
085257	91.797814	41.027304	10957.385	-374.372888	631.082011	0.033
085317	91.845641	41.02473	10962.068	-374.764911	631.762914	0.048
085337	91.894276	41.022126	10965.315	-375.167038	632.393602	0.037
085357	91.944273	41.019534	10964.766	-375.886829	633.589826	0.038
085417	91.994105	41.016804	10968.465	-376.471972	634.89433	0.062
085437	92.04272	41.014116	10974.815	-377.396938	635.770225	0.076
085457	92.090531	41.011537	10979.396	-377.843642	636.286947	0.05
085517	92.139555	41.008736	10981.13	-375.672112	637.070368	-0.005
085537	92.189299	41.005842	10978.815	-380.44268	635.574693	-0.05
085557	92.238225	41.003052	10973.806	-383.753838	637.823227	-0.048
085617	92.285457	41.000301	10971.636	-357.181582	655.45992	0.004
085637	92.332961	40.997594	10974.302	-416.031895	620.685795	0.049
085657	92.382373	40.994868	10979.322	-435.80836	607.814734	0.045
085717	92.432588	40.991927	10980.684	92.775253	742.340847	0.016
085737	92.481899	40.988898	10979.763	264.547838	699.576636	-0.002
085757	92.530058	40.985937	10979.787	-317.442056	677.177948	0.001
085817	92.579213	40.982987	10980.806	-175.082394	727.963215	-0.014
085837	92.62878	40.980066	10979.457	391.244159	640.156007	-0.038
085857	92.67772	40.977158	10974.328	433.051654	614.430679	-0.044
085917	92.727544	40.974057	10972.424	24.08774	751.745638	-0.026
085937	92.777366	40.970952	10972.972	-426.445874	619.394389	0.005
085957	92.825753	40.968096	10972.484	-469.628005	587.439378	0.033
090017	92.874598	40.965189	10975.717	-67.122963	748.456567	0.051
090037	92.924399	40.962137	10980.521	369.263167	652.403687	0.035
090057	92.974271	40.959037	10981.131	370.491806	649.151231	-0.022
090117	93.023264	40.955952	10977.115	316.568281	676.727235	-0.052
090137	93.072265	40.952771	10972.753	336.324045	666.808895	-0.038
090157	93.122529	40.949397	10972.576	336.062533	663.276369	-0.009
090217	93.172296	40.946144	10973.191	330.609078	662.881515	0.004
090237	93.221028	40.943044	10972.99	331.615049	661.529682	-0.0
090257	93.269256	40.939903	10972.949	331.640224	661.220908	-0.0
090317	93.315909	40.936815	10973.073	330.224402	659.146436	-0.001
090337	93.36171	40.933744	10972.982	328.822469	656.103601	0.0
090357	93.408604	40.93055	10972.704	328.337309	655.090277	0.005
090417	93.456276	40.927339	10973.834	327.10893	652.772758	-0.017
090437	93.504532	40.924139	10972.765	325.701227	649.870602	-0.041
090457	93.553359	40.920884	10966.167	325.833057	649.857622	-0.016
090517	93.601591	40.917573	10967.331	325.039514	649.393313	0.013
090537	93.649405	40.914233	10973.077	324.43739	647.134322	-0.002
090557	93.697758	40.910897	10968.75	325.549161	645.554429	-0.063
090617	93.745528	40.907572	10960.84	319.438163	648.82574	-0.061
090637	93.792661	40.904232	10958.087	325.705712	646.665757	0.003
090657	93.840203	40.90084	10963.066	347.377465	636.831505	0.036
090717	93.888321	40.897414	10965.252	259.961983	678.459837	0.041
090737	93.93605	40.894034	10965.132	343.727106	640.612409	0.041
090757	93.982629	40.89073	10970.654	698.839655	199.985179	0.046
090817	94.030568	40.887255	10974.068	690.043575	230.395912	0.024
090837	94.07885	40.88373	10972.914	306.314391	661.62436	0.0
090857	94.124865	40.880433	10972.144	203.97854	702.021431	0.027
090917	94.172993	40.8769	10975.409	541.859227	493.828164	0.047
090937	94.2225	40.8732	10980.0	729.863371	77.816835	0.036
090957	94.268852	40.869789	10980.325	732.038762	27.108613	0.014
091017	94.3156	40.866268	10980.245	726.07807	95.192048	-0.013
091037	94.36454	40.862489	10980.12	729.690627	78.834073	-0.04
091057	94.413368	40.858777	10975.675	730.590816	73.922424	-0.049
091117	94.460957	40.85516	10972.194	729.442841	78.996892	-0.028
091137	94.508105	40.851562	10972.833	728.10226	77.782158	-0.0
091157	94.556851	40.847913	10974.029	725.401913	77.062104	-0.021
091217	94.605425	40.84422	10971.06	725.735309	77.464197	-0.048
091237	94.652129	40.840559	10965.353	729.560235	77.795533	-0.043
091257	94.69784	40.836976	10964.505	731.391585	77.959515	-0.018
091317	94.74741	40.833069	10964.859	734.731908	78.342377	0.011
091337	94.799718	40.828899	10964.797	740.370383	78.937949	0.038
091357	94.84674	40.825127	10969.134	742.689393	79.182085	0.068
091417	94.8938	40.821336	10975.457	742.75731	79.193554	0.073
091437	94.944102	40.817298	10979.781	742.770659	79.194044	0.044
091457	94.993087	40.813415	10980.333	743.208844	79.228918	0.013
091517	95.04187	40.809519	10980.026	744.311905	79.378657	-0.006
091537	95.091143	40.8055	10980.085	745.669123	79.515973	-0.002
091557	95.138959	40.801549	10978.944	746.167846	79.405787	0.029
091617	95.186794	40.797626	10982.304	745.196177	79.748771	0.038
091637	95.235854	40.793611	10987.915	743.828261	79.499579	0.004
091657	95.285455	40.789433	10983.832	743.875838	77.236946	-0.036
091717	95.335191	40.785225	10978.812	740.871384	83.107866	-0.03
091737	95.384603	40.781106	10979.759	735.993942	81.142692	-0.0
091757	95.432983	40.777085	10981.457	735.66831	49.963371	-0.036
091817	95.479634	40.773112	10977.222	724.911052	134.678051	-0.099
091837	95.526325	40.769046	10966.998	724.301926	145.612703	-0.118
091857	95.576811	40.764715	10959.182	623.759798	-396.541373	-0.058
091917	95.626032	40.760466	10958.849	527.332525	-517.807004	0.019
091937	95.670933	40.756497	10964.166	738.627037	27.815363	0.043
091957	95.717818	40.752409	10965.931	709.605469	-201.786782	0.017
092017	95.76706	40.748078	10964.557	359.242135	-643.674625	0.001
092037	95.81624	40.743661	10964.534	391.970886	-626.147766	0.032
092057	95.863985	40.739454	10968.666	720.31104	-166.866011	0.068
092117	95.912767	40.735182	10974.796	738.188836	27.811043	0.073
092137	95.963059	40.730704	10979.318	562.01581	-477.448266	0.045
092157	96.009858	40.726496	10980.272	388.651183	-624.974327	0.018
092217	96.055905	40.722343	10980.104	472.261839	-562.97958	-0.005
092237	96.105379	40.717884	10980.601	468.802022	-565.088811	-0.033
092257	96.154914	40.713395	10977.142	454.320556	-575.668886	-0.046
092317	96.202499	40.709063	10972.571	459.084228	-569.757832	-0.032
092337	96.248395	40.704881	10972.302	457.926718	-568.040223	-0.004
092357	96.294487	40.700665	10973.826	456.154475	-568.293065	-0.01
092417	96.341795	40.696275	10972.816	456.727519	-568.219623	-0.042
092437	96.389824	40.691731	10967.253	456.906314	-568.344046	-0.048
092457	96.436398	40.687342	10964.342	456.324943	-567.810123	-0.029
092517	96.4829	40.683	10965.0	455.442195	-566.658104	-0.0
092537	96.53271	40.678305	10964.326	454.886961	-565.953202	0.028
092557	96.581707	40.673633	10966.969	454.878985	-565.968567	0.049
092617	96.627647	40.669217	10972.776	454.842494	-565.914465	0.042
092637	96.67281	40.664871	10974.515	453.929397	-564.729028	-0.012
092657	96.720361	40.660298	10970.592	453.622696	-564.498204	-0.051
092717	96.769679	40.655535	10965.157	454.735545	-565.810806	-0.042
092737	96.816924	40.650922	10964.586	456.319502	-567.104499	-0.015
092757	96.864174	40.646305	10964.821	456.568115	-569.513987	0.012
092817	96.912224	40.641631	10964.893	458.300045	-570.661757	0.039
092837	96.959199	40.637051	10969.378	463.870034	-568.090973	0.07
092857	97.006908	40.63236	10975.898	450.022973	-580.302803	0.069
092917	97.054962	40.627629	10979.944	457.367891	-575.318999	0.042
092937	97.100802	40.623158	10979.346	519.665722	-520.372054	0.039
092957	97.14907	40.61835	10982.408	291.099694	-673.888491	0.036
093017	97.199292	40.613244	10987.933	-216.793463	-699.196673	0.003
093037	97.245129	40.608622	10984.222	-286.720889	-674.484485	-0.057
093057	97.291215	40.603921	10976.923	-213.709913	-702.929511	-0.074
093117	97.340141	40.598854	10973.056	-231.902425	-696.552826	-0.042
093137	97.388755	40.593856	10973.463	-235.66877	-691.062256	-0.034
093157	97.435686	40.589077	10971.104	-230.256261	-692.529026	-0.047
093217	97.48222	40.584343	10965.228	-232.842987	-695.92724	-0.042
093237	97.530771	40.579352	10963.478	-233.578574	-696.916726	0.012
093257	97.578348	40.574405	10967.395	-233.279359	-697.297689	0.051
093317	97.624818	40.569548	10972.838	-233.884838	-698.793451	0.042
093337	97.673543	40.564473	10973.525	-234.600267	-700.844352	0.013
093357	97.720762	40.559502	10972.928	-235.018413	-702.183783	-0.006
093417	97.767157	40.55456	10973.029	-235.469866	-703.510864	-0.001
093437	97.818497	40.549125	10972.212	-236.574848	-706.814692	0.028
093457	97.869555	40.543717	10975.041	-237.278428	-708.896129	0.044
093517	97.91689	40.538649	10979.895	-237.115285	-708.420182	0.041
093537	97.962799	40.533676	10979.456	-236.737723	-707.420002	0.043
093557	98.009259	40.528714	10982.17	-236.25009	-705.607271	0.034
093617	98.057466	40.523626	10987.914	-235.588381	-703.712493	0.004
093637	98.10748	40.518212	10983.66	-235.021764	-703.790428	-0.03
093657	98.157421	40.512714	10979.217	-236.3494	-702.914917	-0.04
093717	98.206167	40.507333	10980.03	-235.283017	-700.852319	-0.039
093737	98.254268	40.502035	10977.034	-226.968904	-700.48901	-0.069
093757	98.301647	40.496832	10969.842	-246.467323	-691.912936	-0.064
093817	98.348267	40.491711	10964.939	-241.703481	-693.102822	-0.005
093837	98.394618	40.486585	10969.841	-133.559628	-720.987788	0.018
093857	98.441973	40.481347	10972.717	-394.118177	-615.67736	-0.021
093917	98.490594	40.475929	10966.239	-702.173135	-195.816122	-0.074
093937	98.538826	40.470384	10959.237	-555.446425	-475.152526	-0.044
093957	98.584666	40.465118	10959.023	-112.674314	-722.804831	0.018
094017	98.628899	40.46016	10964.433	-177.550659	-707.113481	0.041
094037	98.675785	40.454895	10965.512	-585.489508	-438.117646	0.023
094057	98.724884	40.449342	10965.196	-726.268895	-113.446162	-0.012
094117	98.773507	40.443787	10965.492	-719.475238	-158.642872	-0.034
094137	98.819317	40.438436	10960.835	-703.155686	-224.719905	-0.027
094157	98.865799	40.433011	10958.205	-726.220896	-146.341435	0.013
094217	98.915301	40.42732	10963.381	-736.24388	-109.362175	0.067
094237	98.963589	40.421704	10969.11	-492.649798	-560.43465	0.087
094257	99.011918	40.416074	10974.456	-275.963511	-694.582509	0.07
094317	99.061838	40.41032	10979.468	-685.485004	-303.030706	0.044
094337	99.109762	40.404729	10979.544	-746.528622	-84.239426	0.04
094357	99.156827	40.399176	10980.944	-724.776027	-200.777181	0.038
094417	99.205437	40.393443	10987.314	-726.838856	-194.973938	0.011
094437	99.254726	40.387615	10985.201	-733.486312	-178.198337	-0.027
094457	99.304214	40.381711	10979.304	-732.400892	-186.589405	-0.039
094517	99.354024	40.375713	10979.475	-730.105362	-185.670204	-0.009
094537	99.404328	40.369684	10980.338	-731.241147	-184.473562	0.004
094557	99.452938	40.36385	10979.925	-732.882976	-185.497597	0.0
094617	99.498327	40.358331	10979.787	-730.777381	-184.955239	0.003
094637	99.54453	40.352724	10980.659	-729.407066	-184.532304	-0.016
094657	99.593248	40.346785	10979.481	-728.847909	-184.392318	-0.044
094717	99.643481	40.34057	10974.385	-727.281251	-183.923934	-0.047
094737	99.693034	40.334448	10972.262	-727.745604	-184.451539	-0.022
094757	99.741136	40.328518	10973.095	-729.118298	-184.21329	0.002
094817	99.788761	40.322615	10973.075	-728.092395	-182.954354	0.002
094837	99.838195	40.316483	10973.011	-724.847916	-187.940144	-0.002
094857	99.887082	40.310421	10972.955	-725.979799	-180.058758	0.001
094917	99.932959	40.304727	10972.757	-728.832306	-166.913962	0.004
094937	99.981051	40.298765	10973.915	-703.997737	-242.14149	-0.019
094957	100.031542	40.292467	10972.53	-726.504726	-151.072636	-0.041
095017	100.080949	40.286219	10966.147	-660.311272	345.899795	-0.017
095037	100.127731	40.280281	10966.907	-416.647901	621.399427	0.026
095057	100.173636	40.274397	10973.229	-563.11116	490.600618	0.04
095117	100.221528	40.268151	10974.223	-737.184647	-93.968254	-0.012
095137	100.270377	40.261857	10970.658	-739.950517	51.617273	-0.068
095157	100.318573	40.255694	10964.659	-539.611775	509.23445	-0.075
095217	100.365501	40.249569	10958.722	-733.757556	97.672291	-0.025
095237	100.413018	40.243394	10959.742	-657.676639	-341.552326	0.022
095257	100.461207	40.237207	10964.856	-716.866045	-202.154194	0.036
095317	100.508498	40.23112	10965.002	-688.500812	290.628241	0.031
095337	100.555057	40.22509	10966.069	-505.688285	551.342583	0.045
095357	100.601725	40.21902	10972.012	-538.060854	519.655394	0.074
095417	100.64949	40.2128	10977.768	-556.152746	500.086234	0.065
095437	100.698882	40.206273	10980.544	-543.434998	514.107371	0.026
095457	100.748847	40.199581	10980.198	-545.663515	511.737803	0.0
095517	100.796728	40.19324	10979.085	-546.080067	509.510137	0.019
095537	100.842837	40.187204	10981.53	-542.767459	508.264465	0.049
095557	100.889311	40.181066	10987.323	-539.903075	505.265791	0.045
095617	100.938356	40.174389	10989.431	-538.673528	503.945196	-0.004
095637	100.986984	40.167722	10986.457	-537.72101	503.147805	-0.055
095657	101.033292	40.161437	10980.807	-536.174372	501.676566	-0.075
095717	101.079653	40.155133	10976.108	-535.046051	500.823959	-0.08
095737	101.126334	40.148778	10970.968	-534.18919	499.507835	-0.071
095757	101.172992	40.142449	10965.519	-532.675414	498.069925	-0.046
095817	101.219756	40.136122	10964.187	-530.215729	498.761272	-0.01
095837	101.266389	40.129773	10965.528	-532.596403	493.744734	-0.005
095857	101.31333	40.123296	10965.417	-531.206678	492.169642	-0.037
095917	101.361598	40.116569	10960.812	-510.313755	514.095786	-0.047
095937	101.408132	40.110115	10957.518	-562.118551	461.472767	-0.035
095957	101.452358	40.104044	10958.065	-575.698576	450.995292	-0.008
100017	101.49907	40.097582	10956.743	-118.787291	724.225061	0.04
100037	101.547899	40.090723	10960.235	63.379213	732.727071	0.09
100057	101.595942	40.083908	10971.144	-483.302809	556.173723	0.116
100117	101.641005	40.077578	10977.329	-523.368323	519.232524	0.103
100137	101.686165	40.071252	10981.686	-629.866556	382.354774	0.073
100157	101.734423	40.064449	10987.784	-715.801649	-175.228935	0.043
100217	101.78402	40.057472	10989.257	-698.83272	240.427054	-0.009
100237	101.830155	40.050965	10986.209	-496.885523	548.574795	-0.062
100257	101.87392	40.044727	10980.348	-545.133353	500.384382	-0.077
100317	101.921762	40.037833	10973.928	-179.90444	719.261974	-0.031
100337	101.969921	40.030857	10974.577	247.55767	699.215688	0.011
100357	102.017112	40.02401	10979.876	168.394151	720.711021	0.003
100417	102.067364	40.016724	10976.384	-310.169302	671.592734	-0.031
100437	102.114866	40.009906	10972.071	-608.801878	420.869101	-0.035
100457	102.159057	40.003575	10972.878	-563.80087	479.360463	-0.002
100517	102.208165	39.996358	10973.294	-147.141351	724.660833	0.003
100537	102.256991	39.989202	10972.829	193.551363	713.022821	0.001
100557	102.302376	39.982619	10972.872	146.003778	725.049727	0.002
100617	102.349949	39.975515	10973.879	118.184467	733.851406	-0.022
100637	102.397551	39.968349	10971.386	138.775006	731.834339	-0.046
100657	102.443365	39.961531	10965.565	134.827654	729.999415	-0.043
100717	102.490468	39.954522	10964.447	132.603987	729.400109	-0.019
100737	102.538519	39.947432	10964.897	134.279624	730.352882	0.01
100757	102.586715	39.940374	10964.718	134.40742	732.456531	0.036
100817	102.635569	39.933119	10968.833	134.581689	734.238228	0.067
100837	102.684221	39.925904	10975.156	134.782468	734.742028	0.074
100857	102.731914	39.918861	10979.643	134.745893	734.64432	0.046
100917	102.778958	39.911711	10980.438	135.016624	736.177072	0.013
100937	102.826017	39.904457	10979.88	135.436839	738.433449	-0.003
100957	102.873462	39.897189	10979.976	135.657247	739.642829	-0.001
101017	102.92097	39.889948	10980.023	135.5304	738.910338	0.001
101037	102.967514	39.882828	10980.005	135.153917	736.963978	-0.001
101057	103.013337	39.875772	10980.013	134.920078	735.693784	-0.0
101117	103.06053	39.868514	10979.889	135.269401	736.970829	0.003
101137	103.108678	39.861094	10980.197	135.085337	737.489927	-0.006
101157	103.157306	39.853551	10980.21	134.779674	735.881912	-0.035
101217	103.207085	39.845779	10977.214	136.469988	736.091749	-0.071
101237	103.256783	39.837974	10970.752	133.359062	738.617109	-0.068
101257	103.304657	39.830446	10965.106	132.440379	740.11083	-0.012
101317	103.349954	39.823398	10968.722	154.360025	736.107646	0.034
101337	103.395759	39.816334	10973.836	107.306559	744.283653	0.036
101357	103.443744	39.808897	10973.258	90.996879	746.479383	0.005
101417	103.490982	39.801429	10972.751	476.016862	582.063014	-0.004
101437	103.539175	39.793751	10973.06	728.832923	185.732689	0.001
101457	103.589105	39.785847	10973.019	723.156315	207.00721	0.0
101517	103.636802	39.778319	10972.982	367.908087	654.14956	-0.0
101537	103.683342	39.770991	10973.005	197.197547	724.098045	0.0
101557	103.730691	39.763515	10973.002	654.634636	371.848423	0.0
101617	103.778249	39.755875	10972.994	724.429451	199.943029	0.0
101637	103.826312	39.748015	10973.008	685.300793	304.700043	-0.0
101657	103.874407	39.740124	10973.012	692.827805	291.586823	-0.0
101717	103.920558	39.732713	10972.932	698.426091	279.591512	0.001
101737	103.967753	39.725154	10973.102	695.019217	286.89612	-0.002
101757	104.016766	39.717153	10973.16	695.463241	285.91068	-0.003
101817	104.062142	39.709657	10972.061	696.103872	285.147864	0.025
101837	104.108561	39.702012	10974.474	695.330181	285.453821	0.039
101857	104.159205	39.693735	10979.788	693.995644	284.821862	0.008
101917	104.20748	39.685813	10976.657	693.870707	284.705536	-0.027
101937	104.253647	39.678229	10972.595	693.601168	284.621575	-0.043
101957	104.300401	39.670563	10973.334	692.226292	284.045184	-0.041
102017	104.348221	39.662664	10968.663	691.53714	283.874209	-0.039
102037	104.394918	39.654931	10964.631	690.689044	283.27856	-0.042
102057	104.440653	39.647378	10965.364	689.329024	282.63412	-0.043
102117	104.490071	39.639194	10960.667	689.923708	284.505193	-0.023
102137	104.53797	39.631217	10958.573	693.250023	282.373447	0.01
102157	104.581471	39.623909	10964.204	694.791242	281.793928	0.038
102217	104.628353	39.615962	10965.144	687.871839	301.766996	0.041
102237	104.678391	39.607415	10965.951	705.779909	260.148444	0.044
102257	104.727961	39.598937	10971.867	711.564061	245.618394	0.063
102317	104.775043	39.590997	10976.077	492.415681	571.887145	0.072
102337	104.820871	39.58328	10979.31	145.202828	743.522643	0.068
102357	104.86769	39.575234	10984.983	405.217706	643.053581	0.054
102417	104.915282	39.567042	10988.61	761.032069	14.895282	0.031
102437	104.963738	39.558776	10988.081	616.993014	-445.51304	0.004
102457	105.014147	39.550111	10988.246	760.857845	1.525512	-0.018
102517	105.062196	39.541792	10987.216	720.660909	238.234421	-0.06
102537	105.107515	39.533929	10981.402	665.064541	-359.821447	-0.113
102557	105.15695	39.525355	10970.507	490.728778	-576.244515	-0.106
102617	105.20621	39.516789	10963.92	717.441001	-245.127026	-0.058
102637	105.251736	39.50887	10964.884	705.118484	277.965571	-0.007
102657	105.297444	39.500995	10964.312	755.118534	-80.918711	0.031
102717	105.344749	39.492762	10966.763	568.889631	-506.529267	0.04
102737	105.393647	39.484116	10972.672	614.298723	-452.437595	0.038
102757	105.443413	39.475375	10971.659	638.184897	-418.180909	0.067
102817	105.490777	39.467078	10976.638	621.432038	-443.020739	0.067
102837	105.536059	39.459059	10987.776	624.970908	-439.322175	0.009
102857	105.584842	39.450305	10979.762	627.961823	-434.851612	-0.037
102917	105.633497	39.441695	10972.996	622.191382	-440.459054	-0.033
102937	105.680038	39.433572	10979.547	621.150293	-439.558446	-0.002
102957	105.729279	39.424674	10976.561	641.141954	-412.78648	-0.015
103017	105.778472	39.415781	10972.899	593.795483	-477.982212	-0.054
103037	105.825372	39.407459	10973.718	589.940419	-478.951342	-0.079
103057	105.872946	39.398829	10963.545	759.387877	80.803774	-0.074
103117	105.922629	39.38982	10957.109	741.878974	191.645108	0.008
103137	105.97231	39.380928	10964.44	640.466011	-416.685476	0.114
103157	106.018266	39.372686	10975.788	527.18971	-552.710366	0.11
103217	106.063956	39.364651	10981.17	699.530549	-306.815302	0.047
103237	106.112493	39.355072	10980.051	-537.585879	-545.275914	0.001
103257	106.162328	39.342306	10980.019	-236.723735	-734.012181	0.001
103317	106.208019	39.329055	10979.909	-155.097462	-751.520652	0.004
103337	106.25335	39.315687	10980.465	100.703546	-759.638641	-0.014
103357	106.299643	39.302168	10979.605	-578.458303	-507.233046	-0.045
103417	106.345644	39.28867	10974.96	-576.104546	-510.301755	-0.071
103437	106.391087	39.275415	10969.572	-496.208772	-585.298998	-0.08
103457	106.437078	39.262034	10964.478	-528.537271	-554.521521	-0.075
103517	106.484299	39.24818	10959.511	-531.451963	-554.747565	-0.057
103537	106.53005	39.234693	10956.729	-525.930413	-561.240691	-0.005
103557	106.575329	39.221335	10958.432	-528.150188	-559.076482	0.043
103617	106.622671	39.20738	10963.84	-529.68681	-560.494372	0.042
103637	106.669417	39.193595	10964.451	-530.253418	-562.002883	0.05
103657	106.714977	39.180126	10965.303	-531.4231	-562.914882	0.077
103717	106.760828	39.166513	10975.842	-533.909285	-565.51483	0.087
103737	106.807463	39.152621	10981.713	-535.08238	-566.827507	0.048
103757	106.855221	39.138378	10979.903	-534.742181	-566.444473	-0.001
103817	106.903687	39.123931	10979.471	-534.752595	-566.45304	0.0
103837	106.94988	39.11013	10980.86	-534.635353	-566.33408	-0.015
103857	106.995014	39.096606	10979.785	-534.79569	-566.502107	-0.041
103917	107.042456	39.082378	10973.944	-536.169325	-567.956317	-0.015
103937	107.088893	39.068426	10975.214	-537.287396	-569.143853	0.01
103957	107.134088	39.05481	10980.02	-536.734038	-568.554901	-0.001
104017	107.180772	39.040724	10975.464	-534.852583	-566.552293	-0.035
104037	107.228188	39.02646	10971.977	-535.949545	-567.753436	-0.03
104057	107.275566	39.012183	10973.054	-538.971987	-570.91791	0.001
104117	107.323085	38.997721	10973.229	-539.261711	-571.090074	0.002
104137	107.371693	38.98292	10972.729	-538.480098	-570.835708	0.001
104157	107.419441	38.968421	10972.785	-538.59057	-570.978828	0.003
104217	107.462682	38.955262	10973.85	-539.954869	-569.983731	-0.019
104237	107.506514	38.941885	10971.918	-537.55553	-571.907655	-0.045
104257	107.555171	38.927031	10966.031	-535.922438	-573.266682	-0.045
104317	107.603106	38.91241	10964.334	-553.36714	-559.105875	-0.022
104337	107.649969	38.898103	10964.993	-524.56367	-590.411915	0.006
104357	107.697389	38.88357	10964.633	-497.343596	-616.914791	0.028
104417	107.744625	38.869017	10967.511	-730.420838	-311.144894	0.058
104437	107.792432	38.854249	10973.304	-778.709243	160.472216	0.076
104457	107.841397	38.839138	10978.585	-773.301942	191.345683	0.057
104517	107.888172	38.82469	10980.58	-786.69025	127.330388	0.021
104537	107.9334	38.810687	10979.962	-783.150837	148.27085	-0.0
104557	107.980537	38.796061	10979.681	-784.71366	151.63969	0.002
104617	108.02814	38.781261	10980.478	-786.275322	146.387603	-0.01
104637	108.075603	38.76645	10980.136	-784.347791	147.365698	-0.039
104657	108.12393	38.751302	10975.555	-783.779401	147.657411	-0.049
104717	108.171508	38.736439	10972.345	-784.755904	147.427399	-0.03
104737	108.217937	38.721962	10972.923	-786.109733	147.767279	-0.002
104757	108.265197	38.70707	10973.083	-786.990909	147.966542	0.005
104817	108.314007	38.691727	10973.09	-787.244389	147.987688	-0.004
104837	108.362776	38.676483	10973.084	-787.205232	147.985795	-0.002
104857	108.408748	38.661968	10972.044	-787.329599	147.99651	0.029
104917	108.455535	38.647147	10975.055	-786.935827	147.96201	0.036
104937	108.504089	38.631838	10979.968	-786.242628	147.83027	0.004
104957	108.550128	38.61735	10975.932	-786.729226	147.704615	-0.01
105017	108.596063	38.602796	10973.335	-787.295947	148.339432	0.011
105037	108.643929	38.587516	10978.74	-787.191958	148.527696	0.037
105057	108.691389	38.572422	10981.372	-787.336164	145.475418	0.004
105117	108.738537	38.557425	10979.162	-785.313345	150.836526	-0.053
105137	108.78595	38.54226	10974.465	-783.162579	154.425073	-0.076
105157	108.832559	38.527355	10968.368	-789.661508	113.56173	-0.064
105217	108.879135	38.512434	10964.503	-775.059892	190.320489	-0.032
105237	108.926341	38.497339	10964.739	-755.59729	257.109621	-0.005
105257	108.972785	38.482733	10965.155	-737.612548	-303.172539	0.003
105317	109.01886	38.467344	10964.991	-558.539979	570.688618	-0.001
105337	109.065434	38.449716	10965.048	-364.488089	-714.651139	-0.002
105357	109.111778	38.430678	10964.727	-670.446911	442.456532	0.009
105417	109.157247	38.411454	10965.217	-787.392721	-158.210369	0.035
105437	109.201754	38.392824	10968.267	-767.397239	-244.788471	0.065
105457	109.246206	38.374301	10974.029	-806.103985	-60.139248	0.062
105517	109.291555	38.355303	10979.772	-807.585815	-58.939019	0.015
105537	109.338331	38.335593	10977.116	-805.43869	-88.632273	-0.008
105557	109.384846	38.315989	10973.086	-807.373342	-77.923924	0.001
105617	109.429345	38.297314	10978.436	-808.888552	-77.54079	0.005
105637	109.474561	38.278228	10978.86	-809.239508	-79.898063	-0.014
105657	109.520314	38.258804	10973.376	-809.948917	-79.196476	-0.035
105717	109.564421	38.240103	10972.438	-812.958545	-79.23069	-0.021
105737	109.609559	38.22092	10972.859	-815.943244	-79.756677	0.011
105757	109.656842	38.200794	10972.673	-817.050572	-79.829794	0.038
105817	109.703187	38.181197	10976.994	-817.207035	-79.693228	0.048
105837	109.748964	38.161737	10980.678	-817.046858	-80.009311	0.032
105857	109.794865	38.14203	10980.144	-817.059269	-80.020569	0.003
105917	109.84	38.122753	10979.785	-817.489238	-78.185307	-0.003
105937	109.88435	38.10384	10980.083	-816.552985	-82.145494	0.0
105957	109.929023	38.084723	10980.073	-814.967271	-83.327155	-0.001
110017	109.97584	38.064734	10979.637	-816.679896	-57.965215	0.006
110037	110.02278	38.044643	10980.531	-811.440228	-112.18411	-0.01
110057	110.06764	38.025293	10980.831	-808.687915	-130.75768	-0.065
110117	110.111053	38.006468	10972.927	-746.403661	333.466015	-0.108
110137	110.154771	37.987501	10962.995	-455.352161	676.754306	-0.106
110157	110.200165	37.967839	10958.571	-478.977853	660.198419	-0.058
110217	110.246994	37.94753	10957.402	-523.725889	627.478867	-0.001
110237	110.293588	37.927317	10958.377	-504.189039	645.83485	0.043
110257	110.3386	37.90781	10961.573	-503.480917	647.810544	0.065
110317	110.38305	37.888484	10966.719	-509.875852	643.790993	0.063
110337	110.427432	37.869128	10972.014	-509.727514	644.772381	0.043
110357	110.471076	37.850185	10973.673	-508.824385	645.47999	0.018
110417	110.515926	37.830683	10972.977	-509.30477	645.251322	-0.001
110437	110.563889	37.809608	10973.059	-510.124745	646.154757	-0.006
110457	110.611194	37.788778	10972.723	-510.59584	646.974683	0.006
110517	110.655668	37.769299	10972.306	-510.556117	646.901636	0.028
110537	110.699323	37.7503	10975.417	-510.473291	646.754534	0.042
110557	110.744283	37.730714	10979.865	-510.502305	646.805168	0.036
110617	110.791326	37.710022	10980.479	-510.525455	646.833418	0.012
110637	110.836021	37.690273	10979.827	-510.466274	646.768654	-0.004
110657	110.879152	37.671211	10979.981	-510.482997	646.786705	-0.0
110717	110.927071	37.650025	10980.026	-510.729086	647.034338	0.001
110737	110.974933	37.628858	10980.01	-510.023823	646.316217	-0.001
110757	111.019402	37.609153	10980.013	-508.70257	644.601529	-0.0
110817	111.063688	37.589442	10979.816	-508.740762	643.5742	0.004
110837	111.108443	37.569502	10980.035	-507.223111	642.835659	-0.001
110857	111.153362	37.549521	10980.568	-503.264918	640.625205	-0.026
110917	111.198312	37.529449	10978.065	-507.068119	634.11792	-0.057
110937	111.242578	37.509626	10972.726	-501.263714	637.445966	-0.077
110957	111.285695	37.490395	10967.548	-479.744332	651.231341	-0.081
111017	111.329793	37.470799	10962.394	-550.180202	591.296999	-0.068
111037	111.374	37.4511	10958.0	-500.591774	634.249064	-0.036
111057	111.415692	37.432308	10956.554	55.821314	806.369507	0.012
111117	111.459358	37.412508	10959.658	183.675314	786.437831	0.042
111137	111.506186	37.391318	10964.627	-428.089537	683.115705	0.041
111157	111.550821	37.371235	10964.784	-639.947872	489.384864	0.039
111217	111.594097	37.351737	10966.35	-301.346246	748.003024	0.043
111237	111.637973	37.331885	10972.17	260.640353	764.605426	0.043
111257	111.682149	37.31199	10973.781	-184.100595	786.977937	0.019
111317	111.726164	37.292152	10972.812	-462.528807	662.36914	-0.003
111337	111.770061	37.272225	10972.942	157.843111	792.28903	-0.001
111357	111.81451	37.251969	10973.056	359.004446	725.224768	0.001
111417	111.858792	37.231795	10972.986	240.704073	775.37603	-0.0
111437	111.902515	37.211902	10972.996	257.214495	770.244972	-0.0
111457	111.946648	37.191769	10973.004	268.510003	756.52553	0.0
111517	111.990004	37.171942	10972.999	256.599591	750.214244	-0.0
111537	112.032037	37.152722	10973.0	256.786573	747.353987	-0.0
111557	112.074773	37.133228	10972.998	257.639392	746.01093	0.0
111617	112.117957	37.113458	10973.003	257.559935	747.822749	-0.0
111637	112.16097	37.093623	10973.009	259.382364	752.97513	-0.0
111657	112.204835	37.07343	10972.97	260.51537	755.909205	0.001
111717	112.248275	37.053467	10973.024	261.09565	757.739374	-0.0
111737	112.289941	37.034251	10973.127	262.583734	762.059377	-0.002
111757	112.33248	37.014558	10972.601	264.032139	766.233872	0.009
111817	112.37696	36.993954	10973.104	264.889862	768.733465	0.037
111837	112.422329	36.972987	10977.078	265.21114	769.667082	0.07
111857	112.466265	36.952684	10983.133	265.059961	769.225962	0.071
111917	112.509037	36.932811	10987.878	264.857729	768.639708	0.042
111937	112.552944	36.912223	10988.287	265.026936	769.130739	0.014
111957	112.596518	36.891841	10988.226	264.394057	767.294483	-0.011
112017	112.638624	36.872266	10988.11	263.257015	763.994448	-0.039
112037	112.680293	36.852847	10983.6	263.325771	764.191353	-0.07
112057	112.724708	36.83215	10977.135	262.70988	762.412141	-0.07
112117	112.770502	36.810825	10973.066	261.018702	757.500276	-0.042
112137	112.81243	36.791229	10973.468	260.224223	755.158246	-0.036
112157	112.854298	36.771585	10971.007	259.678519	753.687031	-0.045
112217	112.898203	36.750935	10965.195	259.016884	751.71293	-0.042
112237	112.941485	36.730543	10964.173	258.741632	750.41056	-0.01
112257	112.98285	36.711062	10965.61	257.729253	749.029108	-0.005
112317	113.023611	36.691883	10965.129	257.291921	747.012871	-0.039
112337	113.066556	36.671654	10960.836	259.121711	745.350619	-0.057
112357	113.110083	36.651079	10956.211	252.405606	747.567936	-0.009
112417	113.152122	36.631136	10957.3	254.338971	746.915049	0.071
112437	113.192203	36.612111	10967.872	285.280014	735.232307	0.086
112457	113.233291	36.59266	10973.583	199.820616	764.108858	0.072
112517	113.276795	36.572087	10972.62	220.719025	761.381844	0.075
112537	113.320715	36.551227	10981.913	700.662839	374.914947	0.085
112557	113.363516	36.53084	10989.643	726.786337	321.991278	0.059
112617	113.405157	36.510981	10988.302	285.772899	741.704614	0.006
112637	113.44702	36.490979	10987.686	571.740879	554.890033	-0.008
112657	113.489146	36.470864	10987.973	793.032538	91.139123	0.005
112717	113.531562	36.450591	10987.879	779.963314	168.810942	0.003
112737	113.574759	36.429783	10989.047	768.946079	214.124744	-0.037
112757	113.617073	36.409391	10985.954	776.597048	181.393068	-0.098
112817	113.658531	36.389514	10975.923	773.4285	185.71286	-0.144
112837	113.702366	36.36848	10964.686	771.221023	190.08203	-0.133
112857	113.746835	36.347097	10956.898	769.921554	187.217295	-0.056
112917	113.788774	36.3269	10956.26	765.751055	186.384769	0.053
112937	113.828192	36.307875	10965.185	763.2114	185.791275	0.097
112957	113.868609	36.288332	10973.961	762.590077	186.052059	0.066
113017	113.911995	36.267316	10973.662	762.421708	186.693589	0.01
113037	113.953436	36.247174	10972.342	763.757619	182.031455	-0.002
113057	113.993975	36.227493	10973.34	761.576365	189.725192	-0.004
113117	114.036472	36.206929	10973.923	758.523774	198.340335	-0.035
113137	114.078864	36.186274	10968.512	773.348346	132.204651	-0.032
113157	114.120183	36.166124	10965.3	747.133527	240.421012	0.009
113217	114.161005	36.146283	10971.367	697.798881	357.039804	0.04
113237	114.202732	36.12569	10973.973	584.728042	-524.413066	0.023
113257	114.243971	36.105841	10972.902	212.891065	752.834346	-0.002
113317	114.28534	36.090817	10973.03	499.714546	589.441087	0.001
113337	114.331313	36.082089	10972.973	-122.701187	-761.084803	-0.0
113357	114.379688	36.07605	10972.993	-614.885548	-467.2653	-0.0
113417	114.426921	36.070035	10973.02	-757.085121	129.066627	-0.0
113437	114.472795	36.0639	10972.976	-705.009824	-292.01484	0.0
113457	114.518428	36.058006	10972.963	-714.746007	-268.502179	0.001
113517	114.564627	36.051772	10973.213	-700.344789	311.445468	-0.004
113537	114.611924	36.045222	10972.678	-601.689749	480.636536	0.007
113557	114.659888	36.038681	10972.494	-768.738803	-85.059766	0.036
113617	114.706976	36.032383	10977.029	-705.314942	-323.229069	0.046
113637	114.754013	36.026089	10980.223	-771.287761	-97.211163	0.038
113657	114.801702	36.019923	10979.585	-775.39429	-71.389409	0.037
113717	114.84902	36.014404	10984.582	-568.734769	-535.215348	0.059
113737	114.897482	36.005834	10988.366	-324.421974	-716.338075	0.029
113757	114.941274	35.99204	10987.85	-406.266906	-683.186668	-0.007
113817	114.980621	35.969214	10988.065	-409.725228	-692.186618	0.001
113837	115.015094	35.93853	10987.919	-729.721985	-362.467109	0.002
113857	115.037141	35.904862	10988.269	-284.473051	775.254316	-0.012
113917	115.050386	35.864897	10987.026	-668.90476	497.536338	-0.055
113937	115.054656	35.822015	10981.542	-732.834748	400.808498	-0.071
113957	115.057689	35.780483	10977.37	349.296921	757.044592	-0.095
114017	115.061403	35.738848	10971.204	-373.494895	743.023874	-0.088
114037	115.064672	35.69732	10963.778	-813.213851	160.630187	-0.03
114057	115.067945	35.65837	10964.655	-792.759607	227.254779	-0.002
114117	115.071747	35.613271	10965.097	-812.318078	-123.52867	-0.0
114137	115.079995	35.571524	10964.695	-793.101758	-186.160663	0.003
114157	115.094391	35.534188	10965.834	793.775338	-126.426672	-0.015
114217	115.115401	35.498305	10964.222	-230.200329	759.649923	-0.05
114237	115.142894	35.46484	10957.804	-620.433309	-483.554347	-0.049
114257	115.174542	35.436124	10957.749	452.588021	-634.661216	-0.004
114317	115.208206	35.409803	10958.645	243.412583	741.066563	-0.001
114337	115.243168	35.38325	10957.242	619.699902	477.491774	0.013
114357	115.27871	35.355793	10957.254	561.207089	546.493055	0.07
114417	115.313533	35.328939	10966.172	511.817199	602.750855	0.084
114437	115.347546	35.302801	10974.544	573.436115	550.721908	0.055
114457	115.381648	35.276502	10974.552	610.730353	502.473077	0.018
114517	115.417553	35.248582	10972.685	470.492826	636.536255	-0.003
114537	115.454964	35.220229	10972.916	-516.957734	612.133835	-0.001
114557	115.490804	35.196038	10973.015	501.248083	-632.863396	0.0
114617	115.527048	35.172841	10973.017	748.904349	-308.411597	-0.0
114637	115.565931	35.147617	10972.78	671.810948	-449.588453	0.003
114657	115.606648	35.121041	10973.412	725.855575	-347.663963	-0.005
114717	115.646541	35.095077	10973.442	715.491116	-364.509825	-0.006
114737	115.682664	35.071624	10969.675	710.529317	-377.114458	0.042
114757	115.719484	35.047691	10978.811	718.425376	-366.772113	-0.081
114817	115.759143	35.021827	10979.175	717.649831	-367.764975	-0.54
114837	115.797156	34.996979	10901.425	704.015235	-385.101505	-1.201
114857	115.835733	34.971867	10800.857	739.398933	-306.288683	-1.491
114917	115.875314	34.946152	10712.058	695.052153	-403.262756	-1.421
114937	115.913648	34.92111	10618.995	256.624332	-768.739346	-1.427
114957	115.951259	34.896431	10521.058	112.16815	-806.216011	-1.501
115017	115.989198	34.871493	10419.758	667.675103	-462.245686	-1.568
115037	116.028438	34.845694	10313.997	542.233187	-613.223025	-1.597
115057	116.068871	34.819126	10207.547	85.831592	-826.580381	-1.582
115117	116.10968	34.792325	10105.788	647.597265	-530.329086	-1.533
115137	116.150355	34.765577	10006.875	633.190329	-549.90397	-1.471
115157	116.189855	34.73956	9911.779	35.002458	-835.82452	-1.431
115217	116.227773	34.714543	9821.132	12.244582	-829.514976	-1.449
115237	116.26668	34.688756	9725.5	108.133273	-813.219886	-1.524
115257	116.305695	34.662891	9621.254	72.424374	-809.119137	-1.587
115317	116.342642	34.638517	9513.366	70.433412	-804.487724	-1.566
115337	116.380449	34.613476	9413.538	76.822067	-799.825017	-1.527
115357	116.419122	34.58776	9316.976	74.006608	-796.242974	-1.413
115417	116.456528	34.562932	9220.13	73.695901	-793.990812	-1.12
115437	116.493095	34.538669	9160.494	74.077454	-793.422028	-0.745
115457	116.530055	34.514101	9133.568	73.971005	-793.546614	-0.54
115517	116.568108	34.488739	9101.925	74.088651	-793.332205	-0.773
115537	116.605757	34.463604	9043.174	73.521034	-794.363858	-1.508
115557	116.642686	34.438938	8921.657	74.214178	-793.113434	-2.741
115617	116.679842	34.414126	8696.535	75.791241	-788.420543	-4.175
115637	116.718144	34.388532	8356.536	66.835823	-796.729697	-4.777
115657	116.756703	34.362759	8009.494	79.046303	-804.053213	-4.339
115717	116.793878	34.337876	7780.022	105.861679	-789.420451	-3.494
115737	116.82999	34.313491	7586.372	-28.059658	-781.587451	-3.122
115757	116.866533	34.288914	7377.491	125.34771	-760.53104	-3.177
115817	116.903912	34.263974	7161.684	461.485049	-600.598906	-3.188
115837	116.938107	34.240077	6959.079	-740.247392	-77.583882	-3.555
115857	116.974031	34.218576	6712.071	-635.975262	-359.593959	-3.72
115917	117.014416	34.202074	6436.691	625.594251	-349.053925	-3.314
115937	117.052988	34.191502	6243.798	-277.324751	648.950587	-3.117
115957	117.093324	34.181561	6059.659	651.906561	249.033813	-3.065
120017	117.135549	34.169864	5847.363	577.234277	379.241563	-3.063
120037	117.173651	34.159314	5651.148	504.669934	457.913774	-3.099
120057	117.210433	34.149331	5452.14	520.505343	428.09123	-3.121
120117	117.24917	34.1387	5234.902	498.35293	446.956435	-3.078
120137	117.28767	34.127938	5033.154	639.572591	166.807249	-2.951
120157	117.324853	34.117437	4849.839	610.477185	-189.073767	-2.84
120217	117.360411	34.107495	4670.129	599.045582	-19.464368	-2.85
120237	117.393824	34.098676	4481.324	210.291894	534.956698	-2.764
120257	117.425776	34.090862	4292.787	-484.201243	314.953263	-2.489
120317	117.458431	34.082947	4137.827	-490.755658	296.10947	-2.275
120337	117.491322	34.074825	4003.881	-144.489991	541.115413	-2.194
120357	117.523149	34.066771	3862.476	42.864347	548.625987	-2.233
120417	117.554802	34.058642	3710.587	-116.599645	532.139999	-2.306
120437	117.587234	34.050309	3556.961	-283.046786	460.642057	-2.313
120457	117.619327	34.04208	3407.796	96.959044	530.101593	-2.209
120517	117.650037	34.034219	3265.519	538.256814	25.050756	-2.07
120537	117.679015	34.026776	3124.809	-301.246151	442.53251	-2.241
120557	117.708946	34.020715	2964.957	-317.930872	425.169877	-2.532
120617	117.743644	34.017354	2786.857	527.045283	-104.341693	-2.168
120637	117.77638	34.014468	2674.794	542.309625	-54.148029	-1.903
120657	117.807879	34.011349	2566.758	273.383031	-477.562112	-1.772
120717	117.840348	34.008141	2423.091	328.197847	-437.665951	-1.51
120737	117.872065	34.004964	2344.465	302.777733	-426.092774	-1.074
120757	117.90251	34.001893	2316.592	363.89531	-327.33864	-0.835
120817	117.931595	33.999031	2257.273	465.053131	6.280638	-1.39
120837	117.959097	33.996481	2088.729	454.218601	58.115395	-2.809
120857	117.986809	33.993864	1890.049	469.133329	42.865841	-1.982
120917	118.014422	33.991272	1793.902	448.898624	128.665947	-1.3
120937	118.040458	33.988615	1729.626	430.687767	-114.785859	-1.514
120957	118.065963	33.985838	1615.143	261.950151	-338.931936	-1.882
121017	118.093626	33.983132	1462.262	428.438245	33.353945	-1.916
121037	118.119832	33.980557	1341.364	400.445985	-159.399446	-1.538
121057	118.143678	33.978121	1265.395	204.18314	-361.398224	-1.317
121117	118.166182	33.975813	1193.814	240.995963	-305.392944	-1.463
121137	118.188565	33.973596	1074.161	242.035541	-287.329749	-1.629
121157	118.210429	33.971428	959.773	230.993277	-280.603767	-1.657
121217	118.231823	33.969304	866.238	220.6759	-270.914157	-1.556
121237	118.253563	33.967215	752.426	176.16999	-298.094017	-1.479
121257	118.27507	33.964952	673.385	290.602343	-174.207121	-1.681
121317	118.294081	33.962969	566.188	318.987377	35.245953	-1.448
121337	118.310109	33.96172	358.392	252.92355	-171.993908	-0.246
121357	118.334171	33.958609	555.204	190.401498	-233.988102	-2.408
121417	118.352684	33.956548	539.279	184.048272	-224.730596	-3.038
121437	118.366064	33.955525	313.808	173.892162	-214.758356	-2.035
121457	118.380204	33.95432	131.187	168.797396	-210.144507	-1.304
121517	118.396264	33.952711	55.532	172.82037	-214.982294	-0.961
121537	118.41167	33.951172	15.915	150.474381	-187.246156	-0.189
