062015	40.6495	73.8193	296.0	303.0	198.0	0.0
062035	40.651071	73.837381	261.889437	291.991234	422.344	580.624
062055	40.64307	73.855822	227.230702	315.717076	571.147	376.879
062115	40.631449	73.869896	223.261055	351.53848	679.074	327.423
062135	40.618924	73.886907	224.951852	399.659381	768.668	565.571
062155	40.601636	73.905035	217.846407	417.845252	1045.499	850.86
062215	40.583496	73.919941	210.773145	416.077316	1375.42	860.268
062235	40.566993	73.932974	211.172978	427.38859	1606.916	744.212
062255	40.547984	73.947914	211.013597	434.295694	1877.469	752.547
062315	40.528325	73.963783	211.014763	452.742664	2107.715	702.099
062335	40.509104	73.979101	211.601882	460.679157	2353.51	672.245
062355	40.490148	73.994677	212.429282	474.385076	2559.127	700.888
062415	40.468664	74.011658	211.300006	482.718921	2812.055	820.176
062435	40.449011	74.030285	222.333061	469.913103	3101.804	577.529
062455	40.435564	74.053175	239.559322	486.292128	3210.042	115.002
062515	40.420963	74.081925	237.231137	541.912548	3231.325	233.805
062535	40.405093	74.112315	234.580861	575.136658	3343.991	495.205
062555	40.388535	74.143197	235.138909	584.941909	3567.923	648.991
062615	40.371744	74.174917	235.208784	591.861551	3830.373	633.594
062635	40.35461	74.207377	235.010816	594.283497	4039.912	504.053
062655	40.3371	74.240317	235.071858	590.025734	4127.174	340.128
062715	40.320048	74.272792	234.958581	589.555911	4175.045	293.717
062735	40.303848	74.303958	235.057241	598.58778	4297.082	450.72
062755	40.287173	74.334422	239.475655	596.649817	4514.791	621.181
062815	40.276313	74.369814	254.066555	594.132286	4734.441	634.452
062835	40.271602	74.409488	264.362524	599.63458	4926.995	596.72
062855	40.267693	74.448934	262.119203	604.783618	5133.4	602.718
062915	40.263781	74.48825	262.171276	608.881686	5341.418	557.426
062935	40.259812	74.527661	263.254639	615.596011	5509.081	498.829
062955	40.255793	74.567522	262.96667	624.891199	5655.369	483.192
063015	40.251675	74.608166	262.867962	632.30654	5838.905	502.469
063035	40.247529	74.649292	262.97694	636.524704	6005.102	437.659
063055	40.243435	74.690486	263.013383	637.208506	6086.706	192.087
063115	40.239327	74.731385	262.988947	636.909616	6096.626	13.811
063135	40.235175	74.771872	263.100145	637.966909	6097.983	-20.776
063155	40.230922	74.81338	262.867413	639.214713	6092.414	40.161
063215	40.226574	74.856233	262.132859	640.34162	6096.061	186.779
063235	40.222339	74.89771	261.899453	644.384627	6202.45	348.708
063255	40.218143	74.938628	262.020728	650.602452	6363.892	437.515
063315	40.213812	74.980957	262.009206	656.659541	6504.242	426.009
063335	40.209302	75.024771	261.992782	661.547199	6641.065	407.58
063355	40.204785	75.068162	262.001487	666.265905	6777.592	402.799
063415	40.200394	75.109968	262.000658	671.678997	6909.234	397.101
063435	40.195976	75.152215	261.999497	676.776155	7040.964	389.905
063455	40.191291	75.196876	262.000087	682.652626	7172.644	336.969
063515	40.186386	75.243371	262.000003	688.39734	7282.525	211.69
063535	40.181819	75.287267	262.000179	688.068968	7321.554	73.347
063555	40.177361	75.329696	261.999732	685.727337	7310.983	38.093
063615	40.172617	75.373678	261.999384	686.610617	7316.802	153.484
063635	40.167714	75.419636	262.003004	688.064396	7405.546	291.7
063655	40.162761	75.465996	261.996166	691.067129	7538.389	356.997
063715	40.157881	75.510836	261.991366	696.614267	7654.511	336.091
063735	40.153243	75.553727	262.041881	701.582578	7757.214	314.583
063755	40.148453	75.598284	261.946588	706.254136	7859.103	312.04
063815	40.14328	75.646179	261.879743	710.530788	7966.297	312.363
063835	40.138302	75.692089	262.708326	710.716698	8071.071	308.34
063855	40.133492	75.736112	262.80715	711.89932	8170.296	294.305
063915	40.128428	75.781795	261.842335	717.916561	8265.191	274.873
063935	40.123031	75.830006	262.012738	723.199691	8356.418	262.476
063955	40.117775	75.877303	262.08023	726.03698	8442.12	255.447
064015	40.1127	75.9232	262.0	729.0	8527.0	264.0
064035	40.107673	75.968557	261.997598	733.532913	8618.152	288.031
064055	40.102362	76.016007	262.000119	734.682563	8722.025	284.654
064115	40.096833	76.064957	261.997893	734.72697	8819.687	263.523
064135	40.091316	76.113497	262.017667	738.072244	8890.779	257.051
064155	40.085938	76.16079	261.967039	740.086002	8969.678	279.17
064215	40.080679	76.20708	261.877665	737.594965	9076.003	307.713
064235	40.075361	76.253598	262.036734	734.852122	9175.565	277.426
064255	40.070813	76.299475	264.102776	735.668646	9249.005	215.401
064315	40.069291	76.348523	269.569684	737.34272	9325.325	272.088
064335	40.069484	76.398819	271.328297	735.154209	9424.219	316.631
064355	40.069848	76.445373	269.904374	731.534341	9532.628	311.714
064415	40.070104	76.494339	270.622149	728.559177	9633.149	325.103
064435	40.070418	76.539785	271.285166	722.75927	9744.918	355.487
064455	40.07074	76.584149	270.900882	714.83848	9872.864	352.529
064515	40.070937	76.632408	270.176305	708.883953	9995.79	287.839
064535	40.071134	76.678721	269.899323	708.174873	10067.884	248.287
064555	40.071323	76.724251	270.018974	707.477374	10132.229	252.971
064615	40.071449	76.772391	270.043791	701.615837	10242.926	251.882
064635	40.071625	76.817615	269.876918	699.262094	10326.247	176.816
064655	40.071827	76.860367	270.094751	699.99476	10358.529	70.771
064715	40.071963	76.905015	270.900108	698.621097	10363.504	16.511
064735	40.072059	76.952791	270.671273	697.31666	10362.668	0.715
064755	40.072101	77.000538	269.943535	698.366266	10363.039	0.12
064815	40.072092	77.045253	269.987797	701.855038	10363.01	0.211
064835	40.072146	77.090677	269.85231	704.352551	10363.092	-0.492
064855	40.072201	77.136437	270.143738	705.03896	10362.91	0.365
064915	40.072362	77.180818	271.604714	705.042101	10362.553	4.41
064935	40.073415	77.227289	272.190828	704.952074	10365.113	8.299
064955	40.075129	77.275007	271.950821	704.969157	10369.669	7.909
065015	40.076579	77.320073	272.473782	705.068051	10372.328	-0.06
065035	40.077793	77.364161	272.984389	704.950925	10370.331	-8.849
065055	40.079196	77.410708	272.253022	704.766968	10364.512	-9.404
065115	40.080601	77.458067	271.862451	706.083605	10362.193	-4.256
065135	40.081884	77.504995	272.018336	708.304911	10363.108	0.373
065155	40.083076	77.550975	272.017254	709.747803	10363.102	0.35
065215	40.084319	77.595375	271.990124	710.143754	10362.941	-0.197
065235	40.085586	77.639504	272.001316	709.96983	10363.009	0.023
065255	40.086786	77.685272	272.001239	709.9202	10363.012	0.008
065315	40.087976	77.732546	271.999291	710.239955	10362.98	0.047
065335	40.089181	77.778833	272.000095	709.812711	10363.013	-0.047
065355	40.090385	77.823183	272.000089	708.20833	10363.061	-0.235
065415	40.091554	77.871307	271.999949	708.628132	10362.782	0.855
065435	40.092662	77.919663	272.000007	710.136117	10363.173	-0.69
065455	40.093723	77.962856	272.000007	710.13627	10363.837	-6.901
065515	40.094823	78.008053	271.999996	709.891072	10359.405	-6.433
065535	40.095974	78.055966	272.000001	710.039929	10356.152	1.304
065555	40.097117	78.103117	272.000003	710.601269	10361.295	7.781
065615	40.098173	78.149731	271.999991	712.025827	10363.822	4.76
065635	40.099134	78.193259	272.000012	713.121728	10362.842	-0.679
065655	40.1001	78.2354	272.0	713.0	10363.0	-0.0
065715	40.101184	78.285284	271.999859	713.052801	10363.045	0.195
065735	40.10216	78.332815	272.00036	712.783875	10362.982	-0.075
065755	40.1031	78.3779	272.0	713.0	10363.0	-0.0
065815	40.104247	78.42896	271.999687	714.927738	10363.0	0.001
065835	40.105149	78.473359	272.007483	715.264304	10362.999	-0.004
065855	40.106004	78.517255	271.982695	714.887096	10363.0	0.002
065915	40.106954	78.565287	271.994665	714.987673	10363.0	0.0
065935	40.107831	78.612837	272.107688	715.163082	10363.001	-0.006
065955	40.108692	78.659636	271.730752	714.667767	10362.997	0.012
070015	40.109558	78.706453	271.022326	714.8996	10362.999	0.004
070035	40.110365	78.753586	270.921033	718.034998	10363.021	-0.073
070055	40.111163	78.801144	271.027839	718.41264	10362.953	0.164
070115	40.111961	78.848018	271.0016	716.031054	10362.985	0.05
070135	40.112704	78.892756	270.99433	717.64648	10363.293	-1.014
070155	40.113426	78.93836	271.001999	719.425193	10362.342	2.497
070215	40.114163	78.985378	271.000115	719.024487	10362.798	7.927
070235	40.114909	79.03114	270.999593	718.912314	10369.11	4.476
070255	40.115601	79.077804	271.000144	719.03306	10369.677	-3.727
070315	40.116265	79.12573	271.000008	719.002536	10363.226	-8.041
070335	40.117003	79.172489	270.999967	718.97802	10362.198	-3.168
070355	40.117696	79.219833	271.000018	719.037651	10363.284	0.975
070415	40.118273	79.267571	271.000003	719.011013	10363.017	0.055
070435	40.118798	79.313011	270.999949	718.77997	10362.934	-0.18
070455	40.119366	79.358765	271.000112	719.54805	10363.04	0.026
070515	40.119971	79.406305	271.000034	720.95824	10363.007	-0.009
070535	40.120513	79.453946	270.999312	721.099783	10362.876	0.257
070555	40.12104	79.499883	271.001547	721.07505	10363.271	-0.605
070615	40.121574	79.545445	271.000475	721.036934	10363.083	-0.187
070635	40.122063	79.594002	270.990418	719.693807	10361.332	5.807
070655	40.122477	79.642043	271.020355	718.803223	10366.917	7.257
070715	40.122891	79.687778	270.970122	719.075748	10369.791	-2.847
070735	40.123356	79.733818	271.224409	718.569393	10361.113	-9.524
070755	40.123761	79.780767	271.982613	716.26346	10362.684	-0.483
070815	40.124157	79.826346	271.488751	713.875733	10364.215	-3.37
070835	40.124564	79.872069	270.853946	712.779918	10361.197	-9.579
070855	40.124962	79.918669	270.973582	712.968775	10356.292	-8.379
070915	40.125315	79.964605	271.137541	713.097345	10355.642	-3.595
070935	40.125613	80.011066	270.757355	712.888092	10355.765	2.492
070955	40.125874	80.058235	270.045754	712.934957	10355.753	7.659
071015	40.126137	80.104217	269.916826	714.111095	10360.352	9.105
071035	40.126409	80.149778	270.026061	715.471448	10363.572	6.52
071055	40.126675	80.196025	270.003264	716.003887	10362.998	0.714
071115	40.126902	80.243353	269.994028	715.761988	10363.809	-6.213
071135	40.127046	80.292498	270.001871	716.597804	10360.983	-7.196
071155	40.127179	80.341035	270.000234	718.799168	10356.05	-0.755
071215	40.127453	80.384622	269.999571	720.316731	10359.949	5.806
071235	40.127651	80.43133	270.000134	721.50937	10363.421	8.449
071255	40.127694	80.482037	270.000017	722.871571	10362.805	8.007
071315	40.127805	80.526216	269.999969	723.888252	10367.799	8.523
071335	40.127961	80.571603	270.00001	723.782556	10371.739	6.599
071355	40.128089	80.622039	270.000001	723.028314	10371.028	0.659
071415	40.128174	80.669731	269.999998	723.174792	10371.663	-5.4
071435	40.128206	80.716497	270.000001	722.449675	10369.196	-9.043
071455	40.128201	80.763699	270.0	721.022899	10363.384	-8.374
071515	40.128198	80.808543	269.999999	722.05484	10362.299	-2.911
071535	40.128202	80.853618	270.000001	723.260449	10363.226	0.725
071555	40.128201	80.900658	270.000001	723.035378	10363.033	0.074
071615	40.128168	80.948043	269.99999	722.904964	10362.894	0.045
071635	40.128026	80.995527	270.000019	723.110091	10363.126	-0.381
071655	40.127816	81.043626	270.000012	723.862905	10363.074	-0.278
071715	40.127716	81.092497	269.999867	725.502661	10362.222	4.759
071735	40.127693	81.138982	270.000265	725.764968	10364.695	9.119
071755	40.127617	81.183508	270.000173	724.153148	10370.512	7.507
071815	40.127368	81.231263	269.997675	723.1765	10373.2	0.415
071835	40.1271	81.2802	270.0	723.0	10371.0	-7.0
071855	40.12697	81.326879	270.007082	723.010507	10365.233	-9.233
071915	40.126788	81.372569	269.982394	722.963844	10362.236	-5.394
071935	40.1265	81.4193	270.0	723.0	10363.0	0.0
071955	40.126235	81.467982	270.096732	723.208749	10363.125	0.602
072015	40.125951	81.516731	269.718502	722.397641	10362.981	-0.357
072035	40.1256	81.5637	269.0	721.0	10363.0	0.0
072055	40.125194	81.608549	268.79161	720.80087	10362.812	0.815
072115	40.124826	81.653935	269.40997	721.195719	10363.497	-2.272
072135	40.1245	81.7004	270.0	721.0	10363.0	-8.0
072155	40.124152	81.746473	269.356172	719.633059	10358.167	-9.638
072215	40.123874	81.79392	268.909966	718.712796	10355.196	-4.788
072235	40.1235	81.8424	269.0	719.0	10356.0	0.0
072255	40.122848	81.889464	268.787385	720.061956	10356.455	-2.414
072315	40.122659	81.936069	269.207454	722.213788	10355.39	7.487
072335	40.119508	81.9841	261.47356	723.850204	10360.556	11.704
072355	40.112433	82.029497	255.717154	723.913266	10364.307	4.254
072415	40.104161	82.072835	257.195262	724.136672	10362.861	-0.471
072435	40.096046	82.118588	257.183711	725.603016	10363.035	-1.017
072455	40.087832	82.165118	256.894957	726.175517	10362.355	3.399
072515	40.079576	82.211163	257.013919	726.006924	10363.587	8.517
072535	40.071563	82.256629	257.012708	726.593162	10369.454	8.941
072555	40.063674	82.30211	256.994202	727.938708	10371.662	5.09
072615	40.055547	82.348992	256.999609	729.110267	10371.041	-0.942
072635	40.047039	82.397695	256.994195	729.184585	10371.645	-6.583
072655	40.03882	82.445207	257.023871	728.588914	10367.69	-9.366
072715	40.030915	82.490887	256.980604	729.298813	10362.569	-7.327
072735	40.023025	82.535931	256.906015	731.755987	10362.596	-1.512
072755	40.015319	82.581161	257.421359	730.82339	10363.227	0.821
072815	40.007631	82.627445	258.052847	728.984113	10362.973	-0.12
072835	39.999743	82.674931	258.049578	731.041342	10362.991	-0.163
072855	39.992004	82.721861	257.972194	733.220848	10362.945	0.282
072915	39.984477	82.767874	258.003257	734.087774	10363.055	-0.187
072935	39.977009	82.8137	258.000963	734.23403	10363.274	-0.872
072955	39.969554	82.859895	258.007391	733.131031	10362.005	3.782
073015	39.962075	82.906922	257.992748	731.897716	10363.802	8.09
073035	39.954544	82.95436	257.963905	731.903638	10370.444	3.225
073055	39.947089	82.999973	258.396816	732.053023	10367.404	-6.244
073115	39.941133	83.045437	262.094243	731.951807	10361.821	-7.725
073135	39.9379	83.0934	268.0	732.0	10363.0	-0.0
073155	39.937003	83.143423	269.93584	732.392214	10363.561	2.234
073215	39.937099	83.192371	269.184999	732.21054	10363.079	0.362
073235	39.936836	83.23744	268.713092	730.531554	10362.957	-0.481
073255	39.936399	83.282877	269.245173	728.443919	10362.963	0.325
073315	39.936162	83.331183	269.976909	727.163805	10362.917	0.415
073335	39.935739	83.377481	269.536369	726.517125	10363.519	-3.532
073355	39.935284	83.423228	268.906955	725.662194	10362.154	-9.961
073415	39.934969	83.470857	268.988993	724.265324	10357.198	-14.684
073435	39.934559	83.519113	268.898551	723.348622	10351.314	-13.376
073455	39.934084	83.567169	269.161739	724.621888	10347.326	-5.484
073515	39.933623	83.614531	269.942147	728.16423	10347.293	5.609
073535	39.933104	83.660784	269.602352	730.788503	10351.618	12.921
073555	39.932571	83.706567	268.901591	732.399099	10357.305	15.212
073615	39.932047	83.753269	268.956292	734.365881	10361.857	15.015
073635	39.931403	83.802333	269.034269	737.18257	10366.798	15.388
073655	39.930747	83.851989	268.992939	739.354386	10372.442	14.377
073715	39.930161	83.900432	268.996873	739.902545	10377.293	9.587
073735	39.929452	83.948908	269.002408	740.642481	10378.558	3.139
073755	39.928735	83.997877	268.99956	742.636373	10377.849	-0.279
073815	39.928146	84.0463	268.999925	744.862338	10377.854	0.226
073835	39.927527	84.092091	268.999445	743.937162	10378.512	-2.948
073855	39.926812	84.139144	269.000896	741.466867	10377.355	-9.816
073915	39.926068	84.189649	269.002084	740.174814	10372.585	-14.888
073935	39.925457	84.237218	268.989826	739.602788	10366.104	-12.04
073955	39.924822	84.282437	269.012989	738.672908	10362.776	-7.279
074015	39.92401	84.329024	269.02925	737.228577	10363.352	-7.532
074035	39.923189	84.378318	268.858114	736.876865	10359.563	-9.117
074055	39.922406	84.427732	269.185692	736.964309	10355.555	-6.77
074115	39.9216	84.4753	270.0	737.0	10356.0	-0.0
074135	39.920691	84.523265	269.685463	738.360823	10355.352	4.281
074155	39.919754	84.571616	268.976563	738.965725	10356.15	7.163
074215	39.918878	84.619826	268.889437	737.393775	10360.941	9.359
074235	39.918042	84.667991	269.149883	737.472921	10364.284	3.146
074255	39.917152	84.715766	268.964739	739.042696	10362.811	-8.496
074315	39.916144	84.762743	268.065552	739.0048	10357.842	-12.454
074335	39.915197	84.810001	268.501319	739.449017	10355.161	-0.016
074355	39.914268	84.858203	268.929283	740.194819	10357.822	12.516
074415	39.913251	84.906783	268.033738	740.016174	10362.804	8.515
074435	39.912215	84.954876	267.880602	739.840926	10364.43	-3.512
074455	39.911055	85.00329	268.042093	740.344241	10360.611	-8.347
074515	39.909855	85.051716	268.00242	741.892571	10356.049	-0.587
074535	39.908859	85.098955	267.991428	744.198224	10359.215	11.294
074555	39.907781	85.148028	268.003022	745.088557	10366.066	14.854
074615	39.906558	85.198538	268.000174	744.963078	10370.875	8.383
074635	39.905475	85.246092	267.999385	746.498286	10371.425	2.025
074655	39.904406	85.29239	268.000217	746.635556	10370.891	-0.721
074715	39.903258	85.339604	268.000012	745.041637	10371.006	-0.085
074735	39.902086	85.388156	267.999956	745.11908	10370.734	1.185
074755	39.900803	85.437618	268.000016	744.264229	10371.659	-2.669
074815	39.899464	85.486423	268.000001	742.071132	10371.205	-7.97
074835	39.898258	85.532938	267.999997	741.748023	10364.817	-3.648
074855	39.897029	85.579943	268.000001	742.089655	10364.493	1.664
074915	39.89567	85.628924	268.0	742.005397	10370.826	0.248
074935	39.894243	85.678554	268.0	741.973637	10369.488	-6.742
074955	39.8928	85.7281	268.0	742.0	10363.0	-13.0
075015	39.891384	85.777098	267.999999	741.984767	10357.744	-11.966
075035	39.890034	85.825274	268.000002	742.046875	10354.881	-1.99
075055	39.8887	85.8726	268.0	742.0	10356.0	8.0
075115	39.887297	85.919405	267.999986	741.733394	10361.637	4.759
075135	39.885923	85.966615	268.000035	742.785537	10361.703	-4.821
075155	39.8845	86.0147	268.0	745.0	10356.0	-8.0
075215	39.882841	86.063505	267.999809	746.542008	10354.616	2.551
075235	39.881203	86.112744	268.000484	747.321008	10358.405	10.348
075255	39.8797	86.1613	268.0	748.0	10363.0	8.0
075315	39.878195	86.208448	267.997334	749.262131	10363.398	2.51
075335	39.876564	86.258021	268.006737	750.708575	10362.973	-1.716
075355	39.8749	86.3089	268.0	752.0	10363.0	0.0
075415	39.873377	86.356519	267.994159	752.972644	10362.873	8.667
075435	39.871745	86.405256	268.139644	753.102905	10368.119	10.349
075455	39.87002	86.454673	267.650082	752.949483	10371.908	5.232
075515	39.868286	86.503742	266.99715	752.992882	10371.061	0.112
075535	39.866564	86.552929	267.684405	753.111412	10370.595	0.252
075555	39.864794	86.6013	267.862599	752.7354	10371.573	-1.793
075615	39.862989	86.649359	267.029905	752.024357	10371.16	-7.757
075635	39.861243	86.698851	266.89418	751.877752	10365.791	-9.744
075655	39.859529	86.74749	267.03731	752.126124	10362.057	-5.133
075715	39.857789	86.794457	267.002146	752.031819	10362.917	-0.019
075735	39.855964	86.841857	266.992377	750.876594	10363.886	-4.404
075755	39.853994	86.891197	267.00274	749.304449	10361.141	-9.63
075815	39.85199	86.94138	267.0003	748.084826	10356.312	-8.449
075835	39.850178	86.989398	266.99964	747.673122	10355.385	-2.631
075855	39.848342	87.036483	266.999728	748.489988	10356.289	0.346
075915	39.846391	87.084111	266.999725	749.901853	10356.096	-0.156
075935	39.844532	87.132213	267.003147	750.257836	10355.165	4.202
075955	39.842606	87.181016	266.993662	749.758596	10357.729	10.01
080015	39.840594	87.229642	266.995851	749.869089	10362.728	9.665
080035	39.838698	87.27706	267.006613	751.901491	10363.04	0.359
080055	39.836605	87.327837	266.833053	752.991426	10362.86	-1.273
080115	39.834427	87.378797	267.416068	752.853772	10363.047	0.455
080135	39.832305	87.427044	268.02338	752.95257	10363.002	0.028
080155	39.830188	87.474005	266.646648	754.728439	10363.003	-0.136
080215	39.828008	87.523493	266.062966	756.90059	10362.974	0.132
080235	39.825808	87.573726	266.973184	757.988556	10362.991	0.033
080255	39.823677	87.620189	266.978596	758.086685	10362.892	0.375
080315	39.821474	87.670932	266.976969	759.472205	10362.369	4.856
080335	39.81928	87.72075	267.026216	760.645659	10365.965	5.962
080355	39.817112	87.768033	267.022478	760.984417	10370.892	2.449
080415	39.814912	87.815669	266.980339	760.998105	10369.034	-1.168
080435	39.812646	87.864927	266.984744	760.998826	10363.186	-0.662
080455	39.81032	87.914846	267.107652	761.007729	10366.864	5.674
080515	39.807986	87.964286	266.801212	760.986814	10371.982	7.046
080535	39.805654	88.013065	266.073568	760.986038	10371.222	0.654
080555	39.803269	88.062263	265.909	761.10466	10370.576	-0.3
080615	39.800855	88.111884	266.025171	760.804462	10371.374	-0.921
080635	39.798457	88.161126	266.005211	760.076704	10371.338	-6.919
080655	39.79608	88.209146	265.993462	759.885962	10367.098	-13.365
080715	39.793623	88.257938	266.001814	760.065281	10360.862	-14.44
080735	39.791077	88.308061	266.000382	760.047813	10356.359	-9.021
080755	39.788604	88.356917	265.999473	759.673916	10355.572	-2.68
080815	39.786116	88.405763	266.000231	760.59821	10356.096	0.65
080835	39.783503	88.456136	266.000134	762.780675	10355.997	0.225
080855	39.780801	88.507272	265.999159	763.263529	10356.184	-0.986
080915	39.778232	88.556351	266.001419	762.940772	10355.632	1.616
080935	39.775784	88.603325	266.0015	763.001633	10355.601	7.408
080955	39.773094	88.652375	265.988758	762.890158	10360.279	8.801
081015	39.770366	88.701801	266.019639	763.233418	10363.255	7.657
081035	39.767785	88.749602	266.02087	763.968191	10362.707	7.806
081055	39.765176	88.797209	265.843446	763.770245	10367.503	9.2
081115	39.762408	88.847665	266.285947	764.562022	10371.718	5.875
081135	39.759561	88.899603	267.003711	766.003519	10370.944	-0.105
081155	39.756846	88.947704	266.362165	764.631208	10370.652	0.973
081215	39.754012	88.997297	265.849584	763.914519	10371.503	-4.804
081235	39.751136	89.047379	266.454885	763.753539	10368.393	-10.992
081255	39.748362	89.095841	266.991017	762.974679	10362.833	-7.718
081315	39.745575	89.14529	266.226862	762.907994	10362.452	-1.831
081335	39.742718	89.194637	266.211954	763.069459	10363.259	0.762
081355	39.7398	89.2437	267.0	763.0	10363.0	-0.0
081415	39.736871	89.293477	266.806637	762.762864	10362.907	-0.274
081435	39.733946	89.343507	266.036233	762.965088	10362.996	-0.01
081455	39.731057	89.392608	265.653993	763.874649	10363.013	0.037
081515	39.728336	89.438262	266.518369	763.645233	10362.998	-0.007
081535	39.725384	89.486696	266.705975	762.748938	10363.001	0.003
081555	39.722059	89.540439	265.064208	762.974958	10363.0	0.0
081615	39.719091	89.588193	264.660205	763.305776	10363.0	-0.001
081635	39.716131	89.635883	265.405814	762.338794	10363.0	0.0
081655	39.712959	89.687312	266.001723	761.010716	10363.0	0.0
081715	39.709815	89.738385	265.408372	762.020277	10363.0	-0.001
081735	39.706692	89.78758	264.873414	763.59718	10362.999	0.003
081755	39.703556	89.835591	264.992725	764.012877	10363.0	0.001
081815	39.700431	89.884212	265.025747	763.365692	10363.004	-0.016
081835	39.69727	89.93331	264.990987	762.895733	10362.991	0.035
081855	39.694061	89.982355	264.999501	762.99616	10362.997	0.011
081915	39.690851	90.031073	265.001384	762.969559	10363.055	-0.217
081935	39.687678	90.079427	265.000398	763.112076	10362.876	0.487
081955	39.684465	90.128398	265.000285	763.036433	10362.962	0.15
082015	39.681075	90.179327	264.993626	761.749359	10363.767	-5.05
082035	39.677698	90.230217	265.014588	760.657329	10361.087	-9.276
082055	39.674459	90.279121	265.00449	760.94679	10356.148	-8.184
082115	39.671281	90.325903	264.909386	762.382135	10355.623	-3.041
082135	39.668003	90.373315	265.228031	763.125241	10355.768	1.931
082155	39.664585	90.422643	265.872281	762.814993	10354.856	4.658
082215	39.661144	90.472557	265.898617	763.296297	10357.07	6.43
082235	39.657689	90.522542	265.14669	765.383669	10362.268	7.833
082255	39.654053	90.573628	264.888755	767.722202	10362.865	7.996
082315	39.650406	90.624258	265.022748	769.273254	10363.937	8.164
082335	39.646946	90.672905	265.009701	769.309216	10369.91	8.424
082355	39.643567	90.720904	264.994443	767.437055	10371.687	4.929
082415	39.640087	90.76998	264.998513	765.877247	10371.066	-1.276
082435	39.636466	90.820171	264.991604	766.067166	10371.598	-6.824
082455	39.632986	90.868268	265.037867	765.122591	10367.378	-9.381
082515	39.629473	90.916687	264.960147	763.887635	10362.46	-7.08
082535	39.62572	90.96788	264.870893	764.013439	10362.654	-1.262
082555	39.622058	91.016995	265.639053	763.521838	10363.24	0.833
082615	39.618451	91.06517	265.901662	763.017005	10362.969	-0.107
082635	39.614717	91.115457	264.442889	763.753829	10362.971	-0.101
082655	39.610968	91.165359	263.761049	764.112694	10363.017	0.058
082715	39.607241	91.214205	264.031854	764.001496	10362.998	-0.008
082735	39.603506	91.26283	264.029975	764.078564	10362.998	-0.008
082755	39.599776	91.311259	263.98284	763.582088	10363.001	0.005
082815	39.596037	91.359954	264.00229	762.950938	10363.0	-0.001
082835	39.592248	91.409395	264.002169	762.973809	10363.001	-0.004
082855	39.58836	91.459178	263.998703	762.937986	10362.996	0.014
082915	39.584404	91.509346	264.000116	763.044757	10363.002	-0.007
082935	39.580501	91.559332	264.000178	763.763526	10363.016	-0.054
082955	39.576833	91.605921	263.999911	764.108836	10362.95	0.173
083015	39.57323	91.651143	264.000008	763.990033	10363.027	-0.095
083035	39.569344	91.699862	264.000013	763.98632	10363.218	-0.755
083055	39.565169	91.751905	263.999994	764.001634	10362.304	2.922
083115	39.56112	91.802228	264.000001	764.002662	10363.383	8.375
083135	39.557461	91.847475	264.000001	764.02599	10369.191	9.059
083155	39.553303	91.897397	264.0	763.850036	10371.678	5.343
083215	39.548882	91.950393	264.0	762.83509	10371.02	-0.627
083235	39.545006	91.998377	263.999999	761.14169	10371.675	-6.346
083255	39.541163	92.045391	264.000002	761.794865	10368.002	-9.329
083315	39.537085	92.093904	263.999999	762.973629	10362.694	-7.564
083335	39.532887	92.143455	263.99999	761.408637	10362.532	-1.774
083355	39.528677	92.193698	264.000032	761.478068	10363.235	0.815
083415	39.52448	92.243389	263.999983	763.102093	10362.978	-0.076
083435	39.520318	92.291278	263.999862	763.158188	10362.966	-0.117
083455	39.516336	92.338292	264.000446	762.913741	10363.018	0.061
083515	39.512287	92.386699	263.999884	763.004988	10362.999	-0.003
083535	39.50783	92.437922	263.997997	763.031694	10362.997	-0.01
083555	39.503392	92.488162	264.005742	762.939753	10363.001	0.004
083615	39.4992	92.5358	264.0	763.0	10363.0	-0.0
083635	39.495109	92.582539	263.971383	763.272014	10363.0	-0.001
083655	39.490806	92.631552	264.072159	762.242183	10363.0	0.0
083715	39.4864	92.6819	264.0	761.0	10363.0	0.0
083735	39.482269	92.729782	263.306215	762.245779	10363.0	-0.0
083755	39.47805	92.77765	262.893497	763.264101	10363.0	0.001
083815	39.4736	92.8268	263.0	763.0	10363.0	-0.0
083835	39.469134	92.875995	263.019326	762.983709	10363.001	-0.004
083855	39.464661	92.924945	262.992353	762.936717	10362.997	0.011
083915	39.4602	92.9738	263.0	763.0	10363.0	0.0
083935	39.455801	93.022642	263.001388	763.748366	10363.017	-0.058
083955	39.451377	93.070703	262.999451	763.961042	10362.958	0.146
084015	39.4468	93.1194	263.0	764.0	10363.0	0.0
084035	39.442039	93.170687	263.0001	765.382308	10363.233	-0.807
084055	39.437447	93.219396	262.999961	766.184544	10362.411	2.336
084115	39.433	93.2662	263.0	766.0	10363.0	8.0
084135	39.428347	93.316803	263.000007	766.159508	10368.615	9.203
084155	39.423687	93.366658	262.999997	765.437388	10371.688	5.893
084215	39.4191	93.4142	263.0	764.0	10371.0	0.0
084235	39.414446	93.462614	263.0	763.369319	10371.747	-6.054
084255	39.409749	93.511597	263.000002	762.346297	10368.486	-8.72
084315	39.405	93.5608	263.0	761.0	10363.0	-8.0
084335	39.400177	93.610319	262.999989	760.825774	10363.104	-7.444
084355	39.395481	93.658568	263.000027	761.151505	10361.224	-9.158
084415	39.3909	93.7057	263.0	761.0	10356.0	-8.0
084435	39.386233	93.753419	262.999853	760.154486	10354.709	2.875
084455	39.381586	93.801063	263.000372	760.293289	10358.356	10.291
084515	39.3768	93.8497	263.0	761.0	10363.0	8.0
084535	39.371623	93.900971	262.997951	760.299998	10363.486	2.069
084555	39.366745	93.949718	263.005179	760.139727	10362.763	-0.548
084615	39.3622	93.996	263.0	761.0	10363.0	0.0
084635	39.357324	94.044977	262.971462	761.23067	10363.323	-0.87
084655	39.352275	94.094529	263.072127	760.588812	10362.255	2.778
084715	39.3473	94.1431	263.0	760.0	10363.0	8.0
084735	39.342449	94.191508	262.30622	760.596046	10369.405	4.117
084755	39.337495	94.240186	261.893495	761.214755	10369.401	-4.111
084815	39.3324	94.289	262.0	761.0	10363.0	-8.0
084835	39.327333	94.337606	262.019326	760.225088	10362.269	-2.83
084855	39.322261	94.386515	261.992353	760.047388	10363.289	1.003
084915	39.3173	94.4347	262.0	760.0	10363.0	-0.0
084935	39.31257	94.480908	262.001388	758.62926	10362.947	-0.182
084955	39.30746	94.529698	261.999451	757.782007	10363.021	0.072
085015	39.3021	94.5797	262.0	758.0	10363.0	-0.0
085035	39.297188	94.62538	262.0001	758.02899	10362.996	-0.013
085055	39.292053	94.673691	261.99996	758.011822	10363.001	0.005
085115	39.2866	94.725	262.0	758.0	10363.0	-0.0
085135	39.28144	94.772324	262.00001	757.850679	10363.0	-0.001
085155	39.276313	94.81834	261.999989	758.444825	10363.0	0.0
085215	39.270938	94.866009	261.999986	759.655632	10363.0	-0.0
085235	39.265257	94.915856	262.000034	760.165653	10363.0	0.001
085255	39.259541	94.965783	261.999983	759.979906	10363.0	-0.0
085315	39.254083	95.013478	261.999862	759.93331	10363.001	-0.004
085335	39.24856	95.06151	262.00044	760.217055	10362.997	0.011
085355	39.242942	95.110249	261.99976	761.133556	10363.002	-0.006
085415	39.237412	95.15841	261.998081	762.61501	10363.014	-0.05
085435	39.231855	95.206836	262.006126	763.105113	10362.954	0.159
085455	39.226238	95.255312	261.996652	763.027655	10363.025	-0.087
085515	39.22059	95.303319	261.973265	763.72572	10363.2	-0.693
085535	39.21482	95.352592	262.085323	764.166523	10362.362	2.722
085555	39.209027	95.402178	261.953072	763.963831	10363.351	8.484
085615	39.203364	95.450047	261.233263	763.784188	10368.94	9.931
085635	39.197671	95.49796	260.8924	764.770214	10372.481	2.049
085655	39.191927	95.546199	261.010054	766.076056	10370.578	-8.797
085715	39.186206	95.594025	261.015386	766.128166	10365.014	-10.624
085735	39.180403	95.642586	260.992275	765.896476	10361.335	-0.982
085755	39.174509	95.691817	261.000722	766.030735	10363.55	8.308
085815	39.168584	95.740861	261.001105	766.211026	10370.05	3.719
085835	39.162605	95.79006	260.999445	765.220449	10368.732	-4.987
085855	39.156601	95.839309	261.000052	763.931129	10362.631	-7.829
085915	39.150649	95.888001	261.000079	763.931978	10362.476	-2.34
085935	39.144815	95.935669	260.99996	763.845807	10363.128	1.633
085955	39.139016	95.982953	261.000004	762.863139	10363.061	-0.442
090015	39.133101	96.030889	261.000005	761.399929	10363.658	-6.067
090035	39.127068	96.079242	260.999999	760.820855	10360.341	-9.459
090055	39.120994	96.128005	260.999999	761.015332	10355.737	-7.558
090115	39.114981	96.177006	260.999991	761.012508	10355.609	-1.807
090135	39.109046	96.224737	261.000031	761.030167	10356.16	0.975
090155	39.102976	96.272848	260.999983	760.977584	10356.005	-0.168
090215	39.096656	96.323104	260.999862	760.813111	10356.159	-0.86
090235	39.090693	96.370305	261.00044	761.729484	10355.414	2.946
090255	39.084903	96.415901	260.99976	763.09425	10356.329	8.388
090315	39.078672	96.465043	260.998081	763.659643	10361.38	9.196
090335	39.072229	96.515704	261.006126	764.886606	10363.705	4.884
090355	39.065875	96.565494	260.996652	766.031102	10362.956	-0.372
090415	39.059736	96.613439	260.973265	765.794038	10363.106	-1.168
090435	39.053623	96.66054	261.085323	767.139005	10362.372	3.091
090455	39.047364	96.708487	260.953072	769.092591	10363.37	8.38
090515	39.040947	96.758029	260.233264	768.980142	10369.126	9.227
090535	39.034644	96.806611	259.8924	769.67546	10371.865	4.725
090555	39.028361	96.854797	260.010054	771.082956	10370.919	-0.28
090615	39.021917	96.904082	260.015387	771.123508	10370.876	-0.426
090635	39.015757	96.950676	259.992272	770.949441	10371.065	0.206
090655	39.009548	96.997428	260.000723	770.998566	10370.993	-0.015
090715	39.002767	97.048832	260.001115	770.949854	10370.979	0.011
090735	38.99632	97.097396	259.999414	771.184709	10371.042	-0.117
090755	38.990171	97.143289	260.000069	770.896371	10370.979	0.071
090815	38.983659	97.191911	260.000217	769.385713	10370.836	0.574
090835	38.977023	97.241572	259.999522	769.044486	10371.523	-2.35
090855	38.970445	97.290671	260.000243	768.877142	10370.712	-8.689
090915	38.963915	97.339019	260.001917	766.712949	10365.564	-14.31
090935	38.957358	97.387301	259.993896	765.71809	10359.463	-13.531
090955	38.950735	97.435869	260.003335	766.000803	10355.817	-7.311
091015	38.944063	97.484623	260.026626	765.802383	10355.718	-1.375
091035	38.937419	97.533252	259.915024	766.952778	10356.152	0.576
091055	38.930722	97.582	260.046738	769.208464	10355.981	-0.033
091115	38.924017	97.630945	260.765218	770.707382	10355.929	0.11
091135	38.918015	97.678487	261.112828	771.133252	10356.174	-0.599
091155	38.912522	97.72526	260.994661	770.993669	10355.957	0.167
091215	38.906743	97.773514	260.982611	770.978938	10355.265	5.637
091235	38.900552	97.82409	261.007731	771.010663	10358.421	9.454
091255	38.894407	97.874208	260.999617	770.999113	10363.136	7.79
091315	38.888771	97.920701	260.998752	770.990966	10363.399	2.207
091335	38.882882	97.968723	261.000554	771.022102	10362.955	-1.344
091355	38.876696	98.018437	260.999973	770.993914	10362.966	0.194
091415	38.870734	98.066241	260.999914	770.894584	10362.261	5.546
091435	38.864524	98.115805	261.000029	771.348059	10365.568	10.022
091455	38.858194	98.166024	261.000001	772.018795	10371.208	7.616
091515	38.852271	98.212826	261.000044	772.045205	10372.353	-3.599
091535	38.846215	98.260948	260.999858	772.027022	10368.016	-10.297
091555	38.839883	98.311197	261.000041	771.985659	10362.852	-7.739
091615	38.8336	98.360269	261.000709	771.73028	10362.518	-1.885
091635	38.827392	98.408455	260.997989	772.874804	10363.214	0.742
091655	38.821188	98.456618	261.000568	773.986577	10362.989	-0.037
091715	38.814925	98.505293	261.009875	772.51672	10362.965	-0.118
091735	38.808652	98.554554	260.971989	772.256311	10363.016	0.049
091755	38.802387	98.603627	261.007906	774.098195	10362.999	-0.002
091815	38.796082	98.651862	261.137543	775.637799	10362.992	0.01
091835	38.789625	98.70114	260.560559	776.1314	10363.016	-0.049
091855	38.783074	98.751179	260.007046	775.995038	10362.996	0.015
091915	38.776632	98.799862	260.74431	776.012088	10362.923	0.278
091935	38.770433	98.847045	260.82263	775.919107	10363.188	-0.682
091955	38.7642	98.8947	260.0	776.0	10363.0	0.0
092015	38.757523	98.944977	259.903892	776.791423	10361.971	6.107
092035	38.750999	98.99427	260.039427	776.820139	10365.895	7.164
092055	38.744629	99.042346	260.00215	776.027975	10370.981	0.393
092115	38.737833	99.092402	259.991719	775.888781	10366.607	-6.027
092135	38.731246	99.141158	260.002639	776.042506	10362.0	-5.863
092155	38.725049	99.187792	260.000507	776.014405	10362.809	-0.589
092215	38.718511	99.236329	259.999282	775.928982	10363.259	0.87
092235	38.711859	99.285452	260.000141	776.072705	10362.963	-0.223
092255	38.705354	99.333636	260.000063	776.158042	10363.012	-0.21
092315	38.698601	99.382948	259.999951	774.989042	10362.844	0.729
092335	38.691669	99.432967	260.00001	773.858182	10363.22	-0.905
092355	38.684875	99.481984	260.000006	773.958491	10363.577	-6.426
092415	38.678395	99.529142	259.999996	773.882496	10359.946	-10.079
092435	38.671701	99.577979	260.000001	774.17433	10355.352	-6.497
092455	38.664518	99.63004	260.000001	775.570109	10355.014	3.877
092515	38.657915	99.677646	259.999999	776.435513	10359.0	9.893
092535	38.65153	99.723258	260.0	777.11262	10363.259	7.417
092555	38.644462	99.773294	260.000003	778.571215	10363.569	0.911
092615	38.637436	99.823297	259.999992	779.166216	10362.136	2.251
092635	38.630737	99.871118	260.000005	779.000618	10363.394	8.39
092655	38.624054	99.918439	260.000037	779.12668	10369.174	8.312
092715	38.617034	99.968057	259.999879	778.398169	10371.805	4.564
092735	38.6098	100.019	260.0	777.0	10371.0	0.0
092755	38.60275	100.068158	260.000549	776.169947	10371.414	-4.879
092815	38.595878	100.11615	259.998603	775.946243	10369.352	-11.673
092835	38.588954	100.164632	259.999612	775.997273	10363.352	-15.139
092855	38.581781	100.21445	260.007723	776.006225	10357.069	-6.618
092915	38.574841	100.262466	259.982528	776.005785	10357.28	4.344
092935	38.568096	100.309175	259.989796	776.005159	10362.625	8.152
092955	38.56089	100.359092	260.10751	775.941801	10363.687	3.315
093015	38.553643	100.409048	259.767501	776.116946	10362.778	-0.854
093035	38.546689	100.456683	259.047486	776.07652	10362.968	-0.092
093055	38.539773	100.504017	258.907303	774.755987	10363.109	-0.004
093115	38.532695	100.552209	259.025184	773.909468	10362.892	0.314
093135	38.525405	100.601531	259.005213	774.05709	10362.898	0.383
093155	38.518031	100.651334	258.993461	772.976134	10363.746	-4.399
093215	38.5108	100.699775	259.001812	771.634468	10361.614	-9.133
093235	38.503757	100.746708	259.000378	771.067994	10356.52	-8.557
093255	38.496671	100.794554	258.999494	770.681712	10355.323	-3.375
093315	38.48958	100.842074	259.000119	771.431404	10356.148	0.678
093335	38.482457	100.888968	259.000037	773.576966	10356.027	0.292
093355	38.47504	100.938336	258.999964	775.292812	10356.087	-0.782
093415	38.467589	100.987941	259.000009	776.219146	10355.808	1.014
093435	38.460278	101.03606	259.000003	776.851001	10355.683	6.646
093455	38.452801	101.085496	258.999997	777.831848	10358.941	13.038
093515	38.445429	101.134185	259.000001	779.652639	10364.926	14.604
093535	38.438265	101.181114	259.0	781.742671	10370.369	9.372
093555	38.430755	101.230307	259.0	782.236321	10371.59	2.907
093615	38.423139	101.280004	259.0	781.949802	10370.856	-0.532
093635	38.415738	101.327978	259.0	781.995125	10370.947	-0.233
093655	38.408358	101.375925	259.0	781.931217	10371.03	0.319
093715	38.400773	101.42484	259.0	782.106719	10371.009	-0.24
093735	38.392953	101.474522	258.999999	782.246898	10371.036	-0.482
093755	38.38522	101.523611	259.000002	780.420761	10370.807	2.281
093815	38.377766	101.571262	258.999997	778.869827	10371.226	-2.934
093835	38.370239	101.619277	259.000021	779.122296	10369.09	-12.312
093855	38.362387	101.668857	259.000007	779.020081	10363.195	-8.334
093915	38.354829	101.716771	258.999845	778.646173	10362.256	-2.243
093935	38.347203	101.765084	259.000298	779.708617	10363.228	0.556
093955	38.339293	101.814997	259.000194	781.86003	10363.027	0.074
094015	38.331452	101.864499	258.99793	782.257664	10362.963	-0.178
094035	38.32395	101.911749	259.004122	781.912817	10362.986	0.145
094055	38.316563	101.957868	259.002693	781.98504	10362.982	0.074
094115	38.308683	102.006576	258.971175	782.07174	10363.209	-0.745
094135	38.300789	102.055845	259.057409	781.887704	10362.577	1.621
094155	38.293085	102.104398	259.037514	781.929636	10362.723	7.463
094215	38.285085	102.153836	258.382521	783.178703	10367.691	10.415
094235	38.277201	102.202054	257.900045	784.314146	10372.294	4.032
094255	38.269573	102.248848	257.987388	784.100089	10371.424	-7.29
094315	38.261694	102.297337	258.024117	782.718098	10365.621	-9.163
094335	38.253723	102.346015	257.990338	781.817004	10362.768	-7.893
094355	38.245797	102.39397	257.99747	781.978275	10363.24	-8.148
094415	38.237782	102.442679	258.019117	782.026669	10358.098	-4.233
094435	38.229853	102.490931	257.964681	782.018126	10356.873	3.128
094455	38.221916	102.538978	257.977193	782.01887	10362.572	8.012
094515	38.213594	102.589114	258.253425	781.774365	10363.838	3.773
094535	38.205584	102.637725	257.538441	782.407217	10362.77	-0.865
094555	38.197192	102.683838	255.365798	783.862019	10362.95	-0.179
094615	38.185807	102.732323	253.115029	784.112246	10363.085	0.232
094635	38.17312	102.781171	251.874666	784.065671	10362.977	-0.004
094655	38.161226	102.827781	251.903513	784.78908	10362.953	0.111
094715	38.149276	102.874519	252.069683	785.103079	10363.143	-0.494
094735	38.136961	102.922313	251.987612	784.998549	10362.93	0.26
094755	38.124597	102.970446	251.933574	785.0582	10362.448	4.421
094815	38.112441	103.017664	252.239074	784.716314	10365.165	7.292
094835	38.100479	103.063935	252.802112	784.117941	10369.813	6.863
094855	38.0885	103.110223	253.178076	784.041	10371.375	4.141
094915	38.07638	103.157002	252.936593	783.945688	10371.052	-0.567
094935	38.064084	103.204364	252.147936	782.776062	10371.818	-6.296
094955	38.051654	103.252351	252.220728	780.957113	10368.143	-8.654
095015	38.039399	103.299494	253.032374	778.893253	10362.876	-7.971
095035	38.027535	103.344519	253.225027	777.146341	10363.154	-7.958
095055	38.015266	103.391151	252.59833	777.579057	10361.158	-7.781
095115	38.0027	103.4391	252.0	779.0	10356.0	-6.0
095135	37.990733	103.484482	252.511009	778.172269	10354.812	-2.393
095155	37.9789	103.5294	253.0	777.0	10356.0	0.0
095215	37.966587	103.576473	252.369866	777.923277	10356.349	-0.565
095235	37.953985	103.624232	251.852012	780.221632	10355.434	2.214
095255	37.9413	103.6719	252.0	782.0	10356.0	8.0
095315	37.928622	103.719825	252.129852	781.954902	10360.884	9.389
095335	37.916303	103.766163	251.684542	782.547119	10363.7	5.459
095355	37.9041	103.8118	251.0	784.0	10363.0	0.0
095415	37.891394	103.859589	250.929549	784.149061	10363.094	-1.327
095435	37.878686	103.907182	251.027875	783.956557	10362.475	2.51
095455	37.8661	103.954	251.0	784.0	10363.0	8.0
095515	37.853253	104.00186	250.994942	783.909725	10368.546	9.37
095535	37.840395	104.049731	251.002001	784.289129	10371.841	5.389
095555	37.8279	104.0962	251.0	785.0	10371.0	-0.0
095615	37.815842	104.141083	250.999637	785.142644	10370.927	-0.822
095635	37.803335	104.187476	251.000144	784.757919	10370.855	0.93
095655	37.7904	104.2352	251.0	784.0	10371.0	0.0
095715	37.777926	104.281101	250.999974	782.828029	10372.129	-6.36
095735	37.765662	104.326426	251.00001	780.988401	10367.826	-6.593
095755	37.7532	104.3725	251.0	779.0	10363.0	0.0
095815	37.740346	104.419527	250.999998	777.709023	10368.81	1.863
095835	37.727217	104.467443	251.000001	776.042661	10369.669	-3.45
095855	37.7143	104.5147	251.0	774.0	10363.0	-8.0
095915	37.702099	104.559317	251.0	772.653848	10362.019	-2.231
095935	37.69003	104.603286	250.999999	771.164413	10363.831	-1.116
095955	37.6774	104.6492	251.0	769.0	10363.0	-8.0
100015	37.664143	104.697465	251.000004	766.704106	10357.978	-10.576
100035	37.651894	104.741854	250.999992	765.816555	10355.552	-5.589
100055	37.639968	104.784866	251.000019	766.063395	10355.966	1.893
100115	37.626837	104.832293	251.000053	766.050923	10355.532	5.453
100135	37.614049	104.878432	250.999828	765.932158	10357.988	6.256
100155	37.601844	104.922394	250.999764	765.931726	10362.127	6.028
100215	37.589279	104.967655	251.000603	766.154455	10362.875	6.316
100235	37.576426	105.01387	250.999683	765.920058	10363.289	8.298
100255	37.563918	105.058595	250.997481	764.584387	10368.738	9.868
100315	37.551646	105.102212	251.008028	763.340352	10372.939	1.279
100335	37.538992	105.147279	250.995639	763.016658	10370.344	-9.545
100355	37.5257	105.1949	251.0	763.0	10363.0	-9.0
100415	37.512936	105.240233	251.138983	761.426945	10362.844	-7.568
100435	37.500149	105.285346	250.603801	761.404866	10361.328	-9.126
100455	37.4872	105.3311	250.0	763.0	10356.0	-8.0
100515	37.47461	105.375825	250.727838	763.078786	10354.685	2.887
100535	37.461878	105.420864	250.829064	763.23321	10358.378	10.248
100555	37.449	105.4662	250.0	764.0	10363.0	8.0
100615	37.436451	105.510548	249.902598	764.083465	10363.409	2.321
100635	37.423579	105.556002	250.040137	763.971189	10362.957	-1.186
100655	37.4105	105.6018	250.0	764.0	10363.0	-0.0
100715	37.397966	105.645207	249.981886	763.977181	10362.214	4.941
100735	37.385098	105.690324	250.02527	764.061836	10364.987	9.971
100755	37.371669	105.737582	250.007054	764.019472	10370.771	8.418
100815	37.3586	105.782508	249.860427	763.351362	10372.656	-5.039
100835	37.346498	105.82641	250.354522	762.879271	10368.165	-17.261
100855	37.335225	105.870952	251.490532	762.954849	10359.914	-18.134
100915	37.323924	105.916165	252.128684	762.956705	10354.671	-7.428
100935	37.312189	105.962228	252.016115	762.96019	10355.626	7.018
100955	37.300296	106.009193	251.970514	763.666282	10360.476	10.676
101015	37.288759	106.054837	252.009239	763.994371	10363.754	5.207
101035	37.277537	106.099026	252.001157	763.942792	10363.159	0.035
101055	37.265927	106.144679	251.997883	765.156855	10361.998	4.13
101115	37.254033	106.191201	252.000663	766.316491	10364.905	9.459
101135	37.242175	106.237409	252.000083	766.097562	10370.626	8.438
101155	37.230505	106.283119	251.999848	764.753684	10371.72	2.668
101215	37.218787	106.328814	252.000048	763.724211	10370.695	-0.394
101235	37.206973	106.374553	252.000006	763.116703	10370.912	0.127
101255	37.195366	106.419676	251.999989	761.314715	10371.711	-3.895
101315	37.183945	106.464094	252.000003	759.257135	10369.512	-10.733
101335	37.172546	106.508263	252.0	758.064276	10363.631	-14.941
101355	37.161025	106.552868	251.999999	757.828322	10358.056	-12.141
101415	37.149502	106.597532	252.0	758.165452	10355.399	-4.909
101435	37.137966	106.642201	252.0	758.090712	10355.864	-0.01
101455	37.126174	106.687548	252.0	756.63379	10356.92	-4.036
101515	37.114201	106.733322	252.0	756.086752	10354.203	-9.772
101535	37.102278	106.778803	252.0	757.762136	10348.439	-8.655
101555	37.090604	106.82341	252.0	760.140744	10346.6	1.402
101615	37.078875	106.868265	252.0	761.087889	10349.808	11.049
101635	37.066984	106.913602	252.0	760.935043	10355.475	14.79
101655	37.055226	106.958176	251.999999	762.600623	10360.032	16.028
101715	37.043497	107.002914	252.000002	764.750211	10365.494	13.234
101735	37.031603	107.048515	252.000001	765.92462	10370.771	8.282
101755	37.01946	107.094449	251.999989	766.323974	10370.675	7.81
101815	37.007191	107.140556	252.000021	765.481726	10372.733	7.254
101835	36.995086	107.186132	252.000014	764.076303	10377.831	1.012
101855	36.983408	107.230107	251.999851	763.983008	10375.18	-10.529
101915	36.971632	107.274222	252.000296	763.740321	10368.226	-15.059
101935	36.959433	107.319783	252.000194	763.002591	10363.257	-8.764
101955	36.947127	107.365992	251.997929	763.662134	10362.587	-2.43
102015	36.935201	107.410632	252.004125	763.829144	10363.022	1.035
102035	36.923417	107.454384	252.002695	763.01894	10362.935	0.401
102055	36.910874	107.500991	251.971153	763.574871	10363.858	-5.446
102115	36.8984	107.547478	252.057452	763.99155	10361.101	-7.839
102135	36.886407	107.592287	252.037542	763.922716	10356.149	-1.088
102155	36.874146	107.638072	251.382215	765.41006	10358.847	10.703
102215	36.861758	107.683915	250.900654	765.760999	10365.784	14.936
102235	36.849516	107.728916	250.987785	764.131975	10370.756	8.705
102255	36.837372	107.773871	251.019864	763.437963	10371.26	3.013
102315	36.825007	107.819392	250.998809	762.365847	10371.286	-2.333
102335	36.812606	107.864357	251.003005	760.200198	10371.266	-7.653
102355	36.800886	107.906527	250.958196	758.651281	10366.292	-8.782
102415	36.789302	107.948966	251.072752	757.704879	10362.241	-5.376
102435	36.777199	107.993743	251.098333	757.720352	10362.783	-0.583
102455	36.764595	108.038955	250.434373	759.764926	10363.251	0.418
102515	36.7529	108.084195	251.89721	759.12157	10362.874	0.094
102535	36.743193	108.129174	256.070082	753.630166	10362.815	0.45
102555	36.734912	108.172789	257.672064	749.446391	10363.693	-2.661
102615	36.726771	108.217758	256.970045	747.960372	10362.846	-7.164
102635	36.717809	108.266421	256.890255	747.381135	10358.083	-8.14
102655	36.709271	108.312212	257.04863	746.405631	10355.16	-4.915
102715	36.701334	108.354722	257.010658	745.156975	10355.797	-0.513
102735	36.692836	108.4005	256.989511	744.849731	10356.311	0.287
102755	36.684122	108.44767	257.002996	745.041385	10355.743	0.258
102815	36.675732	108.493087	257.00284	745.034227	10355.209	3.319
102835	36.667341	108.538111	256.999302	744.998661	10357.057	9.429
102855	36.65893	108.582855	256.999857	745.006795	10362.075	14.793
102915	36.65089	108.625692	257.000168	744.936608	10368.254	12.358
102935	36.642626	108.669519	256.999974	745.114421	10371.573	5.622
102955	36.633897	108.715618	257.000016	745.122186	10371.112	0.448
103015	36.625427	108.760746	256.999816	743.536633	10370.91	-0.728
103035	36.617043	108.805179	257.00034	741.203789	10370.935	0.512
103055	36.608487	108.849957	257.000364	739.248815	10370.895	0.422
103115	36.599933	108.894949	256.997261	737.78877	10371.838	-4.434
103135	36.591428	108.939709	257.004786	736.586553	10369.417	-9.147
103155	36.582965	108.98399	257.005087	735.243217	10363.592	-8.584
103215	36.574548	109.027927	256.961843	733.380669	10362.256	-3.122
103235	36.56617	109.071519	257.066666	731.258762	10363.227	0.6
103255	36.557698	109.115393	257.070847	729.272224	10363.068	0.04
103315	36.548913	109.160749	256.286577	727.666076	10362.749	0.605
103335	36.540186	109.205938	256.154132	726.798003	10363.361	-1.425
103355	36.531684	109.249989	256.959768	726.180914	10363.371	-7.281
103415	36.523046	109.294199	256.536868	724.572438	10358.959	-9.636
103435	36.514599	109.337366	255.873991	724.2251	10355.319	-6.13
103455	36.50644	109.379331	255.973899	725.81757	10355.838	-0.465
103515	36.498002	109.422601	256.032869	726.223093	10356.362	0.06
103535	36.489387	109.466971	255.990656	725.943871	10355.617	0.975
103555	36.480812	109.511243	255.997393	725.993688	10355.534	6.042
103615	36.472262	109.554576	256.002654	725.94869	10359.654	9.138
103635	36.463796	109.59708	255.999466	726.084976	10363.517	6.835
103655	36.455352	109.639828	255.999763	726.764817	10363.239	0.986
103715	36.446611	109.684521	256.000187	727.842015	10362.768	-0.59
103735	36.437831	109.729143	255.999961	729.478136	10363.106	-0.075
103755	36.429221	109.772205	255.999979	731.49578	10363.196	-0.53
103815	36.420351	109.816668	256.000014	732.873372	10362.273	3.254
103835	36.411447	109.861693	255.999998	734.407623	10363.76	8.936
103855	36.402758	109.905725	255.999998	736.598961	10369.484	9.632
103915	36.39373	109.950869	256.000001	737.119643	10372.675	0.835
103935	36.384812	109.994954	256.0	737.092074	10370.283	-8.895
103955	36.376481	110.036151	256.0	738.476353	10364.435	-9.293
104015	36.367672	110.080229	256.0	739.648773	10362.357	-4.931
104035	36.358372	110.126821	256.0	740.014049	10362.98	0.56
104055	36.349259	110.171843	256.0	740.0222	10362.37	5.595
104115	36.340442	110.215046	256.0	739.986391	10365.803	8.075
104135	36.3317	110.258	256.0	740.0	10371.0	7.0
104155	36.322739	110.302395	256.0	740.010435	10371.341	2.725
104215	36.31365	110.347085	255.999999	739.977821	10371.284	-2.713
104235	36.3045	110.3917	256.0	740.0	10371.0	-7.0
104255	36.29527	110.436929	256.000004	740.13653	10366.097	-8.234
104315	36.286115	110.481771	255.999994	739.776796	10362.245	-5.652
104335	36.277024	110.52599	255.999988	739.060904	10362.636	-1.095
104355	36.267722	110.570944	256.000038	739.337131	10363.208	0.592
104415	36.258429	110.615703	255.99997	740.065676	10362.969	-0.088
104435	36.249484	110.658805	255.999779	740.079027	10362.945	-0.157
104455	36.240636	110.701613	256.000255	740.02953	10363.012	0.035
104515	36.231663	110.745083	256.000459	740.093579	10363.005	0.013
104535	36.222565	110.788803	255.997788	739.390883	10362.996	-0.011
104555	36.213347	110.83301	256.002157	739.06984	10363.001	0.002
104615	36.204017	110.877957	256.006913	739.893514	10363.0	0.001
104635	36.194619	110.922996	255.971393	739.62093	10363.0	-0.001
104655	36.18538	110.966935	256.029717	738.962418	10363.0	0.0
104715	36.176352	111.009735	256.096075	739.107939	10363.0	0.0
104735	36.167016	111.054143	255.500065	738.153595	10363.0	-0.0
104755	36.157512	111.099518	254.974892	736.822209	10363.0	0.0
104815	36.148114	111.144076	255.116418	736.747805	10363.0	0.0
104835	36.138496	111.18842	254.50136	737.454504	10363.0	-0.0
104855	36.12935	111.232591	255.285198	736.779295	10363.0	0.0
104915	36.12194	111.276331	259.959903	733.364086	10363.0	0.0
104935	36.11666	111.320497	263.455717	731.236608	10363.0	-0.0
104955	36.112795	111.365358	264.037364	731.61949	10363.0	-0.0
105015	36.108876	111.410469	264.046349	732.403563	10363.0	0.0
105035	36.1046	111.4553	264.0	732.0	10363.0	0.0
105055	36.100445	111.499553	263.306205	729.97084	10363.0	-0.0
105115	36.096345	111.543995	262.903684	728.480292	10363.0	0.0
105135	36.0922	111.5886	263.0	729.0	10363.0	-0.0
105155	36.088014	111.632804	262.953132	731.11767	10363.0	-0.0
105215	36.083769	111.678022	263.160382	732.346385	10363.0	0.0
105235	36.0795	111.7236	263.0	732.0	10363.0	-0.0
105255	36.074812	111.767382	260.8895	731.676542	10363.0	-0.0
105315	36.067427	111.811361	256.637962	732.813547	10363.0	0.0
105335	36.0568	111.8552	252.0	735.0	10363.0	-0.0
105355	36.044455	111.896289	249.573781	736.450091	10363.0	0.0
105415	36.031338	111.93654	248.997874	737.011198	10363.0	-0.0
105435	36.017975	111.978413	249.097235	737.024422	10363.0	-0.0
105455	36.004077	112.022122	248.60094	737.024606	10363.0	0.0
105515	35.990232	112.06528	247.998846	736.988993	10363.0	-0.0
105535	35.977277	112.105661	248.602501	736.78256	10363.0	-0.0
105555	35.963807	112.147751	249.201074	737.611897	10363.0	0.0
105615	35.9498	112.1915	249.0	739.0	10363.0	0.0
105635	35.936526	112.232734	248.303505	739.161477	10363.0	-0.0
105655	35.922995	112.27457	247.909892	738.940169	10363.0	0.0
105715	35.908989	112.317775	247.99482	738.995493	10363.0	0.0
105735	35.895493	112.359374	248.018351	739.037809	10363.0	-0.0
105755	35.88193	112.401288	247.993531	738.936417	10363.0	0.0
105815	35.867997	112.444353	247.999628	738.981474	10363.0	0.0
105835	35.854154	112.486834	248.001318	739.623888	10363.0	-0.0
105855	35.840436	112.52869	247.999536	740.177663	10363.0	0.0
105915	35.826781	112.570409	247.999973	740.028692	10363.0	0.0
105935	35.813101	112.612539	248.000095	739.266292	10363.0	-0.0
105955	35.798947	112.655899	247.999967	739.030866	10363.0	0.0
110015	35.784601	112.699472	247.999998	739.033547	10363.0	0.0
110035	35.770972	112.740917	248.000007	737.723126	10363.0	-0.001
110055	35.7575	112.781762	247.999998	736.750461	10362.999	0.002
110115	35.743787	112.823309	248.0	736.976967	10363.0	0.001
110135	35.730036	112.865319	248.000001	737.259356	10363.004	-0.014
110155	35.716083	112.907724	248.0	736.44559	10362.992	0.031
110215	35.702089	112.949919	248.0	735.043615	10362.997	0.009
110235	35.688523	112.991047	248.0	734.848222	10363.05	-0.189
110255	35.67495	113.032251	248.0	735.047792	10362.886	0.426
110315	35.661007	113.074283	248.0	735.001056	10362.965	0.131
110335	35.646811	113.116651	248.000003	735.032698	10363.737	-4.604
110355	35.632914	113.158315	247.999995	734.917904	10361.458	-9.641
110415	35.619445	113.199041	247.999997	734.944686	10356.393	-8.666
110435	35.605843	113.239926	248.000036	736.027487	10354.703	1.729
110455	35.591612	113.282523	247.999927	737.649218	10357.715	10.201
110515	35.577184	113.325675	247.999932	738.894208	10362.504	8.869
110535	35.563768	113.365688	248.0005	739.154305	10363.854	1.978
110555	35.550228	113.406008	247.999129	738.914857	10362.339	1.207
110615	35.535779	113.44902	247.999075	738.939206	10362.431	7.558
110635	35.521459	113.49157	248.006937	739.593142	10368.522	5.34
110655	35.50781	113.53216	247.987881	740.081963	10370.151	-2.976
110715	35.494315	113.572321	247.987121	740.008763	10363.74	-8.031
110735	35.479642	113.615768	248.096616	740.052652	10362.1	-3.915
110755	35.464798	113.659521	247.818494	739.873065	10363.217	1.013
110815	35.450618	113.701185	247.091612	739.859481	10363.013	0.321
110835	35.436397	113.742903	246.77413	741.426537	10363.234	-1.27
110855	35.422108	113.78488	247.27337	741.689768	10362.494	1.983
110915	35.40792	113.826657	247.98445	740.077968	10362.446	7.777
110935	35.393822	113.868138	247.505906	740.945603	10368.634	4.607
110955	35.379798	113.909246	246.882572	742.218051	10369.888	-1.865
111015	35.365659	113.950582	246.975693	742.016076	10363.449	-1.17
111035	35.351102	113.993247	247.03048	742.20531	10365.75	10.276
111055	35.336762	114.03524	246.991569	741.506988	10373.766	13.793
111115	35.32282	114.075847	246.998255	739.31409	10378.085	1.836
111135	35.308417	114.117601	247.002189	737.687404	10374.162	-6.572
111155	35.293805	114.160013	246.999393	736.649043	10370.523	-7.88
111215	35.279432	114.201887	246.999873	735.291179	10371.146	-7.635
111235	35.265283	114.243088	247.000171	733.054971	10367.525	-12.362
111255	35.250953	114.284716	246.999958	731.9456	10361.123	-14.768
111315	35.236381	114.326894	246.999984	732.177274	10356.491	-9.419
111335	35.22222	114.367631	247.000034	730.189839	10355.556	-2.891
111355	35.208523	114.407068	246.999964	729.132625	10356.09	0.571
111415	35.194817	114.446684	246.999946	731.470827	10356.001	0.282
111435	35.180403	114.488074	247.000311	733.478728	10356.161	-0.915
111455	35.165721	114.530179	246.999532	734.039152	10355.715	1.261
111515	35.15128	114.571726	246.999264	733.955635	10355.541	7.047
111535	35.136835	114.613155	247.004314	734.539018	10359.764	9.613
111555	35.122173	114.655226	246.993486	735.055506	10363.621	6.464
111615	35.107734	114.696884	246.989754	734.970291	10363.211	0.708
111635	35.094595	114.734947	247.060087	735.61805	10362.684	-0.4
111655	35.08101	114.773948	246.90927	737.873931	10363.248	-0.303
111715	35.065974	114.816906	246.857295	741.339259	10363.335	-0.695
111735	35.051528	114.858876	247.83691	744.083453	10361.102	5.852
111755	35.036831	114.89944	245.700943	745.098636	10365.884	10.154
111815	35.020011	114.940584	241.812743	744.864155	10371.554	11.448
111835	35.002152	114.981171	241.949019	744.967197	10370.698	1.621
111855	34.985919	115.018348	242.854906	745.627506	10378.889	-56.656
111915	34.968711	115.058283	242.802542	743.440383	10349.638	-153.751
111935	34.94992	115.101779	242.026468	739.151757	10268.642	-247.521
111955	34.932223	115.142395	241.906046	738.418704	10173.407	-289.778
112015	34.914776	115.182381	242.033842	742.178206	10073.571	-299.61
112035	34.897342	115.222464	242.002158	746.866249	9972.025	-291.149
112055	34.880922	115.260173	241.987998	748.11927	9875.755	-251.345
112115	34.863458	115.300075	242.014252	753.515498	9798.703	-172.958
112135	34.845078	115.342082	242.003785	762.680433	9755.083	-79.115
112155	34.828294	115.380793	241.9224	764.339308	9749.925	-17.052
112215	34.810361	115.42171	242.171797	757.304956	9755.126	3.509
112235	34.791677	115.465421	243.133675	747.126419	9753.847	-0.478
112255	34.776449	115.50539	244.714178	741.648268	9753.46	-1.684
112315	34.76225	115.545121	245.965833	741.84732	9753.98	-0.061
112335	34.746327	115.588412	246.121872	746.215479	9754.07	0.219
112355	34.730406	115.631308	245.954394	748.235153	9753.974	-0.082
112415	34.715519	115.671848	245.992029	750.67798	9753.995	-0.014
112435	34.700495	115.712755	246.009975	764.637497	9754.006	0.018
112455	34.684628	115.755738	245.997241	776.639224	9753.998	-0.005
112515	34.668291	115.799841	245.999429	777.24044	9753.999	-0.001
112535	34.652745	115.841856	246.000717	776.215714	9754.002	-0.001
112555	34.636914	115.884464	245.999801	775.916705	9753.997	0.003
112615	34.620411	115.928788	245.999958	776.64931	9753.997	0.004
112635	34.604858	115.97104	246.000057	780.045429	9754.022	-0.03
112655	34.58938	116.013202	245.999976	782.348244	9753.962	0.052
112715	34.57308	116.057304	245.999987	781.990894	9753.959	0.056
112735	34.556618	116.101711	246.00008	783.005287	9754.305	-0.418
112755	34.540973	116.143835	245.999866	784.284528	9753.468	0.73
112815	34.525931	116.184318	245.999859	784.114204	9753.434	0.776
112835	34.509844	116.227702	246.00106	783.063731	9758.245	-17.648
112855	34.493827	116.270794	245.998196	781.296822	9745.586	-108.256
112915	34.478302	116.312333	246.000784	778.866249	9688.842	-233.157
112935	34.461926	116.356089	246.014336	776.470762	9586.743	-276.635
112955	34.446338	116.397783	245.966721	776.263945	9488.898	-373.323
113015	34.432004	116.436595	246.134854	777.730544	9357.656	-512.65
113035	34.4164	116.4777	246.0	776.0	9159.0	-602.0
113055	34.397271	116.524603	244.614216	766.809959	8941.546	-643.432
113115	34.378968	116.568677	243.786135	755.505593	8723.413	-642.609
113135	34.3629	116.6077	244.0	745.0	8512.0	-602.0
113155	34.346643	116.647159	244.039771	733.207268	8315.855	-536.683
113215	34.330797	116.68572	243.982141	717.718125	8153.981	-521.247
113235	34.3153	116.7239	244.0	702.0	7993.0	-579.0
113255	34.299284	116.76401	244.016654	693.499202	7771.243	-662.316
113315	34.284416	116.801247	243.963843	691.844456	7531.953	-706.74
113335	34.2701	116.8368	244.0	692.0	7300.0	-693.0
113355	34.254079	116.876508	244.193385	688.411183	7065.624	-651.774
113415	34.238916	116.913993	243.511661	683.844994	6859.025	-617.995
113435	34.2248	116.9492	244.0	679.0	6668.0	-607.0
113455	34.210115	116.988437	248.553469	671.752882	6452.128	-607.612
113515	34.198964	117.026991	251.460869	664.760066	6254.764	-591.855
113535	34.189388	117.064506	252.108584	658.593957	6064.677	-572.528
113555	34.179214	117.101654	252.013483	652.614324	5870.718	-564.324
113615	34.169265	117.137575	251.976596	646.624268	5689.346	-563.503
113635	34.159486	117.173661	252.004615	642.977531	5499.017	-564.002
113655	34.149793	117.209099	251.991439	640.232705	5307.558	-564.769
113715	34.139998	117.244111	252.002087	635.758124	5126.703	-570.461
113735	34.129685	117.281733	252.055643	630.554793	4932.927	-580.45
113755	34.119315	117.319631	252.015677	623.8074	4736.167	-578.588
113815	34.1094	117.3553	252.0	616.0	4549.0	-549.0
113835	34.099927	117.390552	253.091171	613.256934	4364.54	-497.311
113855	34.091484	117.42431	254.520839	610.137767	4195.43	-443.308
113915	34.083552	117.457272	254.492165	598.866008	4058.275	-389.174
113935	34.074001	117.493555	250.863456	574.164743	3963.828	-316.42
113955	34.063811	117.525686	247.477158	551.091702	3875.164	-330.062
114015	34.053734	117.552308	246.979389	541.389636	3749.613	-436.668
114035	34.042415	117.583096	246.722346	537.654921	3589.63	-492.589
114055	34.031168	117.614815	246.89192	536.200473	3422.674	-473.434
114115	34.021109	117.643206	247.326446	533.924833	3278.501	-390.339
114135	34.010531	117.672366	247.487972	529.072335	3167.256	-324.728
114155	34.004918	117.704032	264.24315	531.200169	3060.442	-310.531
114215	34.001743	117.736524	264.902442	530.15411	2958.201	-306.26
114235	33.998801	117.768386	262.044785	527.456991	2857.336	-304.381
114255	33.99569	117.799626	263.089254	525.916651	2755.873	-313.856
114315	33.992628	117.830975	263.136589	525.812049	2651.559	-340.125
114335	33.989532	117.862218	262.931419	526.231317	2531.752	-364.056
114355	33.986385	117.893432	263.006408	524.65073	2403.453	-383.066
114415	33.983288	117.924654	263.009807	519.743469	2278.661	-407.514
114435	33.980386	117.954864	262.995076	516.653448	2136.671	-437.0
114455	33.9775	117.984731	263.00046	517.161859	1980.474	-458.12
114515	33.974369	118.015704	263.000705	516.532226	1828.421	-458.855
114535	33.971241	118.047153	262.999644	502.348957	1676.527	-455.598
114555	33.96832	118.076915	263.000034	478.718998	1523.823	-457.382
114615	33.965597	118.103698	263.000061	460.070656	1372.384	-456.795
114635	33.962804	118.131092	262.99994	449.711944	1218.129	-429.192
114655	33.960036	118.158766	263.000021	439.567221	1077.478	-384.954
114715	33.957552	118.183978	263.000155	422.39118	966.042	-356.076
114735	33.955169	118.207868	262.999514	412.626258	850.015	-349.382
114755	33.952757	118.231455	263.000265	398.379433	727.248	-340.818
114815	33.950378	118.254449	263.002114	359.816533	618.861	-311.18
114835	33.948307	118.274782	262.993255	321.487665	521.174	-306.73
114855	33.946527	118.29251	263.003668	289.726269	423.993	-254.832
114915	33.944876	118.308923	263.005156	261.78929	344.763	-139.081
114935	33.943401	118.324011	263.098119	257.028746	354.222	-243.519
114955	33.941818	118.3394	264.110937	258.232657	385.977	-333.502
115015	33.940172	118.355133	264.931356	260.072247	329.194	-345.116
115035	33.938576	118.370915	264.110149	261.00485	73.03	-268.339
