052526	40.6305	73.7771	124.0	304.0	213.0	729.0
052546	40.618138	73.767674	164.431574	288.11882	393.405	388.863
052606	40.602306	73.763369	167.443961	328.426451	503.18	337.064
052626	40.585476	73.758344	169.934821	364.25074	608.545	323.442
052646	40.566621	73.7629	198.350941	405.422178	721.069	469.701
052706	40.547212	73.774862	209.196248	428.289019	917.196	723.077
052726	40.528068	73.788742	208.756784	433.249144	1193.639	845.769
052746	40.508741	73.802044	208.075047	432.778951	1489.992	781.532
052806	40.490412	73.815264	207.696018	439.42906	1725.632	645.062
052826	40.474655	73.836477	240.114686	468.994626	1900.632	650.442
052846	40.463914	73.863723	242.340146	470.981847	2165.634	829.176
052906	40.452992	73.890453	241.947802	467.235652	2437.198	804.943
052926	40.441605	73.917951	242.037933	468.323674	2695.981	702.177
052946	40.430183	73.945717	241.975295	474.980556	2926.304	577.58
053006	40.418611	73.973722	242.001125	492.261901	3100.925	435.611
053026	40.406563	74.002818	242.003708	524.654932	3204.883	308.462
053046	40.394081	74.033144	241.998202	559.825299	3279.864	304.573
053106	40.380734	74.065632	241.999779	588.477446	3378.854	404.923
053126	40.365876	74.101459	241.999735	608.050369	3541.724	480.287
053146	40.350613	74.138084	241.999651	621.273295	3730.626	507.766
053206	40.336337	74.172433	242.002683	632.357224	3891.112	510.406
053226	40.321912	74.207204	241.995294	642.371648	4053.927	528.766
053246	40.306381	74.244652	241.994996	650.898762	4245.496	562.064
053306	40.290434	74.283173	242.037542	657.390755	4438.723	549.372
053326	40.274374	74.321787	241.934408	662.955609	4617.09	497.87
053346	40.258521	74.359801	241.930294	669.718534	4772.098	451.195
053406	40.243095	74.397007	242.076977	678.637973	4907.779	447.87
053426	40.226577	74.436044	239.996344	684.425494	5065.74	442.49
053446	40.210816	74.476236	247.178798	697.746174	5212.3	442.981
053506	40.200143	74.518779	259.990413	715.26919	5346.981	465.96
053526	40.196144	74.565889	263.959951	722.325296	5508.929	496.321
053546	40.193461	74.615268	263.946024	722.764356	5687.173	500.437
053606	40.189326	74.664173	263.988863	722.659754	5859.549	464.707
053626	40.18547	74.710648	264.013685	727.325782	6000.993	410.239
053646	40.18176	74.757504	263.996721	734.465233	6123.133	375.606
053706	40.177809	74.805774	264.000463	740.526507	6245.54	369.479
053726	40.173976	74.852769	264.001319	745.352994	6372.51	363.707
053746	40.170113	74.900413	263.99981	751.450151	6491.476	374.74
053806	40.166104	74.950077	263.999881	757.632556	6608.984	416.807
053826	40.162128	74.999852	264.000074	755.30843	6771.177	470.183
053846	40.158219	75.047765	263.999992	753.658591	6930.825	421.912
053906	40.154096	75.096766	263.999999	760.108278	7038.577	310.925
053926	40.149793	75.148935	263.999994	763.670152	7145.299	342.367
053946	40.146114	75.194083	264.000039	765.43995	7271.707	358.71
054006	40.142013	75.243553	263.999849	767.042389	7393.697	322.274
054026	40.137463	75.297324	264.000085	771.744068	7491.607	269.276
054046	40.13334	75.345463	264.000682	781.321022	7568.0	238.445
054106	40.129124	75.395163	263.997823	789.044238	7642.876	243.503
054126	40.12465	75.447971	264.00119	793.386188	7728.072	269.616
054146	40.120171	75.499831	264.009502	796.93518	7824.095	288.159
054206	40.115767	75.55051	263.969673	799.048945	7923.715	285.783
054226	40.111353	75.601595	264.016575	800.104642	8017.914	273.008
054246	40.106823	75.654205	264.132352	801.772093	8103.302	268.071
054306	40.102269	75.705902	263.513601	805.608987	8192.852	263.994
054326	40.097626	75.758199	263.019596	810.434954	8283.64	248.606
054346	40.092809	75.813735	263.790685	814.307312	8362.291	227.023
054406	40.088096	75.868173	263.81274	818.868875	8429.567	251.276
054426	40.0833	75.919891	262.917923	820.873897	8514.697	300.721
054446	40.078453	75.970707	263.061092	817.102428	8639.081	310.262
054506	40.075316	76.023216	266.570203	816.56792	8745.407	272.578
054526	40.074315	76.07705	270.790677	821.409539	8817.615	236.336
054546	40.074568	76.129974	270.747891	826.24334	8884.662	263.519
054606	40.075072	76.182622	269.972297	823.688984	8983.164	301.049
054626	40.075371	76.23585	270.912263	816.372281	9103.507	324.141
054646	40.075699	76.289637	271.249195	815.986672	9196.094	378.754
054706	40.076018	76.344479	270.72237	809.455933	9331.154	422.759
054726	40.076275	76.398292	270.041372	794.173332	9510.064	396.981
054746	40.076532	76.44737	269.924843	788.642073	9617.318	281.835
054806	40.076818	76.49842	270.023549	791.745932	9678.253	167.934
054826	40.07708	76.552449	270.002949	795.002516	9727.428	104.497
054846	40.077223	76.601151	269.994604	792.10635	9750.116	49.347
054906	40.077371	76.650612	270.001691	789.727263	9754.762	11.654
054926	40.077581	76.704175	270.000212	790.145738	9754.1	0.314
054946	40.077738	76.756059	269.999611	786.678831	9753.772	-0.387
055006	40.077831	76.806141	270.000125	785.274906	9754.164	-0.237
055026	40.077892	76.856056	270.000024	788.558441	9754.112	-0.366
055046	40.077953	76.906917	269.99997	790.059945	9753.242	4.38
055106	40.078028	76.959549	270.000008	789.962761	9755.39	9.136
055126	40.078094	77.012439	270.000002	789.994172	9760.482	8.555
055146	40.078106	77.061903	269.999998	789.992212	9761.666	3.399
055206	40.0781	77.111409	270.000001	790.024475	9760.868	-0.714
055226	40.078103	77.163627	270.0	790.041504	9760.997	-0.349
055246	40.078065	77.21551	270.0	789.60128	9760.775	1.115
055306	40.077962	77.267375	270.0	788.685883	9761.401	-1.524
055326	40.077823	77.320261	269.999999	787.3388	9761.645	-8.087
055346	40.077732	77.373195	270.000003	785.551391	9756.063	-9.769
055406	40.077636	77.423696	269.999989	784.598418	9753.415	-7.517
055426	40.077482	77.473009	270.000006	783.864785	9753.85	-8.471
055446	40.077282	77.524086	270.000049	782.23529	9749.041	-14.618
055506	40.077083	77.575035	269.999842	782.587657	9741.274	-10.726
055526	40.076877	77.625708	270.000086	784.079727	9738.189	1.017
055546	40.076619	77.676982	270.000689	784.029547	9744.022	7.162
055606	40.076306	77.726915	269.997802	784.356784	9746.342	8.19
055626	40.075966	77.776806	270.001201	785.018795	9746.28	8.065
055646	40.075634	77.829094	270.009594	784.864297	9751.987	8.745
055706	40.075296	77.881134	269.969381	785.743314	9754.935	4.966
055726	40.074969	77.932206	270.016734	787.071407	9753.913	-0.302
055746	40.074653	77.983206	270.133627	787.065278	9753.865	-0.459
055806	40.074224	78.033395	269.509533	787.113606	9754.071	0.22
055826	40.073759	78.084326	269.02182	786.910084	9753.992	-0.015
055846	40.073379	78.137333	269.80844	785.461747	9753.975	0.021
055906	40.07286	78.187608	269.756076	784.823168	9754.054	-0.156
055926	40.072242	78.236405	268.948596	784.996887	9753.972	0.093
055946	40.071713	78.288095	268.914012	784.450738	9753.783	0.749
060006	40.071151	78.339918	269.067532	783.154751	9754.692	-2.91
060026	40.07054	78.390404	268.980593	781.912996	9753.62	-8.381
060046	40.069946	78.440506	268.868327	781.715253	9747.826	-9.106
060106	40.069308	78.49213	269.469378	782.775347	9745.266	-5.193
060126	40.068633	78.544359	269.990963	784.091724	9746.011	0.545
060146	40.06797	78.595089	269.295302	784.669473	9745.569	5.691
060206	40.067281	78.645501	268.847132	785.834221	9748.196	11.87
060226	40.066564	78.696797	269.009373	787.023971	9754.332	14.939
060246	40.065838	78.749012	269.066981	786.917853	9759.941	10.133
060306	40.065071	78.799878	268.86294	787.606634	9760.64	7.362
060326	40.064259	78.849045	269.036431	789.050915	9761.224	9.088
060346	40.063427	78.89856	269.946751	789.143782	9768.231	9.301
060406	40.062566	78.950728	269.553018	787.33974	9769.598	5.24
060426	40.061696	79.003537	268.869557	783.33496	9769.461	-3.607
060446	40.060831	79.055116	268.973015	777.821347	9769.733	-13.849
060506	40.059958	79.106201	269.033715	772.962018	9760.408	-17.801
060526	40.059106	79.156442	268.990893	770.493509	9752.544	-11.605
060546	40.05824	79.205873	268.998337	770.794676	9753.677	-0.932
060606	40.057251	79.255694	269.000364	772.582993	9754.575	0.478
060626	40.056271	79.306086	269.00294	774.723275	9753.542	1.154
060646	40.055347	79.356786	269.0037	775.982122	9753.601	7.254
060706	40.0543	79.407501	268.971376	775.176175	9758.135	9.445
060726	40.053241	79.457864	269.050267	773.374784	9761.55	6.582
060746	40.052251	79.507744	269.05346	772.093027	9761.027	0.963
060806	40.05121	79.55748	268.41694	771.940087	9761.636	-5.282
060826	40.050111	79.607851	267.913684	771.908108	9759.551	-8.597
060846	40.048974	79.658656	267.988745	771.157252	9754.412	-8.149
060906	40.047809	79.708373	267.962816	769.962528	9754.203	-7.617
060926	40.046751	79.757735	268.100863	768.417288	9752.588	-8.453
060946	40.045692	79.807741	268.112965	766.371502	9746.622	-8.447
061006	40.044308	79.858316	267.143853	764.389827	9745.257	-3.247
061026	40.043654	79.908821	269.594866	768.637851	9746.158	0.549
061046	40.04531	79.958894	275.163866	778.103832	9745.943	-0.194
061106	40.049723	80.008924	277.592624	783.199209	9745.921	-0.241
061126	40.055184	80.05948	278.025573	783.82496	9746.014	0.025
061146	40.060403	80.110777	278.024198	782.224708	9746.019	-0.011
061206	40.065553	80.162186	277.96656	782.762769	9745.956	0.115
061226	40.070654	80.212666	278.019959	785.407404	9746.032	-0.101
061246	40.075632	80.262036	278.091185	788.013248	9746.151	-0.494
061306	40.080759	80.312572	277.594557	790.987141	9745.447	2.415
061326	40.085903	80.363776	276.964195	793.09857	9746.284	8.707
061346	40.090823	80.414126	276.945205	793.059122	9751.381	14.504
061406	40.095842	80.465299	277.027512	793.403482	9757.725	12.878
061426	40.101019	80.517409	276.997429	795.234175	9761.079	7.674
061446	40.106167	80.569422	276.996066	797.509279	9760.453	7.408
061506	40.111209	80.621718	277.001975	797.933743	9764.01	8.606
061526	40.116077	80.672881	276.999815	796.906399	9769.264	7.775
061546	40.120792	80.721603	276.999718	795.866932	9769.084	3.211
061606	40.125632	80.771402	277.000142	792.932917	9770.022	-6.206
061626	40.130595	80.822976	276.999987	789.820747	9768.328	-15.688
061646	40.135479	80.87438	276.99998	789.286433	9757.607	-17.372
061706	40.140253	80.924515	277.000011	787.767792	9752.125	-8.47
061726	40.145043	80.975097	277.0	784.867567	9754.124	0.102
061746	40.149979	81.028303	276.999999	782.774319	9755.002	-4.717
061806	40.154868	81.080957	277.0	781.020317	9751.407	-9.965
061826	40.1595	81.1305	277.0	779.0	9746.0	-7.0
061846	40.163821	81.177139	277.000003	776.812855	9744.56	2.293
061906	40.168211	81.22574	276.999994	775.737843	9748.259	9.23
061926	40.172833	81.277429	276.999996	775.959338	9753.649	8.487
061946	40.177504	81.328403	277.00004	776.185763	9754.797	2.093
062006	40.182157	81.378262	276.999921	775.678372	9753.428	0.922
062026	40.186747	81.427668	276.999948	774.197048	9753.727	7.394
062046	40.191253	81.477277	277.000555	772.05908	9758.226	10.334
062106	40.19588	81.528888	276.998895	770.558232	9761.964	4.476
062126	40.200551	81.581081	276.999278	769.240512	9761.268	-6.972
062146	40.204861	81.629319	277.007725	765.905362	9757.377	-14.135
062206	40.209144	81.67739	276.984614	763.304283	9751.493	-14.145
062226	40.213565	81.727429	276.989946	762.989378	9746.3	-8.684
062246	40.217831	81.776498	277.1076	763.01599	9745.408	-2.195
062306	40.222163	81.826039	276.766737	763.003063	9746.283	0.191
062326	40.226573	81.87627	276.046928	763.005444	9746.096	-0.187
062346	40.230683	81.924505	275.914677	762.934496	9745.156	4.385
062406	40.234749	81.972175	276.026735	763.15193	9747.769	9.677
062426	40.238975	82.021117	276.003348	763.900171	9753.555	8.652
062446	40.243228	82.071639	275.993874	765.082951	9755.442	-1.5
062506	40.24753	82.123166	276.001919	766.70292	9752.118	-10.678
062526	40.251789	82.173728	276.00024	768.769993	9746.478	-8.939
062546	40.255789	82.221198	275.99956	771.05082	9743.987	5.309
062606	40.259875	82.270376	276.000138	772.267908	9749.229	19.819
062626	40.264174	82.322716	276.000017	772.052768	9760.015	23.401
062646	40.268348	82.373358	275.999968	771.692525	9767.237	14.565
062706	40.272434	82.423226	276.00001	772.561268	9769.288	5.006
062726	40.276498	82.473175	276.000001	773.959271	9768.971	0.459
062746	40.280492	82.521918	275.999998	773.18853	9769.766	-5.033
062806	40.28453	82.57177	276.0	771.17977	9767.165	-9.162
062826	40.2886	82.623043	276.0	769.195103	9761.38	-8.392
062846	40.292508	82.67258	276.000004	767.234899	9760.3	-2.852
062906	40.296326	82.721373	275.999992	765.136552	9761.238	0.653
062926	40.300124	82.770497	275.999995	763.159137	9761.041	0.032
062946	40.303882	82.819545	276.000053	761.636062	9760.797	0.492
063006	40.307801	82.869903	275.999894	758.256106	9761.32	-1.419
063026	40.311813	82.920919	275.999931	753.380673	9761.201	-7.361
063046	40.315526	82.969478	276.000743	750.933964	9757.352	-12.961
063106	40.319183	83.017877	275.998521	749.157084	9751.8	-15.595
063126	40.32293	83.067222	275.999034	747.115473	9746.526	-15.135
063146	40.326543	83.115161	276.011151	746.874425	9741.301	-12.605
063206	40.330047	83.162219	275.984601	746.875617	9736.807	-3.021
063226	40.333587	83.209971	275.971438	747.25297	9736.53	12.151
063246	40.337312	83.259625	276.135245	752.382387	9746.186	18.405
063306	40.340994	83.30937	275.823558	759.685098	9755.193	12.636
063326	40.344444	83.357648	275.034694	763.840094	9754.518	1.866
063346	40.347912	83.406215	275.500045	762.126921	9753.652	-1.611
063406	40.351513	83.45561	275.965239	756.425579	9753.997	0.591
063426	40.355191	83.505384	275.176308	750.874025	9753.838	0.819
063446	40.358758	83.55476	274.865384	749.144505	9754.939	-4.464
063506	40.362119	83.602692	275.027752	750.439671	9752.733	-8.094
063526	40.365366	83.649736	275.012326	751.896258	9746.591	-2.585
063546	40.368805	83.699219	274.990335	751.396149	9748.494	8.985
063606	40.372402	83.749868	275.001993	749.498336	9755.709	15.316
063626	40.375946	83.79901	275.000885	748.071739	9760.408	10.015
063646	40.379284	83.846564	274.999306	748.401582	9761.484	2.748
063706	40.382677	83.89565	275.000143	747.314806	9760.843	-0.128
063726	40.386244	83.947103	275.000064	742.996977	9760.807	0.443
063746	40.389501	83.995248	274.999948	740.101	9761.776	-3.883
063806	40.392578	84.041283	275.000013	738.612746	9760.011	-8.617
063826	40.39575	84.088311	275.000011	737.193756	9754.86	-8.231
063846	40.398891	84.135557	274.999974	737.099452	9754.283	-8.263
063906	40.402037	84.183056	275.000024	736.751023	9753.089	-7.508
063926	40.405246	84.231098	275.000075	734.611383	9746.714	-2.271
063946	40.408389	84.27904	274.999689	733.061091	9748.752	5.505
064006	40.411541	84.327961	275.000323	731.59844	9754.734	7.355
064026	40.414762	84.378053	275.001045	729.389009	9754.608	0.882
064046	40.417793	84.425537	274.995667	728.95523	9752.982	2.645
064106	40.420676	84.470994	275.004503	728.796915	9754.826	8.747
064126	40.423602	84.517102	275.014558	726.706744	9760.074	8.601
064146	40.426624	84.564551	274.939645	724.710948	9760.888	6.955
064206	40.42957	84.612122	275.063414	723.958822	9761.748	7.281
064226	40.432376	84.658778	275.353771	723.403602	9767.728	6.929
064246	40.435479	84.706033	274.562783	719.02362	9767.6	-5.678
064306	40.437525	84.753212	270.955637	706.781409	9759.523	-21.316
064326	40.436295	84.798144	265.843372	691.502883	9753.704	-16.611
064346	40.433953	84.843409	265.434879	688.883997	9747.706	-10.24
064406	40.431727	84.888553	266.413037	691.052271	9745.529	-5.455
064426	40.429359	84.933453	265.934802	689.800785	9745.971	0.37
064446	40.426073	84.978584	264.291998	684.725713	9745.349	7.346
064506	40.422629	85.023213	263.826251	684.62677	9750.755	5.582
064526	40.418909	85.0685	263.980273	685.862458	9753.496	-1.765
064546	40.415465	85.114829	264.438155	685.709845	9747.157	-6.519
064606	40.414905	85.159358	267.984692	695.391798	9745.946	-7.025
064626	40.41574	85.203137	271.09407	705.424879	9745.574	-8.407
064646	40.4155	85.2491	270.0	705.0	9738.0	-9.0
064706	40.415142	85.297907	269.116851	707.988184	9734.69	10.679
064726	40.414892	85.345196	268.974874	710.585557	9744.071	29.4
064746	40.414617	85.390493	268.998556	710.022712	9760.359	30.395
064806	40.414229	85.43759	269.005117	710.3975	9767.774	17.051
064826	40.413822	85.483358	268.998196	711.496197	9769.704	1.703
064846	40.413422	85.527717	268.999896	712.905155	9769.162	-7.694
064906	40.412957	85.574916	269.000367	715.074903	9763.908	-10.362
064926	40.412506	85.622237	268.99987	716.313197	9759.734	-3.787
064946	40.412118	85.667928	268.999993	716.029602	9760.815	7.543
065006	40.411742	85.713681	269.000026	715.40381	9765.984	11.554
065026	40.411269	85.76087	268.999991	714.550557	9770.739	1.673
065046	40.410726	85.808921	268.999999	711.303131	9769.341	-14.422
065106	40.410254	85.855602	269.000002	704.004062	9759.048	-18.528
065126	40.409775	85.900525	268.999999	703.170595	9752.394	-9.94
065146	40.409228	85.945217	269.0	709.726526	9753.882	-0.174
065206	40.408644	85.991826	269.0	712.006167	9754.942	-3.517
065226	40.408003	86.038378	269.0	709.423769	9752.247	-10.903
065246	40.407333	86.085178	269.0	705.190533	9746.329	-14.856
065306	40.406713	86.133913	268.999999	702.452428	9740.208	-14.938
065326	40.406154	86.174999	269.000001	702.112105	9737.33	0.267
065346	40.405556	86.217903	268.999993	700.811767	9740.682	12.957
065406	40.404864	86.269069	269.000002	697.899196	9746.171	7.593
065426	40.40414	86.314854	269.000038	697.127442	9746.686	0.957
065446	40.40337	86.358903	268.999891	696.521859	9745.31	1.4
065506	40.402559	86.404399	269.000031	694.904889	9746.141	8.407
065526	40.401748	86.450754	269.000536	692.894243	9751.025	14.818
065546	40.400996	86.497559	268.998481	690.966366	9757.625	11.649
065606	40.400262	86.543103	269.000429	688.879104	9760.992	-0.698
065626	40.399463	86.585929	269.007459	686.529958	9757.091	-12.716
065646	40.398667	86.629409	268.978841	686.101113	9750.19	-13.807
065706	40.397857	86.674345	269.005972	685.911827	9745.931	-7.785
065726	40.39698	86.719103	269.103896	682.575171	9746.426	-7.032
065746	40.39617	86.764492	268.656	679.812285	9743.501	-9.217
065806	40.395355	86.809605	267.98007	678.971618	9737.808	-7.722
065826	40.394356	86.85274	267.935088	678.679441	9737.031	2.111
065846	40.39338	86.896237	268.02886	679.912436	9739.837	15.057
065906	40.392452	86.941614	267.998569	680.980564	9746.475	23.16
065926	40.391444	86.988209	267.99534	679.426008	9757.308	20.003
065946	40.39049	87.033183	268.002072	679.505965	9762.779	6.593
070006	40.38955	87.076466	267.999897	681.027986	9760.824	-8.592
070026	40.388479	87.120045	267.999665	680.732674	9756.521	-15.031
070046	40.387451	87.163364	268.00015	682.420294	9750.506	-13.092
070106	40.386447	87.208026	267.999992	686.166381	9745.898	-7.76
070126	40.385312	87.255752	267.99997	688.458423	9746.02	-3.173
070146	40.384207	87.300841	268.000027	689.423528	9744.954	5.647
070206	40.383145	87.343589	267.999995	690.037873	9746.339	15.312
070226	40.382012	87.388863	267.999919	691.18325	9757.154	16.658
070246	40.380888	87.434364	268.000226	693.240876	9761.998	12.032
070306	40.379739	87.479258	267.999937	695.047133	9761.098	7.929
070326	40.378472	87.52493	267.998896	695.114072	9766.58	8.458
070346	40.377227	87.571148	268.003131	695.065359	9769.988	5.368
070406	40.37604	87.617073	267.999116	694.964621	9768.949	-0.153
070426	40.374838	87.662273	267.984626	693.306765	9768.795	-0.28
070446	40.37365	87.70828	268.04361	690.042893	9769.203	-0.908
070506	40.372437	87.754135	267.987691	686.890851	9768.959	-8.624
070526	40.371153	87.797498	267.785862	685.937631	9765.593	-23.276
070546	40.369969	87.840122	268.640691	686.136484	9752.244	-29.228
070606	40.368724	87.885195	268.85928	685.16994	9740.317	-19.866
070626	40.36733	87.932686	267.970521	683.998151	9737.995	-7.616
070646	40.365981	87.979146	267.908859	685.219023	9738.29	-3.508
070706	40.364707	88.020213	268.025986	686.647673	9737.139	8.528
070726	40.36339	88.062752	267.989396	687.148784	9741.511	23.274
070746	40.361971	88.110836	267.999474	687.024743	9753.451	23.451
070806	40.360561	88.155852	268.000164	686.327105	9760.708	8.672
070826	40.359182	88.198315	268.003855	685.901695	9759.257	-4.562
070846	40.357773	88.242008	268.001379	685.994241	9754.133	-7.976
070906	40.356251	88.289383	267.971426	686.022611	9754.168	-7.755
070926	40.354718	88.334984	268.065117	685.986887	9752.261	-8.852
070946	40.353245	88.377734	268.038071	685.995751	9746.445	-8.524
071006	40.351792	88.422823	267.38279	686.03741	9744.662	1.037
071026	40.350288	88.468243	266.897247	685.927804	9747.634	11.42
071046	40.348732	88.512145	266.98058	685.932951	9753.124	15.012
071106	40.3472	88.556147	267.024431	686.675678	9758.54	12.517
071126	40.345651	88.60146	266.993053	686.91492	9761.764	4.733
071146	40.344033	88.647991	266.99806	686.136035	9761.503	-5.3
071206	40.34235	88.694099	267.001992	685.813502	9757.734	-11.88
071226	40.340695	88.738311	266.999581	686.102958	9752.851	-16.0
071246	40.339104	88.781198	266.999773	686.753037	9747.758	-16.635
071306	40.337454	88.826368	267.000382	688.326392	9739.929	-4.935
071326	40.335789	88.871831	266.999659	694.050702	9739.418	10.054
071346	40.334124	88.915774	266.999081	704.506837	9750.72	15.091
071406	40.332258	88.962242	267.003215	712.87792	9755.921	8.579
071426	40.330306	89.009709	266.999227	716.03289	9753.913	-0.256
071446	40.3285	89.054524	266.986871	715.55098	9753.716	-0.835
071506	40.326698	89.100113	267.037069	718.230683	9754.126	0.37
071526	40.324803	89.147583	266.989544	724.282433	9753.994	-0.018
071546	40.322859	89.195201	266.81813	728.297481	9753.979	-0.051
071606	40.320972	89.243167	267.558056	729.019604	9754.01	0.004
071626	40.318948	89.292383	267.87322	729.523178	9753.987	0.032
071646	40.316799	89.341258	266.968604	732.145013	9754.004	-0.015
071706	40.314936	89.38691	266.897593	734.540583	9754.08	-0.274
071726	40.313	89.433905	267.045967	734.841794	9753.773	0.787
071746	40.310895	89.482714	266.9976	733.978799	9754.064	-0.223
071806	40.308831	89.530213	266.990116	734.409381	9755.118	-6.615
071826	40.30674	89.578155	267.010481	735.877709	9750.436	-6.285
071846	40.304592	89.626709	266.997801	737.021759	9746.07	0.252
071906	40.302449	89.67447	266.964031	736.921747	9752.214	1.519
071926	40.300352	89.722609	267.100766	737.572243	9752.182	-3.129
071946	40.298186	89.771555	266.971576	739.061684	9745.831	-8.121
072006	40.295836	89.820283	266.163321	739.819071	9746.084	-8.06
072026	40.293608	89.866955	266.241981	740.28436	9743.704	-8.958
072046	40.291491	89.913842	267.023669	742.16486	9737.784	-7.68
072106	40.289228	89.964152	267.054463	746.391252	9736.708	3.191
072126	40.286968	90.011911	267.042374	749.018124	9740.697	11.409
072146	40.284681	90.058888	266.979489	750.084502	9746.234	15.262
072206	40.282212	90.111295	266.275163	752.348462	9750.737	21.537
072226	40.279788	90.161592	265.889666	752.961897	9759.89	21.923
072246	40.277486	90.207909	266.005471	753.082504	9769.244	14.55
072306	40.275177	90.255097	266.017826	755.67822	9769.47	4.836
072326	40.272733	90.3047	265.992055	754.529914	9769.746	-6.16
072346	40.270171	90.355525	266.000399	749.793001	9768.699	-15.326
072406	40.267629	90.405127	266.001436	747.307948	9758.47	-17.498
072426	40.265207	90.452793	265.999438	747.068917	9752.456	-10.09
072446	40.2628	90.4999	266.0	747.0	9754.0	0.0
072506	40.260209	90.548623	266.000101	745.448184	9754.224	1.243
072526	40.257622	90.597597	265.999962	745.318265	9754.034	-0.974
072546	40.2551	90.6461	266.0	747.0	9754.0	-0.0
072606	40.252513	90.694991	265.999995	747.884889	9753.217	5.594
072626	40.249881	90.745202	266.000029	748.016427	9756.282	8.896
072646	40.2472	90.7956	266.0	748.0	9761.0	8.0
072706	40.244451	90.843859	265.999824	747.792114	9760.702	7.449
072726	40.24179	90.891126	266.000445	745.467266	9763.13	9.075
072746	40.2392	90.9386	266.0	742.0	9769.0	8.0
072806	40.236498	90.986647	265.997544	740.501002	9770.274	-2.351
072826	40.23368	91.035586	266.006271	739.233226	9766.802	-11.878
072846	40.23084	91.084584	266.001744	737.113921	9761.269	-14.961
072906	40.228086	91.132212	265.965301	734.947874	9756.435	-14.891
072926	40.22539	91.179591	266.07785	733.417155	9751.93	-15.605
072946	40.222731	91.22705	266.023893	732.089969	9746.336	-15.202
073006	40.220113	91.273511	265.264854	729.95313	9739.651	-7.201
073026	40.217384	91.319514	265.119094	728.803887	9738.925	4.932
073046	40.214493	91.366236	265.928128	729.00318	9745.314	14.463
073106	40.211563	91.414649	266.247816	728.257712	9751.092	16.119
073126	40.208621	91.463668	265.66683	725.838631	9755.997	14.226
073146	40.20569	91.511702	264.999332	723.153356	9760.623	9.046
073206	40.202818	91.557918	265.602861	722.784849	9762.722	-5.145
073226	40.199945	91.604145	265.984383	722.914464	9758.121	-15.665
073246	40.197043	91.650998	265.317779	721.846619	9748.911	-15.076
073306	40.19417	91.69647	264.890123	720.078981	9745.589	-11.03
073326	40.1913	91.7416	265.0	719.0	9746.0	-8.0
073346	40.188361	91.789195	265.010899	720.047337	9740.149	-4.513
073406	40.185462	91.836522	265.015613	721.919405	9738.621	7.457
073426	40.1825	91.8834	265.0	723.0	9746.0	23.0
073446	40.179279	91.932206	264.87127	722.220342	9756.146	26.388
073506	40.176219	91.979827	265.365446	719.277673	9765.144	16.86
073526	40.173348	92.025423	265.998774	716.094747	9769.025	0.802
073546	40.170283	92.071346	265.420747	715.376032	9764.88	-12.29
073606	40.16728	92.117639	264.864421	714.097998	9758.085	-13.944
073626	40.164396	92.164045	264.983979	711.249898	9754.128	-7.472
073646	40.161331	92.21058	265.033005	709.714717	9754.425	-6.376
073706	40.158226	92.256178	264.988401	710.597683	9752.641	-8.794
073726	40.155168	92.301209	264.99493	712.771313	9746.75	-7.829
073746	40.151969	92.34813	265.028758	713.356584	9744.106	0.752
073806	40.148676	92.395712	264.969306	712.887417	9747.387	7.93
073826	40.145406	92.442163	264.932765	712.859082	9753.321	7.946
073846	40.142232	92.487498	265.324262	713.571059	9753.293	9.555
073906	40.139285	92.531445	264.559993	712.282051	9755.712	7.423
073926	40.134921	92.577031	260.731538	709.765486	9761.027	-2.529
073946	40.126787	92.626468	255.529967	710.833567	9754.874	-8.155
074006	40.117309	92.670087	253.920959	711.087043	9752.664	-2.835
074026	40.107158	92.712789	253.875359	711.214384	9754.808	-1.016
074046	40.096496	92.759217	253.088916	712.713722	9754.613	-7.565
074106	40.086038	92.804753	252.889754	714.687733	9748.315	-4.966
074126	40.076069	92.847783	253.030494	716.696886	9747.084	2.23
074146	40.066229	92.89005	253.006312	718.69274	9753.502	7.223
074206	40.05571	92.935058	252.992085	720.578473	9753.099	12.731
074226	40.045189	92.980043	253.00219	720.742018	9757.115	15.064
074246	40.035045	93.023405	253.000453	719.184632	9768.261	9.607
074306	40.024535	93.068195	252.999431	718.704253	9765.84	-3.049
074326	40.014116	93.112572	253.000159	719.199629	9759.786	-7.415
074346	40.003817	93.15636	253.000034	719.161111	9760.693	-0.55
074406	39.99265	93.203432	252.999945	717.32266	9761.816	-2.69
074426	39.981918	93.248597	253.000036	715.592713	9759.923	-10.666
074446	39.972043	93.290289	253.000029	715.80492	9754.918	-14.946
074506	39.961205	93.335976	252.9998	717.649994	9748.781	-12.258
074526	39.95028	93.382157	253.000345	719.563757	9745.372	-5.493
074546	39.939896	93.425949	253.000366	720.805766	9745.83	-0.261
074606	39.928936	93.471277	252.997257	722.237292	9746.521	-0.749
074626	39.918108	93.516471	253.004793	723.22888	9745.312	2.281
074646	39.907782	93.560274	253.005093	723.824808	9745.305	13.283
074706	39.896935	93.605065	252.961793	725.419168	9753.89	22.226
074726	39.886051	93.649813	253.066753	725.779374	9763.907	21.09
074746	39.87557	93.693406	253.070939	724.185544	9768.609	9.926
074806	39.864977	93.736862	252.285882	723.756027	9770.06	-1.969
074826	39.854017	93.781785	252.155347	724.091871	9767.581	-10.501
074846	39.842856	93.828101	252.961059	724.04381	9761.854	-14.724
074906	39.831978	93.873435	252.52718	723.752693	9756.883	-15.262
074926	39.821226	93.91798	251.890917	724.433482	9752.324	-15.059
074946	39.810273	93.962949	251.991887	725.887801	9746.892	-15.146
075006	39.799025	94.009016	251.89793	726.106745	9740.947	-12.501
075026	39.788017	94.05409	252.239125	728.273655	9737.093	-4.464
075046	39.777332	94.097897	252.977361	733.324399	9737.536	6.636
075106	39.766193	94.143656	252.514805	736.441257	9742.181	12.981
075126	39.75484	94.189783	251.880095	736.970799	9747.86	15.921
075146	39.743517	94.235122	251.975165	736.875789	9753.093	15.72
075206	39.731965	94.281554	252.031266	738.61848	9759.308	7.261
075226	39.720564	94.327615	251.991127	740.469817	9760.176	-3.273
075246	39.709511	94.372285	251.997545	741.60418	9754.806	-8.048
075306	39.698342	94.417244	252.002358	744.489787	9753.356	-4.642
075326	39.686785	94.463769	251.999431	747.910176	9753.98	1.764
075346	39.675079	94.511009	251.999824	749.8334	9753.729	6.901
075406	39.663945	94.555844	252.000169	750.081436	9756.935	12.654
075426	39.652587	94.60135	251.999959	750.089716	9762.868	14.907
075446	39.640568	94.649345	251.999987	750.192201	9768.262	9.783
075506	39.62905	94.695347	252.000012	748.356395	9770.234	-0.635
075526	39.617801	94.740071	251.999997	746.793846	9767.815	-10.469
075546	39.606375	94.785211	251.999999	747.007632	9762.207	-14.85
075606	39.595086	94.829881	252.000001	746.25358	9756.678	-13.092
075626	39.583787	94.874589	251.999999	744.400123	9753.296	-4.852
075646	39.572175	94.920297	251.999999	742.383977	9753.437	6.303
075706	39.560185	94.96718	252.000003	740.51343	9757.712	10.927
075726	39.548464	95.013297	251.999996	738.215879	9761.865	5.147
075746	39.53726	95.057719	251.999993	735.470859	9761.633	-6.294
075806	39.525745	95.102578	252.000038	733.489699	9757.096	-10.434
075826	39.513968	95.148444	251.999942	731.126177	9753.37	-6.092
075846	39.502368	95.194125	251.999909	727.663156	9753.722	-0.331
075906	39.491195	95.237468	252.000536	724.747986	9754.773	-2.774
075926	39.479994	95.280686	251.999191	722.222593	9752.982	-10.23
075946	39.46849	95.325344	251.998728	719.531249	9747.343	-14.899
080006	39.457159	95.368949	252.007459	717.075741	9740.88	-12.3
080026	39.445914	95.412144	251.988738	715.806129	9737.562	-6.237
080046	39.434441	95.456466	251.982286	715.928103	9737.956	-1.014
080106	39.422644	95.50188	252.103885	716.142011	9737.486	4.202
080126	39.411314	95.545457	251.835138	715.855219	9739.033	9.629
080146	39.400604	95.586729	251.102316	715.789011	9744.778	14.325
080206	39.389167	95.630566	250.903816	717.672407	9750.292	16.276
080226	39.377412	95.675378	251.0232	719.182934	9755.773	13.661
080246	39.366046	95.718635	251.007176	718.960715	9760.621	8.58
080306	39.354792	95.761625	250.993094	719.622805	9760.463	7.941
080326	39.343126	95.806084	251.001666	717.913853	9762.538	7.216
080346	39.331068	95.851744	251.000515	713.437886	9768.686	1.466
080406	39.319496	95.895516	250.999504	713.786712	9765.408	-5.55
080426	39.308007	95.938852	251.00012	714.835012	9760.24	-7.863
080446	39.296422	95.98249	251.000037	711.152211	9760.925	-7.158
080506	39.285673	96.023322	250.999964	705.024049	9759.031	-15.967
080526	39.274459	96.06571	251.000009	701.58431	9750.872	-24.234
080546	39.262246	96.111403	251.000003	702.684765	9739.713	-18.148
080606	39.251162	96.15314	250.999997	703.808046	9735.002	1.959
080626	39.240359	96.193656	251.000002	705.953327	9740.955	17.905
080646	39.228742	96.236716	251.000002	709.552126	9752.454	16.643
080706	39.217135	96.2799	250.999986	709.997649	9755.508	6.649
080726	39.205435	96.323551	251.000016	707.060287	9753.734	-1.172
080746	39.193457	96.368099	251.000042	703.529169	9753.966	-1.004
080806	39.181769	96.411449	250.999821	703.270677	9753.533	2.941
080826	39.170327	96.453934	251.000041	705.072862	9754.13	7.182
080846	39.15881	96.496842	251.000771	705.515596	9758.538	8.843
080906	39.147381	96.539255	250.998371	704.265671	9762.183	3.542
080926	39.135947	96.581454	250.998654	702.99613	9761.511	-5.917
080946	39.124143	96.625045	251.009734	704.106466	9756.774	-9.565
081006	39.112486	96.667922	250.983099	705.0704	9753.389	-6.186
081026	39.101276	96.708955	250.982056	704.880637	9753.872	-0.536
081046	39.090022	96.750332	251.134582	706.734749	9754.173	0.614
081106	39.078569	96.792343	250.752169	708.197603	9753.931	-0.085
081126	39.066951	96.834707	250.021129	707.954641	9753.964	0.068
081146	39.055249	96.877498	250.484824	709.090094	9754.213	-0.753
081206	39.043462	96.920412	251.124007	710.191594	9753.644	1.489
081226	39.031442	96.96384	251.02975	710.024334	9753.624	7.317
081246	39.019046	97.008746	250.931023	710.088387	9758.09	9.413
081306	39.007181	97.051755	251.075	709.7402	9761.59	6.506
081326	38.996009	97.092127	251.072378	708.280037	9761.064	0.862
081346	38.98428	97.134476	250.286165	706.295578	9761.368	-4.49
081406	38.972586	97.176685	250.151584	704.363722	9760.017	-10.078
081426	38.961101	97.21811	250.956535	703.090186	9754.906	-14.733
081446	38.948608	97.263111	250.567179	702.949184	9749.066	-13.318
081506	38.9362	97.307741	249.887626	702.91451	9745.178	-4.737
081526	38.924696	97.34899	249.964962	702.827409	9745.339	6.431
081546	38.912999	97.390734	250.035745	704.364438	9750.311	10.277
081606	38.900991	97.433531	249.992812	704.729794	9754.561	6.638
081626	38.888986	97.476301	249.996807	702.422796	9754.252	0.918
081646	38.877087	97.518426	250.002504	701.84368	9753.787	-0.637
081706	38.865234	97.560457	249.999483	701.813418	9754.064	0.063
081726	38.85342	97.602673	249.999769	700.312079	9754.071	-0.121
081746	38.841839	97.643902	250.000191	699.701428	9753.72	0.868
081806	38.830264	97.684697	249.999968	700.096519	9754.263	-0.914
081826	38.818352	97.726437	249.99998	700.207018	9754.836	-6.988
081846	38.806074	97.769881	250.000013	699.02805	9749.732	-6.744
081906	38.793912	97.812892	249.999998	697.90574	9746.094	2.366
081926	38.782106	97.854106	249.999999	698.031118	9751.711	13.474
081946	38.769853	97.897066	250.000001	697.482957	9758.393	13.407
082006	38.757613	97.940212	250.0	697.039843	9761.164	6.932
082026	38.746044	97.980755	250.0	697.324639	9760.793	2.28
082046	38.734444	98.020759	249.999999	694.978981	9762.484	-7.845
082106	38.722478	98.062156	250.000001	691.399234	9759.319	-15.509
082126	38.710355	98.104823	250.000003	689.904445	9748.022	-17.845
082146	38.698671	98.145537	249.999991	690.884359	9746.786	-44.814
082206	38.68687	98.186217	250.000007	692.036109	9733.162	-111.62
082226	38.674378	98.229425	250.000034	691.734578	9674.919	-202.547
082246	38.662514	98.270321	249.999876	693.934314	9589.888	-261.484
082306	38.650909	98.310419	250.000099	701.543134	9495.768	-295.611
082326	38.638513	98.353596	250.000479	712.464698	9396.266	-323.993
082346	38.625951	98.396923	249.998268	716.235075	9277.843	-281.998
082406	38.613409	98.439756	250.001388	714.920177	9179.469	-180.851
082426	38.60075	98.482986	250.009459	715.505568	9146.353	-82.119
082446	38.588223	98.525597	249.983758	713.606821	9143.83	-20.461
082506	38.575904	98.567413	249.971037	708.937414	9143.919	-1.417
082526	38.563567	98.609675	250.094394	708.240427	9144.068	0.578
082546	38.551034	98.652733	249.952607	710.096711	9143.984	-0.017
082606	38.538369	98.695898	249.23454	709.945786	9143.895	0.24
082626	38.526134	98.737537	248.885149	710.891987	9144.32	-1.009
082646	38.514075	98.778435	249.014288	713.208374	9143.826	0.576
082706	38.501504	98.820732	249.052783	715.004488	9142.506	10.324
082726	38.488542	98.864559	248.895099	717.654818	9148.848	18.744
082746	38.475669	98.908235	249.027732	721.169754	9159.392	14.305
082806	38.463307	98.9499	249.818707	723.421813	9161.75	-6.026
082826	38.451052	98.991329	249.793402	721.106733	9153.958	-19.039
082846	38.4385	99.0338	249.0	715.0	9144.0	-15.0
082906	38.425595	99.076966	248.909795	709.637792	9142.989	-4.02
082926	38.412944	99.119229	249.035691	707.276824	9144.423	1.291
082946	38.4005	99.1609	249.0	708.0	9144.0	0.0
083006	38.387742	99.20343	248.993524	710.143198	9143.777	0.272
083026	38.375487	99.244214	249.002562	711.3614	9144.41	-1.223
083046	38.3633	99.2848	249.0	711.0	9144.0	-0.0
083106	38.349858	99.329538	248.999535	710.515128	9141.891	7.269
083126	38.336617	99.373513	249.000184	712.264257	9149.319	-22.078
083146	38.324	99.4153	249.0	715.0	9144.0	-99.0
083206	38.311114	99.457919	248.999967	715.179699	9085.363	-190.019
083226	38.298719	99.498917	249.000013	715.190043	9004.248	-258.498
083246	38.2865	99.5393	249.0	716.0	8915.0	-297.0
083306	38.273249	99.582913	248.999998	716.111767	8805.15	-317.274
083326	38.260188	99.625634	249.000001	715.914869	8693.742	-291.186
083346	38.2476	99.6667	249.0	716.0	8603.0	-213.0
083406	38.234593	99.709372	248.999999	716.273934	8547.361	-113.218
083426	38.221743	99.75155	249.000002	715.210714	8529.727	-35.402
083446	38.2091	99.7929	249.0	713.0	8534.0	-0.0
083506	38.196057	99.83543	248.99999	711.464045	8534.758	2.77
083526	38.183019	99.877935	249.000024	710.664752	8533.738	-1.22
083546	38.1703	99.9194	249.0	710.0	8534.0	-0.0
083606	38.157774	99.960148	248.999859	708.839207	8533.795	1.054
083626	38.144977	100.0017	249.000312	707.241002	8534.571	-2.075
083646	38.131699	100.044756	249.00033	705.389403	8534.624	-6.729
083706	38.118167	100.088557	248.998168	703.560708	8529.45	-9.195
083726	38.105061	100.13089	249.002741	703.110786	8527.336	-49.21
083746	38.092658	100.170878	249.004305	704.603435	8513.602	-145.963
083806	38.08026	100.21084	248.97476	706.893593	8436.375	-250.855
083826	38.067354	100.252395	249.038392	712.020055	8326.624	-313.903
083846	38.053933	100.295537	249.082936	719.430418	8223.475	-320.258
083906	38.040582	100.338438	248.56976	722.284469	8115.626	-305.229
083926	38.027349	100.380741	247.899898	720.459088	8011.627	-250.434
083946	38.014122	100.42278	247.846814	717.140262	7937.051	-140.73
084006	38.001181	100.46428	248.591358	713.312262	7917.591	-42.219
084026	37.988458	100.505117	248.951862	710.673579	7926.252	4.212
084046	37.975576	100.545949	248.180557	710.098286	7925.762	-13.097
084106	37.962084	100.58854	247.968486	708.865807	7921.792	-86.815
084126	37.948499	100.631551	247.93857	699.766307	7884.077	-188.471
084146	37.935624	100.672388	247.637782	679.040617	7788.034	-275.389
084206	37.923539	100.710504	249.64541	657.486402	7683.782	-303.728
084226	37.912608	100.748924	251.756377	642.533339	7585.68	-310.059
084246	37.902596	100.788819	252.00359	634.296904	7480.593	-302.131
084306	37.89267	100.827499	251.987155	629.898527	7371.667	-222.965
084326	37.883289	100.86358	252.004548	629.11055	7314.337	-107.627
084346	37.874356	100.89833	252.000267	630.894604	7314.659	-17.746
084406	37.86489	100.934947	251.9989	632.828552	7316.404	4.315
084426	37.854826	100.973822	252.000295	634.609102	7314.625	-1.422
084446	37.844673	101.013108	252.000062	634.479813	7314.922	-0.294
084506	37.835147	101.049822	251.999911	629.198069	7315.097	0.37
084526	37.825574	101.086512	252.000043	625.500163	7314.973	-0.103
084546	37.815509	101.125016	252.000028	627.531559	7314.995	-0.022
084606	37.805552	101.163237	251.99982	630.182474	7315.006	0.032
084626	37.79559	101.201442	252.000307	631.051699	7315.0	-0.016
084646	37.785576	101.239674	252.000325	630.90201	7315.002	-0.011
084706	37.77589	101.276569	251.997478	632.495641	7314.983	0.076
084726	37.766119	101.313733	252.003696	634.454934	7315.026	-0.109
084746	37.75601	101.352159	252.011292	635.420826	7315.079	-0.332
084806	37.746098	101.38983	251.97579	636.776207	7314.831	0.711
084826	37.736301	101.426915	251.993448	636.192103	7314.954	0.192
084846	37.726088	101.465257	252.129604	631.764441	7315.906	-5.838
084906	37.716054	101.503173	251.6826	641.072781	7312.781	-7.329
084926	37.706051	101.541223	251.010285	661.554489	7308.073	-0.772
084946	37.695037	101.582636	251.487404	667.361357	7311.396	5.663
085006	37.683774	101.624732	252.09088	665.860688	7315.658	6.371
085026	37.673082	101.664784	252.015443	667.580148	7315.142	1.15
085046	37.662754	101.703608	252.064934	668.845114	7315.253	-2.81
085106	37.652206	101.743182	251.884415	667.29537	7314.467	2.743
085126	37.641342	101.783741	251.161722	663.704967	7313.728	26.865
085146	37.631082	101.822077	250.764999	662.720092	7325.705	79.861
085206	37.620911	101.860259	251.143983	670.590663	7363.081	171.975
085226	37.609939	101.901415	251.919797	687.385722	7437.154	292.544
085246	37.598298	101.944404	251.702357	699.243648	7555.548	388.106
085306	37.586629	101.987312	250.977609	703.068593	7703.69	437.385
085326	37.575514	102.028711	250.927072	703.157129	7857.456	448.796
085346	37.564565	102.069293	251.032424	703.125201	8005.201	453.095
085406	37.553326	102.110613	250.998392	702.939971	8153.764	449.091
085426	37.541622	102.153782	250.994762	701.881297	8310.497	413.212
085446	37.529834	102.197166	251.002335	706.805768	8439.231	357.091
085506	37.518336	102.239372	250.999883	715.328482	8538.873	321.637
085526	37.507171	102.280446	250.99958	718.691765	8642.808	347.053
085546	37.49566	102.322734	251.000161	719.087642	8767.745	404.425
085606	37.4838	102.3661	251.0	719.0	8915.0	411.0
085626	37.47222	102.408186	250.999995	717.675773	9062.11	290.068
085646	37.460774	102.44961	250.999947	710.411807	9140.774	141.271
085706	37.449282	102.491289	250.999926	702.304572	9146.023	43.1
085726	37.437739	102.533528	251.000347	706.397481	9142.284	4.19
085746	37.426194	102.575513	250.999663	710.727371	9144.275	0.073
085806	37.414667	102.616758	250.998921	704.233395	9144.148	0.446
085826	37.403091	102.658576	251.004561	704.788532	9144.023	-2.071
085846	37.391588	102.700543	250.99659	710.592591	9143.904	1.609
085906	37.380174	102.741954	250.983673	710.882546	9143.477	24.666
085926	37.368365	102.784222	251.058918	708.104234	9149.027	72.545
085946	37.356574	102.826419	250.953896	708.557645	9192.903	175.779
090006	37.345464	102.866448	251.157552	713.531091	9289.159	300.462
090026	37.333926	102.907431	251.961018	715.548966	9391.796	356.24
090046	37.321185	102.952897	250.972124	715.827961	9517.176	385.77
090106	37.309502	102.994615	251.012068	709.781751	9655.661	227.501
090126	37.297971	103.035882	250.867389	705.807367	9731.55	145.3
090146	37.286376	103.077278	251.132048	705.103079	9756.053	91.396
090206	37.274613	103.119021	251.92821	707.063752	9755.304	15.504
090226	37.262414	103.162122	251.619006	710.465415	9753.14	-9.765
090246	37.250346	103.204706	250.941012	713.467753	9754.143	1.721
090306	37.2389	103.245146	251.03314	714.804751	9754.083	1.352
090326	37.227315	103.286164	250.614723	715.24019	9754.037	-1.069
090346	37.215267	103.32877	249.941232	716.257874	9753.928	0.385
090406	37.202969	103.372072	249.936731	718.398017	9753.584	4.451
090426	37.190929	103.414427	250.032857	719.213859	9755.74	11.564
090446	37.179106	103.455873	249.998445	719.008194	9761.35	14.881
090506	37.167061	103.497812	249.994937	719.338756	9767.91	6.162
090526	37.154591	103.54139	250.002249	717.733819	9767.509	-7.479
090546	37.14231	103.584466	249.999889	714.893886	9760.639	-15.059
090606	37.130862	103.624406	249.999648	713.610529	9755.041	-10.648
090626	37.118816	103.666267	250.000128	711.803592	9754.142	-6.72
090646	37.106291	103.709821	250.000001	709.963728	9753.849	-8.115
090706	37.094507	103.750876	250.000139	710.487654	9748.303	-9.256
090726	37.082499	103.792454	249.999542	711.36951	9744.899	-4.453
090746	37.070084	103.835224	250.000132	710.939226	9746.102	-0.048
090806	37.058001	103.876956	250.002303	709.731621	9747.153	-5.768
090826	37.046294	103.917472	249.993464	711.640767	9742.68	-7.476
090846	37.034385	103.958622	250.001845	716.21729	9737.986	0.536
090906	37.021717	104.002189	250.032099	719.735036	9742.708	11.441
090926	37.009176	104.045178	249.908952	722.423787	9749.267	16.916
090946	36.99699	104.086889	250.025736	724.032641	9754.267	14.763
091006	36.984719	104.128866	250.787204	723.958812	9759.512	9.14
091026	36.97256	104.170326	250.851533	724.435882	9760.875	6.611
091046	36.960519	104.211301	250.084765	725.853235	9760.534	7.148
091106	36.948218	104.253274	249.894889	726.193266	9766.412	3.905
091126	36.935288	104.297246	250.029181	725.925969	9768.148	-2.207
091146	36.922181	104.34162	250.006149	725.963759	9761.705	-6.757
091206	36.910157	104.38251	249.991253	726.220938	9760.415	-6.443
091226	36.898056	104.42367	250.001754	725.750707	9760.616	-8.183
091246	36.884937	104.467977	250.000924	724.343056	9755.987	-14.339
091306	36.872056	104.51113	249.999428	723.676963	9749.292	-12.496
091326	36.859469	104.553468	250.000059	724.169415	9745.856	-7.495
091346	36.846778	104.596647	249.999904	725.426214	9746.642	-7.944
091406	36.834436	104.638313	250.000573	727.205253	9742.202	-6.202
091426	36.822257	104.679071	249.999515	729.336354	9738.029	1.525
091446	36.809751	104.720943	249.997634	731.445017	9743.43	12.278
091506	36.796957	104.763548	250.008571	732.71688	9749.783	16.983
091526	36.783932	104.80686	249.993156	734.375158	9754.825	14.307
091546	36.770798	104.850748	249.96376	737.690473	9759.994	9.281
091606	36.757907	104.893703	250.112452	740.510256	9760.78	7.648
091626	36.744984	104.936685	249.938505	742.131228	9761.379	7.909
091646	36.73174	104.980886	249.117297	742.610185	9767.499	3.763
091706	36.719217	105.022471	249.325603	740.132944	9767.995	-7.578
091726	36.706744	105.063668	250.005754	739.131268	9760.545	-13.833
091746	36.692973	105.109192	249.446611	744.915963	9753.269	-1.427
091806	36.679436	105.153831	248.88018	748.444527	9757.875	9.753
091826	36.666769	105.195434	248.984994	745.439519	9768.682	8.469
091846	36.653859	105.237848	249.027466	741.411451	9764.133	3.21
091906	36.640773	105.280906	248.991376	739.741842	9762.458	-1.929
091926	36.627631	105.324129	248.998909	740.020219	9769.001	-7.311
091946	36.61421	105.368123	249.002153	738.184337	9761.144	-14.335
092006	36.601091	105.411056	248.9994	730.485069	9752.319	-12.624
092026	36.588445	105.452395	248.999834	721.507453	9753.537	-1.607
092046	36.575525	105.494485	249.00016	724.619342	9754.432	1.559
092106	36.562339	105.537394	248.999962	729.422486	9753.916	-0.446
092126	36.549267	105.579886	248.999988	726.562566	9754.004	-0.243
092146	36.536591	105.620812	249.000012	725.638234	9753.807	0.902
092206	36.523881	105.661805	248.999998	725.810257	9754.268	-1.011
092226	36.510787	105.704181	249.0	723.651771	9754.611	-6.765
092246	36.497698	105.746368	248.999994	721.435222	9750.03	-9.701
092306	36.484791	105.787967	249.000008	721.212716	9745.344	-6.642
092326	36.471891	105.829691	249.000019	723.335382	9745.642	-0.691
092346	36.458532	105.872602	248.999908	726.066626	9746.618	-0.701
092406	36.445236	105.915152	249.000117	730.329801	9745.443	1.763
092426	36.432477	105.956094	249.000264	735.964873	9744.826	12.771
092446	36.419651	105.997296	248.998689	738.605557	9753.456	17.411
092506	36.406413	106.039682	249.001285	740.642462	9761.723	13.971
092526	36.392847	106.082907	249.004121	744.409	9760.889	8.371
092546	36.379482	106.125512	248.98164	744.450856	9764.329	4.759
092606	36.3662	106.1678	249.0	742.0	9769.0	0.0
092626	36.352618	106.21084	249.075472	741.574081	9764.72	-10.071
092646	36.338975	106.25421	248.837901	742.370513	9758.748	-17.15
092706	36.325382	106.297443	248.950565	742.086937	9754.295	-15.321
092726	36.312006	106.340334	250.757894	739.079083	9747.657	-6.022
092746	36.300666	106.382162	252.838101	735.50113	9747.18	4.217
092806	36.291084	106.424316	253.947089	732.350948	9753.469	7.385
092826	36.280634	106.469637	254.102832	728.659347	9755.773	-1.422
092846	36.269924	106.514964	253.972062	726.700045	9752.169	-9.844
092906	36.259798	106.558088	253.994217	726.989301	9746.545	-8.745
092926	36.249842	106.600816	254.007256	726.61469	9745.279	-2.796
092946	36.240157	106.642251	253.997987	727.87413	9746.284	0.29
093006	36.230438	106.68341	253.999577	731.528563	9746.144	-0.248
093026	36.219738	106.728571	254.000576	733.560194	9745.154	4.158
093046	36.209075	106.773853	253.999759	734.164418	9747.508	9.33
093106	36.199036	106.816801	253.999834	734.155598	9753.186	8.913
093126	36.188597	106.861231	254.00076	732.883743	9754.93	2.626
093146	36.178104	106.905544	253.998906	731.85863	9753.526	0.674
093206	36.168012	106.947948	253.998293	731.990513	9753.477	6.971
093226	36.157872	106.990559	254.009996	731.800202	9757.859	8.89
093246	36.147623	107.033622	253.984798	732.381281	9761.547	5.92
093306	36.137372	107.076623	253.967162	733.8896	9761.119	1.581
093326	36.127132	107.119519	254.130111	733.206522	9761.487	-4.061
093346	36.116829	107.162526	253.863402	731.897759	9760.316	-8.647
093406	36.106424	107.205749	253.054517	732.095805	9755.178	-8.977
093426	36.096027	107.248833	253.454791	730.934358	9753.245	-4.084
093446	36.085609	107.29195	253.979604	728.526097	9754.142	0.446
093506	36.075132	107.335313	253.212039	726.500531	9754.13	0.148
093526	36.064721	107.378525	252.886029	725.00068	9753.734	0.504
093546	36.054201	107.422101	252.994051	723.836921	9754.164	-0.522
093606	36.04353	107.466038	252.898495	723.04521	9754.757	-6.176
093626	36.033417	107.507816	253.501899	723.323692	9750.639	-9.64
093646	36.02361	107.548333	253.980955	724.085806	9745.566	-7.257
093706	36.013388	107.590265	253.251261	724.173726	9745.546	-1.293
093726	36.002731	107.634069	252.857284	723.467753	9746.437	0.107
093746	35.991924	107.678389	253.012816	723.01464	9745.878	0.296
093806	35.98129	107.721537	253.019629	723.716442	9745.173	5.954
093826	35.970878	107.763756	252.99009	724.135789	9749.057	9.082
093846	35.960568	107.805826	253.000956	723.985731	9754.31	6.574
093906	35.950235	107.848189	253.001814	723.962479	9754.585	1.756
093926	35.940002	107.889963	252.999272	724.041238	9753.773	-0.648
093946	35.929723	107.931587	252.999961	724.009194	9753.99	-0.043
094006	35.91906	107.974559	253.000139	723.826082	9753.995	0.307
094026	35.908231	108.018023	252.999951	724.44053	9754.097	-0.466
094046	35.897618	108.060704	252.999997	725.925052	9754.034	-0.133
094106	35.887429	108.102065	253.000011	727.03178	9753.27	4.608
094126	35.877116	108.143498	252.999997	726.591018	9755.535	9.65
094146	35.866385	108.18616	253.0	725.911528	9760.603	8.673
094206	35.855519	108.229948	253.000001	728.055049	9762.344	-1.807
094226	35.844666	108.273475	253.0	728.681267	9759.19	-10.038
094246	35.833956	108.315903	253.0	726.216079	9754.312	-8.518
094306	35.823473	108.357826	252.999999	725.303625	9753.377	-2.446
094326	35.812742	108.400825	253.000002	726.887755	9754.311	0.169
094346	35.801776	108.444357	253.000001	728.927203	9754.111	-0.253
094406	35.791263	108.485668	252.999989	728.231049	9752.964	5.178
094426	35.780795	108.526995	253.000019	726.468511	9755.76	7.683
094446	35.770023	108.569863	253.00002	726.649566	9760.858	1.29
094506	35.759167	108.612684	252.999853	730.578545	9757.595	-6.462
094526	35.747859	108.657069	253.000256	735.642091	9753.142	-6.81
094546	35.736278	108.7026	253.000273	738.774662	9753.801	-0.587
094606	35.72553	108.744845	252.997956	739.393556	9754.415	0.072
094626	35.715132	108.785514	253.003572	740.906358	9753.594	1.236
094646	35.704213	108.828099	253.003796	744.528696	9753.619	7.241
094706	35.692496	108.874052	252.971527	746.610754	9758.052	9.697
094726	35.680972	108.919091	253.049746	747.060289	9761.678	6.096
094746	35.670127	108.961029	253.052865	747.010077	9761.161	0.44
094806	35.659092	109.003589	252.421466	747.006	9760.641	0.108
094826	35.647662	109.047886	251.905758	746.965433	9761.378	-1.279
094846	35.636111	109.092778	251.980319	746.959389	9761.361	-7.242
094906	35.624855	109.136172	252.026318	747.486225	9757.105	-9.793
094926	35.613584	109.179594	251.993785	748.183567	9753.396	-6.364
094946	35.602088	109.22407	251.998078	748.18269	9753.779	-0.585
095006	35.590758	109.267662	252.00185	746.600721	9754.423	-0.285
095026	35.57952	109.310776	251.999554	744.353962	9753.579	1.391
095046	35.568116	109.354538	251.999862	742.389336	9753.391	7.511
095106	35.556486	109.398928	252.000133	740.388444	9758.573	5.364
095126	35.545385	109.441296	251.999968	738.443904	9760.361	-2.251
095146	35.534941	109.48131	251.99999	737.111868	9754.765	-7.522
095206	35.523798	109.523814	252.00001	737.035718	9753.956	-7.971
095226	35.511878	109.569009	251.999998	736.765672	9752.923	-6.783
095246	35.499985	109.61398	251.999999	735.3932	9747.128	-6.905
095306	35.489145	109.655103	252.000001	734.399308	9745.896	-7.143
095326	35.478646	109.694967	252.0	733.90331	9745.377	-8.454
095346	35.467435	109.737346	252.0	733.769274	9739.587	-9.324
095406	35.455959	109.780578	252.0	735.19161	9736.367	-1.107
095426	35.444211	109.824795	252.0	737.41215	9738.942	8.029
095446	35.43226	109.869803	252.0	738.820248	9744.512	7.88
095506	35.421117	109.911629	252.0	738.845828	9746.009	6.906
095526	35.410342	109.951881	252.0	739.066756	9746.156	8.044
095546	35.398712	109.995227	252.0	741.258095	9751.922	8.192
095606	35.38703	110.038695	252.0	742.097916	9754.384	7.774
095626	35.37563	110.081237	252.0	742.049313	9754.104	8.05
095646	35.364156	110.124304	251.999999	744.095116	9758.783	8.883
095706	35.352644	110.167115	252.000002	745.241449	9761.769	5.569
095726	35.341	110.21	252.0	745.0	9761.0	-0.0
095746	35.329061	110.254184	251.999989	746.012173	9760.906	-0.77
095806	35.317216	110.298124	252.000027	748.145845	9760.936	0.722
095826	35.3055	110.3415	252.0	750.0	9761.0	0.0
095846	35.293642	110.385233	251.999853	750.225277	9761.65	-5.136
095906	35.282095	110.42761	252.000375	749.798907	9759.083	-9.999
095926	35.270685	110.46936	252.000104	749.960076	9754.187	-8.361
095946	35.25866	110.513414	251.997923	751.239295	9752.73	2.482
100006	35.246387	110.558412	252.004699	752.427631	9756.033	10.05
100026	35.234214	110.602968	252.002745	752.956009	9760.728	8.422
100046	35.222106	110.647091	251.971083	753.284115	9761.327	3.5
100106	35.210132	110.690641	252.057434	752.47876	9761.236	-2.43
100126	35.198284	110.733783	252.037515	751.86502	9761.242	-7.631
100146	35.186425	110.777049	251.382542	754.712307	9756.715	-9.379
100206	35.174553	110.820235	250.899993	755.721542	9753.29	-5.984
100226	35.162767	110.862882	250.987352	753.191621	9753.911	-0.365
100246	35.151112	110.904995	251.024845	752.668911	9754.16	0.761
100306	35.138925	110.948983	250.99325	753.003181	9753.981	-0.291
100326	35.126182	110.994846	250.998603	752.199186	9754.02	-0.145
100346	35.113931	111.038719	251.001752	750.737272	9753.785	0.842
100406	35.101831	111.082172	250.999515	749.822592	9754.393	-1.5
100426	35.089749	111.125723	250.9999	749.944478	9754.421	-7.306
100446	35.078421	111.166177	251.000126	750.215484	9749.382	-9.529
100506	35.066796	111.207618	250.999964	749.658232	9745.23	-6.295
100526	35.0543	111.252358	250.99999	748.259803	9745.793	-0.755
100546	35.042024	111.296172	251.00001	747.280619	9746.165	0.849
100606	35.030175	111.338347	250.999998	746.960389	9746.013	-0.42
100626	35.018451	111.380074	250.999999	747.512896	9746.117	-0.613
100646	35.00648	111.422609	251.000001	749.865305	9745.456	2.975
100706	34.994085	111.466639	251.0	753.905235	9746.593	9.344
100726	34.981451	111.511512	251.0	758.553184	9751.8	14.532
100746	34.96919	111.554734	251.0	762.142016	9757.774	13.258
100806	34.956777	111.59824	251.0	764.237012	9761.261	6.978
100826	34.943589	111.644544	251.0	765.516435	9761.247	1.186
100846	34.930753	111.689794	251.0	767.144751	9760.852	-0.647
100906	34.918605	111.732598	251.0	769.205562	9761.014	0.057
100926	34.906633	111.774531	251.0	770.807938	9761.023	0.078
100946	34.894031	111.81869	250.999999	770.604988	9760.982	-0.009
101006	34.881008	111.864193	251.000001	768.786131	9761.005	-0.015
101026	34.868267	111.908282	251.000005	766.686058	9761.036	-0.148
101046	34.855578	111.952238	250.999986	765.22968	9760.888	0.49
101106	34.843073	111.995777	251.000008	763.811526	9761.061	-0.271
101126	34.830979	112.037931	251.000063	761.649611	9761.485	-5.305
101146	34.818596	112.080931	250.999798	760.562538	9759.005	-11.952
101206	34.805694	112.125626	251.00011	759.863535	9753.362	-14.954
101226	34.79271	112.170648	251.000881	758.197537	9747.465	-10.71
101246	34.780489	112.212922	250.997188	758.725848	9745.338	-4.046
101306	34.768456	112.254379	251.001537	760.00211	9746.063	0.216
101326	34.755617	112.298598	251.012273	758.623764	9746.106	0.325
101346	34.743056	112.342133	250.960831	757.671335	9745.916	-0.145
101406	34.730623	112.384455	251.022	758.049269	9746.024	0.004
101426	34.717874	112.42772	251.959683	758.219897	9746.166	-0.069
101446	34.707105	112.472285	255.483148	757.290081	9745.42	0.452
101506	34.699179	112.517415	260.246696	756.065968	9745.006	3.05
101526	34.693432	112.561852	262.509029	756.488295	9747.808	9.284
101546	34.688646	112.606143	262.02926	757.960687	9753.689	14.925
101606	34.683401	112.652204	261.896335	757.970774	9759.188	11.925
101626	34.677992	112.698813	262.036547	758.451406	9761.545	4.779
101646	34.67276	112.744637	262.002101	759.943991	9761.039	0.085
101706	34.667554	112.789513	261.992557	760.3281	9760.694	0.358
101726	34.662375	112.834339	262.002624	759.531388	9761.49	-1.856
101746	34.657165	112.880077	262.000151	758.081109	9761.141	-7.769
101806	34.651816	112.926892	261.999466	756.541217	9756.406	-9.545
101826	34.64657	112.972537	262.000188	755.846027	9753.263	-5.568
101846	34.641458	113.016595	262.000011	755.991762	9753.954	-0.151
101906	34.63622	113.061116	261.999962	756.016643	9754.227	0.308
101926	34.63091	113.106277	262.000013	756.022989	9753.769	0.415
101946	34.625569	113.151815	262.000001	756.009861	9753.942	0.179
102006	34.620158	113.197554	261.999998	755.790382	9755.118	-5.832
102026	34.614813	113.242944	262.0	756.529815	9751.29	-7.221
102046	34.609563	113.287679	262.0	757.952881	9746.009	-0.39
102106	34.604269	113.332096	262.000004	758.206931	9750.819	6.113
102126	34.598831	113.377595	261.99999	757.834423	9754.599	8.411
102146	34.593278	113.423997	261.999997	757.963072	9753.921	7.989
102206	34.58774	113.469575	262.000064	759.199611	9758.38	8.738
102226	34.582208	113.515275	261.999855	760.509109	9761.797	5.912
102246	34.576676	113.561406	261.999956	761.000461	9761.044	0.189
102306	34.571188	113.606876	262.000896	760.560101	9760.874	-0.806
102326	34.565773	113.651739	261.997984	759.4271	9760.973	0.6
102346	34.560372	113.696369	261.999381	758.063314	9760.977	0.128
102406	34.554842	113.741283	262.012483	756.845656	9761.512	-4.399
102426	34.549069	113.787794	261.971923	755.102293	9759.637	-11.018
102446	34.543279	113.834719	261.991379	753.079418	9754.315	-14.988
102506	34.537875	113.878954	262.173868	752.358749	9748.209	-11.639
102526	34.532375	113.9228	261.581163	754.136794	9745.339	-5.026
102546	34.526823	113.967379	260.95093	756.042311	9745.923	-0.247
102606	34.521663	114.011413	261.908311	753.807799	9746.146	0.375
102626	34.514777	114.05764	258.959883	753.840227	9745.948	0.014
102646	34.50603	114.102815	255.04611	757.65184	9746.139	-0.403
102706	34.497061	114.14436	255.945174	759.942401	9746.043	-0.144
102726	34.487591	114.189162	256.194119	760.230928	9745.133	5.021
102746	34.478009	114.234646	255.931847	759.855576	9748.166	9.309
102806	34.468481	114.279242	255.996166	759.973051	9753.825	8.193
102826	34.458808	114.32484	256.011876	760.730959	9754.558	2.874
102846	34.44948	114.368725	255.999743	760.962218	9753.944	-1.429
102906	34.440369	114.411217	256.001148	760.963722	9754.038	-0.246
102926	34.430719	114.456218	255.972142	762.334279	9753.016	6.265
102946	34.421176	114.500915	256.064559	763.119483	9756.489	6.625
103006	34.411875	114.544575	256.019909	762.983059	9761.033	0.224
103026	34.402126	114.590067	255.344073	763.801092	9755.939	-0.811
103046	34.392322	114.635372	254.896076	763.694547	9755.57	0.326
103106	34.382684	114.679761	254.994026	763.876441	9760.978	0.031
103126	34.372947	114.725026	255.021177	767.876303	9756.193	-0.351
103146	34.363266	114.769965	254.99251	767.99717	9755.35	0.681
103206	34.353681	114.814001	254.999562	764.085301	9760.926	0.204
103226	34.344011	114.858076	255.001696	765.148893	9757.167	-6.129
103246	34.334382	114.902069	254.999068	765.540827	9752.996	-6.64
103306	34.324694	114.946534	254.999848	763.077953	9753.94	-0.215
103326	34.314696	114.992292	255.002563	762.90957	9754.267	0.581
103346	34.305049	115.036239	254.994441	762.551407	9753.783	0.212
103406	34.295593	115.079165	254.998303	761.04452	9753.951	0.136
103426	34.285325	115.12573	255.034191	760.95094	9754.914	-5.037
103446	34.275058	115.172051	254.923111	760.740869	9751.756	-9.198
103506	34.265374	115.215924	254.976394	760.009548	9746.152	-8.155
103526	34.255918	115.259921	255.73015	760.493625	9745.896	-3.65
103546	34.246137	115.306087	255.937118	761.294752	9745.038	3.45
103606	34.236813	115.350061	255.954767	761.056482	9745.649	9.817
103626	34.228794	115.387604	257.067472	759.9518	9754.965	9.304
103646	34.21887	115.433968	256.346093	760.727252	9754.915	1.992
103706	34.20905	115.479648	255.752912	760.996471	9753.451	-0.955
103726	34.199656	115.523469	256.077339	761.122701	9754.093	0.038
103746	34.189707	115.569898	256.280164	762.57642	9754.181	-0.38
103806	34.179848	115.614369	254.965263	763.242689	9753.535	2.339
103826	34.170984	115.657373	255.281393	762.975952	9754.222	7.469
103846	34.163761	115.702592	260.404526	762.933362	9757.929	9.895
103906	34.158073	115.750026	264.332792	763.008191	9761.517	5.353
103926	34.153537	115.797423	263.441512	763.00096	9761.782	-5.313
103946	34.14947	115.840056	262.712833	763.017786	9757.805	-10.938
104006	34.145201	115.883041	263.049033	762.977924	9753.382	-6.182
104026	34.140499	115.931382	263.031385	762.926792	9753.14	5.299
104046	34.135974	115.977268	262.978185	763.311609	9757.291	10.505
104106	34.131649	116.021083	263.00281	762.763778	9761.331	7.139
104126	34.12725	116.066697	263.002642	760.531184	9761.32	1.125
104146	34.122817	116.112006	262.998497	759.905486	9760.783	-1.029
104206	34.118316	116.15715	263.000193	759.862488	9761.04	-20.621
104226	34.113709	116.203439	263.000149	758.279416	9754.416	-93.838
104246	34.109145	116.249674	263.000039	758.49582	9714.878	-242.54
104306	34.104618	116.2949	262.999897	760.225484	9600.005	-437.818
104326	34.100006	116.339297	262.999716	760.301482	9397.733	-604.924
104346	34.095235	116.384377	263.002344	756.436442	9184.238	-658.636
104406	34.09042	116.429085	262.995842	749.174558	8967.281	-652.468
104426	34.085625	116.473037	262.995571	740.332219	8742.723	-647.994
104446	34.080772	116.517858	263.0382	732.053422	8531.931	-639.462
104506	34.07604	116.56127	262.984617	726.654769	8322.342	-641.33
104526	34.071555	116.603344	263.049612	722.225437	8101.011	-637.994
104546	34.0673	116.6488	264.0	710.0	7894.0	-574.0
104606	34.06376	116.68835	264.864613	695.601532	7715.733	-562.577
104626	34.060146	116.728202	264.873056	684.566782	7528.529	-577.921
104646	34.056175	116.771069	264.239979	677.14413	7326.209	-580.725
104706	34.052327	116.812363	263.894572	669.861814	7139.491	-562.747
104726	34.048914	116.849869	264.168569	663.499931	6956.173	-558.494
104746	34.044863	116.888801	263.237502	659.095069	6764.405	-569.644
104806	34.03966	116.930965	261.066956	655.180517	6577.354	-564.376
104826	34.03472	116.969312	260.816819	651.544186	6389.577	-558.381
104846	34.029929	117.005709	260.941155	646.33756	6204.173	-554.392
104906	34.025134	117.042728	260.960093	639.356096	6021.202	-555.639
104926	34.020606	117.080502	262.396617	632.517303	5834.82	-566.841
104946	34.016245	117.118728	262.956663	626.264765	5643.054	-573.038
105006	34.011916	117.156634	262.038266	621.19883	5450.463	-570.124
105026	34.007568	117.193406	261.778231	617.835339	5264.15	-569.89
105046	34.0031	117.23	262.0	613.0	5075.0	-570.0
105106	33.99851	117.267128	262.020698	604.309859	4877.831	-562.804
105126	33.994214	117.302589	262.00623	596.565581	4700.027	-539.465
105146	33.990192	117.337094	261.938235	589.656803	4526.211	-538.885
105206	33.986078	117.372599	262.03733	582.335813	4340.561	-545.185
105226	33.981901	117.408114	261.94018	577.908225	4158.946	-499.138
105246	33.978082	117.441076	260.811989	574.615631	3989.715	-433.61
105306	33.974257	117.474176	266.282215	553.205998	3882.492	-336.923
105326	33.975806	117.505988	279.01639	531.24915	3777.823	-395.61
105346	33.981533	117.537312	284.584532	527.227889	3618.942	-467.419
105406	33.986931	117.568986	281.73461	527.758716	3461.597	-413.158
105426	33.992281	117.599272	281.250679	521.274299	3347.59	-380.362
105446	33.99794	117.631125	283.518004	514.095126	3211.901	-388.982
105506	34.003404	117.662167	281.239322	512.118962	3085.079	-304.975
105526	34.005795	117.68996	269.504795	512.357138	3031.203	-191.54
105546	34.002806	117.720712	261.980769	503.911265	2955.757	-401.102
105606	33.999865	117.752181	263.538602	496.186445	2802.691	-490.274
105626	33.997002	117.782752	264.398095	500.837687	2613.511	-489.739
105646	33.994162	117.812083	263.970239	508.567486	2448.694	-436.163
105706	33.991375	117.841254	264.090438	506.739344	2330.985	-366.686
105726	33.988429	117.872304	263.153211	495.877553	2217.017	-347.572
105746	33.985581	117.902692	263.433693	497.267831	2098.733	-330.375
105806	33.982856	117.931141	265.008427	506.749067	1991.218	-270.757
105826	33.979823	117.960443	263.604284	483.159661	1910.543	-214.39
105846	33.97703	117.988204	263.119826	451.986602	1851.431	-188.789
105906	33.974578	118.013866	264.012611	426.714295	1794.813	-199.241
105926	33.972106	118.038909	263.38264	401.537979	1721.228	-236.382
105946	33.969679	118.062628	262.843066	386.756518	1636.288	-289.144
110006	33.967389	118.085114	263.007454	379.551073	1533.056	-336.817
110026	33.965233	118.107248	263.015432	367.397718	1403.726	-353.534
110046	33.96309	118.128801	262.977899	354.856339	1286.906	-329.204
110106	33.960981	118.149995	263.017124	348.113976	1188.028	-300.571
110126	33.958924	118.171029	263.0347	347.899156	1091.91	-301.686
110146	33.95679	118.191452	262.835534	347.321386	988.716	-316.547
110206	33.954691	118.211691	263.213234	345.589153	879.475	-320.693
110226	33.952699	118.232229	264.00538	340.488625	771.808	-303.953
110246	33.950668	118.252433	263.340467	323.331086	673.358	-282.898
110306	33.948819	118.270802	262.91662	296.423555	583.44	-263.91
110326	33.947113	118.287525	262.988686	274.367194	498.838	-242.719
110346	33.945344	118.30402	262.698175	270.59925	419.573	-217.363
110406	33.943774	118.320303	263.922884	266.434864	356.86	-214.497
110426	33.942274	118.335758	264.465771	256.963495	295.192	-226.068
110446	33.940724	118.350593	263.721319	250.46486	221.349	-235.885
110506	33.939141	118.365395	262.95881	253.995258	131.133	-236.407
110526	33.937573	118.380403	262.953585	258.255065	38.754	-200.365
110546	33.936164	118.394813	263.012659	205.34587	13.113	-41.874
