062314	40.6396	73.7971	301.0	291.0	30.0	0.0
062334	40.645989	73.814124	289.267362	300.238159	253.304	667.453
062354	40.644509	73.83432	250.566664	327.906838	444.016	447.85
062414	40.634235	73.855109	233.107648	379.001824	565.12	363.641
062434	40.622742	73.876564	237.676381	419.525666	673.795	393.445
062454	40.608846	73.897232	224.986626	457.95976	840.377	556.853
062514	40.589584	73.914773	209.392541	484.198526	1065.678	740.856
062534	40.568502	73.931816	213.755562	491.442196	1320.382	769.064
062554	40.547555	73.949889	212.934216	502.900222	1589.182	762.484
062614	40.526384	73.967313	212.147026	522.326952	1818.987	803.496
062634	40.503922	73.985266	211.598714	520.695601	2113.598	877.698
062654	40.481574	74.002735	210.83365	511.609957	2414.471	797.186
062714	40.459741	74.019997	211.727431	521.497964	2626.175	625.859
062734	40.436519	74.03814	210.58595	535.581038	2841.88	657.959
062754	40.4143	74.0566	212.0	542.0	3071.0	532.0
062814	40.394894	74.084081	240.189466	556.364509	3169.179	270.835
062834	40.380232	74.114883	244.549474	589.212164	3250.517	255.021
062854	40.366103	74.14806	237.292503	621.976299	3365.243	428.897
062914	40.349155	74.183864	237.331868	637.584832	3539.112	634.709
062934	40.331384	74.221	238.391424	637.492723	3797.187	730.575
062954	40.314444	74.257151	237.940711	633.918668	4066.836	708.272
063014	40.298512	74.291111	237.910998	637.376926	4268.82	644.608
063034	40.28217	74.32565	238.257817	640.922699	4471.016	602.153
063054	40.265399	74.361388	239.202937	642.132568	4688.049	590.147
063114	40.248745	74.397441	240.453991	644.422551	4889.036	578.347
063134	40.231327	74.433918	239.355729	653.488164	5059.986	523.578
063154	40.213522	74.471342	238.842799	667.718857	5198.474	425.296
063214	40.2022	74.5112	259.0	660.0	5342.0	439.0
063234	40.197791	74.553411	265.650503	660.888427	5496.576	411.807
063254	40.195123	74.597109	263.483879	672.652906	5623.733	319.335
063314	40.191291	74.641587	263.892244	689.023289	5705.311	234.276
063334	40.187546	74.686559	264.142283	710.550467	5766.678	244.856
063354	40.183899	74.732576	263.947318	727.736753	5846.397	293.618
063414	40.180022	74.780102	263.936991	735.211812	5958.192	314.512
063434	40.176	74.829	264.0	740.0	6073.0	315.0
063454	40.171936	74.878902	264.007251	747.253623	6169.641	307.961
063514	40.167867	74.928718	263.997139	751.0706	6270.881	303.49
063534	40.1639	74.9772	264.0	753.0	6378.0	297.0
063554	40.160089	75.024297	264.00047	760.629265	6469.749	281.52
063614	40.15599	75.074253	263.999919	765.445768	6563.636	292.951
063634	40.151831	75.124382	264.000082	767.749354	6665.166	304.482
063654	40.147783	75.172961	263.999967	771.592475	6765.939	294.358
063714	40.143577	75.22293	263.999788	775.584087	6863.421	286.235
063734	40.139353	75.27321	264.000184	780.286905	6957.032	280.713
063754	40.135167	75.323182	264.00039	785.718198	7048.111	279.987
063814	40.130805	75.374276	263.998132	790.344078	7141.272	294.007
063834	40.126249	75.427043	264.002434	793.752443	7242.305	309.753
063854	40.121635	75.480585	264.012405	796.241865	7351.019	310.982
063914	40.117165	75.532313	263.996232	798.179424	7454.752	299.369
063934	40.112912	75.581301	263.972772	799.672555	7546.194	280.758
063954	40.108557	75.631836	264.07657	800.226806	7637.076	266.2
064014	40.103976	75.684712	263.809136	801.991667	7726.179	252.266
064034	40.099297	75.737516	263.074929	805.590643	7806.52	226.43
064054	40.094689	75.788748	262.909463	807.735336	7879.205	206.927
064114	40.090072	75.840653	263.021213	814.132197	7934.187	375.962
064134	40.085326	75.894423	263.000497	813.315651	8060.23	741.124
064154	40.080501	75.947262	263.029588	773.664926	8433.925	978.891
064214	40.076195	75.994548	262.938472	729.667723	8827.05	896.24
064234	40.072398	76.037631	262.933031	711.427471	9044.969	576.927
064254	40.068137	76.08528	263.686729	704.576894	9176.313	370.814
064314	40.063862	76.13223	263.891801	702.874703	9276.615	307.833
064334	40.059908	76.17535	263.088932	703.129946	9372.836	298.118
064354	40.055674	76.221625	262.916021	701.081703	9477.077	280.968
064414	40.051261	76.268478	262.976816	700.191938	9568.819	244.51
064434	40.047082	76.312832	262.948014	702.610776	9637.388	203.057
064454	40.043256	76.356817	263.249341	705.052128	9701.101	178.062
064514	40.038112	76.401993	260.359106	710.566481	9755.01	162.995
064534	40.030418	76.446563	255.175571	716.879782	9806.523	167.683
064554	40.018578	76.4932	250.284671	722.32362	9867.08	173.253
064614	40.00452	76.536696	244.483841	730.964861	9920.893	146.925
064634	39.988177	76.575859	239.957674	738.250928	9965.753	147.757
064654	39.968719	76.618111	238.506639	742.278557	10017.207	163.228
064714	39.949153	76.660132	239.057746	745.628748	10074.06	160.069
064734	39.929304	76.70284	239.007466	749.860381	10124.465	152.451
064754	39.909412	76.745566	238.974427	751.396904	10176.303	144.311
064814	39.891736	76.783325	239.006906	755.678195	10222.573	147.432
064834	39.873544	76.82209	238.998534	760.566823	10270.713	150.726
064854	39.851629	76.868883	239.000074	761.100093	10327.501	124.862
064914	39.831538	76.911627	238.99939	765.960306	10363.416	70.62
064934	39.811543	76.95411	239.002774	772.50366	10373.82	22.327
064954	39.7911	76.997633	238.999172	777.159276	10370.86	-0.528
065014	39.771407	77.039639	238.98546	778.839737	10370.545	-1.718
065034	39.750641	77.08368	239.041317	779.032806	10371.202	0.763
065054	39.729486	77.128341	238.988335	779.002357	10370.99	-0.038
065114	39.71021	77.169095	238.797054	779.076012	10370.969	-0.117
065134	39.691002	77.209724	239.610064	778.795993	10371.01	0.036
065154	39.670601	77.252827	239.700255	779.673146	10370.996	-0.013
065214	39.649584	77.297119	238.114739	781.862025	10371.0	-0.002
065234	39.628986	77.340332	237.791189	782.183358	10371.001	0.003
065254	39.608193	77.383955	238.065338	782.079134	10371.0	-0.001
065314	39.58692	77.42865	238.008126	782.095527	10371.0	-0.0
065334	39.566031	77.472422	237.985747	780.237479	10371.0	0.0
065354	39.546242	77.513843	238.003219	778.552956	10371.0	-0.0
065414	39.526657	77.554806	237.999621	778.869134	10371.0	-0.0
065434	39.505264	77.599373	238.009273	780.709344	10371.0	0.0
065454	39.484716	77.642082	237.979724	782.740179	10371.0	-0.0
065514	39.465432	77.682172	237.986572	783.93843	10371.0	-0.0
065534	39.443859	77.727026	238.14408	784.349341	10371.0	0.0
065554	39.421895	77.772226	237.712916	785.85163	10371.0	-0.0
065614	39.401556	77.814578	237.812392	787.122809	10371.0	-0.0
065634	39.382489	77.85744	241.087841	783.845434	10371.0	0.0
065654	39.364319	77.901596	243.498878	781.932862	10371.0	-0.0
065714	39.346737	77.946182	243.062475	783.846667	10371.0	-0.0
065734	39.329413	77.989989	242.885689	784.198733	10371.0	0.0
065754	39.311764	78.034317	243.035816	784.120139	10371.0	-0.0
065814	39.293623	78.079831	243.004484	784.928161	10371.0	-0.0
065834	39.275454	78.125315	242.991809	785.248827	10371.0	0.001
065854	39.257626	78.169877	243.00254	784.664344	10371.001	-0.002
065914	39.240064	78.213785	243.000302	783.997661	10371.0	-0.001
065934	39.222277	78.258299	242.999647	784.64638	10370.997	0.012
065954	39.204305	78.30301	243.000094	785.240519	10371.011	-0.044
070014	39.186176	78.348046	243.00004	784.938629	10370.994	0.025
070034	39.167921	78.39367	243.000473	784.572706	10370.946	0.213
070054	39.150016	78.438113	242.998624	786.314197	10371.148	-0.587
070114	39.132085	78.482366	243.00039	789.10121	10370.958	0.165
070134	39.113447	78.528651	243.006788	789.98796	10370.275	5.612
070154	39.095125	78.574132	242.980743	789.992511	10373.401	9.526
070214	39.077085	78.618652	243.005436	790.000602	10378.142	7.77
070234	39.058488	78.664326	243.094562	790.005927	10378.49	1.855
070254	39.039975	78.709743	242.682477	789.985696	10377.696	-0.347
070314	39.021681	78.754656	241.972597	790.003892	10378.039	-0.089
070334	39.003275	78.799853	241.805079	789.72502	10378.533	-4.84
070354	38.985286	78.843921	242.44693	787.402498	10376.222	-11.752
070414	38.967388	78.887624	242.997555	784.957807	10370.679	-14.974
070434	38.948865	78.932771	242.353542	786.00236	10364.641	-10.818
070454	38.930745	78.976893	241.797327	788.036904	10362.512	-4.935
070514	38.912779	79.020643	242.025949	789.01656	10362.984	0.279
070534	38.89384	79.066787	242.699505	788.951014	10362.261	5.955
070554	38.874806	79.113154	243.346864	789.32467	10365.747	9.452
070614	38.857512	79.157888	245.159221	788.900164	10371.15	7.751
070634	38.843494	79.201863	249.684194	785.724307	10371.274	1.225
070654	38.831808	79.250123	254.644286	783.958104	10370.782	-0.929
070714	38.821872	79.300421	257.331029	784.098309	10371.045	0.191
070734	38.813149	79.349029	257.147026	784.181428	10371.02	0.085
070754	38.804423	79.397377	256.884716	782.90984	10370.984	-0.067
070814	38.795793	79.444572	257.023765	781.952142	10371.003	0.014
070834	38.787396	79.490974	257.010552	782.168832	10371.001	0.006
070854	38.778256	79.541279	256.991742	780.529652	10370.999	-0.005
070914	38.769094	79.591659	257.001682	778.787239	10371.0	0.001
070934	38.760632	79.638263	257.000702	778.960001	10371.0	0.0
070954	38.751856	79.685905	256.999688	778.829155	10371.0	0.001
071014	38.742658	79.736318	257.00017	780.065275	10371.001	-0.003
071034	38.733623	79.786084	256.999983	782.128991	10371.0	0.002
071054	38.725041	79.832377	256.999962	782.27828	10370.996	0.015
071114	38.71607	79.880885	257.000041	781.711641	10371.011	-0.042
071134	38.70674	79.931478	256.999991	782.060057	10370.997	0.012
071154	38.697717	79.979711	256.999846	783.975772	10370.944	0.221
071214	38.688591	80.028489	257.000372	785.764264	10371.136	-0.54
071234	38.6793	80.0784	257.0	787.0	10371.0	0.0
071254	38.670218	80.126992	256.997964	788.505824	10370.254	5.329
071314	38.661147	80.17537	257.005145	789.105079	10373.145	9.413
071334	38.652	80.2241	257.0	789.0	10378.0	8.0
071354	38.642916	80.272435	256.971647	789.66354	10378.499	2.38
071414	38.633888	80.320282	257.07373	790.114524	10377.816	-1.014
071434	38.624711	80.36882	257.055866	790.00752	10377.993	-0.243
071454	38.615156	80.419509	256.419074	790.074792	10377.832	0.881
071514	38.605795	80.468773	255.903964	789.818305	10378.359	-1.35
071534	38.596755	80.515755	255.973171	789.101035	10378.499	-6.284
071554	38.587204	80.565556	256.02757	788.898889	10374.067	-8.043
071614	38.577515	80.616124	255.994155	789.020826	10370.836	-8.121
071634	38.568261	80.664233	255.996757	789.010312	10371.557	-8.381
071654	38.559269	80.711073	256.005819	788.986534	10366.374	-5.041
071714	38.550208	80.758011	255.994622	789.009637	10363.407	1.961
071734	38.540754	80.806562	255.988603	789.019072	10369.648	7.836
071754	38.530771	80.85818	256.054572	788.910114	10372.028	4.574
071814	38.521065	80.908461	255.93055	789.118722	10370.792	-0.723
071834	38.512015	80.954727	255.843684	789.835395	10370.916	-0.292
071854	38.502627	81.00279	257.201353	790.173153	10371.025	0.087
071914	38.494972	81.052623	260.559815	789.114322	10370.998	-0.008
071934	38.490718	81.102186	265.165201	788.688845	10371.004	0.016
071954	38.488085	81.152052	267.298358	789.323676	10370.999	-0.008
072014	38.485521	81.202581	266.223046	789.977638	10371.0	-0.005
072034	38.482879	81.253138	265.787955	789.758978	10370.996	0.02
072054	38.480194	81.304049	266.051153	790.477429	10371.007	-0.029
072114	38.477528	81.354865	266.015831	792.687567	10371.011	-0.046
072134	38.474911	81.4036	265.984709	793.294918	10370.935	0.267
072154	38.472325	81.452154	266.003775	792.927173	10371.098	-0.404
072214	38.469745	81.502059	266.00146	792.971819	10371.185	-0.759
072234	38.46715	81.551589	265.998858	793.022137	10370.122	4.605
072254	38.464378	81.602923	266.000236	792.995309	10372.149	7.825
072314	38.46142	81.656595	266.000107	792.997642	10377.563	1.948
072334	38.458652	81.706658	265.999907	793.003338	10375.487	-4.865
072354	38.455995	81.754846	266.000012	792.99868	10370.609	-6.852
072414	38.453206	81.805318	266.000013	792.994581	10370.809	-2.43
072434	38.450307	81.857139	265.999984	793.019227	10370.426	4.62
072454	38.447415	81.90796	266.000005	792.990271	10371.398	7.954
072514	38.444616	81.956568	266.000038	792.923149	10377.036	3.179
072534	38.441805	82.006087	265.999882	793.244733	10376.101	-4.723
072554	38.438905	82.056742	266.000064	792.865421	10370.659	-7.85
072614	38.43593	82.106673	266.000553	790.77454	10370.417	-2.422
072634	38.432998	82.156349	265.998479	789.689858	10371.257	0.982
072654	38.430049	82.206976	266.000427	790.01566	10370.987	-0.049
072714	38.426964	82.258831	266.00743	790.055865	10370.959	-0.159
072734	38.423994	82.30842	265.978927	789.960863	10371.018	0.071
072754	38.421046	82.357445	266.005948	790.005886	10370.999	-0.004
072814	38.417841	82.410079	266.10347	790.086847	10370.998	-0.015
072834	38.41471	82.461115	265.657208	789.762224	10370.999	0.015
072854	38.411753	82.508858	264.979729	790.066852	10371.001	-0.003
072914	38.408761	82.55648	264.927105	792.170218	10371.014	-0.053
072934	38.405579	82.606842	265.028616	793.18136	10370.966	0.128
072954	38.4023	82.6586	265.0	793.0	10371.0	0.0
073014	38.399146	82.708123	264.994229	794.198324	10371.196	-0.736
073034	38.395928	82.758859	265.002072	795.396018	10370.572	1.805
073054	38.392624	82.811098	265.00024	795.123992	10370.751	7.484
073114	38.389443	82.860806	264.99956	793.493125	10375.13	10.315
073134	38.386144	82.911112	265.000138	793.292383	10379.098	4.185
073154	38.382648	82.963414	265.000017	794.889156	10378.35	-7.194
073214	38.379252	83.01422	264.999968	795.148808	10373.518	-10.179
073234	38.37603	83.063296	265.00001	795.060504	10370.352	-5.721
073254	38.372832	83.112627	265.000001	795.07473	10370.919	-0.324
073314	38.369422	83.164118	264.999998	793.694189	10371.149	0.588
073334	38.36612	83.212424	265.000001	792.966826	10370.953	-0.184
073354	38.362936	83.257896	265.0	793.086255	10370.994	-0.023
073414	38.359364	83.309238	265.0	791.201842	10371.011	0.042
073434	38.355598	83.363286	265.0	789.670611	10370.996	-0.013
073454	38.352033	83.414143	265.0	789.950619	10370.999	-0.001
073514	38.348855	83.459732	265.0	790.179597	10371.002	-0.002
073534	38.34548	83.507885	265.0	789.744096	10370.997	0.009
073554	38.341762	83.560397	265.0	789.044042	10370.998	0.006
073614	38.338288	83.609302	265.000003	788.920517	10371.018	-0.07
073634	38.334731	83.658928	264.999994	789.023786	10370.963	0.14
073654	38.330954	83.711381	264.999995	789.002868	10370.966	0.131
073714	38.327385	83.761257	265.000039	789.008867	10371.254	-0.967
073734	38.323833	83.809961	264.999931	788.975417	10370.556	1.785
073754	38.320135	83.859438	264.999907	788.964878	10370.399	7.575
073814	38.316515	83.908374	265.000538	789.204368	10375.516	5.465
073834	38.312906	83.956844	264.999191	788.675804	10377.448	-2.521
073854	38.309166	84.006153	264.998728	787.21342	10371.902	-7.976
073914	38.305294	84.057747	265.007459	786.75598	10370.153	-4.215
073934	38.301473	84.108221	264.988738	787.124422	10371.197	0.844
073954	38.297756	84.15653	264.982286	787.137074	10371.051	0.297
074014	38.293901	84.208002	265.103885	785.963049	10371.014	-0.505
074034	38.290075	84.258445	264.835138	784.746099	10370.901	0.454
074054	38.286363	84.305482	264.102316	784.815251	10370.825	0.641
074114	38.282445	84.35603	263.903816	786.129371	10372.049	-4.881
074134	38.278572	84.406022	264.0232	787.160968	10369.346	-7.796
074154	38.274868	84.452724	264.007176	787.049778	10363.29	-1.702
074214	38.270872	84.503339	263.993094	786.952152	10366.545	6.121
074234	38.266803	84.555123	264.001666	787.011456	10371.879	7.138
074254	38.262954	84.603748	264.000515	787.003415	10371.272	0.958
074314	38.25917	84.650856	263.999504	786.997495	10370.737	-0.896
074334	38.255152	84.700351	264.00012	786.999418	10371.066	0.204
074354	38.250854	84.753057	264.000037	786.998036	10371.024	0.045
074414	38.246684	84.803949	263.999964	787.012779	10370.955	0.066
074434	38.242733	84.852551	264.000009	786.980392	10371.044	-0.182
074454	38.238813	84.900933	264.000003	786.969083	10371.063	-0.306
074514	38.234613	84.951069	263.999997	787.181405	10370.636	2.726
074534	38.230332	85.001292	264.000001	786.711446	10371.585	7.31
074554	38.226198	85.050135	264.000001	785.379695	10374.903	9.422
074614	38.222076	85.09926	264.0	785.108007	10378.45	4.689
074634	38.218009	85.147979	263.999999	786.590091	10379.211	-6.19
074654	38.214425	85.190521	264.000002	787.127634	10373.701	-10.411
074714	38.210168	85.24009	263.999993	786.93319	10369.896	-5.65
074734	38.205161	85.298076	264.000002	787.004261	10371.055	0.167
074754	38.200771	85.349146	264.000038	787.030156	10371.178	0.543
074814	38.196574	85.397829	263.999891	786.938694	10370.921	-0.241
074834	38.192286	85.446813	264.000031	787.016256	10371.004	0.012
074854	38.188029	85.494573	264.000535	787.279642	10371.013	0.039
074914	38.183709	85.543906	263.998481	786.109938	10370.994	-0.017
074934	38.179276	85.595169	264.000429	785.017173	10371.0	0.001
074954	38.17479	85.64588	264.007458	786.546827	10371.001	0.003
075014	38.17041	85.694338	263.978846	786.564361	10371.0	-0.002
075034	38.165969	85.743032	264.005971	784.952456	10371.0	0.0
075054	38.161224	85.795249	264.110823	784.930328	10370.999	0.006
075114	38.156704	85.845177	263.692159	784.732612	10371.004	-0.013
075134	38.1525	85.8916	263.0	784.0	10371.0	-0.0
075154	38.148166	85.939048	262.928167	784.111502	10370.979	0.073
075214	38.143569	85.988684	263.028422	783.461494	10371.053	-0.185
075234	38.1389	86.039	263.0	782.0	10371.0	-0.0
075254	38.134438	86.087737	262.994843	781.628939	10370.707	1.018
075314	38.129897	86.136573	263.002041	782.691271	10371.741	-2.869
075334	38.1252	86.1863	263.0	784.0	10371.0	-8.0
075354	38.120545	86.236098	262.99963	784.026982	10364.544	-3.896
075414	38.11582	86.286196	263.000147	784.253337	10364.732	3.574
075434	38.1111	86.3354	263.0	785.0	10371.0	8.0
075454	38.106587	86.382239	262.999973	785.082147	10370.99	8.137
075514	38.101923	86.430741	263.000011	784.966564	10372.844	8.465
075534	38.097	86.482	263.0	785.0	10378.0	8.0
075554	38.092087	86.532965	262.999998	785.011965	10378.611	2.266
075614	38.087377	86.581478	263.000001	784.982265	10377.644	-0.329
075634	38.0827	86.6292	263.0	785.0	10378.0	0.0
075654	38.077745	86.679446	262.999999	785.085363	10378.787	-5.158
075714	38.072961	86.728212	263.000002	784.78515	10375.836	-9.508
075734	38.0683	86.7758	263.0	785.0	10371.0	-8.0
075754	38.063252	86.8266	262.99999	786.775708	10370.522	-2.188
075814	38.058223	86.876822	263.000022	786.164619	10371.136	0.539
075834	38.053444	86.924548	262.999938	785.068575	10370.954	-0.185
075854	38.048646	86.972538	262.999931	786.796296	10370.991	-0.04
075914	38.043531	87.023592	263.000523	787.16345	10371.008	0.063
075934	38.038472	87.073597	262.999085	787.1382	10371.003	-0.039
075954	38.033638	87.120668	262.999027	788.641985	10371.006	-0.031
080014	38.028564	87.169658	263.007296	791.39389	10370.95	0.213
080034	38.023199	87.22193	262.987253	793.559563	10371.088	-0.367
080054	38.017862	87.274371	262.986453	794.751497	10371.094	-0.389
080114	38.012985	87.321469	263.101621	796.901638	10370.293	4.375
080134	38.007973	87.369378	262.81002	798.137835	10372.323	9.199
080154	38.002495	87.421967	262.097881	797.903901	10377.305	8.787
080214	37.997141	87.473492	261.908009	799.20447	10378.699	3.286
080234	37.991942	87.523061	262.022228	799.883515	10377.761	-0.368
080254	37.98674	87.571947	262.006935	798.301057	10377.82	0.23
080314	37.981536	87.620805	261.992901	797.520416	10378.843	-3.355
080334	37.976275	87.670418	262.001458	798.32064	10376.998	-7.653
080354	37.970918	87.720891	262.000776	799.738755	10371.853	-8.025
080414	37.965517	87.770956	261.999488	800.081879	10371.288	-8.395
080434	37.960124	87.820499	262.000087	800.071988	10370.088	-7.484
080454	37.954735	87.870176	262.000055	800.815963	10363.712	-2.252
080514	37.949237	87.920505	261.999963	801.116124	10365.754	5.475
080534	37.943697	87.97079	262.000006	800.980675	10371.731	7.378
080554	37.938179	88.020804	262.000004	800.989193	10371.6	0.952
080614	37.93253	88.072458	261.999997	801.000617	10369.999	2.333
080634	37.926996	88.122851	262.0	801.005026	10371.568	8.657
080654	37.921766	88.16961	262.0	801.028463	10376.692	9.07
080714	37.916278	88.218905	262.0	800.818346	10378.582	5.053
080734	37.910526	88.270633	262.0	799.849984	10378.022	-0.566
080754	37.90484	88.321021	261.999999	797.903991	10378.661	-5.509
080814	37.8992	88.370725	262.000002	796.086877	10375.573	-7.965
080834	37.8936	88.42	262.0	795.0	10371.0	-8.0
080854	37.888071	88.46846	261.99999	794.700201	10371.299	-7.519
080914	37.882502	88.517475	262.000024	795.644839	10368.908	-9.162
080934	37.8768	88.5677	262.0	797.0	10363.0	-8.0
080954	37.870982	88.618422	261.999867	797.150636	10361.481	3.09
081014	37.86527	88.668193	262.000336	796.913373	10365.83	9.734
081034	37.8596	88.7175	262.0	797.0	10371.0	8.0
081054	37.85369	88.768118	261.998146	797.186487	10370.773	7.52
081114	37.847735	88.818596	262.004686	796.475712	10372.969	8.555
081134	37.8419	88.868	262.0	795.0	10378.0	8.0
081154	37.836168	88.916833	261.974176	793.756471	10378.344	3.221
081214	37.83041	88.96592	262.065269	792.005854	10378.288	-3.145
081234	37.8246	89.0153	262.0	790.0	10378.0	-8.0
081254	37.818808	89.064298	261.344017	789.070774	10373.193	-9.237
081314	37.812972	89.112794	260.796794	789.088913	10370.211	-5.487
081334	37.807093	89.161351	260.968329	789.032228	10370.958	-0.164
081354	37.801238	89.210712	261.786382	787.82145	10371.135	0.628
081414	37.795324	89.259994	261.826648	786.446319	10370.984	-0.33
081434	37.789303	89.309033	261.027838	785.092229	10371.008	-0.051
081454	37.78323	89.358705	260.901504	782.920286	10370.781	0.837
081514	37.777193	89.408411	261.034724	781.720894	10371.513	-2.022
081534	37.7712	89.457648	261.001996	781.981944	10371.159	-7.777
081554	37.765188	89.506481	260.992931	782.105147	10365.767	-9.538
081614	37.759232	89.554738	261.002488	781.868194	10362.137	-5.516
081634	37.7533	89.602964	261.000142	781.964388	10362.943	-0.133
081654	37.747245	89.652087	260.999525	783.207736	10363.365	-0.082
081714	37.741182	89.70069	261.000106	784.476821	10362.501	1.513
081734	37.735198	89.748229	260.999988	784.989898	10362.862	7.676
081754	37.729258	89.795715	261.000418	785.029677	10367.768	13.144
081814	37.72333	89.843107	260.998975	785.003536	10373.11	15.77
081834	37.717246	89.891416	260.999134	785.012188	10377.256	15.296
081854	37.710792	89.942371	261.006293	784.714981	10382.94	12.132
081914	37.704421	89.99236	260.989063	783.370965	10386.814	4.889
081934	37.698397	90.03939	260.988387	781.981541	10386.318	-6.221
081954	37.692351	90.086644	261.090124	783.305116	10383.07	-17.448
082014	37.686097	90.135214	260.870352	783.671265	10374.803	-24.316
082034	37.679679	90.184958	260.797448	781.951735	10364.206	-20.722
082054	37.673501	90.235108	262.587615	784.258721	10362.594	-2.951
082114	37.668646	90.283781	264.027412	787.29883	10364.125	2.995
082134	37.664647	90.332023	264.164306	788.782614	10363.741	-0.586
082154	37.660266	90.382133	263.537754	789.097464	10361.251	6.189
082214	37.655628	90.431821	262.952571	788.997519	10364.3	15.554
082234	37.651322	90.478764	262.95537	789.49178	10375.879	11.207
082254	37.646848	90.527902	263.025545	791.427784	10375.996	2.497
082314	37.642212	90.578467	262.996595	793.103995	10370.934	0.484
082334	37.637691	90.627332	262.996796	792.944556	10376.063	6.922
082354	37.633092	90.677009	263.001834	793.773803	10379.06	5.608
082414	37.628394	90.727551	262.999756	795.109407	10377.857	-0.545
082434	37.623673	90.777757	262.99977	795.077081	10377.855	-0.472
082454	37.618866	90.828793	263.000132	795.053644	10378.12	0.117
082514	37.614236	90.87849	262.999982	794.913707	10377.955	0.105
082534	37.609944	90.925056	262.999983	793.659102	10377.821	0.662
082554	37.605356	90.973643	263.000009	791.61895	10378.62	-3.16
082614	37.600467	91.024397	262.999999	789.789491	10377.502	-8.577
082634	37.595629	91.074548	262.999999	789.041225	10372.543	-9.221
082654	37.590799	91.124403	263.000001	789.093402	10370.343	-4.913
082714	37.586031	91.17342	263.0	788.934073	10371.033	0.396
082734	37.581426	91.220796	263.0	787.670531	10370.83	1.369
082754	37.576836	91.268054	263.0	786.017849	10371.818	-3.739
082814	37.571996	91.317394	263.0	784.94518	10370.527	-8.023
082834	37.566825	91.369346	263.000001	784.91549	10364.056	-3.24
082854	37.561912	91.419291	262.999997	785.044485	10365.257	4.603
082914	37.557225	91.466975	263.000002	784.99474	10371.347	7.942
082934	37.55236	91.515198	263.000014	784.98336	10371.312	3.112
082954	37.547486	91.563695	262.999955	785.036935	10371.572	-4.526
083014	37.542606	91.612394	263.000025	784.981182	10370.553	-7.956
083034	37.537604	91.661421	263.000196	784.851554	10364.114	-3.186
083054	37.532614	91.709874	262.999375	785.600601	10365.163	4.738
083114	37.52759	91.758912	263.000342	787.1655	10371.391	7.842
083134	37.522422	91.809907	263.002944	788.60879	10371.674	2.353
083154	37.517312	91.859783	262.991902	789.164726	10370.687	-0.791
083214	37.512466	91.906338	263.002266	788.988051	10371.02	-0.005
083234	37.507599	91.952957	262.95575	789.147079	10370.793	0.732
083254	37.502049	92.006246	262.883812	789.937513	10370.486	6.554
083314	37.496957	92.055767	263.702537	789.59281	10374.44	10.258
083334	37.492115	92.102283	263.781044	788.864635	10378.947	5.379
083354	37.486933	92.150805	262.291478	788.922683	10378.807	-5.87
083414	37.481573	92.20134	261.778579	789.185192	10374.293	-10.285
083434	37.476307	92.251037	262.045717	788.793563	10370.501	-6.636
083454	37.471196	92.298819	262.020454	787.412239	10370.777	-0.935
083514	37.465915	92.348766	261.983087	785.827799	10371.184	0.743
083534	37.460528	92.399498	262.002801	784.907958	10370.97	-0.124
083554	37.455201	92.448433	262.001781	784.939967	10370.982	-0.082
083614	37.449846	92.49711	261.99882	785.046324	10371.008	0.069
083634	37.444558	92.54534	262.000201	784.985314	10371.002	-0.027
083654	37.439381	92.592835	262.000129	784.969574	10371.013	-0.064
083714	37.43401	92.641815	261.999912	785.111597	10370.94	0.246
083734	37.428501	92.691752	262.000018	784.88407	10371.064	-0.253
083754	37.42309	92.740734	262.000022	784.12207	10371.206	-0.816
083814	37.417848	92.788007	261.999941	784.072479	10370.146	4.193
083834	37.412655	92.834537	262.000056	783.829885	10371.904	7.982
083854	37.407333	92.881999	262.000178	782.3954	10377.452	2.533
083914	37.401831	92.931305	261.999265	781.559104	10375.503	-5.508
083934	37.396306	92.980445	262.000764	782.275946	10370.413	-7.531
083954	37.390859	93.028013	262.002469	783.805531	10370.627	-1.542
084014	37.385248	93.077254	261.989763	783.52505	10371.246	0.981
084034	37.379577	93.127302	262.010638	781.56403	10370.959	-0.169
084054	37.374046	93.175942	262.034393	779.506028	10370.976	-0.114
084114	37.36854	93.224194	261.857412	778.275444	10371.004	0.105
084134	37.362831	93.272897	262.152906	779.554393	10371.011	-0.048
084154	37.357331	93.321779	263.503037	783.206856	10371.044	-0.125
084214	37.353708	93.369251	265.101162	784.483612	10370.808	0.501
084234	37.351208	93.417032	266.075838	783.968137	10371.145	-0.378
084254	37.348315	93.466876	266.090789	784.505025	10371.821	-4.704
084314	37.345496	93.515501	265.96018	785.668809	10368.415	-9.257
084334	37.342866	93.562561	266.002001	787.078013	10362.788	-7.643
084354	37.340062	93.610482	266.007185	788.567626	10361.47	3.36
084414	37.337115	93.65991	265.997209	789.109132	10365.848	9.602
084434	37.3341	93.7105	266.0	790.0	10371.0	8.0
084454	37.33106	93.761339	266.000362	793.443227	10370.627	7.47
084514	37.328054	93.811624	266.00025	795.382679	10373.074	5.83
084534	37.325014	93.861734	266.000241	794.99092	10377.936	0.682
084554	37.321804	93.91276	265.997261	796.029582	10374.227	-6.172
084614	37.318685	93.962655	266.005513	797.454806	10370.22	-7.176
084634	37.315705	94.011511	266.003608	797.975362	10370.959	-0.731
084654	37.312566	94.062318	265.961376	798.104401	10370.449	5.538
084714	37.309513	94.111389	266.07693	797.846101	10372.571	8.991
084734	37.3066	94.158034	266.05027	797.904763	10377.665	8.362
084754	37.303466	94.207355	265.245999	799.440036	10378.597	2.993
084814	37.300182	94.25848	265.19091	799.757421	10377.837	-0.874
084834	37.296921	94.309196	265.978099	798.135172	10377.995	-0.17
084854	37.29374	94.358827	265.490616	797.392107	10377.842	0.973
084914	37.290467	94.409138	264.866327	796.48017	10378.388	-1.798
084934	37.287124	94.459533	264.98326	795.075945	10378.261	-7.551
084954	37.283982	94.506704	265.03063	794.985457	10373.68	-9.531
085014	37.280797	94.554624	264.990403	794.71696	10370.301	-5.925
085034	37.277436	94.604837	264.998798	793.186727	10370.913	-0.35
085054	37.274102	94.653546	265.002199	791.244289	10371.159	0.639
085114	37.27075	94.702797	264.999311	789.144528	10370.952	-0.207
085134	37.267341	94.753398	264.999914	787.16698	10370.995	-0.03
085154	37.263941	94.802593	265.000158	785.762593	10370.995	0.103
085214	37.260534	94.851666	264.999951	784.411618	10371.029	-0.129
085234	37.257136	94.901043	264.999994	782.285811	10371.021	-0.077
085254	37.253809	94.948874	265.000011	778.960012	10370.771	0.804
085314	37.250434	94.997155	264.999996	775.971908	10371.457	-1.748
085334	37.246951	95.046676	265.0	774.152592	10371.299	-7.547
085354	37.243454	95.095167	265.000001	772.709571	10366.074	-9.514
085414	37.240061	95.141875	264.999999	771.627063	10362.172	-5.982
085434	37.236716	95.188254	265.0	771.046447	10362.842	-0.513
085454	37.233194	95.236981	265.000003	770.910383	10363.215	0.577
085514	37.229702	95.285273	264.999995	771.082286	10362.912	-0.06
085534	37.22632	95.331822	264.999995	771.075489	10362.953	0.088
085554	37.222756	95.380002	265.000039	770.451788	10363.285	-0.892
085614	37.219154	95.428764	264.999931	771.965177	10362.523	1.728
085634	37.215632	95.476939	264.999927	772.740344	10362.496	7.572
085654	37.21206	95.525369	265.000548	763.074803	10368.23	12.964
085714	37.208637	95.571228	264.999043	753.995968	10371.085	65.295
085734	37.205324	95.615038	264.998983	752.317329	10391.912	162.79
085754	37.201649	95.662926	265.007631	748.758857	10482.69	215.147
085814	37.19793	95.711193	264.986667	749.392339	10568.202	218.941
085834	37.194425	95.75684	264.985831	755.533269	10612.904	212.179
085854	37.190867	95.803249	265.106292	754.584311	10696.823	227.135
085914	37.187215	95.849971	264.801588	751.284742	10786.076	219.733
085934	37.183474	95.896947	264.073646	752.473434	10843.419	173.981
085954	37.179599	95.946289	263.908903	756.979541	10894.637	146.666
090014	37.175791	95.99434	264.025198	761.223611	10943.199	115.452
090034	37.172073	96.040352	264.005216	765.088802	10977.273	61.079
090054	37.168151	96.089835	263.99346	772.64933	10983.354	15.808
090114	37.164275	96.139077	264.001809	775.948109	10979.07	-3.174
090134	37.160566	96.185425	264.000374	771.655798	10979.806	-0.651
090154	37.156689	96.23283	263.99953	769.098742	10980.257	0.769
090214	37.15271	96.281468	264.00013	769.149919	10979.905	-0.129
090234	37.148782	96.329781	264.000027	770.592363	10979.956	0.058
090254	37.144922	96.376628	263.999966	774.041905	10980.245	-0.73
090314	37.141022	96.423831	264.000009	776.492019	10979.597	1.465
090334	37.13701	96.472407	264.000002	776.87929	10979.576	7.294
090354	37.132931	96.520694	263.999998	778.350742	10984.634	9.58
090414	37.128905	96.568297	264.000001	778.798489	10988.746	6.215
090434	37.124984	96.615664	264.0	777.189693	10988.149	0.553
090454	37.12106	96.663607	263.999999	776.749338	10987.851	-0.719
090514	37.116905	96.712773	264.000001	777.096346	10987.973	0.262
090534	37.112544	96.762531	264.000001	777.047406	10987.925	0.119
090554	37.108361	96.810983	263.999987	776.66261	10988.794	-1.262
090614	37.104235	96.859387	263.999994	776.848663	10988.389	-5.103
090634	37.09991	96.909499	264.000041	778.33349	10983.989	-11.982
090654	37.095633	96.958213	263.999931	778.9287	10977.972	-15.097
090714	37.091523	97.004626	263.999927	778.771085	10973.463	-9.482
090734	37.087289	97.052976	264.000548	781.858468	10971.808	1.875
090754	37.083013	97.101833	263.999043	784.462658	10974.514	9.639
090814	37.078823	97.149116	263.998983	784.078323	10979.511	8.649
090834	37.074649	97.195682	264.007893	784.206483	10980.605	3.361
090854	37.070233	97.244649	263.988645	785.440973	10979.915	-0.833
090914	37.0656	97.296073	263.982259	786.822145	10980.061	-0.577
090934	37.061263	97.344524	264.103899	787.21317	10979.41	3.717
090954	37.056993	97.391914	263.835152	786.861895	10981.012	9.871
091014	37.052504	97.441084	263.102347	785.55401	10986.713	14.589
091034	37.04801	97.490513	262.903626	781.790853	10992.713	13.809
091054	37.043573	97.539201	263.02349	778.185557	10997.073	3.915
091114	37.03911	97.587514	263.007632	776.405102	10997.048	-12.196
091134	37.034505	97.636874	262.990287	773.820647	10988.265	-22.046
091154	37.030007	97.684847	263.004307	771.665763	10977.932	-20.482
091214	37.025731	97.730166	263.008847	771.199517	10973.525	-10.446
091234	37.021234	97.776952	262.971453	770.192512	10972.734	-2.661
091254	37.01657	97.825309	263.006761	768.969389	10973.009	0.064
091314	37.012037	97.872881	263.114564	768.97699	10972.976	0.379
091334	37.00749	97.919679	262.676718	768.784529	10973.168	-0.666
091354	37.003203	97.966564	263.091323	769.07307	10972.948	0.171
091414	36.999753	98.014362	265.957931	771.334835	10972.088	5.656
091434	36.997192	98.062751	267.328372	771.840147	10975.973	9.359
091454	36.99506	98.111022	266.906883	770.774151	10980.855	6.28
091514	36.992853	98.158716	266.969831	770.870069	10980.37	0.329
091534	36.990574	98.206043	267.037384	771.64335	10978.999	3.149
091554	36.988343	98.253476	266.978308	771.988972	10981.284	9.519
091614	36.986155	98.301689	266.974231	771.251044	10987.057	9.289
091634	36.983797	98.351178	267.141105	769.840046	10989.584	-0.667
091654	36.981387	98.39983	266.781432	768.799452	10986.5	-9.659
091714	36.979063	98.447076	266.018444	768.867368	10980.763	-8.939
091734	36.976735	98.496068	266.546681	769.558476	10979.283	-3.288
091754	36.974402	98.54373	266.945746	768.17136	10980.174	0.593
091814	36.972071	98.588809	266.137609	764.517891	10980.056	0.178
091834	36.969693	98.636977	265.862031	763.461032	10979.932	-0.139
091854	36.967307	98.685345	266.027744	764.135935	10980.027	-0.024
091914	36.964916	98.731251	266.012322	764.11957	10980.04	-0.122
091934	36.962399	98.779655	265.990338	763.481371	10979.825	0.662
091954	36.959886	98.828038	266.001992	762.908029	10980.218	-0.896
092014	36.957497	98.873477	266.000885	762.919262	10980.49	-6.568
092034	36.955075	98.920199	265.999306	763.390382	10976.748	-10.595
092054	36.952566	98.968682	266.000143	764.252395	10972.143	-5.477
092114	36.950025	99.016987	266.000064	765.574174	10972.048	6.474
092134	36.94756	99.063534	265.99995	767.483972	10977.518	6.006
092154	36.945059	99.11049	266.00001	769.454202	10979.412	-1.52
092214	36.942389	99.159713	266.000005	771.373801	10973.791	-1.726
092234	36.939616	99.208817	265.999996	774.26022	10974.75	8.553
092254	36.936962	99.255926	266.000001	776.2268	10981.871	15.134
092314	36.934456	99.30184	266.000001	776.038666	10987.454	9.35
092334	36.931692	99.350857	265.999999	776.409104	10987.605	7.231
092354	36.92878	99.401611	266.000001	777.095995	10989.131	7.785
092414	36.925982	99.450953	266.000003	777.042522	10995.299	2.567
092434	36.923269	99.498636	265.999988	776.967236	10993.847	-9.573
092454	36.920488	99.546714	266.000016	777.006018	10985.891	-14.389
092514	36.917605	99.596053	266.000035	777.001084	10980.138	-3.332
092534	36.914853	99.643749	265.999829	776.882197	10983.249	7.243
092554	36.91209	99.691094	266.000219	775.414551	10989.013	6.391
092614	36.909169	99.739501	266.000566	772.593227	10989.088	-4.366
092634	36.906321	99.786404	265.99766	771.612341	10984.141	-9.15
092654	36.903458	99.833568	266.001746	772.04769	10979.654	-6.419
092714	36.900442	99.883222	266.009896	772.035447	10979.746	-2.142
092734	36.897516	99.931685	265.973281	772.001772	10979.65	2.775
092754	36.8947	99.9782	266.0	771.0	10980.0	8.0
092814	36.891798	100.025082	266.131723	767.661301	10985.093	10.846
092834	36.888773	100.073281	265.63093	764.917005	10989.949	0.92
092854	36.8857	100.1219	265.0	764.0	10988.0	-15.0
092914	36.882705	100.169064	265.559944	763.476246	10977.487	-17.484
092934	36.879803	100.214954	266.192488	762.423601	10972.198	-12.706
092954	36.876854	100.261587	266.027263	761.053459	10973.109	-8.19
093014	36.873696	100.310827	265.31802	760.586124	10967.398	-4.135
093034	36.870698	100.357264	264.905261	761.716996	10965.732	5.148
093054	36.867849	100.401564	264.994554	762.997723	10972.618	14.836
093114	36.864689	100.450987	265.019309	761.842796	10978.623	11.622
093134	36.861472	100.500234	264.993164	760.724348	10979.967	6.499
093154	36.858357	100.546669	264.999599	760.980223	10979.881	6.918
093214	36.855182	100.594105	265.001652	760.951536	10984.763	8.065
093234	36.851985	100.642205	264.999558	759.044911	10988.747	5.432
093254	36.848858	100.689102	264.999909	756.221344	10988.18	0.383
093314	36.845834	100.733562	265.000115	756.036432	10987.58	0.268
093334	36.842642	100.780104	264.999968	755.393542	10988.46	-1.483
093354	36.839211	100.830028	264.999993	752.414324	10988.445	-7.446
093414	36.835898	100.877429	265.000009	750.497301	10983.294	-8.065
093434	36.832783	100.921817	264.999998	749.888872	10979.678	-7.033
093454	36.829706	100.965928	264.999999	749.894021	10980.401	-8.063
093514	36.826361	101.013283	265.000001	750.397568	10976.185	-5.756
093534	36.822977	101.061581	265.0	749.493741	10973.098	2.739
093554	36.819795	101.107806	265.0	746.027091	10978.248	13.508
093614	36.81656	101.153388	265.0	742.1133	10984.627	14.456
093634	36.813232	101.199192	265.0	739.720306	10988.526	5.863
093654	36.809897	101.24513	264.999999	739.184234	10988.797	-5.208
093714	36.806581	101.290404	265.000003	738.107005	10984.652	-12.524
093734	36.803219	101.335754	264.999997	736.831734	10978.977	-15.306
093754	36.799802	101.3816	264.999991	736.795946	10974.472	-15.397
093814	36.796537	101.425808	265.000036	737.759333	10969.026	-13.149
093834	36.79336	101.469271	264.999963	739.355143	10964.324	-5.99
093854	36.790037	101.514519	264.999866	741.291078	10963.853	5.252
093914	36.786398	101.56287	265.000472	743.313148	10968.707	9.596
093934	36.782786	101.61067	264.999625	745.292404	10973.29	7.68
093954	36.779542	101.654518	264.998192	747.265558	10972.863	7.196
094014	36.776166	101.699612	265.006537	749.504229	10975.2	10.927
094034	36.772552	101.747207	264.994787	752.527233	10980.834	15.456
094054	36.768933	101.794836	264.974816	755.638026	10986.045	15.819
094114	36.765466	101.840123	265.092697	755.136774	10991.961	12.513
094134	36.76193	101.885749	264.952514	752.858926	10996.199	7.486
094154	36.758065	101.935051	264.232499	752.377353	10996.131	2.284
094214	36.754207	101.983472	263.892492	750.605332	10996.516	-3.681
094234	36.750542	102.029315	264.010203	747.774818	10995.637	-8.268
094254	36.747003	102.074237	264.017464	746.049433	10989.914	-8.648
094314	36.7434	102.119817	263.9923	743.083121	10987.655	-7.172
094334	36.739716	102.165779	264.000382	739.90898	10987.903	-8.191
094354	36.73606	102.211012	264.001244	739.684094	10982.991	-13.587
094414	36.732339	102.256947	263.999445	740.197683	10976.741	-14.143
094434	36.728506	102.30396	264.000028	739.974371	10972.886	-7.595
094454	36.72465	102.350694	264.000101	739.312067	10972.319	-0.678
094514	36.721036	102.394869	263.999959	738.803562	10973.968	-2.205
094534	36.717488	102.438245	263.999998	738.967112	10973.237	-7.02
094554	36.713528	102.48524	264.000009	740.285969	10966.358	-0.023
094614	36.709536	102.533003	263.999997	743.58862	10967.469	13.43
094634	36.705772	102.579059	264.0	746.889238	10979.008	22.677
094654	36.702043	102.624145	264.000001	745.988722	10985.283	20.322
094714	36.698302	102.668664	264.0	744.959877	10990.695	10.917
094734	36.69449	102.713848	264.0	745.138878	10995.984	0.893
094754	36.690512	102.76136	264.0	742.08642	10991.49	-6.226
094814	36.68651	102.808182	264.0	739.255284	10987.356	-7.97
094834	36.68259	102.852853	264.0	738.988088	10988.101	-7.73
094854	36.678684	102.897783	263.999999	738.965151	10984.094	-12.931
094914	36.674681	102.944142	264.000001	739.14565	10977.388	-14.173
094934	36.670604	102.991081	264.000001	739.90147	10973.148	-8.468
094954	36.66663	103.036299	263.999991	741.040185	10973.396	-6.693
095014	36.662745	103.080209	264.000015	742.602966	10971.631	-9.021
095034	36.658809	103.124637	264.000016	744.652892	10965.73	-8.886
095054	36.654651	103.1715	263.999877	746.968739	10963.355	1.259
095114	36.650435	103.219011	264.000214	748.242753	10966.863	9.592
095134	36.646313	103.265268	264.000228	749.502601	10972.525	8.418
095154	36.64222	103.310606	263.998293	754.545901	10973.141	6.786
095214	36.637998	103.356998	264.002983	759.108054	10973.834	9.641
095234	36.633647	103.404859	264.00317	759.994517	10979.055	14.661
095254	36.629402	103.451793	263.976222	760.228316	10985.076	13.177
095314	36.625249	103.497505	264.041543	761.763676	10988.98	4.156
095334	36.621046	103.543287	264.044149	765.307633	10988.56	-6.109
095354	36.616646	103.591019	263.502863	770.338671	10983.111	-6.941
095414	36.612119	103.64008	262.95369	774.433712	10980.119	1.737
095434	36.607627	103.688692	262.949623	775.839614	10985.367	12.979
095454	36.603338	103.735006	263.054531	776.202266	10992.379	14.119
095514	36.599035	103.781215	262.972454	775.872395	10996.297	6.838
095534	36.594439	103.830248	262.879367	774.519802	10996.316	0.936
095554	36.589775	103.879902	263.508331	773.078188	10995.678	-0.054
095614	36.58523	103.927937	263.983688	770.422999	10996.154	-0.334
095634	36.580839	103.973698	263.282917	765.683807	10996.726	-4.914
095654	36.576483	104.019109	262.861968	762.347976	10993.308	-9.614
095714	36.572078	104.064667	263.006539	760.940264	10987.778	-15.409
095734	36.567579	104.110137	263.021421	759.975209	10983.558	-23.18
095754	36.562907	104.157461	262.990086	760.53723	10973.23	-17.067
095814	36.5582	104.2061	263.0	760.0	10965.0	0.0
095834	36.553678	104.253597	263.001936	754.644042	10974.149	8.552
095854	36.549137	104.300235	262.999218	751.203585	10981.513	2.311
095914	36.544518	104.34623	262.999683	751.892211	10976.474	-10.584
095934	36.540031	104.391026	263.000029	751.042007	10968.176	-10.811
095954	36.535572	104.435775	263.000032	747.832902	10965.078	0.583
100014	36.530913	104.482121	263.000666	745.291814	10970.402	8.267
100034	36.526249	104.528841	262.998048	745.61286	10974.405	4.141
100054	36.521672	104.574769	263.000554	748.132196	10972.835	0.244
100114	36.51709	104.619992	263.009641	750.000593	10970.827	13.623
100134	36.51241	104.666655	262.970705	749.087014	10979.789	23.511
100154	36.507637	104.714291	262.964233	747.082029	10993.994	18.106
100214	36.502871	104.760098	263.129138	748.252853	10994.002	1.98
100234	36.498317	104.805086	262.864344	750.128876	10987.182	-8.622
100254	36.493606	104.851281	261.598938	748.854917	10987.447	-2.983
100314	36.487128	104.897864	259.818727	746.310154	10988.097	3.473
100334	36.479198	104.943771	258.304057	743.272353	10987.666	2.382
100354	36.471434	104.988194	257.84116	739.428038	10989.39	-6.718
100414	36.463964	105.032288	258.02118	736.829456	10986.855	-15.848
100434	36.456224	105.077461	258.019959	736.988257	10975.764	-16.302
100454	36.448488	105.122459	257.988467	736.281899	10972.185	-11.7
100514	36.440859	105.166691	258.001624	734.869506	10972.581	-6.257
100534	36.433305	105.210227	258.002194	734.816442	10966.685	-2.01
100554	36.425953	105.253012	257.999021	735.099991	10966.191	2.144
100614	36.418541	105.296359	257.999734	735.046432	10972.075	6.193
100634	36.410522	105.342426	258.000206	734.872534	10972.95	8.492
100654	36.402426	105.388579	257.999958	735.151958	10973.995	7.272
100714	36.394793	105.432342	257.999983	736.471774	10979.532	1.848
100734	36.387145	105.476131	258.000005	738.857031	10977.278	-5.65
100754	36.379338	105.52069	258.000009	739.990033	10972.283	-7.33
100814	36.37141	105.56581	258.000026	739.632765	10972.649	-1.123
100834	36.36332	105.611525	257.999865	742.973817	10973.449	0.269
100854	36.355329	105.656411	258.000133	747.776397	10972.771	0.589
100914	36.347563	105.699996	258.000427	749.835477	10972.374	6.359
100934	36.339555	105.745194	257.99823	749.956066	10976.206	9.805
100954	36.331522	105.790604	258.001838	750.156221	10980.498	6.886
101014	36.323705	105.834591	258.005944	752.070845	10980.416	0.763
101034	36.315486	105.880737	257.97536	755.576468	10979.292	1.947
101054	36.307173	105.927146	258.025604	758.324475	10980.586	9.685
101114	36.299159	105.971549	258.082782	758.332347	10985.844	15.265
101134	36.290752	106.018355	257.557343	757.034608	10993.191	9.835
101154	36.282259	106.065562	256.949442	755.882646	10995.698	-1.575
101214	36.27426	106.109522	256.952425	755.76614	10989.86	-7.955
101234	36.266301	106.153426	257.02723	756.76304	10986.985	-4.995
101254	36.257896	106.199888	256.99637	758.199915	10988.142	0.446
101314	36.249082	106.248328	256.996584	758.578294	10988.165	0.301
101334	36.240867	106.293458	257.001956	755.706306	10987.786	0.278
101354	36.232994	106.336721	256.999739	751.456157	10988.123	-0.4
101414	36.224715	106.382023	256.999753	748.795903	10988.557	-5.633
101434	36.216461	106.426854	257.000148	746.437204	10985.389	-12.138
101454	36.208275	106.471051	256.999987	744.955925	10979.39	-14.968
101514	36.199981	106.515755	256.99998	745.182117	10974.258	-10.928
101534	36.191865	106.559364	257.00001	743.886253	10972.247	-3.286
101554	36.183777	106.603083	256.999999	741.897905	10973.171	-0.207
101614	36.175422	106.64877	256.999999	741.949698	10974.049	-6.196
101634	36.16721	106.692974	257.000001	741.672803	10969.344	-7.255
101654	36.158951	106.736697	257.0	742.221564	10965.011	1.104
101714	36.150256	106.782974	257.0	745.784174	10970.141	12.134
101734	36.141763	106.828635	257.0	747.660989	10976.258	16.224
101754	36.133459	106.873172	257.0	746.884882	10980.441	14.924
101814	36.124919	106.91825	256.999999	745.625183	10985.615	15.184
101834	36.116439	106.963179	257.000003	743.877043	10991.69	13.46
101854	36.108183	107.007012	256.999999	741.793452	10996.29	7.154
101914	36.099983	107.050005	256.999988	739.79505	10996.821	-3.276
101934	36.091347	107.09525	257.000038	737.849618	10993.82	-14.963
101954	36.082536	107.141537	256.999979	737.023429	10987.134	-23.578
102014	36.074092	107.185742	256.999821	738.276757	10977.207	-25.017
102034	36.065584	107.229991	257.000492	739.715056	10968.994	-18.41
102054	36.056974	107.274719	256.999862	742.207141	10964.883	-7.46
102114	36.048501	107.318966	256.997597	747.670581	10964.278	2.894
102134	36.039678	107.364843	257.006816	751.877198	10966.718	14.923
102154	36.030769	107.411043	256.998076	753.005701	10973.483	23.107
102214	36.022404	107.454687	256.966533	752.809603	10984.38	18.477
102234	36.013752	107.499617	257.09921	753.833936	10989.636	8.381
102254	36.004732	107.546063	257.068921	755.801415	10988.254	0.642
102314	35.996057	107.590522	256.333414	756.290812	10987.665	-0.855
102334	35.987521	107.634199	256.074106	755.889258	10988.074	0.221
102354	35.978709	107.679328	256.855936	755.902684	10988.015	0.097
102414	35.969554	107.726285	257.219826	756.781889	10988.036	-0.266
102434	35.960559	107.772453	256.812446	758.668148	10987.915	0.328
102454	35.951958	107.816431	256.115543	760.725805	10987.832	0.595
102514	35.943187	107.860821	255.912929	761.04652	10988.806	-3.804
102534	35.934109	107.906544	256.01795	761.20114	10986.936	-8.885
102554	35.924952	107.95268	256.007973	762.676973	10981.059	-8.88
102614	35.916064	107.997261	255.993747	763.517271	10979.211	-3.843
102634	35.907127	108.042155	256.001291	764.29744	10980.147	0.647
102654	35.897892	108.088766	256.000578	765.747687	10980.032	0.418
102714	35.88885	108.134106	255.999522	766.196551	10980.149	-1.012
102734	35.879894	108.178978	256.000079	765.971772	10979.804	0.838
102754	35.870756	108.22494	256.000051	765.99543	10979.344	6.632
102814	35.861582	108.270445	255.999965	765.943609	10983.533	9.05
102834	35.852427	108.315604	256.000005	766.051433	10988.409	6.359
102854	35.843226	108.361435	256.000005	766.278078	10988.417	1.5
102914	35.833844	108.408066	255.999997	764.946196	10987.859	-1.002
102934	35.824324	108.454934	256.0	762.929559	10987.987	0.12
102954	35.814868	108.501156	256.0	761.898039	10987.63	1.628
103014	35.805702	108.546258	256.0	759.072992	10989.133	-5.103
103034	35.796641	108.590839	256.0	755.92792	10987.676	-15.326
103054	35.78737	108.635698	256.0	756.078739	10977.321	-16.224
103114	35.778352	108.67947	256.0	754.969146	10971.682	-11.15
103134	35.769472	108.722981	256.0	752.213505	10973.017	-7.087
103154	35.760068	108.768889	256.0	752.661907	10970.015	-8.745
103214	35.750693	108.814515	256.0	756.483829	10964.549	-6.097
103234	35.741799	108.857866	255.999999	761.468072	10963.257	8.798
103254	35.732202	108.904629	256.000002	764.349634	10970.337	21.319
103314	35.72236	108.95246	255.999999	766.283277	10980.884	22.585
103334	35.713365	108.995866	255.99999	769.867916	10986.695	13.295
103354	35.703865	109.041159	256.000032	771.716378	10989.317	-0.034
103414	35.693915	109.088521	255.999992	772.039041	10987.756	-8.116
103434	35.68455	109.133545	255.999856	773.433895	10981.363	-4.164
103454	35.675247	109.178155	256.000412	774.256025	10981.567	5.252
103514	35.6657	109.2237	256.0	774.0	10988.0	8.0
103534	35.656057	109.269785	255.997946	773.842561	10989.75	-3.277
103554	35.646314	109.316012	256.005232	774.382349	10984.779	-8.296
103614	35.636492	109.362372	256.001455	775.8966	10979.993	-0.479
103634	35.626672	109.409042	255.97106	778.135238	10984.708	7.093
103654	35.616928	109.455329	256.064928	779.222848	10989.023	6.325
103714	35.60728	109.50093	256.019927	779.003967	10988.059	0.204
103734	35.59766	109.546362	255.344083	779.166839	10987.779	-0.687
103754	35.587845	109.592501	254.895906	778.470977	10988.103	0.161
103814	35.577804	109.639357	254.993967	777.042935	10988.013	-0.015
103834	35.567737	109.686062	255.022396	776.89439	10987.803	0.549
103854	35.557666	109.732699	254.989724	776.905369	10988.418	-1.541
103914	35.547603	109.779345	254.997619	776.112658	10988.241	-7.344
103934	35.537618	109.825702	255.017279	774.8319	10983.733	-13.273
103954	35.527792	109.871359	254.968217	773.451613	10977.714	-14.802
104014	35.517993	109.916727	254.970715	771.455784	10973.432	-9.392
104034	35.507938	109.96278	255.215281	767.823942	10971.893	1.564
104054	35.498148	110.007123	254.599757	765.690125	10974.409	10.073
104114	35.488449	110.049657	253.143866	766.019323	10979.407	9.093
104134	35.477516	110.094662	252.843192	764.964257	10981.369	-1.435
104154	35.466197	110.140278	253.006135	763.755052	10978.413	-9.692
104214	35.455467	110.184353	252.963411	763.925664	10973.449	-8.59
104234	35.445085	110.228067	253.516654	764.614601	10972.65	-3.997
104254	35.434252	110.272608	254.124362	766.982118	10972.734	1.865
104314	35.423097	110.318175	254.086395	769.26033	10972.394	7.947
104334	35.412598	110.363731	252.528928	765.439212	10977.913	11.274
104354	35.396786	110.409457	242.83993	763.50519	10980.603	4.523
104414	35.375252	110.446356	226.559894	752.12482	10979.898	-0.58
104434	35.349804	110.475155	218.577286	735.149905	10980.088	0.524
104454	35.321392	110.504095	220.496968	727.735633	10980.015	0.104
104514	35.293408	110.533227	221.48616	725.707144	10979.996	-0.136
104534	35.265164	110.563254	220.87412	728.305485	10979.986	0.089
104554	35.236469	110.59346	220.948111	733.989664	10979.973	0.111
104614	35.210267	110.62094	221.128991	737.706027	10980.165	-0.619
104634	35.183469	110.648849	220.840896	739.467522	10979.749	0.99
104654	35.153894	110.679352	220.121862	741.435128	10979.605	6.662
104714	35.125203	110.708755	219.7766	744.818124	10983.53	12.88
104734	35.09729	110.737693	220.226426	747.559817	10989.942	14.859
104754	35.068917	110.767653	220.965954	748.044351	10995.286	9.778
104814	35.040256	110.797847	220.578373	747.805481	10997.207	-0.69
104834	35.011445	110.8277	219.849069	748.289919	10994.828	-10.364
104854	34.982636	110.857129	219.899277	749.728006	10989.221	-14.68
104914	34.954079	110.886542	220.578406	750.896536	10983.453	-15.159
104934	34.925683	110.916264	221.068545	752.723047	10978.676	-15.164
104954	34.897218	110.94636	221.008219	755.530249	10974.101	-15.355
105014	34.868505	110.976564	221.071308	757.235499	10968.07	-11.742
105034	34.839442	111.006751	220.854562	758.400738	10964.577	-6.576
105054	34.810213	111.036818	220.125716	760.43237	10965.051	-1.426
105114	34.781323	111.066614	219.775165	763.711563	10963.841	7.538
105134	34.752552	111.09632	220.223321	766.767289	10967.085	17.944
105154	34.723923	111.125872	220.959804	768.654778	10977.906	23.275
105214	34.696039	111.154863	220.758825	770.376486	10985.865	17.059
105234	34.666638	111.185316	221.439113	770.937494	10988.096	6.753
105254	34.637721	111.219113	228.265611	771.357316	10988.223	-2.056
105314	34.617224	111.257249	243.303431	769.963319	10987.264	-10.684
105334	34.6049	111.3015	257.0	760.0	10980.0	-9.0
105354	34.60157	111.348214	267.27208	759.999103	10979.129	-2.453
105414	34.601351	111.394718	270.628062	766.369367	10980.354	0.81
105434	34.6007	111.441	269.0	772.0	10980.0	-0.0
105454	34.600144	111.48848	268.731402	774.092874	10979.87	0.04
105514	34.599712	111.535681	269.096441	773.509039	10980.158	-0.399
105534	34.599253	111.581814	269.011187	771.299593	10980.08	-0.26
105554	34.598659	111.627743	268.979541	767.937941	10979.18	4.529
105614	34.598091	111.674377	269.006412	764.97241	10981.771	9.613
105634	34.597643	111.720795	269.000804	763.148635	10987.561	8.632
105654	34.597202	111.764728	268.998523	761.544936	10989.366	-1.329
105714	34.596674	111.809277	269.000477	758.512815	10986.277	-11.136
105734	34.596084	111.856055	269.000091	753.75703	10980.789	-14.789
105754	34.595562	111.902571	268.999879	749.071481	10976.157	-15.376
105814	34.59503	111.947838	269.000029	746.622342	10971.427	-14.707
105834	34.594422	111.992468	269.000009	746.854726	10965.954	-10.147
105854	34.593825	112.038077	268.999991	747.76862	10962.797	4.647
105914	34.593208	112.082679	269.000002	751.74073	10967.629	17.459
105934	34.592536	112.126015	269.000001	757.548964	10978.515	16.551
105954	34.591862	112.172588	268.999999	756.210937	10981.387	6.407
110014	34.591205	112.219788	269.0	752.059882	10979.678	-1.234
110034	34.59054	112.264891	269.0	750.36648	10979.92	-0.466
110054	34.589811	112.310382	269.0	747.691454	10979.96	0.964
110114	34.589094	112.355997	269.0	743.801611	10980.187	-1.079
110134	34.588434	112.400415	269.0	740.436871	10980.325	-6.698
110154	34.587733	112.443413	268.999999	739.189128	10976.996	-12.794
110214	34.586963	112.487584	269.000001	738.866672	10971.174	-14.957
110234	34.586159	112.534033	269.000002	738.790004	10965.789	-9.925
110254	34.585372	112.579735	268.99999	740.687011	10963.484	1.541
110314	34.584539	112.624887	269.000016	742.155796	10966.606	9.027
110334	34.583663	112.669825	269.000024	741.91681	10972.453	8.108
110354	34.58291	112.712923	268.999857	743.336871	10972.39	10.236
110414	34.582162	112.756607	269.000217	745.602477	10974.963	17.545
110434	34.581286	112.802441	269.000341	746.872589	10985.885	23.235
110454	34.580346	112.84772	268.998002	747.161628	10993.793	16.361
110514	34.579435	112.892817	269.003017	746.894875	10996.357	5.159
110534	34.578574	112.938241	269.004745	746.868027	10996.143	0.237
110554	34.577675	112.982453	268.972173	747.733926	10995.668	0.464
110614	34.576699	113.026744	269.042017	745.845777	10996.376	-1.199
110634	34.575693	113.072266	269.066087	740.718306	10996.562	-7.097
110654	34.574763	113.117712	268.46072	739.159855	10991.528	-9.138
110714	34.573792	113.162426	267.913224	738.481999	10987.535	-7.281
110734	34.572712	113.20676	267.972919	735.536109	10988.142	-6.473
110754	34.571694	113.251837	268.027968	733.571375	10985.004	-11.494
110814	34.570695	113.296952	267.996581	731.383682	10978.747	-14.974
110834	34.569626	113.341005	268.001194	727.787593	10973.809	-10.136
110854	34.568543	113.384103	267.984604	726.273711	10972.516	-3.454
110914	34.567495	113.428097	268.017756	725.796646	10973.067	0.441
110934	34.566472	113.473404	268.06517	724.310967	10972.991	0.506
110954	34.565384	113.515772	267.7696	724.071438	10973.222	-0.955
111014	34.564362	113.558321	268.183106	723.80489	10972.799	0.662
111034	34.563291	113.604616	268.884108	722.949549	10972.011	7.128
111054	34.56105	113.646662	264.288302	728.649849	10977.223	10.138
111114	34.556801	113.689117	261.42824	734.158778	10981.155	5.74
111134	34.551439	113.735296	263.046595	735.03673	10979.939	-0.159
111154	34.546582	113.779995	262.488108	737.051351	10979.739	-0.301
111214	34.541917	113.82308	261.811545	742.27394	10980.299	-0.502
111234	34.536939	113.867081	262.004776	747.113308	10979.935	0.201
111254	34.531639	113.913486	261.937213	746.337199	10978.92	6.406
111314	34.526927	113.956236	262.258471	743.346603	10983.427	6.781
111334	34.522457	113.997382	261.923421	739.784761	10987.97	-0.388
111354	34.516745	114.04367	259.287881	735.319436	10982.488	-6.611
111414	34.508893	114.088901	256.878232	733.577619	10979.432	-8.273
111434	34.499747	114.13088	255.982083	733.995424	10979.906	-8.055
111454	34.490914	114.172922	255.949115	732.86291	10975.201	-9.353
111514	34.481805	114.216482	256.000635	730.921915	10971.771	-3.153
111534	34.472329	114.260798	256.006036	728.894141	10973.153	8.495
111554	34.463119	114.304011	256.123727	727.141309	10977.481	14.473
111614	34.454281	114.345869	255.589432	727.642005	10983.269	14.056
111634	34.44556	114.387062	254.999341	729.018559	10988.175	7.514
111654	34.436558	114.428875	255.602776	728.006383	10989.348	-3.644
111714	34.427144	114.472722	256.204804	726.088739	10985.348	-9.948
111734	34.4178	114.5166	256.0	726.0	10980.0	-8.0
111754	34.409126	114.55721	255.272887	728.686732	10979.515	-2.418
111814	34.400014	114.599511	254.927091	727.519743	10980.07	1.318
111834	34.3905	114.6435	255.0	723.0	10980.0	0.0
111854	34.381691	114.684334	254.884283	721.756694	10980.755	-5.635
111914	34.372734	114.725849	255.367064	719.150624	10977.75	-8.928
111934	34.3635	114.7685	256.0	715.0	10973.0	-8.0
111954	34.354736	114.808791	255.411508	714.526196	10973.192	-7.095
112014	34.345807	114.849817	254.872008	715.187938	10971.344	-9.67
112034	34.336467	114.892755	254.992559	715.911362	10965.285	-8.496
112054	34.327197	114.935245	255.028086	718.336883	10962.396	9.817
112114	34.317896	114.977614	254.986138	718.486762	10970.209	31.696
112134	34.308562	115.019999	254.998031	716.083601	10987.125	17.707
112154	34.299393	115.061791	255.030953	715.456401	10995.292	-72.172
112214	34.290065	115.104248	254.933921	713.971735	10950.833	-186.948
112234	34.281198	115.144402	254.979876	711.104056	10855.952	-264.858
112254	34.273813	115.177752	255.65929	710.133328	10762.825	-280.391
112314	34.265116	115.217384	256.096751	709.797532	10673.275	-289.522
112334	34.254792	115.264922	256.00379	710.830967	10574.402	-297.974
112354	34.245728	115.307161	256.022806	716.077414	10464.996	-244.959
112414	34.23672	115.349677	255.907767	720.465312	10392.06	-149.754
112434	34.227297	115.394108	255.942494	722.683235	10371.511	-57.314
112454	34.218796	115.433515	256.827316	726.435355	10370.531	-6.559
112514	34.210244	115.473516	256.802763	725.696964	10371.321	3.954
112534	34.201154	115.516387	255.785772	719.541631	10370.945	-0.674
112554	34.191916	115.559538	255.03996	713.522584	10370.965	-0.429
112614	34.183011	115.600487	255.309648	715.34649	10371.023	0.288
112634	34.174007	115.641436	256.112011	724.665351	10370.998	-0.029
112654	34.165359	115.686172	258.480625	734.759451	10371.001	0.006
112714	34.1597	115.7328	264.0	737.0	10371.0	-0.0
112734	34.155739	115.774695	263.943061	730.278272	10370.997	0.003
112754	34.151647	115.817758	262.643004	725.745295	10371.006	-0.016
112814	34.1471	115.8632	263.0	727.0	10371.0	-0.0
112834	34.142924	115.905893	263.055413	728.478419	10370.967	0.096
112854	34.138834	115.948014	262.998724	729.420956	10371.083	-0.244
112914	34.1346	115.9913	263.0	729.0	10371.0	-0.0
112934	34.1303	116.035324	262.869758	726.789959	10370.544	1.344
112954	34.125855	116.080334	263.376176	729.07402	10372.153	-6.508
113014	34.1214	116.1251	264.0	734.0	10371.0	-84.0
113034	34.117162	116.16804	263.380462	734.09953	10339.756	-293.132
113054	34.112737	116.21261	262.860055	738.195983	10197.757	-515.045
113114	34.108215	116.25784	262.992619	746.67798	9963.775	-644.758
113134	34.104041	116.299524	263.022548	750.72319	9744.305	-659.649
113154	34.099299	116.344356	262.994794	756.773452	9530.879	-639.732
113214	34.094358	116.389646	263.004684	761.692675	9319.669	-635.105
113234	34.089666	116.433801	262.990391	759.040761	9107.133	-648.928
113254	34.08485	116.479608	263.055287	751.017644	8884.719	-662.525
113314	34.08004	116.524479	263.015217	739.614671	8666.681	-640.398
113334	34.07527	116.568611	262.913329	724.994096	8461.92	-587.086
113354	34.07077	116.611752	264.553976	702.132741	8279.174	-595.577
113414	34.067154	116.650652	264.692375	690.379866	8061.411	-649.822
113434	34.06349	116.692143	263.910468	682.993926	7853.63	-506.901
113454	34.059485	116.735689	264.015563	670.3623	7719.604	-276.834
113514	34.056041	116.773005	263.927446	662.858665	7621.931	-277.743
113534	34.052514	116.810827	264.233536	656.209693	7531.564	-330.404
113554	34.048707	116.850686	263.932835	649.727135	7423.872	-385.059
113614	34.044702	116.889843	261.801055	644.813489	7280.098	-492.002
113634	34.040008	116.928657	260.697793	637.310788	7092.103	-587.09
113654	34.034845	116.967321	261.010037	627.539024	6877.194	-625.487
113714	34.02997	117.005108	260.947839	619.036088	6666.625	-612.971
113734	34.025458	117.040901	261.322196	609.408782	6468.92	-592.185
113754	34.02119	117.07588	262.02068	599.580125	6277.323	-587.138
113814	34.017073	117.111658	262.061692	592.426744	6079.791	-595.438
113834	34.013189	117.144719	261.988614	584.013954	5877.182	-603.326
113854	34.009013	117.179887	262.006317	576.871925	5674.835	-596.077
113914	34.00466	117.216592	261.999786	571.965988	5478.42	-576.968
113934	34.000675	117.249353	262.002672	566.480982	5290.292	-562.05
113954	33.996714	117.282662	261.989192	562.05208	5106.37	-565.516
114014	33.992678	117.316844	262.042263	556.876749	4915.616	-568.805
114034	33.988705	117.349798	261.987573	551.834031	4722.632	-554.921
114054	33.984961	117.380776	261.782306	550.004916	4542.93	-534.182
114114	33.981571	117.411173	262.61832	546.567195	4370.017	-541.877
114134	33.977555	117.443956	261.825984	538.487317	4189.537	-525.563
114154	33.9737	117.4789	264.0	536.0	4016.0	-445.0
114214	33.977127	117.50852	286.383414	560.32487	3894.684	-456.973
114234	33.985092	117.542285	287.687091	566.535664	3712.363	-400.678
114254	33.993273	117.575498	285.096375	545.574589	3597.295	-300.246
114314	34.000299	117.605964	286.06006	516.294058	3541.06	-282.974
114334	34.006959	117.63502	285.774402	501.912955	3437.159	-408.601
114354	34.014511	117.662975	287.032492	503.453327	3260.227	-483.284
114414	34.019676	117.691527	282.330427	502.609945	3078.039	-446.681
114434	34.019005	117.721816	266.9468	486.853337	2961.461	-372.192
114454	34.016403	117.751088	261.368471	483.094616	2853.474	-362.949
114514	34.013802	117.779369	264.240915	488.278178	2721.653	-390.922
114534	34.011075	117.808133	263.381728	482.623058	2579.581	-368.388
114554	34.008291	117.836715	263.315426	467.906957	2475.064	-295.609
114614	34.005626	117.86478	264.339447	464.424131	2393.995	-245.965
114634	34.003	117.8931	264.0	472.0	2309.0	-263.0
114654	34.000167	117.922309	262.815946	467.515544	2222.722	-298.234
114714	33.997538	117.949733	264.10079	473.778005	2114.644	-260.719
114734	33.995	117.976479	264.654266	462.754951	2035.386	-189.065
114754	33.9923	118.0033	263.0	428.0	1989.0	-205.0
114814	33.989671	118.027835	264.057105	421.772463	1891.621	-312.111
114834	33.98712	118.053265	264.271996	411.256415	1786.089	-341.374
114854	33.984658	118.07825	263.576674	405.626899	1673.077	-353.795
114914	33.982283	118.101969	262.98527	405.854658	1547.502	-374.263
114934	33.979964	118.125239	262.978566	396.374624	1418.386	-361.946
114954	33.977649	118.1485	263.020873	375.68186	1303.645	-345.355
115014	33.975475	118.170419	262.994967	352.442725	1192.849	-329.689
115034	33.973494	118.190317	262.998445	334.724311	1079.802	-309.186
115054	33.971497	118.209761	263.001485	324.181118	984.355	-290.353
115114	33.969515	118.229245	262.99966	322.521071	893.702	-284.107
115134	33.967594	118.248825	262.999948	326.697155	794.846	-291.247
115154	33.965641	118.268547	263.000095	324.81132	698.345	-292.744
115214	33.963776	118.287051	262.999971	303.525438	600.014	-267.992
115234	33.962066	118.303783	262.999997	272.201653	510.133	-231.114
115254	33.960412	118.319806	263.000003	261.993515	452.134	-228.204
115314	33.958761	118.335849	262.999995	263.265419	384.757	-239.104
115334	33.957132	118.351869	262.999995	265.941065	296.907	-247.01
115354	33.955569	118.367496	262.999999	267.410844	205.61	-249.383
115414	33.954093	118.382548	263.0	265.883796	126.196	-239.941
115434	33.952388	118.399343	263.0	268.921705	49.228	-162.294
