063808	40.6482	73.8162	300.0	327.0	122.0	0.0
063828	40.651168	73.83591	266.453747	312.274724	422.513	703.597
063848	40.644618	73.853665	226.397013	334.806326	572.29	392.609
063908	40.630219	73.868089	215.651203	368.920303	701.495	356.165
063928	40.6155	73.886	227.0	418.0	815.0	499.0
063948	40.598426	73.90656	214.280499	449.656442	1036.802	779.801
064008	40.58014	73.92175	211.570644	456.147674	1310.226	809.335
064028	40.56072	73.936797	212.844359	462.771941	1578.568	768.923
064048	40.540491	73.953474	212.891072	474.122579	1836.754	762.059
064108	40.520202	73.97042	212.149285	482.486168	2100.097	796.762
064128	40.500239	73.986631	211.47758	482.187717	2379.682	847.646
064148	40.478992	74.003496	213.912558	480.829208	2658.193	706.534
064208	40.459763	74.02332	220.125193	486.988609	2896.461	498.951
064228	40.445336	74.047181	227.658679	502.691086	3075.969	443.82
064248	40.432074	74.074737	233.665841	526.536064	3213.524	456.11
064308	40.416301	74.105411	235.563881	556.32804	3329.96	445.474
064328	40.399159	74.136259	234.962923	580.670813	3477.247	499.566
064348	40.383123	74.165525	234.997305	589.958931	3691.913	676.968
064408	40.36561	74.197479	234.77288	595.47607	3917.877	709.713
064428	40.347651	74.230623	234.924637	599.647373	4139.333	662.116
064448	40.330472	74.262768	235.504198	603.337997	4352.812	640.813
064508	40.312271	74.294381	231.859549	610.49412	4567.661	619.264
064528	40.295538	74.328039	239.481102	616.062002	4766.739	572.771
064548	40.286424	74.36672	263.791751	615.714786	4940.37	539.561
064608	40.282433	74.408063	263.95795	622.748103	5131.62	531.859
064628	40.278991	74.446173	261.300021	629.981223	5301.749	513.667
064648	40.274813	74.484195	262.243093	637.298747	5460.057	516.429
064708	40.270458	74.526785	262.025282	643.811126	5641.968	558.305
064728	40.2658	74.5708	262.0	644.0	5845.0	562.0
064748	40.261449	74.612557	261.997604	650.898659	6013.169	487.936
064808	40.256992	74.655026	261.99776	653.861995	6175.842	478.812
064828	40.252438	74.698108	262.001222	658.89568	6338.271	470.268
064848	40.248052	74.739809	261.999785	666.397998	6491.265	446.099
064908	40.24384	74.780272	261.999863	671.843563	6632.214	435.672
064928	40.239126	74.825152	262.000091	675.12474	6778.529	429.402
064948	40.234109	74.87241	261.999985	679.015641	6924.012	414.986
065008	40.229357	74.916976	261.99999	684.705085	7055.992	393.188
065028	40.22492	74.958599	262.000007	687.559537	7182.173	387.067
065048	40.220339	75.00147	261.999999	689.663349	7311.469	388.587
065108	40.21536	75.047724	261.999999	693.979631	7444.567	378.379
065128	40.210668	75.090865	262.0	696.118854	7567.422	359.487
065148	40.206041	75.133331	262.0	697.448427	7680.259	362.369
065208	40.201077	75.179337	262.0	699.881754	7799.463	398.087
065228	40.196243	75.224376	262.0	698.663688	7949.117	407.797
065248	40.191226	75.270273	261.999999	698.874606	8087.571	382.594
065308	40.186	75.3173	262.0	702.0	8199.0	343.0
065328	40.181126	75.36159	262.000004	702.303549	8316.387	300.557
065348	40.176191	75.406804	261.999992	705.167761	8405.624	255.303
065408	40.171085	75.453266	262.000012	711.095908	8472.506	239.096
065428	40.166037	75.498375	262.00004	715.15639	8558.798	269.133
065448	40.160831	75.544458	261.999858	717.611357	8658.199	263.5
065508	40.155495	75.591732	262.00043	720.494672	8746.948	234.431
065528	40.150182	75.638978	262.000991	724.274615	8817.066	219.529
065548	40.14497	75.685281	261.998297	726.977047	8885.741	211.811
065608	40.139765	75.731267	261.999499	728.873929	8957.527	201.738
065628	40.134368	75.778628	262.008306	732.291747	9022.282	197.679
065648	40.128991	75.826107	261.970827	736.23965	9078.696	281.432
065708	40.123663	75.873341	262.016163	733.014019	9182.202	405.59
065728	40.118257	75.920681	262.129354	718.219842	9370.855	445.004
065748	40.112902	75.966611	261.522985	709.187605	9516.512	393.505
065808	40.107685	76.011129	261.014484	707.843178	9611.232	294.845
065828	40.102526	76.055943	261.74988	704.659226	9716.782	194.598
065848	40.097096	76.103184	262.006956	700.65082	9761.929	84.722
065908	40.091558	76.149842	262.058905	697.800246	9753.108	3.461
065928	40.086758	76.192428	263.728666	696.89021	9752.715	-4.231
065948	40.084194	76.237388	267.40303	697.51689	9754.373	1.267
070008	40.083692	76.283781	270.070133	698.51216	9753.738	-0.872
070028	40.084055	76.32848	270.235962	699.386793	9753.855	-0.453
070048	40.084412	76.372768	269.918944	700.626437	9754.054	0.115
070108	40.084496	76.417902	269.995341	701.952354	9754.005	-0.002
070128	40.084624	76.46443	270.016503	702.58723	9753.937	0.183
070148	40.084743	76.510596	269.99419	703.565696	9754.125	-0.469
070208	40.084798	76.555745	269.999669	704.949511	9754.037	-0.147
070228	40.084858	76.601111	270.001123	705.330016	9753.248	5.003
070248	40.084938	76.647306	269.999722	704.481307	9755.879	9.379
070308	40.084999	76.693886	270.000019	703.06361	9760.842	8.216
070328	40.084995	76.739785	269.999221	702.15633	9761.59	2.412
070348	40.085026	76.785502	270.001913	702.038601	9760.721	-0.388
070408	40.085098	76.831136	270.000595	702.024808	9760.963	0.074
070428	40.085102	76.876067	269.987974	700.941938	9761.558	-4.252
070448	40.085111	76.920973	270.02706	699.160102	9759.631	-10.962
070508	40.085104	76.966953	270.008309	697.109893	9754.318	-14.953
070528	40.084965	77.013972	269.832422	695.187281	9748.135	-12.665
070548	40.08489	77.056898	270.403143	695.61071	9745.517	-5.218
070608	40.084892	77.098437	271.005656	697.229949	9746.13	0.782
070628	40.08476	77.145461	270.244723	697.090419	9746.067	0.332
070648	40.084476	77.193197	269.556097	697.113433	9745.902	-0.182
070708	40.084279	77.240769	270.428328	698.492353	9746.075	-0.058
070728	40.084654	77.287726	272.24545	700.184822	9745.804	0.273
070748	40.085907	77.331743	272.401455	700.077907	9744.675	3.109
070808	40.087412	77.37601	271.957869	700.111543	9746.674	6.422
070828	40.08868	77.422529	271.960355	701.531661	9752.594	8.022
070848	40.0899	77.468439	272.022691	702.47802	9754.366	7.367
070908	40.091201	77.513755	271.996975	703.160182	9754.259	8.569
070928	40.092547	77.55989	271.997154	704.577241	9758.797	13.914
070948	40.093792	77.605601	272.001629	705.371275	9765.028	14.045
071008	40.094983	77.65078	271.999783	704.835001	9769.433	6.522
071028	40.096247	77.696327	271.999796	703.415191	9769.86	-4.444
071048	40.09754	77.742881	272.000116	702.56316	9766.144	-12.994
071108	40.098779	77.78939	271.999985	701.825838	9760.046	-14.694
071128	40.099917	77.834556	271.999988	700.369946	9754.829	-9.711
071148	40.101	77.879251	272.0	699.808823	9754.133	-6.436
071208	40.102057	77.924025	272.000006	700.02069	9753.536	-5.909
071228	40.103101	77.969012	272.000056	699.978412	9748.193	-4.09
071248	40.104161	78.014455	271.999971	700.036982	9746.341	1.041
071308	40.105235	78.060171	271.999868	700.190633	9752.166	7.481
071328	40.106253	78.10505	272.000471	699.139252	9755.039	5.155
071348	40.107254	78.150468	271.999625	697.909739	9753.824	-0.38
071408	40.108296	78.197562	271.998015	697.979215	9753.633	0.213
071428	40.109274	78.242555	272.006158	697.698864	9754.767	-2.642
071448	40.110192	78.285505	271.996649	696.943538	9753.612	-8.407
071508	40.111126	78.329364	271.973261	696.825276	9747.813	-9.147
071528	40.112057	78.375049	272.085326	697.445563	9745.28	-5.168
071548	40.112996	78.422388	271.953071	698.017912	9746.006	0.54
071608	40.113945	78.470164	271.233263	697.920653	9745.531	5.66
071628	40.114788	78.515871	270.8924	698.523023	9748.337	11.961
071648	40.115583	78.560157	271.010054	700.195816	9754.669	14.853
071708	40.116455	78.605465	271.015386	701.847272	9760.114	9.775
071728	40.11729	78.651751	270.992274	701.404753	9760.629	7.624
071748	40.11808	78.697855	271.000722	699.902774	9761.44	7.791
071808	40.118887	78.742813	271.001105	699.8019	9767.961	2.65
071828	40.119648	78.787697	270.999443	700.263523	9766.509	-3.525
071848	40.120373	78.833549	271.000053	699.886277	9760.796	-8.468
071908	40.121113	78.880167	271.000091	697.957402	9761.852	-13.098
071928	40.12181	78.924852	270.999924	695.700563	9755.739	-17.491
071948	40.122465	78.967919	271.000023	695.073692	9745.311	-13.899
072008	40.123127	79.012049	271.000163	696.665141	9744.311	2.455
072028	40.123816	79.058788	270.999494	696.480365	9749.473	11.275
072048	40.124458	79.106505	271.000275	694.904224	9754.28	7.31
072108	40.124989	79.151993	271.002194	694.870419	9754.57	0.822
072128	40.125543	79.194496	270.992998	695.008541	9753.242	2.049
072148	40.126163	79.238497	271.003827	695.029593	9754.327	8.542
072208	40.126777	79.28777	271.030559	695.281912	9759.233	9.974
072228	40.127296	79.333675	270.902472	693.879204	9762.256	2.24
072248	40.127745	79.375626	271.053596	691.875388	9760.646	-7.677
072308	40.128218	79.419271	271.816525	691.702455	9756.054	-9.249
072328	40.128743	79.464958	271.8185	692.188678	9753.268	-4.218
072348	40.129275	79.511125	271.027671	692.036551	9753.922	0.01
072408	40.129734	79.556152	270.894077	690.853428	9755.049	-4.348
072428	40.130187	79.602709	271.032684	689.531414	9752.052	-9.316
072448	40.130656	79.649994	271.004088	688.991798	9746.35	-8.373
072508	40.131063	79.692904	270.992579	689.513201	9745.53	-3.308
072528	40.131467	79.73605	271.002197	690.256156	9745.787	1.74
072548	40.131898	79.782611	270.99973	690.947909	9744.757	4.595
072608	40.132291	79.829445	271.001992	692.5273	9747.195	6.439
072628	40.13262	79.874168	271.004935	694.692204	9753.115	7.838
072648	40.132947	79.917093	270.975614	695.062035	9754.064	7.984
072708	40.133285	79.96215	271.031193	695.211263	9754.786	8.177
072728	40.133619	80.010184	271.070263	696.710189	9760.038	8.452
072748	40.133928	80.054038	270.534144	697.220735	9761.572	4.753
072808	40.134138	80.097404	269.879153	696.953536	9761.083	-1.604
072828	40.134258	80.144373	269.867639	696.977299	9761.469	-7.036
072848	40.134486	80.188838	270.627405	697.028258	9757.568	-9.446
072908	40.134763	80.231765	270.938983	696.980838	9753.43	-6.747
072928	40.134961	80.276534	270.164647	696.962737	9753.715	-0.851
072948	40.135103	80.322874	269.874528	697.299875	9754.386	-0.003
073008	40.135235	80.370012	270.025867	698.343004	9753.713	0.856
073028	40.135372	80.416608	270.011489	699.769534	9753.426	6.756
073048	40.135461	80.460904	269.990992	700.169988	9757.587	9.4
073108	40.135511	80.506237	270.001857	699.969373	9761.445	7.096
073128	40.135573	80.554075	270.000825	699.99592	9761.029	1.737
073148	40.135708	80.598193	269.999353	699.954959	9761.832	-5.398
073208	40.135814	80.641452	270.000133	700.070808	9759.706	-7.592
073228	40.135807	80.68738	270.000059	700.164082	9754.04	-1.693
073248	40.135791	80.731788	269.999957	698.949439	9758.557	3.022
073308	40.135806	80.778865	270.000005	697.910296	9759.406	-2.863
073328	40.135762	80.828241	269.999997	698.053352	9752.825	-11.873
073348	40.135613	80.872299	270.0	698.008867	9754.159	-8.543
073408	40.135526	80.915675	270.0	697.959783	9748.616	-3.57
073428	40.135482	80.960378	270.000001	698.061172	9746.913	3.039
073448	40.13541	81.005969	270.000001	698.038107	9753.49	8.075
073508	40.135284	81.050896	269.999989	697.380103	9755.099	2.794
073528	40.135148	81.096138	270.000021	696.903503	9753.313	0.797
073548	40.135015	81.142036	270.000014	696.989513	9753.699	7.438
073608	40.134839	81.187504	269.999851	697.001655	9758.423	9.604
073628	40.134593	81.234341	270.000296	697.034976	9761.606	6.172
073648	40.134324	81.281657	270.000193	697.026629	9761.038	0.55
073708	40.134121	81.325187	269.99793	696.275067	9761.347	-4.596
073728	40.133903	81.368174	270.004123	693.692238	9759.915	-10.654
073748	40.133627	81.413319	270.002694	690.247892	9754.66	-15.019
073808	40.133366	81.459271	269.971169	688.993286	9748.176	-11.035
073828	40.133076	81.505034	270.057422	689.036205	9745.94	-7.358
073848	40.132735	81.54997	270.037522	689.01334	9746.282	-8.025
073908	40.132396	81.593923	269.382431	688.878941	9740.583	-5.064
073928	40.132072	81.638321	268.900225	689.252557	9738.536	4.75
073948	40.131736	81.683504	268.987505	689.964938	9745.2	14.66
074008	40.131347	81.728165	269.022862	689.959881	9752.017	11.826
074028	40.130937	81.773316	268.992836	690.260487	9754.124	6.831
074048	40.130539	81.818749	268.999103	691.785575	9753.804	7.784
074108	40.13015	81.862475	269.001641	694.079393	9758.188	9.156
074128	40.129719	81.907087	268.999486	695.144489	9761.765	5.946
074148	40.129246	81.953568	268.999936	694.965561	9761.111	0.292
074208	40.128791	81.999266	269.000118	696.071627	9760.629	0.13
074228	40.128288	82.044311	268.999963	697.450358	9761.457	-1.527
074248	40.127749	82.089549	268.999995	697.980274	9761.27	-7.513
074308	40.127292	82.135256	269.000008	698.035379	9756.652	-9.641
074328	40.12677	82.180897	268.999997	697.989261	9753.33	-5.806
074348	40.126157	82.225615	269.0	697.998872	9753.929	-0.282
074408	40.1256	82.2696	269.0	698.0	9754.0	-0.0
074428	40.124869	82.316553	269.0	697.999731	9753.966	-0.134
074448	40.124181	82.362274	269.0	697.999493	9754.013	0.053
074508	40.1236	82.4066	269.0	698.0	9754.0	0.0
074528	40.122941	82.453758	269.000003	698.003967	9753.997	-0.009
074548	40.122268	82.499695	268.999993	697.989889	9754.002	0.001
074608	40.1216	82.5433	269.0	698.0	9754.0	0.0
074628	40.120874	82.587798	269.000036	698.055802	9753.996	0.015
074648	40.120128	82.633401	268.999909	697.858958	9754.009	-0.039
074708	40.1194	82.6794	269.0	698.0	9754.0	-0.0
074728	40.118684	82.725169	269.0005	699.36986	9753.948	0.214
074748	40.117884	82.770844	268.998737	700.257743	9754.131	-0.54
074808	40.117	82.8166	269.0	700.0	9754.0	0.0
074828	40.116127	82.862596	269.006962	699.714834	9753.278	5.349
074848	40.115277	82.90947	268.98222	700.71198	9756.078	9.367
074908	40.114442	82.956126	268.995054	701.988448	9760.857	8.182
074928	40.113599	83.000574	269.098383	701.037552	9761.405	3.138
074948	40.112661	83.045226	268.752272	699.229211	9761.091	-2.252
075008	40.11165	83.091289	268.02896	698.038047	9761.074	-7.66
075028	40.110699	83.137265	267.787117	697.473401	9757.543	-14.405
075048	40.109795	83.182369	268.356088	696.351674	9750.576	-12.145
075108	40.10885	83.227319	268.99739	695.027613	9745.974	-0.559
075128	40.107791	83.273468	268.45389	695.121842	9750.829	7.195
075148	40.106736	83.3186	267.787958	694.371223	9754.862	6.699
075208	40.105749	83.361674	267.967273	692.109233	9754.015	0.347
075228	40.104762	83.40458	268.790127	690.451381	9754.653	-5.708
075248	40.103726	83.450784	268.825328	689.855446	9751.928	-9.138
075308	40.102653	83.498698	268.027762	689.985719	9746.186	-8.204
075328	40.101595	83.542653	267.901772	690.172755	9745.288	-2.404
075348	40.100497	83.58673	268.03463	689.658027	9746.376	0.273
075408	40.099357	83.632185	268.001991	689.897167	9746.059	-0.113
075428	40.098234	83.675481	267.992943	693.33597	9745.038	5.071
075448	40.097061	83.721035	268.002496	695.396936	9748.292	8.924
075508	40.095858	83.768883	268.000146	694.992391	9753.86	8.062
075528	40.094735	83.813141	267.999434	696.157413	9753.874	7.593
075548	40.093543	83.856267	268.000312	697.382075	9755.665	8.572
075608	40.092263	83.901644	268.000051	697.951164	9760.832	8.16
075628	40.091056	83.949763	267.999139	699.355927	9761.586	2.805
075648	40.089847	83.996396	268.001868	700.16411	9760.815	-0.975
075708	40.088566	84.04031	268.00057	700.001089	9760.996	-0.093
075728	40.087238	84.084666	267.983292	700.262605	9760.81	1.495
075748	40.085899	84.130091	267.987065	700.254677	9760.798	0.943
075808	40.084577	84.176315	268.04191	698.814267	9761.714	-3.636
075828	40.083222	84.222159	267.958313	696.565357	9760.261	-8.752
075848	40.081813	84.266739	267.866169	695.086981	9755.091	-9.146
075908	40.080465	84.311113	268.651453	695.308506	9753.531	-3.438
075928	40.079019	84.357377	268.872911	693.77071	9754.1	1.402
075948	40.077473	84.404601	268.030668	690.128569	9753.982	0.183
080008	40.076116	84.449109	267.887993	689.082103	9754.557	-4.517
080028	40.074789	84.492984	268.048104	688.663357	9752.497	-8.316
080048	40.073351	84.537896	268.025066	687.441876	9747.737	-8.451
080108	40.071837	84.583066	267.995155	686.88337	9745.417	-4.628
080128	40.0703	84.628	268.0	687.0	9746.0	-0.0
080148	40.068805	84.672299	267.973281	686.807419	9746.048	0.664
080208	40.067428	84.714465	268.071408	687.621437	9746.109	-0.706
080228	40.066	84.7573	268.0	689.0	9746.0	0.0
080248	40.064264	84.805146	267.306351	689.034703	9745.17	5.298
080308	40.062613	84.850628	266.893443	689.261196	9748.41	9.56
080328	40.0611	84.8933	267.0	690.0	9754.0	8.0
080348	40.059424	84.939589	267.019336	690.011763	9754.778	1.506
080408	40.057836	84.984155	266.99235	690.220494	9753.266	1.506
080428	40.0563	85.0272	267.0	692.0	9754.0	8.0
080448	40.054505	85.074422	267.001388	695.611459	9758.902	9.558
080508	40.052753	85.119503	266.999451	697.49238	9761.719	5.304
080528	40.0511	85.1621	267.0	697.0	9761.0	-0.0
080548	40.049305	85.208411	267.0001	696.807918	9760.921	-0.737
080608	40.047527	85.254724	266.999961	697.339497	9760.917	0.743
080628	40.0458	85.2994	267.0	698.0	9761.0	0.0
080648	40.043994	85.344611	267.000007	698.069768	9761.736	-5.36
080708	40.042236	85.389279	266.999997	697.964287	9758.86	-9.414
080728	40.0405	85.4341	267.0	698.0	9754.0	-8.0
080748	40.038601	85.481339	267.0	698.057717	9753.494	-2.297
080808	40.036584	85.528986	267.0	697.864221	9754.2	0.791
080828	40.0346	85.5744	267.0	698.0	9754.0	-0.0
080848	40.032784	85.616599	266.999999	699.330864	9753.962	-0.139
080908	40.031	85.659245	267.000002	700.357029	9754.018	0.044
080928	40.0291	85.7045	267.0	700.0	9754.0	-0.0
080948	40.027039	85.751459	266.999989	698.574374	9753.977	0.061
081008	40.024986	85.797664	267.000027	697.800854	9754.053	-0.175
081028	40.023	85.8427	267.0	698.0	9754.0	-0.0
081048	40.021004	85.888106	266.999853	698.0437	9753.714	0.988
081108	40.018996	85.933651	267.000372	697.966039	9754.721	-2.795
081128	40.017	85.979	267.0	698.0	9754.0	-8.0
081148	40.015019	86.024176	266.997951	698.111498	9747.654	-4.304
081208	40.012945	86.06919	267.005179	697.686653	9747.454	4.604
081228	40.0108	86.1143	267.0	697.0	9754.0	8.0
081248	40.008724	86.159706	266.971462	696.961713	9755.522	-2.279
081308	40.006673	86.204386	267.072127	696.943404	9751.415	-10.967
081328	40.0046	86.2485	267.0	697.0	9746.0	-8.0
081348	40.002488	86.293452	266.30622	697.759887	9744.623	3.209
081408	40.000283	86.339634	265.893495	697.928412	9748.657	10.148
081428	39.998	86.3858	266.0	698.0	9754.0	8.0
081448	39.995721	86.430137	266.019326	699.5656	9754.539	2.165
081508	39.993495	86.473998	265.992353	699.646963	9753.787	-0.739
081528	39.9913	86.5189	266.0	698.0	9754.0	0.0
081548	39.98906	86.565268	266.001388	697.602961	9754.039	0.134
081608	39.986707	86.61175	265.999451	698.684626	9753.985	-0.053
081628	39.9843	86.6571	266.0	700.0	9754.0	0.0
081648	39.981966	86.701336	266.0001	700.135119	9754.003	0.01
081708	39.979614	86.747206	265.99996	699.937803	9753.999	-0.004
081728	39.9772	86.7945	266.0	700.0	9754.0	0.0
081748	39.974785	86.840294	266.000008	700.066481	9754.0	0.001
081808	39.972436	86.885296	265.999994	699.852028	9754.0	-0.0
081828	39.9701	86.9304	266.0	700.0	9754.0	0.0
081848	39.967652	86.975786	266.000018	701.388209	9754.0	0.0
081908	39.965146	87.021765	265.999956	702.21281	9754.0	-0.0
081928	39.9627	87.0671	266.0	702.0	9754.0	-0.0
081948	39.960379	87.110147	266.000241	701.961032	9754.0	0.0
082008	39.957967	87.153865	265.999338	702.016256	9754.0	-0.0
082028	39.955382	87.199631	265.998586	702.001672	9754.0	-0.0
082048	39.952752	87.246022	266.001994	702.012825	9754.0	0.0
082108	39.950238	87.290503	266.001232	702.009765	9754.0	0.0
082128	39.947911	87.331512	265.992422	701.937667	9754.0	-0.0
082148	39.945289	87.377837	266.043365	702.49671	9754.0	0.0
082208	39.942454	87.426929	265.927206	703.112802	9754.0	-0.0
082228	39.939688	87.473343	265.734449	703.102303	9754.0	0.0
082248	39.936933	87.520109	266.354204	702.981408	9754.0	-0.0
082308	39.934249	87.566487	266.991048	703.005054	9754.0	0.0
082328	39.931673	87.609883	266.188091	703.001038	9754.0	0.0
082348	39.92886	87.655974	265.854524	703.005301	9754.0	-0.0
082408	39.926011	87.703209	266.032058	702.991109	9754.0	0.0
082428	39.923362	87.748121	266.018694	702.979239	9754.0	0.0
082448	39.920663	87.791833	265.96277	703.101448	9754.0	-0.0
082508	39.917919	87.835778	266.036461	702.865838	9754.0	0.0
082528	39.915194	87.880904	266.078253	702.129601	9754.0	0.0
082548	39.912368	87.927295	265.49926	701.914972	9754.0	-0.0
082608	39.909479	87.973705	264.922844	702.000996	9754.0	0.0
082628	39.906614	88.019125	264.965731	701.964799	9754.0	0.0
082648	39.903758	88.064213	265.026871	702.208164	9754.0	-0.001
082708	39.900875	88.10943	264.99446	701.71755	9754.0	0.002
082728	39.89794	88.154961	264.99754	700.224814	9753.999	0.004
082748	39.894976	88.200729	265.001929	699.999326	9754.005	-0.018
082808	39.892096	88.245513	264.999602	699.776185	9753.993	0.023
082828	39.889313	88.289081	264.999823	698.284448	9753.985	0.052
082848	39.886379	88.333891	265.000139	697.782396	9754.073	-0.251
082908	39.883343	88.379615	264.999971	698.047188	9753.907	0.32
082928	39.880344	88.425117	264.999985	698.025975	9753.79	0.721
082948	39.87737	88.470755	265.00002	697.954217	9755.017	-4.499
083008	39.874326	88.516551	264.999985	698.041851	9752.667	-7.945
083028	39.871183	88.56235	264.99997	698.088465	9746.452	-2.211
083048	39.868085	88.608089	265.00014	697.576647	9749.158	6.26
083108	39.865039	88.653161	264.999823	698.557244	9754.833	6.789
083128	39.861975	88.697646	264.999601	701.527343	9754.458	-0.011
083148	39.858865	88.74295	265.001069	702.123699	9753.516	6.5
083208	39.855851	88.786589	264.992876	701.910321	9757.598	12.041
083228	39.852658	88.831844	265.009023	702.003346	9761.345	6.91
083248	39.849297	88.879203	264.967199	702.036189	9760.997	-1.744
083308	39.846266	88.922578	264.918606	702.101061	9761.284	-5.496
083328	39.843077	88.96765	265.529365	701.290291	9758.643	-7.166
083348	39.839726	89.014396	266.05796	700.166396	9754.645	-6.711
083408	39.83649	89.059506	265.336412	699.920185	9753.512	-2.618
083428	39.833289	89.103896	265.185165	699.962058	9754.102	0.149
083448	39.829954	89.149899	266.072618	700.208181	9753.856	0.46
083508	39.826545	89.19702	265.298303	701.665216	9753.696	4.772
083528	39.823206	89.242354	264.254967	702.531055	9756.078	8.722
083548	39.819939	89.286102	263.88871	702.286097	9759.891	8.006
083608	39.816678	89.330066	264.510654	701.263508	9762.136	-0.126
083628	39.81341	89.374175	264.979474	699.752759	9760.415	-8.829
083648	39.810101	89.418221	264.248397	698.282608	9755.309	-9.334
083708	39.806594	89.464511	263.865098	697.92899	9753.358	-4.49
083728	39.803093	89.510839	264.017983	697.948337	9754.042	0.557
083748	39.799793	89.554572	264.016922	697.220841	9753.833	1.238
083808	39.796259	89.599981	263.990315	696.874282	9754.874	-4.055
083828	39.792689	89.645492	264.00129	697.021958	9753.262	-8.003
083848	39.789399	89.68834	264.001211	697.044945	9746.84	-2.907
083908	39.785802	89.734131	263.999319	696.88251	9748.523	5.137
083928	39.782059	89.781273	264.000082	697.089072	9754.532	7.713
083948	39.778607	89.825445	264.000034	697.871722	9754.48	1.952
084008	39.775081	89.86988	264.000144	697.85597	9753.802	-1.365
084028	39.771464	89.914894	263.999852	698.187048	9753.966	0.453
084048	39.767937	89.959178	263.999259	699.850045	9753.685	15.042
084108	39.764361	90.00434	264.002697	699.117	9757.692	75.649
084128	39.760628	90.05097	263.997849	698.076815	9792.827	158.229
084148	39.756809	90.097806	263.990696	700.773363	9873.036	206.345
084208	39.753233	90.141859	264.039546	704.943458	9946.811	193.796
084228	39.74981	90.184364	263.960299	708.654328	9999.517	164.797
084248	39.74613	90.229048	264.185506	711.86807	10049.955	177.401
084308	39.742101	90.276464	265.010805	715.12367	10115.557	222.452
084328	39.738224	90.323068	264.414669	716.268202	10193.248	264.199
084348	39.734372	90.369437	263.717262	715.110592	10289.389	274.279
084408	39.730621	90.414801	264.044526	712.895804	10390.682	242.474
084428	39.727136	90.45798	265.136613	711.878823	10470.375	187.607
084448	39.7233	90.5036	265.0	715.0	10523.0	180.0
084508	39.7188	90.5543	263.0	721.0	10569.0	247.0
084528	39.71477	90.602268	263.402142	717.684121	10674.072	253.402
084548	39.711032	90.646691	264.297822	713.810907	10770.309	221.453
084608	39.7072	90.690343	264.179644	714.848851	10824.489	190.07
084628	39.70314	90.73686	263.924607	716.684106	10876.355	161.225
084648	39.699001	90.784794	263.990502	718.814379	10932.668	124.451
084708	39.695114	90.829083	264.139289	723.717108	10965.473	66.788
084728	39.691223	90.874499	263.680931	726.772018	10975.052	19.574
084748	39.68712	90.92272	263.011124	726.127173	10973.236	0.77
084808	39.682871	90.96951	263.478951	724.945239	10972.588	-1.675
084828	39.678624	91.015814	264.163362	723.329282	10973.026	0.766
084848	39.674432	91.06285	264.076237	721.260371	10972.918	0.474
084908	39.670205	91.109524	263.393292	719.886162	10973.781	-4.497
084928	39.66608	91.1551	262.91148	718.350313	10971.487	-9.138
084948	39.662099	91.199767	262.975507	716.321675	10965.783	-8.737
085008	39.658044	91.244753	263.023535	715.243571	10964.278	-3.535
085028	39.653809	91.291084	262.994314	714.931953	10965.153	0.733
085048	39.649461	91.338163	262.998227	714.92811	10965.016	0.341
085108	39.645223	91.383458	263.001809	715.527984	10965.185	-1.052
085128	39.641057	91.428699	262.999636	716.072154	10964.719	1.103
085148	39.636856	91.475406	262.999838	716.032087	10964.352	6.938
085208	39.632618	91.521183	263.000127	715.974635	10969.161	8.895
085228	39.628316	91.566846	262.999973	716.005493	10973.409	7.699
085248	39.623928	91.613655	262.999986	716.003296	10972.753	7.562
085308	39.619499	91.66014	263.00001	715.996232	10975.856	9.473
085328	39.615141	91.705613	262.999998	716.002288	10980.661	6.487
085348	39.610887	91.750466	262.999998	716.00657	10980.841	-4.932
085408	39.606536	91.795972	263.000004	715.972904	10976.926	-11.518
085428	39.602011	91.842548	262.999997	716.020175	10972.49	-6.439
085448	39.597393	91.889567	262.999987	716.096534	10971.809	5.739
085508	39.592903	91.935453	263.000045	715.651685	10976.938	6.435
085528	39.588412	91.981563	262.999964	716.280681	10979.692	-0.82
085548	39.58373	92.029425	262.999826	718.693318	10974.044	-1.499
085608	39.579138	92.075941	263.000629	718.031609	10975.064	4.259
085628	39.574616	92.121083	262.999498	715.81736	10980.458	7.933
085648	39.570009	92.16679	262.997577	715.900139	10980.289	2.641
085708	39.565441	92.213299	263.00876	715.703691	10980.371	-4.229
085728	39.560921	92.25914	262.993014	714.919356	10979.52	-8.438
085748	39.556431	92.302976	262.966251	714.872295	10974.422	-9.018
085808	39.552114	92.346391	263.122011	715.268922	10972.237	-4.477
085828	39.547575	92.392408	262.901701	714.807627	10973.102	0.403
085848	39.542523	92.441666	262.079313	713.19784	10973.096	0.379
085908	39.537816	92.487706	262.405657	713.655702	10972.945	-0.217
085928	39.533297	92.532174	262.993801	715.115424	10973.007	0.029
085948	39.52841	92.579511	262.263423	715.037311	10973.007	0.027
090008	39.523628	92.625637	261.850013	715.327374	10972.996	-0.016
090028	39.519042	92.670044	262.013467	716.043416	10973.0	0.001
090048	39.514406	92.715047	262.02061	716.071091	10973.001	0.002
090108	39.50957	92.761303	261.989648	715.948835	10972.999	-0.0
090128	39.504604	92.807803	262.000969	716.013099	10973.0	-0.001
090148	39.499707	92.853164	262.0015	716.084813	10973.001	-0.005
090208	39.495	92.897994	261.999186	715.734454	10972.996	0.016
090228	39.4903	92.9436	262.0	716.0	10973.0	0.0
090248	39.485359	92.990572	262.000133	718.087186	10973.018	-0.072
090308	39.480509	93.035828	261.999947	719.319439	10972.955	0.182
090328	39.4757	93.0803	262.0	719.0	10973.0	0.0
090348	39.470562	93.127816	262.00001	718.927902	10973.25	-1.004
090408	39.465534	93.17427	261.999996	719.059679	10972.368	2.835
090428	39.4608	93.2181	262.0	719.0	10973.0	8.0
090448	39.45607	93.262138	262.000001	718.792331	10978.558	4.085
090508	39.45102	93.308352	262.0	719.58856	10978.721	-4.053
090528	39.445759	93.355853	262.0	720.957302	10973.191	-8.051
090548	39.440715	93.4019	261.999999	721.152617	10972.32	-3.147
090608	39.435771	93.447182	262.000002	720.942412	10973.247	1.001
090628	39.430797	93.492561	262.000001	720.992149	10973.029	0.116
090648	39.425801	93.538074	261.999989	721.027083	10972.948	-0.212
090708	39.420559	93.584565	262.000021	720.965757	10973.016	0.067
090728	39.415213	93.631085	262.000014	720.979567	10973.002	0.008
090748	39.410253	93.675337	261.999851	721.214596	10972.997	-0.016
090808	39.405011	93.722079	262.000296	720.53609	10973.001	0.007
090828	39.39943	93.770974	262.000193	719.095707	10973.0	0.002
090848	39.394463	93.814421	261.997846	718.806363	10973.004	-0.017
090908	39.389493	93.858107	262.0036	719.064166	10972.992	0.028
090928	39.384102	93.905409	262.003802	719.025001	10972.992	0.029
090948	39.378878	93.950631	261.971512	718.877723	10973.062	-0.216
091008	39.373632	93.995817	262.049762	719.194371	10972.891	0.377
091028	39.368207	94.042729	262.052881	719.203459	10972.884	0.4
091048	39.362895	94.08854	261.42135	716.932537	10973.867	-4.458
091108	39.357456	94.135083	260.90596	716.33381	10971.384	-9.052
091128	39.351828	94.182811	260.980533	718.742432	10965.559	-8.474
091148	39.346462	94.227994	261.02442	719.183572	10964.499	-3.964
091208	39.341298	94.27174	260.99323	719.214153	10964.804	2.177
091228	39.336023	94.316723	260.998583	720.740585	10964.619	7.44
091248	39.330382	94.364228	261.001899	722.263284	10969.573	9.413
091308	39.324782	94.41123	260.999259	723.320117	10973.773	6.235
091328	39.319416	94.456447	260.999627	723.943761	10973.166	0.53
091348	39.313861	94.502879	261.002171	724.12967	10972.748	-0.479
091408	39.308251	94.549028	260.996392	723.857482	10973.148	-0.177
091428	39.302731	94.59399	260.996196	723.86207	10973.11	-0.351
091448	39.297149	94.640023	261.028494	725.378172	10972.246	4.337
091508	39.291543	94.686091	260.950231	725.78281	10974.386	9.191
091528	39.286017	94.731596	260.947112	724.17822	10979.478	8.61
091548	39.280651	94.778089	261.578704	723.827557	10980.691	2.959
091608	39.275549	94.823666	262.093947	723.949298	10979.73	-0.325
091628	39.270568	94.86815	262.019368	723.176009	10979.864	0.251
091648	39.265293	94.91508	261.976325	721.859624	10980.796	-4.241
091708	39.259949	94.962091	262.005469	720.598621	10978.588	-9.164
091728	39.254698	95.007753	262.000035	719.27791	10973.502	-8.551
091748	39.249317	95.054709	262.008472	717.087367	10972.449	-3.45
091808	39.244146	95.099934	261.982622	715.819069	10973.03	1.198
091828	39.239252	95.142575	261.981117	716.015737	10972.882	0.678
091848	39.234067	95.187437	262.142279	715.385626	10974.111	-5.644
091908	39.228752	95.23297	261.738529	715.073865	10970.89	-7.142
091928	39.223497	95.277559	261.006603	715.889402	10965.023	-0.763
091948	39.21812	95.323094	261.593837	716.224107	10969.994	1.128
092008	39.21272	95.369244	261.920827	715.772267	10971.938	-0.631
092028	39.207397	95.415148	261.098328	715.070898	10965.33	-0.455
092048	39.202057	95.46077	260.877952	715.068542	10968.906	4.54
092108	39.19654	95.507028	261.033759	716.902096	10973.579	9.004
092128	39.190924	95.553563	261.006988	719.005173	10972.74	8.439
092148	39.185561	95.598289	260.991237	717.182333	10977.544	4.201
092208	39.180191	95.643292	261.002424	716.256046	10979.317	-2.584
092228	39.174704	95.689185	261.000502	718.717521	10973.64	-7.872
092248	39.169459	95.732936	260.999371	719.283197	10972.374	-4.719
092308	39.164045	95.777926	261.000174	719.040437	10972.876	2.405
092328	39.158264	95.825699	261.000036	719.12912	10972.672	7.506
092348	39.152612	95.871954	260.999955	717.355321	10977.028	9.181
092408	39.147046	95.917142	261.000013	715.58414	10980.611	6.561
092428	39.141439	95.962657	261.000003	715.090159	10980.071	0.864
092448	39.135876	96.008199	260.999997	714.046921	10980.337	-4.425
092508	39.130386	96.05311	261.000001	712.406191	10979.065	-10.218
092528	39.124852	96.097791	261.0	711.09511	10973.957	-14.886
092548	39.119062	96.143809	260.999999	710.971752	10967.659	-12.079
092608	39.11333	96.189466	261.000002	710.838827	10964.534	-5.991
092628	39.107827	96.233612	261.000002	710.081379	10964.995	-0.821
092648	39.102273	96.277577	260.999987	709.899013	10964.298	4.949
092708	39.096821	96.320972	261.000023	710.028274	10966.547	8.963
092728	39.091365	96.364969	261.000024	710.006199	10972.403	8.503
092748	39.085355	96.412695	260.99981	709.989356	10973.741	3.593
092808	39.079549	96.458199	261.000273	710.005934	10972.892	-0.941
092828	39.074227	96.499641	261.000426	710.006964	10973.067	-0.691
092848	39.068221	96.546298	260.997504	709.962005	10972.32	4.318
092908	39.062159	96.593458	261.003768	710.056662	10974.153	8.925
092928	39.056689	96.636043	261.005927	710.088951	10979.3	8.636
092948	39.051097	96.679367	260.965241	709.175131	10980.558	4.037
093008	39.045212	96.725176	261.052485	707.419334	10980.017	-1.533
093028	39.039198	96.771876	261.082551	705.390353	10980.233	-6.701
093048	39.033263	96.816326	260.364167	703.656348	10977.327	-13.629
093108	39.027482	96.859666	260.067015	702.92602	10970.727	-13.42
093128	39.021761	96.903988	260.85319	703.030214	10965.099	-2.35
093148	39.015871	96.949421	261.225841	702.495218	10968.73	6.728
093208	39.009927	96.994826	260.805722	701.904942	10973.834	6.992
093228	39.004069	97.039229	260.093218	701.970415	10973.258	0.915
093248	38.998213	97.082874	259.912567	702.029591	10972.752	-0.862
093308	38.992335	97.126761	260.021095	701.991163	10973.06	0.208
093328	38.986467	97.171111	260.006534	701.994711	10973.019	0.064
093348	38.98064	97.214658	259.993657	702.020688	10972.982	-0.062
093408	38.974687	97.258515	260.001615	701.971227	10973.004	0.015
093428	38.968539	97.303709	260.000711	701.94667	10973.002	0.006
093448	38.96245	97.349041	259.999009	702.252493	10972.999	-0.005
093508	38.956713	97.391941	260.000758	701.669989	10973.0	0.001
093528	38.951172	97.432786	260.001531	700.120857	10973.0	0.0
093548	38.944957	97.47779	259.992752	700.750461	10973.0	-0.0
093608	38.938541	97.52459	260.009207	702.25809	10973.0	0.0
093628	38.932571	97.568775	260.020718	702.226794	10973.0	0.0
093648	38.926659	97.611404	259.899517	701.003959	10973.0	-0.0
093708	38.920893	97.655072	260.132776	699.767341	10973.0	0.0
093728	38.915444	97.700843	260.867225	699.730179	10973.0	0.0
093748	38.91007	97.746094	261.100481	701.30497	10973.0	-0.0
093808	38.904803	97.789605	260.979285	701.808755	10973.0	0.0
093828	38.899628	97.832175	260.9908	700.171637	10973.0	0.0
093848	38.894179	97.876277	261.007214	700.76562	10973.0	-0.0
093908	38.888628	97.920989	260.998513	702.184852	10973.0	0.0
093928	38.883238	97.964677	260.999339	702.043113	10973.0	0.0
093948	38.877859	98.008018	261.00052	702.163705	10973.0	0.0
094008	38.872272	98.052528	260.99989	701.705152	10973.0	-0.0
094028	38.866497	98.098297	260.999941	700.178991	10973.0	-0.0
094048	38.860976	98.142429	261.000041	700.577838	10973.0	0.0
094108	38.855579	98.185642	260.999995	702.200101	10973.0	-0.0
094128	38.849982	98.230079	260.999994	702.909306	10973.0	-0.0
094148	38.844329	98.275441	261.000006	703.088298	10973.0	0.0
094208	38.838747	98.320064	260.999998	702.971223	10973.0	-0.0
094228	38.833234	98.362975	260.999987	702.794545	10973.0	-0.0
094248	38.827579	98.407024	261.000041	703.768191	10973.0	0.0
094308	38.821704	98.452933	260.999978	705.074537	10973.0	-0.0
094328	38.815776	98.498827	260.999821	705.112538	10973.0	-0.0
094348	38.810248	98.541946	261.00057	704.948579	10973.0	0.001
094408	38.804839	98.584256	260.999689	705.002071	10973.0	-0.001
094428	38.798985	98.629347	260.997513	704.981881	10973.001	-0.005
094448	38.793066	98.674614	261.007937	705.079922	10972.996	0.015
094508	38.787212	98.719283	260.995662	704.954451	10973.002	-0.008
094528	38.781321	98.764085	260.96536	704.633794	10973.017	-0.067
094548	38.775589	98.807562	261.112233	706.362138	10972.945	0.219
094608	38.769912	98.850587	260.970684	707.988924	10973.014	-0.057
094628	38.764012	98.895339	260.151665	706.007458	10973.264	-1.047
094648	38.757974	98.941157	260.279108	704.80714	10972.356	2.85
094708	38.752	98.9864	261.0	705.0	10973.0	8.0
094728	38.746248	99.029692	260.396517	703.419104	10978.599	4.091
094748	38.740525	99.07211	259.857413	703.498584	10978.612	-4.072
094808	38.7346	99.1157	260.0	705.0	10973.0	-8.0
094828	38.728402	99.161761	260.028758	703.916461	10972.287	-3.079
094848	38.722276	99.207317	259.989674	702.59873	10973.255	0.979
094908	38.716302	99.251543	259.998802	702.093199	10973.029	0.115
094928	38.710224	99.296582	260.002191	700.692443	10972.95	-0.222
094948	38.704235	99.340841	259.999312	699.903529	10973.008	0.095
095008	38.698469	99.383138	259.999913	700.038309	10972.996	0.028
095028	38.692755	99.424801	260.000172	698.958682	10973.061	-0.233
095048	38.686738	99.46848	259.999952	697.624946	10972.891	0.368
095108	38.680438	99.514066	259.999987	697.062827	10972.852	0.49
095128	38.674425	99.557441	260.000014	696.840625	10973.875	-3.993
095148	38.668665	99.599276	259.999997	697.155032	10971.908	-8.798
095208	38.66276	99.642354	259.999998	697.899739	10966.014	-8.731
095228	38.656298	99.688495	260.000003	697.960348	10964.412	-4.523
095248	38.649843	99.734478	259.999997	698.163238	10964.894	1.542
095308	38.643936	99.77737	259.999992	699.491594	10964.378	6.882
095328	38.638089	99.819714	260.000031	701.145764	10968.638	9.274
095348	38.631934	99.8637	259.999968	702.080449	10973.537	7.17
095408	38.625504	99.909122	259.999885	702.006688	10973.361	1.647
095428	38.619354	99.952208	260.000414	702.270042	10972.93	-1.502
095448	38.613273	99.994559	259.99979	703.087128	10972.934	0.426
095508	38.6068	100.039649	259.998343	704.219814	10972.339	6.035
095528	38.600387	100.084875	260.005278	706.573972	10975.641	9.494
095548	38.594183	100.12873	259.997115	707.961992	10980.275	7.544
095608	38.588003	100.171669	259.975129	705.935728	10980.51	1.757
095628	38.581742	100.214837	260.068406	704.630638	10979.66	-0.28
095648	38.57538	100.258818	259.980744	705.015332	10980.048	-0.099
095708	38.568944	100.303451	259.332678	704.996178	10980.745	-4.584
095728	38.56244	100.348053	258.800365	705.154964	10978.008	-8.324
095748	38.555943	100.39221	258.940823	705.093909	10973.302	-7.351
095808	38.549559	100.436024	259.727565	703.566551	10972.408	-2.646
095828	38.543131	100.480319	259.894595	703.24987	10973.165	0.595
095848	38.536535	100.525504	259.12225	704.82404	10973.046	0.166
095908	38.529833	100.571016	258.877689	704.818657	10972.953	-0.168
095928	38.523131	100.616251	259.024598	705.482333	10973.01	0.032
095948	38.516529	100.660731	259.010931	707.872096	10973.005	0.011
100008	38.510057	100.704303	258.9914	706.533489	10972.992	0.006
100028	38.50356	100.747864	259.001811	705.077892	10973.006	-0.02
100048	38.49691	100.792256	259.000964	707.368656	10973.015	-0.057
100108	38.490224	100.83708	258.999364	708.387664	10972.939	0.234
100128	38.483728	100.880584	259.000109	707.948877	10973.063	-0.243
100148	38.477381	100.922586	259.000069	708.014039	10973.203	-0.786
100208	38.470548	100.967382	258.999952	707.783873	10972.139	4.066
100228	38.463586	101.013361	259.000006	708.18267	10973.651	8.004
100248	38.457065	101.057107	259.000006	709.78164	10979.237	2.898
100308	38.450506	101.10043	258.999996	709.403318	10977.948	-5.099
100328	38.443713	101.144803	259.0	707.914325	10972.678	-7.808
100348	38.436866	101.189848	259.000001	707.908905	10972.505	-2.157
100408	38.430319	101.232448	259.0	707.910405	10973.258	1.045
100428	38.423759	101.274816	259.0	708.039182	10972.988	-0.049
100448	38.416717	101.320773	259.0	708.72306	10972.965	-0.144
100508	38.409967	101.364637	259.0	705.870276	10973.006	0.023
100528	38.403279	101.407555	259.000002	705.65006	10972.996	-0.017
100548	38.396444	101.451448	258.999997	708.319896	10973.001	0.003
100608	38.389675	101.495235	258.999992	708.193446	10973.0	0.002
100628	38.382633	101.540343	259.000034	707.914984	10973.0	-0.001
100648	38.37564	101.584871	258.999965	707.969946	10973.0	0.0
100708	38.369013	101.627242	258.999886	707.842462	10973.0	0.001
100728	38.362142	101.671048	259.000484	708.904075	10973.001	-0.004
100748	38.355036	101.716137	258.999638	710.080675	10972.999	0.003
100808	38.34798	101.760706	258.998267	709.992134	10972.997	0.013
100828	38.340865	101.805366	259.006255	710.402478	10973.013	-0.047
100848	38.333876	101.849391	258.995013	711.031368	10972.99	0.038
100908	38.327173	101.892026	258.975909	710.917284	10972.952	0.182
100928	38.320262	101.935278	259.087097	711.634212	10973.174	-0.658
100948	38.313131	101.979436	258.929565	713.252449	10972.861	0.532
101008	38.305998	102.023877	258.223442	714.669088	10972.264	6.047
101028	38.298668	102.069339	257.897137	715.159175	10975.732	9.338
101048	38.291145	102.115761	258.009607	714.979072	10980.238	7.641
101108	38.283722	102.161646	258.014663	714.920832	10980.212	2.492
101128	38.276872	102.203978	257.992763	715.196589	10980.399	-3.689
101148	38.270088	102.245654	258.000608	714.896708	10979.689	-8.319
101208	38.262615	102.291234	258.000404	713.397501	10974.648	-9.095
101228	38.255221	102.336298	258.001552	713.001067	10972.277	-4.921
101248	38.248208	102.37913	257.998912	712.901658	10973.048	0.368
101308	38.241217	102.421865	257.990989	711.301373	10972.916	1.104
101328	38.233729	102.467615	258.028963	711.522356	10973.562	-2.868
101348	38.226051	102.514095	257.984153	713.1031	10972.666	-8.504
101408	38.218867	102.557062	257.873439	713.199789	10967.16	-10.218
101428	38.211969	102.599151	258.403933	712.759914	10963.222	-1.049
101448	38.204615	102.643137	257.777754	713.09818	10965.582	8.241
101508	38.195976	102.689174	254.265299	714.523229	10972.265	3.04
101528	38.185858	102.732686	252.082103	715.340437	10970.071	-2.22
101548	38.1749	102.774208	252.011363	716.156454	10964.993	0.624
101608	38.163892	102.817511	252.008445	718.30971	10970.496	7.328
101628	38.152506	102.862207	252.025513	719.366201	10974.355	5.041
101648	38.141085	102.90631	251.981618	718.939882	10972.78	-0.005
101708	38.130265	102.948317	251.847308	718.706338	10971.936	5.495
101728	38.11953	102.990008	252.55242	719.958991	10976.437	9.306
101748	38.108275	103.033564	252.929872	721.260725	10980.733	6.563
101808	38.09662	103.078642	252.100202	721.076786	10980.072	0.937
101828	38.085409	103.122095	251.875591	720.726676	10980.53	-5.073
101848	38.074246	103.165258	252.034433	721.413604	10978.67	-8.965
101908	38.062736	103.209535	252.007148	722.85616	10973.528	-8.54
101928	38.051226	103.253706	251.990872	723.178028	10972.347	-3.224
101948	38.040032	103.296629	252.002814	722.950469	10973.181	0.712
102008	38.029064	103.338708	252.000877	722.989455	10973.037	0.147
102028	38.017806	103.38197	251.996619	723.015495	10972.953	-0.185
102048	38.006432	103.425381	252.004964	722.991703	10973.013	0.051
102108	37.995109	103.468226	252.005123	722.994205	10973.003	0.011
102128	37.983661	103.511699	251.961797	723.038905	10972.997	-0.013
102148	37.972416	103.55445	252.066679	722.933375	10973.001	0.004
102208	37.961311	103.596453	252.070849	722.929414	10973.0	0.001
102228	37.949602	103.640486	251.286573	723.71114	10973.0	-0.001
102248	37.93784	103.684868	251.154134	723.849954	10973.0	0.0
102308	37.926492	103.727903	251.959769	723.04459	10973.0	0.0
102328	37.915175	103.770493	251.536856	723.430421	10973.0	0.0
102348	37.90383	103.812948	250.874012	724.183168	10973.0	-0.0
102408	37.892356	103.85584	250.973921	724.086845	10973.0	-0.001
102428	37.880488	103.900155	251.032703	723.329494	10972.999	0.004
102448	37.868759	103.944045	250.990953	723.018356	10973.002	-0.007
102508	37.85741	103.986602	250.998126	723.092238	10973.002	-0.007
102528	37.845895	104.029585	251.002359	721.834234	10972.984	0.056
102548	37.834416	104.072348	250.999331	720.859304	10973.027	-0.099
102608	37.823089	104.114509	250.999815	721.025071	10973.037	-0.134
102628	37.811505	104.157377	251.000178	720.286926	10972.787	0.769
102648	37.799796	104.200675	250.999957	718.315874	10973.321	-1.221
102708	37.788141	104.243853	250.999987	716.243321	10973.504	-7.027
102728	37.776404	104.287078	251.000014	715.802515	10968.858	-9.712
102748	37.764853	104.329437	250.999997	715.986943	10964.396	-6.723
102808	37.75356	104.370825	250.999999	715.88085	10964.709	-0.896
102828	37.741939	104.41338	251.000001	717.042649	10965.346	0.313
102848	37.73018	104.456537	251.0	719.815225	10964.779	0.432
102908	37.718541	104.499383	251.0	722.682985	10964.58	5.796
102928	37.706649	104.543022	251.0	722.788796	10967.962	15.314
102948	37.69476	104.586232	251.0	723.6264	10974.994	16.679
103008	37.683064	104.62839	251.0	726.412557	10980.765	6.595
103028	37.671248	104.671182	251.0	726.181829	10980.338	0.663
103048	37.659494	104.713982	251.000002	725.864555	10979.742	-0.513
103108	37.647584	104.757203	250.999998	726.018831	10980.043	0.139
103128	37.635301	104.801431	250.999994	725.988762	10979.998	0.134
103148	37.622924	104.84609	251.000027	726.108112	10980.109	-0.469
103208	37.61099	104.889199	250.999966	725.841813	10979.841	0.561
103228	37.599526	104.93048	250.999923	724.50343	10979.634	1.249
103248	37.587517	104.973634	251.000372	722.274013	10981.78	-7.921
103308	37.575272	105.017546	250.999525	720.840625	10977.659	-15.593
103328	37.563421	105.05995	250.998931	720.985185	10966.204	-10.261
103348	37.55177	105.101654	251.005187	720.478071	10968.314	-1.93
103408	37.54005	105.143518	250.993385	718.288042	10972.844	-0.875
103428	37.528112	105.18599	250.985107	715.428053	10966.424	-7.221
103448	37.516018	105.228999	251.072242	714.918985	10964.121	-5.727
103508	37.503859	105.272189	250.904025	716.463278	10964.91	1.85
103528	37.491727	105.315148	250.312253	718.254496	10963.73	6.794
103548	37.479713	105.357576	249.932137	719.156443	10967.103	5.898
103608	37.467792	105.399663	249.985771	719.033332	10972.93	0.693
103628	37.455822	105.442072	250.019478	718.950142	10968.432	-1.825
103648	37.443973	105.484106	249.994744	719.019453	10965.493	1.814
103708	37.432135	105.525873	249.997391	719.017528	10971.937	7.725
103728	37.41973	105.56912	250.008511	718.912884	10973.935	4.646
103748	37.407738	105.610908	249.98884	719.127636	10972.879	-1.238
103808	37.396451	105.650612	249.982854	719.199815	10973.121	-0.855
103828	37.384141	105.69394	250.100069	717.374174	10971.92	4.916
103848	37.37165	105.737431	249.849021	715.751451	10974.78	8.048
103908	37.359739	105.778588	249.762561	715.937215	10980.291	2.172
103928	37.347391	105.822639	251.784178	716.001105	10973.722	-8.534
103948	37.336302	105.866316	253.023416	716.100651	10971.68	-4.904
104008	37.325683	105.9094	252.790239	715.74122	10973.416	1.352
104028	37.314687	105.952624	252.060639	715.026374	10973.054	0.167
104048	37.304066	105.994677	251.764551	715.151113	10972.881	-0.282
104108	37.293855	106.035037	252.275389	714.589623	10973.055	-0.001
104128	37.28352	106.075451	252.984868	713.113594	10973.034	-0.079
104148	37.27233	106.119493	252.505382	713.099753	10972.781	0.709
104208	37.260986	106.164195	251.882717	712.523778	10973.372	-1.375
104228	37.250111	106.206805	251.975723	711.018405	10973.393	-7.191
104248	37.239368	106.248748	252.030443	712.215849	10968.598	-10.37
104308	37.228441	106.291334	251.991579	712.772601	10963.85	-4.73
104328	37.217495	106.333913	251.998257	711.12008	10964.421	6.75
104348	37.207093	106.374205	252.002186	711.69909	10969.824	10.257
104408	37.196286	106.41609	251.999395	713.653672	10973.699	6.022
104428	37.184933	106.460246	251.999875	714.906717	10973.145	0.506
104448	37.174524	106.500729	252.000157	715.107928	10972.814	-0.609
104508	37.163749	106.542494	251.999957	714.981695	10973.059	0.14
104528	37.152013	106.587801	251.999991	715.007952	10973.019	0.0
104548	37.141112	106.62973	252.000011	714.898936	10972.919	0.223
104608	37.130561	106.670275	251.999997	715.201502	10973.122	-0.456
104628	37.119502	106.712771	251.999999	715.931605	10973.127	-0.495
104648	37.108071	106.756569	252.000001	716.048731	10972.056	5.188
104708	37.097037	106.798814	252.0	716.0497	10974.737	7.67
104728	37.086436	106.839436	252.0	716.07452	10979.855	1.281
104748	37.075125	106.882678	252.0	715.408184	10976.587	-6.402
104808	37.063407	106.927222	252.0	717.107189	10972.166	-6.912
104828	37.051897	106.970773	252.0	720.755678	10972.828	-0.695
104848	37.040695	107.013259	252.000003	720.1597	10973.213	0.88
104908	37.029407	107.055978	251.999995	718.95266	10972.947	-0.277
104928	37.017888	107.099371	251.999993	720.574741	10972.994	-0.112
104948	37.006594	107.142043	252.000039	722.378245	10972.95	0.318
105008	36.995649	107.183526	251.999942	723.067452	10973.096	-0.397
105028	36.984807	107.224507	251.999909	722.970497	10973.156	-0.604
105048	36.973578	107.26654	252.000551	723.483868	10972.052	4.722
105108	36.962153	107.309287	251.999333	724.082083	10974.18	7.871
105128	36.950885	107.351717	251.99851	724.038772	10979.615	2.109
105148	36.939765	107.393472	252.007216	723.957871	10977.204	-5.824
105208	36.928239	107.43656	251.9908	724.023642	10972.31	-7.332
105228	36.916112	107.481789	251.979287	724.042744	10972.685	-1.206
105248	36.904276	107.525783	252.100473	723.803139	10973.292	0.761
105308	36.892701	107.568778	251.867235	724.258161	10972.882	0.041
105328	36.881085	107.611922	251.1328	725.717057	10972.824	0.446
105348	36.869612	107.654256	250.899401	726.286076	10973.763	-3.515
105408	36.858096	107.696746	251.020865	725.849867	10972.008	-9.164
105428	36.846349	107.7403	251.009539	725.7368	10966.226	-9.477
105448	36.8346	107.783575	250.991142	727.576923	10963.395	0.022
105508	36.823204	107.825526	251.003584	729.149241	10966.226	9.445
105528	36.81218	107.866285	251.005382	728.922214	10972.007	9.099
105548	36.800869	107.907613	250.976001	730.152188	10973.771	3.842
105608	36.789124	107.950535	251.023075	732.40988	10972.891	-0.561
105628	36.777121	107.994573	251.073773	733.799658	10972.99	-0.686
105648	36.765113	108.037356	250.694859	734.126909	10972.75	2.494
105708	36.753859	108.080423	251.326466	733.97328	10973.318	6.843
105728	36.743998	108.125909	254.078402	733.947393	10976.208	9.548
105748	36.735243	108.171755	256.765332	733.995347	10979.591	7.05
105808	36.727143	108.215913	257.290389	733.999851	10981.15	-2.459
105828	36.719	108.259992	256.917581	734.010539	10978.458	-9.265
105848	36.710571	108.305102	256.977183	734.016388	10973.514	-8.371
105908	36.702349	108.349659	257.022	733.903089	10973.201	-7.518
105928	36.694272	108.393141	256.994568	734.154351	10971.857	-8.308
105948	36.686081	108.436438	256.9979	734.866526	10966.015	-8.455
110008	36.6777	108.481366	257.001642	735.126523	10964.472	-4.964
110028	36.669494	108.525539	256.999663	734.941499	10964.804	1.921
110048	36.661489	108.568151	256.999852	734.904131	10964.256	7.766
110108	36.652815	108.614658	257.000105	735.679207	10969.909	4.893
110128	36.644089	108.661489	256.999992	737.584892	10972.359	-1.127
110148	36.635955	108.704654	257.00003	739.73079	10965.906	-1.355
110208	36.627588	108.748707	256.999833	739.754349	10967.628	4.931
110228	36.618989	108.793894	257.000181	740.476162	10973.75	7.461
110248	36.610477	108.838708	257.000588	744.167774	10973.604	0.973
110308	36.601812	108.884453	256.997559	745.46136	10972.048	2.48
110328	36.593209	108.92979	257.002541	744.9869	10973.749	8.884
110348	36.58486	108.973477	257.009186	745.221869	10978.754	9.12
110408	36.57627	109.018183	256.967631	743.769567	10980.53	4.977
110428	36.567628	109.06326	257.025711	741.837504	10980.035	-0.916
110448	36.559316	109.106873	257.124131	741.850025	10980.528	-6.51
110508	36.550881	109.150713	256.469414	742.074847	10977.273	-9.61
110528	36.542233	109.195391	256.028513	742.000726	10972.717	-7.463
110548	36.533524	109.240644	256.846236	742.058758	10972.391	-1.007
110608	36.524664	109.286763	256.645429	741.778706	10973.89	-2.12
110628	36.515954	109.331737	256.00852	742.12469	10972.6	-8.447
110648	36.507628	109.374095	256.783404	744.175491	10966.792	-9.143
110708	36.498795	109.41904	256.786113	745.841357	10964.299	-5.407
110728	36.489543	109.466227	255.973697	747.082641	10964.993	0.307
110748	36.480659	109.511295	255.91433	749.141215	10964.3	6.095
110808	36.472152	109.554261	256.038089	750.744698	10967.703	9.25
110828	36.463445	109.598306	255.998111	752.091476	10973.159	7.8
110848	36.454063	109.646097	255.993846	754.600498	10973.477	2.246
110908	36.445058	109.69223	256.002743	757.741264	10972.912	-1.376
110928	36.436462	109.736009	255.999862	760.068312	10972.97	0.199
110948	36.427429	109.781217	255.999504	760.662042	10972.267	5.562
111008	36.418162	109.827501	256.000194	761.772831	10975.138	9.337
111028	36.4089	109.8739	256.0	764.0	10980.0	8.0
111048	36.39968	109.919977	255.999965	765.716706	10980.505	2.316
111108	36.390542	109.966088	256.000014	765.83484	10979.803	-0.808
111128	36.3814	110.0123	256.0	766.0	10980.0	-0.0
111148	36.372099	110.058376	255.999997	768.485477	10980.021	0.205
111208	36.362686	110.104757	256.000001	768.137156	10980.024	-0.209
111228	36.3533	110.1513	256.0	766.0	10980.0	0.0
111248	36.344072	110.197239	256.0	768.117013	10979.792	0.849
111308	36.334934	110.242387	256.0	768.532719	10980.538	-2.414
111328	36.325672	110.287786	256.0	766.079013	10980.15	-7.846
111348	36.316141	110.334586	256.000003	765.868608	10975.241	-8.015
111408	36.30695	110.379602	255.999994	765.655725	10972.638	-6.525
111428	36.298108	110.422695	255.999993	764.218313	10973.282	-6.785
111448	36.288825	110.467939	256.000042	763.737964	10969.469	-7.894
111508	36.279368	110.514041	255.999982	764.025277	10964.734	-6.654
111528	36.270149	110.558896	255.999863	764.068376	10964.606	-1.651
111548	36.260599	110.60522	256.000433	763.86688	10965.154	0.909
111608	36.250712	110.652955	255.999764	764.066149	10965.009	-0.164
111628	36.240984	110.699703	255.998114	765.302636	10965.198	-0.865
111648	36.231652	110.744658	256.006112	767.143963	10964.279	2.979
111708	36.222432	110.789267	255.998406	769.094025	10965.192	8.153
111728	36.21287	110.835498	255.972566	770.653357	10971.047	8.548
111748	36.20315	110.882055	256.077651	771.038729	10973.306	7.613
111808	36.193301	110.928983	255.978053	771.023331	10973.114	8.059
111828	36.183324	110.976737	255.275855	771.851352	10977.976	8.87
111848	36.173965	111.021345	254.873558	771.708788	10980.818	5.221
111908	36.164824	111.064654	255.010629	772.109862	10979.959	-0.155
111928	36.154903	111.111765	255.109406	775.363569	10979.854	-0.46
111948	36.145036	111.158747	254.73127	774.938229	10980.098	0.068
112008	36.135191	111.205175	255.074237	771.933775	10979.986	0.034
112028	36.1255	111.2535	258.0	772.0	10980.0	0.0
112048	36.119092	111.300808	262.32556	770.119514	10980.822	-5.195
112108	36.114475	111.348104	264.494956	768.682683	10977.986	-8.951
112128	36.110112	111.395384	264.03003	768.98937	10973.117	-8.084
112148	36.105965	111.44068	263.857903	768.874047	10973.256	-6.838
112208	36.101831	111.485319	264.097191	769.402482	10971.392	-7.64
112228	36.097554	111.531001	264.064504	770.834006	10965.596	-8.345
112248	36.093137	111.5784	263.38324	771.516031	10964.273	-3.531
112308	36.088601	111.626757	262.958283	772.516308	10965.182	0.909
112328	36.084077	111.675215	263.044864	775.229829	10965.019	0.37
112348	36.079672	111.723501	262.313653	779.517126	10965.168	-1.067
112408	36.074089	111.770853	260.219972	782.585528	10964.68	1.405
112428	36.065809	111.817012	256.48399	784.593778	10964.714	7.518
112448	36.054286	111.862851	251.275331	790.369411	10969.915	9.591
112508	36.040516	111.908568	248.426504	793.071081	10973.806	5.905
112528	36.025867	111.954067	248.927597	787.844694	10973.101	0.347
112548	36.011349	111.999281	249.138882	778.490346	10972.815	-0.63
112608	35.996913	112.044517	248.943518	772.474618	10973.058	0.197
112628	35.982521	112.089469	248.984799	771.973791	10973.007	0.025
112648	35.968483	112.133251	249.117017	771.911436	10972.987	-0.045
112708	35.954461	112.176997	248.763786	772.344241	10973.004	0.014
112728	35.940308	112.221121	248.046559	773.839048	10973.001	0.002
112748	35.926292	112.264595	247.915353	775.293757	10972.999	-0.003
112808	35.912033	112.308539	248.026523	776.397491	10973.0	0.001
112828	35.897453	112.353333	248.003322	776.984143	10973.0	0.0
112848	35.88308	112.397597	247.993923	776.913167	10973.0	-0.002
112908	35.868987	112.440937	248.001904	777.298556	10972.999	0.003
112928	35.854761	112.484605	248.000238	778.805031	10972.999	0.002
112948	35.839823	112.530636	247.999564	780.882583	10973.006	-0.02
113008	35.824897	112.576486	248.000137	782.570444	10972.989	0.039
113028	35.810277	112.621098	248.000017	783.844803	10972.993	0.025
113048	35.795353	112.666606	247.999969	785.746989	10973.078	-0.271
113108	35.780763	112.711085	248.00001	787.740107	10972.844	0.541
113128	35.76655	112.754383	248.000001	788.945769	10972.898	0.353
113148	35.751681	112.799694	247.999998	789.255257	10974.092	-5.509
113208	35.736601	112.845722	248.000001	791.101278	10970.674	-7.514
113228	35.721856	112.890597	248.0	794.688409	10965.075	-0.856
113248	35.707342	112.934246	248.0	796.970608	10969.259	6.663
113308	35.692466	112.979011	248.0	798.81231	10974.01	6.669
113328	35.677212	113.025223	248.0	800.842767	10973.125	0.447
113348	35.662257	113.070407	247.999999	802.053261	10972.783	-0.861
113408	35.647009	113.116344	248.000001	804.02069	10973.044	0.366
113428	35.631429	113.163209	248.000001	807.600697	10972.99	0.106
113448	35.616481	113.208027	247.99999	811.415043	10973.185	-0.856
113508	35.601576	113.252615	248.000019	813.531574	10972.603	1.761
113528	35.586162	113.298725	248.000013	813.950106	10972.738	7.546
113548	35.570458	113.345748	247.999865	814.965341	10977.321	9.543
113608	35.554708	113.39273	248.000269	816.792899	10980.701	5.913
113628	35.538978	113.439419	248.000176	818.814564	10980.089	0.343
113648	35.523144	113.486413	247.998118	820.387736	10979.825	-0.577
113708	35.507231	113.533536	248.003747	821.248424	10980.079	0.084
113728	35.491375	113.580432	248.002449	821.091717	10980.025	-0.05
113748	35.475751	113.626849	247.973793	819.734962	10979.787	0.753
113808	35.460373	113.672401	248.052195	818.751699	10980.406	-1.729
113828	35.444965	113.717788	248.034107	816.536147	10980.263	-7.542
113848	35.429184	113.764363	247.418984	808.061735	10975.676	-9.547
113908	35.413939	113.809165	246.827423	796.24188	10972.302	-5.919
113928	35.399372	113.851778	246.939933	787.437153	10972.913	-0.349
113948	35.384306	113.89618	247.74799	787.001329	10973.16	0.633
114008	35.368747	113.941932	247.859432	790.277877	10972.95	-0.198
114028	35.353305	113.987007	247.058581	792.788734	10972.994	-0.025
114048	35.338575	114.030044	246.892869	794.548867	10973.012	0.046
114108	35.32383	114.07314	247.034592	794.965362	10972.996	-0.015
114128	35.308382	114.118172	247.006592	794.870204	10972.999	-0.003
114148	35.292329	114.164774	246.991195	796.641925	10973.001	0.004
114208	35.276759	114.209831	247.002078	798.256701	10973.0	-0.001
114228	35.261993	114.252533	247.000641	798.081266	10973.0	-0.0
114248	35.246635	114.297071	246.999394	797.910384	10973.0	0.0
114308	35.230703	114.343318	247.000129	798.038932	10973.0	-0.0
114328	35.214892	114.389146	247.000014	798.038081	10973.0	-0.0
114348	35.19967	114.43318	247.000142	797.65275	10973.0	-0.0
114408	35.184306	114.477355	246.999729	796.600656	10973.0	0.0
114428	35.168365	114.522944	246.999474	795.227574	10973.0	0.0
114448	35.15273	114.567826	247.002517	794.799342	10973.0	-0.0
114508	35.137517	114.611563	246.996797	795.078669	10973.0	0.0
114528	35.122227	114.655422	246.992792	795.115359	10973.0	0.001
114548	35.106242	114.701406	247.03496	794.252157	10973.001	-0.004
114608	35.090461	114.746843	246.955415	792.497187	10972.999	0.005
114628	35.075487	114.789897	246.899616	790.438089	10972.997	0.011
114648	35.060045	114.834356	247.48693	789.105851	10973.015	-0.054
114708	35.044791	114.877559	246.358192	789.16447	10972.981	0.067
114728	35.0294	114.918	243.0	790.0	10973.0	-0.0
114748	35.010923	114.961341	241.943664	789.591025	10973.227	-3.156
114808	34.991693	115.005356	242.036818	788.390977	10972.123	-16.841
114828	34.9729	115.0489	242.0	789.0	10965.0	-61.0
114848	34.953748	115.093025	241.994112	793.351455	10940.058	-150.702
114908	34.935734	115.134508	242.00058	795.218715	10869.859	-237.032
114928	34.9185	115.1742	242.0	795.0	10767.0	-282.0
114948	34.89996	115.216629	242.010948	798.625643	10674.623	-284.744
115008	34.880871	115.260355	241.971303	799.819175	10583.088	-283.193
115028	34.862	115.3037	242.0	798.0	10485.0	-290.0
115048	34.84327	115.346565	242.159159	799.444589	10387.628	-289.753
115108	34.824203	115.389837	241.597666	802.471955	10292.968	-292.602
115128	34.8053	115.4331	242.0	803.0	10196.0	-295.0
115148	34.787958	115.475204	245.262027	799.777797	10094.342	-285.366
115208	34.772011	115.518368	246.128124	800.103676	10003.85	-287.233
115228	34.754876	115.565448	245.818976	802.404256	9907.356	-294.034
115248	34.7382	115.610447	246.074826	802.851306	9805.054	-303.21
115308	34.724273	115.648207	246.943593	797.279467	9706.103	-316.738
115328	34.707836	115.692974	246.551986	782.341485	9594.318	-323.063
115348	34.690892	115.738864	245.9276	767.371187	9487.299	-310.989
115408	34.675376	115.780536	246.033969	762.629708	9391.518	-289.665
115428	34.659182	115.824087	246.012003	764.207811	9290.205	-264.908
115448	34.643653	115.865873	245.989126	760.308911	9201.609	-197.865
115508	34.628334	115.907243	246.000925	755.936615	9149.048	-104.865
115528	34.612304	115.950793	246.001563	759.256273	9141.651	-28.638
115548	34.5965	115.993788	245.999368	761.553161	9145.048	2.596
115608	34.581354	116.034814	246.000015	759.898021	9143.968	-0.3
115628	34.566442	116.074946	245.999778	759.36571	9144.246	-2.187
115648	34.551009	116.116681	246.0009	765.575504	9142.864	4.533
115708	34.534995	116.160073	245.999734	783.211617	9144.34	-1.211
115728	34.518807	116.203548	245.995344	810.987416	9149.965	-51.998
115748	34.502168	116.248189	246.013227	830.824123	9122.563	-149.592
115808	34.484702	116.29511	245.996266	834.894945	9048.397	-247.644
115828	34.466685	116.343367	245.935035	829.375116	8946.19	-288.253
115848	34.450273	116.387179	246.172594	826.108585	8848.206	-297.937
115908	34.43433	116.429745	245.702294	827.360361	8752.542	-303.619
115928	34.416435	116.476874	244.171424	827.488918	8644.442	-306.662
115948	34.397934	116.522909	244.402333	824.325643	8543.907	-295.248
120008	34.380362	116.565398	244.976571	821.760139	8448.925	-307.843
120028	34.3633	116.6071	244.0	821.0	8344.0	-383.0
120048	34.344126	116.653522	243.082992	815.113187	8210.416	-501.924
120108	34.325092	116.699851	243.251524	807.006447	8017.934	-619.468
120128	34.3073	116.7439	244.0	801.0	7780.0	-686.0
120148	34.289753	116.787823	244.046502	798.452902	7547.094	-673.851
120208	34.272881	116.829863	244.059966	794.508766	7331.13	-639.564
120228	34.2561	116.8713	244.0	787.0	7125.0	-632.0
120248	34.238208	116.915494	243.493963	778.116323	6914.421	-651.206
120308	34.221101	116.958108	245.481889	770.262192	6693.095	-621.556
120328	34.206541	116.999836	249.17729	759.062205	6484.166	-553.61
120348	34.194524	117.043515	251.399807	739.693181	6308.604	-525.063
120408	34.18376	117.084928	252.137433	716.746484	6143.412	-558.057
120428	34.173255	117.123271	252.017229	696.572953	5957.213	-610.256
120448	34.162582	117.162266	251.968819	683.291905	5728.937	-584.976
120508	34.151664	117.202229	252.016436	662.785097	5523.936	-506.245
120528	34.140963	117.241107	252.016612	632.198776	5373.587	-444.297
120548	34.131429	117.275605	251.996062	608.686272	5236.491	-473.394
120608	34.122594	117.307669	252.019506	594.237873	5075.871	-580.333
120628	34.11294	117.342722	252.022563	577.571294	4873.845	-667.887
120648	34.10365	117.376115	251.867377	574.226721	4620.826	-756.738
120708	34.094919	117.409571	252.63338	579.166006	4347.241	-721.351
120728	34.086955	117.442796	254.139801	578.246695	4119.63	-590.144
120748	34.079516	117.473684	254.230872	566.308407	3970.796	-516.733
120808	34.070074	117.505806	249.597233	563.051831	3795.337	-517.57
120828	34.058735	117.538712	246.058443	565.757338	3607.241	-499.086
120848	34.0471	117.5706	247.0	560.0	3459.0	-434.0
120908	34.036055	117.60129	247.278419	545.804998	3328.374	-402.144
120928	34.026874	117.627259	246.663818	542.927556	3189.93	-379.454
120948	34.016766	117.65476	247.303737	531.240754	3073.008	-304.957
121008	34.006539	117.688277	254.198929	492.229163	3002.81	-229.044
121028	34.003885	117.715954	264.129772	472.645308	2915.943	-271.351
121048	34.001239	117.743407	263.711967	457.378558	2824.675	-285.055
121108	33.998573	117.769351	262.555916	449.10019	2730.644	-315.123
121128	33.995947	117.795873	263.047367	445.204227	2619.334	-358.33
121148	33.993104	117.82452	262.942008	441.505315	2485.664	-383.451
121208	33.990604	117.850258	263.52209	441.59646	2358.874	-400.386
121228	33.988184	117.875424	263.970107	444.654765	2227.659	-402.229
121248	33.985427	117.903652	263.212149	446.927855	2081.485	-381.064
121308	33.98276	117.930967	262.859413	445.752467	1964.723	-353.494
121328	33.980174	117.957331	263.029539	442.260856	1858.982	-308.165
121348	33.977546	117.983839	263.036078	435.332658	1746.311	-243.401
121408	33.975184	118.007898	262.9011	415.775405	1690.471	-214.779
121428	33.97294	118.03029	263.09677	391.738553	1637.656	-224.309
121448	33.970588	118.053092	263.812942	378.657357	1529.704	-236.993
121508	33.968363	118.076148	264.199546	382.022617	1457.273	-225.127
121528	33.966138	118.099206	263.879912	388.412217	1403.319	-248.621
121548	33.963727	118.122254	263.153106	385.670344	1303.902	-338.863
121608	33.961355	118.145417	262.905883	385.589234	1164.239	-363.842
121628	33.959187	118.167716	263.014	380.663304	1038.567	-327.413
121648	33.95715	118.188925	263.002536	362.38346	956.816	-304.941
121708	33.954861	118.211524	263.02592	348.386065	851.033	-316.378
121728	33.952573	118.233376	262.967451	343.499531	732.275	-321.084
121748	33.950598	118.252442	262.97703	336.804634	636.647	-292.117
121808	33.94862	118.272031	263.759113	310.984815	540.857	-278.193
121828	33.94685	118.289647	263.82809	279.626053	446.683	-227.739
121848	33.945282	118.305012	263.025503	261.328547	375.39	-172.927
121908	33.9436	118.3213	263.0	262.0	347.0	-192.0
121928	33.94208	118.336656	263.326863	260.208362	325.211	-84.114
121948	33.940642	118.351417	263.414443	256.226001	257.196	-27.02
