035253	33.9357	118.4189	262.0	330.0	145.0	0.0
035313	33.928875	118.438625	237.0	340.25	386.5	560.5
035333	33.91675	118.4538	224.5	372.0	522.0	364.5
035353	33.9017	118.47085	223.25	418.0	629.0	308.0
035413	33.885547	118.488953	223.0	471.789474	731.368	628.579
035433	33.86831	118.50836	223.0	480.0	1010.5	806.733
035453	33.849883	118.526856	215.222222	484.277778	1309.611	848.944
035513	33.8273	118.5371	189.5	497.5	1569.5	762.5
035533	33.802124	118.536152	174.428571	505.571429	1820.048	779.857
035553	33.7777	118.532433	173.0	509.0	2088.0	795.0
035613	33.7539	118.5289	173.0	513.0	2362.0	771.0
035633	33.726233	118.5244	170.5	529.666667	2597.0	741.833
035653	33.702724	118.512865	146.470588	533.0	2852.0	879.059
035713	33.687367	118.48594	110.966667	529.666667	3172.167	743.4
035733	33.6787	118.45674	110.3	543.0	3375.5	551.4
035753	33.669447	118.425853	110.0	567.7	3525.667	409.633
035813	33.659633	118.393286	109.904762	602.0	3632.095	313.0
035833	33.6483	118.355	108.0	642.0	3734.0	293.0
035853	33.644506	118.315511	90.944444	677.5	3836.611	471.889
035913	33.644561	118.274622	90.388889	692.5	4022.722	530.778
035933	33.645825	118.233375	86.5	706.25	4212.0	579.5
035953	33.651288	118.191818	73.058824	717.294118	4409.588	604.941
040013	33.671844	118.157556	49.444444	728.333333	4616.556	623.0
040033	33.700422	118.130978	43.222222	733.666667	4826.778	607.0
040053	33.729	118.1044	37.0	739.0	5037.0	591.0
040113	33.759533	118.076867	37.0	747.666667	5215.0	573.0
040133	33.7899	118.049533	37.0	754.0	5403.0	523.333
040153	33.8201	118.0224	37.0	758.0	5601.0	442.0
040213	33.850567	117.995067	37.0	776.0	5697.0	320.0
040233	33.881967	117.966833	37.0	794.333333	5783.333	282.0
040253	33.9143	117.9377	37.0	813.0	5860.0	328.0
040313	33.945633	117.909033	37.0	820.333333	6002.0	398.667
040333	33.9783	117.879167	37.0	827.333333	6146.667	419.0
040353	34.0123	117.8481	37.0	834.0	6294.0	389.0
040413	34.044967	117.8183	37.0	842.666667	6406.0	357.0
040433	34.077348	117.786257	41.285714	852.714286	6520.095	357.19
040453	34.107487	117.749242	47.125	861.925	6642.275	375.9
040513	34.135238	117.708893	49.625	868.425	6771.775	377.9
040533	34.16277	117.66858	51.0	875.0	6897.9	384.1
040553	34.190037	117.628313	51.0	881.666667	7019.9	395.433
040613	34.217937	117.586907	51.0	882.0	7160.9	391.567
040633	34.24605	117.54508	51.0	883.5	7291.5	365.9
040653	34.274383	117.502813	51.0	886.833333	7408.167	314.567
040713	34.303477	117.459533	51.0	892.7	7500.767	283.5
040733	34.33156	117.41767	51.0	899.0	7590.0	267.0
040753	34.35836	117.377603	51.0	905.666667	7676.667	267.0
040813	34.386807	117.335003	51.0	909.166667	7767.767	267.0
040833	34.41552	117.292	51.0	913.4	7857.0	271.5
040853	34.444453	117.248667	51.0	918.733333	7943.667	281.5
040913	34.473387	117.20508	51.0	920.266667	8044.267	306.067
040933	34.50205	117.1619	51.0	921.0	8150.4	324.5
040953	34.530383	117.119233	51.0	921.0	8262.4	334.5
041013	34.559857	117.07549	50.366667	918.466667	8373.767	306.5
041033	34.58984	117.03157	50.0	918.5	8471.6	285.2
041053	34.620373	116.987503	50.0	921.833333	8552.933	274.533
041113	34.648753	116.946287	50.0	922.0	8653.9	308.2
041133	34.67705	116.90507	50.0	921.1	8762.5	339.4
041153	34.705383	116.86367	50.0	919.1	8879.167	364.733
041213	34.734413	116.821067	50.633333	913.933333	9005.333	390.067
041233	34.76402	116.77759	50.7	908.0	9139.2	408.5
041253	34.794287	116.733123	50.033333	901.333333	9281.867	418.5
041313	34.82335	116.690493	50.633333	895.933333	9419.467	351.233
041333	34.85268	116.64862	50.1	892.7	9526.8	277.8
041353	34.882413	116.607553	48.1	892.033333	9597.467	201.8
041413	34.91126	116.568893	48.0	894.533333	9659.267	212.567
041433	34.94063	116.52961	48.0	896.0	9731.7	238.7
041453	34.970697	116.48941	48.0	896.0	9817.7	278.033
041513	35.000759	116.449162	48.0	893.625	9917.0	271.094
041533	35.0308	116.408837	48.0	892.0	10008.833	260.1
041553	35.0608	116.36837	48.0	892.0	10085.5	246.1
041613	35.091083	116.327563	48.0	892.0	10170.1	244.0
041633	35.1206	116.287817	48.0	892.0	10252.6	240.5
041653	35.1486	116.25015	48.0	892.0	10328.6	230.5
041713	35.178753	116.20948	48.0	889.166667	10405.167	246.0
041733	35.209287	116.168233	48.0	885.366667	10488.6	248.267
041753	35.23982	116.1269	48.0	880.7	10584.6	217.6
041813	35.269957	116.086077	48.0	881.133333	10638.1	131.4
041833	35.299557	116.04595	48.0	880.833333	10668.0	52.9
041853	35.32829	116.00695	48.0	877.5	10668.0	6.9
041913	35.35175	115.97515	48.0	875.5	10668.0	0.0
041933	35.376377	115.941748	48.0	873.806452	10668.0	0.0
041953	35.412894	115.892071	48.0	872.516129	10668.0	0.0
042013	35.44546	115.84768	48.0	872.0	10668.0	0.0
042033	35.475273	115.80696	48.0	872.133333	10668.0	-0.467
042053	35.504007	115.76756	48.0	873.466667	10668.0	-5.133
042113	35.532675	115.728325	48.0	874.0	10665.0	-4.375
042133	35.5613	115.6892	48.0	874.0	10660.0	0.0
042153	35.590633	115.648933	48.0	874.0	10665.333	5.333
042213	35.619429	115.609381	48.0	874.0	10668.0	5.419
042233	35.647687	115.570542	48.0	874.0	10668.0	0.258
042253	35.67665	115.530727	48.0	874.633333	10668.0	5.067
042313	35.70568	115.49071	48.0	875.0	10670.4	5.6
042333	35.734747	115.45051	48.0	875.0	10675.733	0.267
042353	35.763687	115.410563	48.633333	875.0	10670.933	0.0
042413	35.79271	115.37045	48.7	874.7	10670.4	0.0
042433	35.821843	115.330117	48.033333	874.033333	10675.733	0.0
042453	35.850913	115.289783	48.633333	874.633333	10670.933	-5.067
042513	35.8801	115.24933	49.0	875.0	10668.0	-5.6
042533	35.909433	115.20873	49.0	875.0	10668.0	-0.267
042553	35.938513	115.168193	49.0	874.366667	10668.0	0.0
042613	35.96758	115.12763	49.0	874.0	10668.0	0.0
042633	35.996647	115.08703	49.0	874.0	10668.0	0.0
042653	36.02527	115.047063	49.0	874.0	10668.0	0.0
042713	36.05396	115.00698	49.0	873.4	10668.0	0.0
042733	36.08276	114.966713	49.0	872.066667	10668.0	0.0
042753	36.112045	114.924407	50.310345	873.310345	10668.0	0.0
042813	36.139267	114.8813	53.0	876.0	10668.0	0.0
042833	36.1644	114.8375	57.0	880.0	10668.0	0.0
042853	36.186	114.790433	61.0	884.666667	10668.0	0.0
042913	36.205733	114.741967	64.666667	889.0	10668.0	0.0
042933	36.2236	114.6921	68.0	893.0	10668.0	0.0
042953	36.239219	114.640862	68.47619	893.952381	10668.0	0.0
043013	36.254838	114.589624	68.952381	894.904762	10668.0	0.0
043033	36.27032	114.53884	69.6	895.0	10668.0	0.0
043053	36.28584	114.487813	69.733333	895.0	10668.0	0.0
043113	36.30144	114.436347	69.066667	895.0	10668.0	0.0
043133	36.31722	114.38434	69.6	895.6	10668.0	0.0
043153	36.332945	114.332352	70.0	896.0	10668.0	0.0
043213	36.348558	114.280481	70.0	896.0	10668.0	0.0
043233	36.364103	114.22901	70.0	896.0	10668.0	0.0
043253	36.37966	114.1774	70.0	895.766667	10668.0	1.867
043313	36.39526	114.1254	70.0	895.1	10668.0	7.2
043333	36.410917	114.073003	70.0	893.866667	10672.533	8.0
043353	36.426513	114.02077	70.0	893.0	10676.0	4.267
043413	36.44198	113.96897	70.0	893.0	10676.0	-6.4
043433	36.457333	113.917227	70.0	893.0	10671.467	-8.0
043453	36.47269	113.86547	70.0	892.766667	10668.0	-4.267
043513	36.48809	113.81367	70.0	892.1	10668.0	6.4
043533	36.503377	113.761983	70.0	888.033333	10672.533	8.0
043553	36.518667	113.710153	70.0	884.3	10676.0	4.267
043613	36.534	113.65802	70.0	882.3	10676.0	-6.4
043633	36.548937	113.60736	70.0	880.866667	10671.467	-11.967
043653	36.563897	113.556563	70.0	879.3	10666.133	-15.0
043713	36.57903	113.50503	70.0	877.3	10660.8	-15.0
043733	36.593694	113.454965	70.0	877.0	10656.161	-11.161
043753	36.60844	113.40458	70.0	877.6	10653.0	-6.4
043813	36.623573	113.352847	70.0	879.6	10653.0	-1.067
043833	36.638387	113.301913	70.0	880.0	10653.0	4.267
043853	36.65328	113.25064	70.0	880.0	10654.4	9.4
043913	36.668547	113.198107	70.0	880.0	10659.067	14.067
043933	36.683626	113.146	70.0	880.0	10664.129	15.0
043953	36.6986	113.0941	70.0	879.5	10669.333	13.833
044013	36.7134	113.0425	70.0	877.5	10674.667	9.167
044033	36.72815	112.99115	70.0	877.0	10676.0	4.0
044053	36.742817	112.94	70.166667	876.5	10676.0	0.0
044113	36.757283	112.8892	70.833333	874.5	10676.0	0.0
044133	36.7715	112.8395	70.5	872.5	10676.0	-4.0
044153	36.7859	112.78915	70.166667	871.0	10674.667	-8.0
044213	36.8011	112.73575	70.833333	871.0	10669.333	-8.0
044233	36.8154	112.68525	71.0	870.0	10668.0	-8.0
044253	36.829583	112.635083	71.0	869.0	10666.667	-8.0
044313	36.844317	112.583017	71.0	869.0	10661.333	-8.0
044333	36.85825	112.5337	71.0	868.0	10660.0	-0.5
044353	36.872172	112.484384	71.0	867.0	10661.25	5.906
044413	36.886859	112.432322	71.0	867.0	10666.25	1.531
044433	36.901222	112.381031	71.0	867.8125	10664.75	-2.844
044453	36.91542	112.33015	71.0	869.0	10660.0	-6.5
044513	36.92982	112.27915	71.0	869.0	10660.0	3.5
044533	36.944183	112.227967	71.0	869.733333	10662.933	8.0
044553	36.958507	112.176657	71.0	871.0	10668.0	7.733
044613	36.97264	112.12579	71.0	871.0	10668.0	2.4
044633	36.986957	112.0743	71.0	871.366667	10668.0	0.0
044653	37.001407	112.02235	71.0	872.066667	10668.0	0.267
044713	37.01554	111.97135	71.0	873.4	10668.0	5.6
044733	37.029673	111.92013	71.0	874.0	10670.933	8.0
044753	37.043807	111.86873	71.0	874.0	10676.0	7.733
044813	37.05794	111.81733	71.0	874.0	10676.0	2.4
044833	37.072378	111.764809	71.0	873.3125	10676.0	0.0
044853	37.087066	111.711372	71.0	872.0625	10676.0	0.0
044913	37.100973	111.66063	71.0	871.366667	10676.0	0.0
044933	37.11493	111.60949	71.0	871.0	10676.0	0.0
044953	37.128997	111.55769	71.0	871.0	10676.0	0.0
045013	37.14319	111.505637	71.0	868.466667	10676.0	-5.067
045033	37.15721	111.45414	71.0	865.8	10673.6	-8.0
045053	37.17101	111.40334	71.0	863.133333	10668.267	-8.0
045113	37.18462	111.352857	71.0	863.0	10668.0	-7.367
045133	37.198455	111.301673	71.0	862.454545	10665.818	-7.0
045153	37.212576	111.249612	71.0	861.242424	10660.97	-7.0
045213	37.226032	111.199561	71.0	861.0	10660.0	-3.387
045233	37.2393	111.150117	71.166667	860.666667	10660.0	1.333
045253	37.2525	111.100983	71.833333	859.333333	10660.0	6.667
045313	37.26645	111.049	71.5	858.5	10664.0	8.0
045333	37.2805	110.996517	71.166667	858.166667	10668.0	6.667
045353	37.2941	110.945383	71.833333	858.833333	10668.0	1.333
045413	37.30765	110.8943	72.0	858.5	10668.0	0.0
045433	37.321117	110.843433	72.0	858.0	10668.0	-1.333
045453	37.334383	110.793167	72.0	858.0	10668.0	-6.667
045513	37.347765	110.742423	72.0	858.483871	10664.129	-4.129
045533	37.361193	110.691433	72.0	859.0	10661.067	1.067
045553	37.37466	110.6401	72.0	859.0	10666.4	6.4
045613	37.388173	110.588767	72.0	859.933333	10668.0	8.0
045633	37.401667	110.5375	72.0	860.733333	10669.067	8.0
045653	37.415	110.4865	72.0	859.4	10674.4	8.0
045713	37.428333	110.435453	72.0	859.0	10676.0	4.267
045733	37.441653	110.384387	72.0	858.866667	10676.0	0.0
045753	37.45492	110.33332	72.0	858.2	10676.0	0.0
045813	37.468233	110.281973	72.0	857.066667	10676.0	-3.733
045833	37.481353	110.231293	72.0	855.866667	10674.933	-8.0
045853	37.49362	110.18376	72.0	855.2	10669.6	-8.0
045913	37.507053	110.131747	72.0	855.0	10668.0	-1.0
045933	37.520733	110.078733	72.0	854.515152	10668.97	6.152
045953	37.5334	110.0294	72.0	852.090909	10673.818	1.909
050013	37.54636	109.978747	72.0	851.0	10673.067	-2.933
050033	37.559553	109.92704	72.0	851.0	10668.0	-7.733
050053	37.57262	109.87584	72.0	851.0	10668.0	-2.4
050113	37.585687	109.82453	72.0	851.0	10668.0	-2.933
050133	37.598732	109.773206	72.0	851.0	10667.742	-7.742
050153	37.611377	109.723335	72.0	851.0	10662.581	-2.581
050213	37.624435	109.671694	72.0	851.0	10662.353	2.059
050233	37.637906	109.618282	72.0	851.0	10667.059	6.176
050253	37.650573	109.56824	72.0	850.466667	10668.0	3.267
050313	37.66316	109.51834	72.2	850.0	10668.0	0.0
050333	37.676027	109.466807	72.866667	850.0	10668.0	0.0
050353	37.688947	109.41522	73.0	850.0	10668.0	-4.267
050413	37.70156	109.36484	73.0	850.0	10666.4	-6.4
050433	37.713427	109.317307	73.0	850.0	10661.067	-1.067
050453	37.72668	109.264067	73.0	850.533333	10664.267	4.267
050513	37.73986	109.21106	73.0	851.0	10668.0	6.4
050533	37.75206	109.161927	73.0	851.0	10668.0	1.067
050553	37.76474	109.110607	73.0	851.0	10668.0	0.0
050613	37.777455	109.059106	73.0	851.774194	10668.0	0.0
050633	37.789971	109.008461	73.0	854.354839	10668.0	0.0
050653	37.8038	108.95635	71.0	852.5	10668.0	3.5
050713	37.818643	108.904929	68.571429	849.714286	10669.143	7.0
050733	37.835214	108.857043	66.857143	848.571429	10673.714	7.0
050753	37.8521	108.808367	66.0	847.0	10676.0	4.667
050813	37.8693	108.7589	66.0	845.0	10676.0	0.0
050833	37.886367	108.709767	66.0	843.666667	10676.0	0.0
050853	37.903267	108.661233	66.0	843.0	10676.0	-2.667
050913	37.92	108.6133	66.0	843.0	10676.0	-8.0
050933	37.937333	108.563233	66.0	841.0	10670.667	-8.0
050953	37.954161	108.514587	66.322581	840.0	10668.0	-7.677
051013	37.970484	108.467361	66.967742	840.0	10668.0	-7.032
051033	37.987094	108.419341	66.40625	840.0	10663.25	-7.0
051053	38.003827	108.370927	66.233333	840.7	10660.0	-3.5
051113	38.02076	108.32186	66.9	842.7	10660.0	6.5
051133	38.037127	108.274153	67.0	844.133333	10664.533	8.0
051153	38.053603	108.226033	67.0	845.0	10668.0	6.133
051213	38.07047	108.1767	67.0	845.0	10668.0	0.8
051233	38.087733	108.126285	67.0	845.0	10668.0	0.0
051253	38.10492	108.07604	67.0	844.733333	10668.0	0.0
051313	38.12152	108.02724	67.0	843.4	10668.0	0.0
051333	38.13756	107.98012	67.0	843.933333	10668.0	0.0
051353	38.153747	107.932573	67.0	845.0	10668.0	0.0
051413	38.17148	107.88044	67.0	845.0	10668.0	0.0
051433	38.18842	107.8305	67.0	845.933333	10668.0	0.0
051453	38.2049	107.781807	67.0	847.0	10668.0	0.0
051513	38.2209	107.73434	67.0	847.0	10668.0	0.0
051533	38.23718	107.685987	67.0	847.0	10668.0	3.733
051553	38.253713	107.63684	67.0	847.0	10669.067	6.933
051613	38.27078	107.58604	67.0	847.0	10674.4	1.6
051633	38.28752	107.536033	67.0	847.0	10672.267	-3.733
051653	38.304173	107.48622	67.0	846.733333	10668.0	-6.933
051713	38.32104	107.43582	67.0	845.4	10668.0	-1.6
051733	38.337067	107.387707	67.0	845.933333	10668.0	0.0
051753	38.35288	107.34012	67.0	847.0	10668.0	0.0
051813	38.36928	107.29072	67.0	847.0	10668.0	0.0
051833	38.385773	107.24104	67.0	847.466667	10668.0	0.0
051853	38.402293	107.19128	67.0	848.266667	10668.0	0.0
051913	38.41876	107.14168	67.0	849.6	10668.0	0.0
051933	38.434853	107.091427	68.4	850.0	10668.0	0.0
051953	38.450164	107.040309	70.909091	850.909091	10668.0	1.273
052013	38.462752	106.986919	75.047619	855.047619	10668.381	6.952
052033	38.473276	106.93411	75.52381	855.52381	10672.19	6.476
052053	38.4838	106.8813	76.0	856.0	10676.0	6.0
052113	38.493933	106.830767	76.0	855.333333	10676.0	2.0
052133	38.504323	106.778661	76.0	855.0	10676.0	-2.581
052153	38.514968	106.724984	76.0	855.0	10676.0	-7.742
052213	38.525317	106.672203	76.0	852.466667	10670.933	-8.0
052233	38.5358	106.61881	76.0	851.0	10668.0	-5.6
052253	38.546467	106.56461	76.0	851.0	10668.0	-0.267
052313	38.556627	106.512373	76.0	849.1	10668.0	0.0
052333	38.56673	106.46045	76.0	847.7	10668.0	0.0
052353	38.576797	106.408783	76.0	847.033333	10668.0	0.0
052413	38.587053	106.356293	76.0	847.0	10668.0	0.0
052433	38.59726	106.30379	76.0	847.3	10668.0	0.0
052453	38.607393	106.251323	76.0	847.966667	10668.0	0.0
052513	38.617337	106.19968	76.0	848.0	10668.0	0.0
052533	38.627387	106.147203	76.0	848.0	10668.0	-2.323
052553	38.637581	106.093655	76.0	848.0	10668.0	-7.484
052613	38.6473	106.04288	76.0	849.2	10663.2	-3.2
052633	38.657153	105.991373	76.0	851.333333	10662.133	2.133
052653	38.667287	105.938307	76.0	854.666667	10667.467	7.467
052713	38.67742	105.8847	76.0	855.0	10668.0	3.2
052733	38.687553	105.830953	76.0	855.0	10668.0	0.0
052753	38.697687	105.777087	76.0	855.0	10668.0	0.0
052813	38.7074	105.72538	76.6	855.0	10668.0	4.8
052833	38.717227	105.673033	77.0	853.933333	10670.133	8.0
052853	38.727293	105.619367	77.0	851.266667	10675.467	8.0
052913	38.73718	105.56594	77.0	853.4	10676.0	-1.6
052933	38.746816	105.5139	77.0	855.0	10673.935	-8.0
052953	38.756106	105.4639	77.0	855.0	10668.774	-8.0
053013	38.76651	105.407893	77.0	855.0	10668.0	1.067
053033	38.776765	105.352555	77.0	855.0	10669.806	8.0
053053	38.786377	105.300426	77.0	855.0	10674.968	8.0
053113	38.796087	105.247547	77.0	855.0	10676.0	-0.533
053133	38.80578	105.19464	77.0	854.2	10674.4	-8.0
053153	38.81538	105.142107	77.0	851.533333	10669.067	-8.0
053213	38.824873	105.089787	77.0	851.0	10668.0	-8.0
053233	38.83444	105.03696	77.0	851.0	10666.4	-8.0
053253	38.84424	104.982827	77.0	851.0	10661.067	-8.0
053313	38.85372	104.930293	77.0	851.0	10660.0	0.533
053333	38.86316	104.87786	77.0	851.0	10661.6	8.0
053353	38.872693	104.824727	77.0	851.0	10666.933	8.0
053413	38.882173	104.77138	77.0	851.0	10668.0	3.733
053433	38.89168	104.71796	77.0	851.0	10668.0	0.0
053453	38.90128	104.664493	77.0	851.0	10668.0	0.0
053513	38.91072	104.61124	77.0	850.466667	10668.0	0.0
053533	38.9201	104.55812	77.0	850.2	10668.0	0.0
053553	38.929433	104.505187	77.0	850.866667	10668.0	0.0
053613	38.93882	104.45172	77.0	851.0	10668.0	0.0
053633	38.94808	104.39894	77.0	851.8	10668.0	0.0
053653	38.957013	104.348073	77.0	854.466667	10668.0	0.0
053713	38.96648	104.293687	77.0	856.6	10668.0	4.267
053733	38.97598	104.23898	77.2	858.0	10669.6	8.0
053753	38.985247	104.18558	77.866667	858.0	10674.933	8.0
053813	38.99462	104.13122	78.0	856.933333	10676.0	3.733
053833	39.00398	104.0769	78.0	855.8	10676.0	0.0
053853	39.013247	104.023233	78.0	855.133333	10676.0	0.0
053913	39.022193	103.9709	78.0	852.866667	10676.0	-4.267
053933	39.03108	103.91874	78.0	850.4	10674.4	-8.0
053953	39.040013	103.866207	78.0	848.4	10669.067	-8.0
054013	39.04916	103.81266	78.0	847.466667	10668.0	-8.0
054033	39.05832	103.75882	78.0	847.0	10666.4	-8.0
054053	39.067387	103.704887	78.0	847.0	10661.067	-8.0
054113	39.07592	103.654153	78.0	847.0	10660.0	-3.733
054133	39.08462	103.60234	78.0	847.2	10660.0	0.0
054153	39.09402	103.54614	78.0	847.866667	10660.0	0.0
054213	39.102993	103.492447	78.0	848.0	10660.0	4.267
054233	39.11172	103.4401	78.0	848.0	10661.6	8.0
054253	39.12012	103.389433	78.0	848.0	10666.933	8.0
054313	39.128787	103.337007	78.0	848.0	10668.0	8.0
054333	39.13756	103.2839	78.0	848.0	10669.6	6.4
054353	39.146427	103.230233	78.0	848.0	10674.933	1.067
054413	39.155133	103.177153	78.0	849.066667	10671.733	-3.733
054433	39.163787	103.124088	78.0	850.0	10668.0	-4.375
054453	39.172413	103.070712	78.0	850.0	10668.0	4.375
054513	39.181207	103.01662	78.0	849.066667	10671.733	3.733
054533	39.190033	102.96238	78.0	848.0	10674.933	-1.067
054553	39.1987	102.90878	78.0	848.0	10669.6	-6.4
054613	39.207261	102.855623	78.0	847.548387	10668.0	-4.387
054633	39.21576	102.80272	78.0	847.3	10668.0	-0.8
054653	39.22416	102.750187	78.0	849.3	10668.0	-6.133
054713	39.232719	102.6967	78.0	849.16129	10664.645	-4.645
054733	39.241387	102.642493	78.066667	848.133333	10660.533	0.533
054753	39.250253	102.586427	78.733333	849.466667	10665.867	5.867
054813	39.25856	102.53372	79.0	850.0	10668.0	8.0
054833	39.266587	102.482673	79.0	850.0	10668.533	7.467
054853	39.275453	102.426407	79.0	850.0	10673.867	2.133
054913	39.28392	102.37242	79.0	850.0	10672.8	-3.2
054933	39.292113	102.319913	79.0	850.0	10668.0	-7.467
054953	39.300247	102.267047	79.0	850.0	10668.0	-2.133
055013	39.30842	102.21446	79.0	850.0	10668.0	0.0
055033	39.316633	102.161873	79.0	850.0	10668.0	0.0
055053	39.324967	102.107607	79.0	850.0	10668.0	0.0
055113	39.33334	102.05298	79.0	849.2	10668.0	0.0
055133	39.341707	101.99832	79.0	848.133333	10668.0	0.0
055153	39.349773	101.94552	79.0	849.466667	10668.0	0.0
055213	39.358	101.8914	79.0	850.0	10668.0	0.0
055233	39.366313	101.8365	79.0	850.0	10668.0	0.0
055253	39.374447	101.7825	79.0	850.0	10668.0	0.0
055313	39.382539	101.728655	79.0	849.225806	10668.0	3.097
055333	39.390647	101.675013	78.933333	847.966667	10668.267	7.733
055353	39.39958	101.62328	77.6	847.3	10673.6	2.4
055413	39.408843	101.57019	77.366667	847.0	10673.067	-2.933
055433	39.418363	101.516013	78.0	846.933333	10668.0	-7.733
055453	39.42763	101.46228	78.0	845.6	10668.0	-2.4
055513	39.436567	101.41016	78.0	845.0	10668.0	0.0
055533	39.445261	101.359187	78.0	844.935484	10668.0	0.0
055553	39.454487	101.304929	78.0	843.645161	10668.0	0.0
055613	39.463533	101.251733	78.0	842.0	10668.0	0.0
055633	39.4724	101.1996	78.0	840.0	10668.0	0.0
055653	39.4814	101.1466	78.0	838.666667	10668.0	-5.333
055713	39.4902	101.0943	78.0	838.0	10665.333	-8.0
055733	39.4988	101.0427	78.0	838.0	10660.0	-8.0
055753	39.507832	100.988442	78.0	838.0	10660.0	-2.839
055813	39.51673	100.93505	78.0	838.0	10660.0	2.4
055833	39.525463	100.882717	78.0	838.0	10660.0	7.733
055853	39.534419	100.828432	78.0	839.225806	10664.903	8.0
055913	39.543187	100.77532	78.0	840.8	10668.0	5.867
055933	39.551653	100.72412	78.0	842.8	10668.0	0.533
055953	39.56024	100.67166	78.0	844.2	10668.0	0.0
060013	39.56892	100.61866	78.0	845.0	10668.0	0.0
060033	39.57772	100.56506	78.0	845.0	10668.0	0.0
060053	39.58646	100.51122	78.0	846.2	10668.0	0.0
060113	39.595167	100.457407	78.0	847.266667	10668.0	0.0
060133	39.603833	100.403673	78.0	847.933333	10668.0	0.0
060153	39.61256	100.34988	78.0	849.2	10668.0	0.0
060213	39.621133	100.296773	78.0	850.266667	10668.0	2.133
060233	39.629467	100.244707	78.0	850.933333	10668.0	7.467
060253	39.63822	100.19	78.0	851.0	10672.8	8.0
060313	39.64694	100.135187	78.0	850.733333	10676.0	5.867
060333	39.65554	100.080653	78.0	850.066667	10676.0	0.533
060353	39.66408	100.02702	78.0	850.0	10676.0	0.0
060413	39.672581	99.973326	78.0	849.483871	10676.0	-1.806
060433	39.681032	99.91939	78.0	848.193548	10676.0	-6.323
060453	39.689265	99.866935	78.548387	848.0	10671.613	-7.548
060513	39.69756	99.81392	79.0	848.0	10668.0	-6.4
060533	39.706093	99.758987	79.0	848.0	10668.0	-1.067
060553	39.71452	99.704427	79.0	848.0	10668.0	0.0
060613	39.7229	99.65012	79.0	847.8	10668.0	0.0
060633	39.731233	99.596187	79.0	847.133333	10668.0	0.0
060653	39.739567	99.542253	79.0	847.0	10668.0	-4.267
060713	39.74782	99.48876	79.0	847.2	10666.4	-7.8
060733	39.755887	99.436293	79.0	847.866667	10661.067	-7.133
060753	39.76415	99.38155	79.0	848.0	10660.0	-3.5
060813	39.77244	99.32646	79.0	848.0	10660.0	0.0
060833	39.78064	99.27226	79.0	848.0	10660.0	0.0
060853	39.788793	99.2182	79.0	848.0	10660.0	0.0
060913	39.796847	99.164653	79.0	848.0	10660.0	1.067
060933	39.80458	99.11292	79.0	848.0	10660.0	6.4
060953	39.812681	99.058742	79.0	849.354839	10663.613	7.548
061013	39.820881	99.003894	79.0	851.0	10668.0	7.097
061033	39.828752	98.951184	79.0	851.0	10668.0	7.742
061053	39.83662	98.89802	79.0	850.6	10671.2	8.0
061113	39.844507	98.844393	79.0	850.066667	10676.0	7.467
061133	39.852573	98.789327	79.0	850.733333	10676.0	2.133
061153	39.86056	98.73482	79.0	850.6	10676.0	-3.2
061213	39.868487	98.680668	79.0	850.0	10675.484	-7.935
061233	39.876358	98.626345	79.0	850.0	10670.323	-7.29
061253	39.884163	98.5722	79.34375	850.34375	10668.0	-7.0
061313	39.891912	98.5182	79.96875	850.96875	10668.0	-7.0
061333	39.900019	98.461528	79.40625	851.0	10663.25	-2.844
061353	39.90803	98.405677	79.233333	852.166667	10661.867	1.867
061413	39.91583	98.35161	79.9	855.5	10667.2	7.2
061433	39.92346	98.297317	80.0	857.133333	10668.0	3.467
061453	39.93113	98.242843	80.0	858.233333	10668.0	1.867
061513	39.93893	98.18811	80.0	858.9	10668.0	7.2
061533	39.94656	98.133887	80.0	859.0	10672.533	7.433
061553	39.954125	98.079997	80.0	859.0	10676.0	5.469
061613	39.961625	98.026559	80.0	859.0	10676.0	1.094
061633	39.9695	97.9702	80.0	857.5	10676.0	0.0
061653	39.97725	97.9144	80.0	856.0	10676.0	-1.333
061713	39.98425	97.8632	80.0	856.0	10676.0	-6.667
061733	39.991758	97.8084	80.0	855.516129	10672.129	-11.387
061753	39.999393	97.752773	80.0	855.0	10666.933	-14.067
061813	40.00686	97.69864	80.0	855.0	10661.6	-9.4
061833	40.01428	97.644273	80.0	855.466667	10660.0	-4.267
061853	40.021667	97.58974	80.0	856.0	10660.0	0.0
061913	40.029	97.53494	80.0	856.0	10660.0	0.0
061933	40.036427	97.479767	80.0	856.933333	10660.0	3.733
061953	40.043947	97.424033	80.0	858.133333	10661.067	8.0
062013	40.05168	97.3667	80.0	858.8	10666.4	8.0
062033	40.0589	97.312633	80.0	859.0	10668.0	4.267
062053	40.0659	97.2599	80.0	859.0	10668.0	0.0
062113	40.0729	97.2069	80.0	859.0	10668.0	0.0
062133	40.080227	97.151613	80.0	859.933333	10668.0	0.0
062153	40.087693	97.095133	80.0	861.266667	10668.0	0.0
062213	40.09516	97.0378	80.0	862.6	10668.0	0.0
062233	40.102487	96.98154	80.0	863.0	10668.0	0.0
062253	40.109687	96.926073	80.133333	863.0	10668.0	0.0
062313	40.11662	96.87194	80.8	863.0	10668.0	0.0
062333	40.123787	96.81608	81.0	863.0	10668.0	0.0
062353	40.130973	96.760053	81.0	863.0	10668.0	0.0
062413	40.13784	96.70632	81.0	863.0	10668.0	0.0
062433	40.144847	96.651373	81.0	863.466667	10668.0	0.0
062453	40.151953	96.59552	81.0	864.0	10668.0	0.0
062513	40.15922	96.53812	81.0	864.0	10668.0	0.0
062533	40.166067	96.483567	81.0	865.4	10668.0	0.0
062553	40.172787	96.42986	81.0	867.0	10668.0	1.067
062613	40.17972	96.37466	81.0	867.0	10668.0	6.4
062633	40.1867	96.31834	81.0	867.0	10671.733	4.267
062653	40.19385	96.261317	80.666667	866.5	10674.667	-1.333
062713	40.2016	96.2034	79.0	864.0	10668.0	-8.0
062733	40.2116	96.148775	77.125	862.125	10668.0	-3.0
062753	40.221497	96.095045	76.258065	861.516129	10668.0	2.065
062813	40.231239	96.042658	76.903226	862.806452	10668.0	7.226
062833	40.241597	95.986633	77.0	863.0	10672.533	3.467
062853	40.251783	95.931437	77.0	863.0	10674.133	-1.867
062913	40.26145	95.87897	77.0	863.0	10668.8	-7.2
062933	40.271287	95.825767	77.0	863.0	10668.0	-3.467
062953	40.28141	95.770917	77.0	863.0	10668.0	0.0
063013	40.29201	95.71325	77.0	863.0	10668.0	0.0
063033	40.301817	95.659437	77.0	861.866667	10668.0	0.0
063053	40.311577	95.605743	77.0	861.0	10668.0	-1.867
063113	40.32151	95.55101	77.0	861.0	10668.0	-7.2
063133	40.331387	95.49656	77.0	862.133333	10663.467	-8.0
063153	40.341277	95.441927	77.0	863.0	10660.0	-4.267
063213	40.35121	95.38686	77.0	863.0	10660.0	6.4
063233	40.361313	95.33083	77.0	863.566667	10664.533	8.0
063253	40.37126	95.275447	77.0	864.0	10668.0	8.0
063313	40.38086	95.22158	77.0	864.0	10668.0	8.0
063333	40.39063	95.166807	77.0	864.0	10672.533	8.0
063353	40.400407	95.11185	77.0	864.0	10676.0	6.133
063413	40.41014	95.05685	77.0	864.0	10676.0	0.8
063433	40.419873	95.00134	77.0	864.0	10676.0	0.0
063453	40.42956	94.946043	77.0	864.0	10676.0	-1.867
063513	40.43916	94.89131	77.0	864.0	10676.0	-7.2
063533	40.44876	94.836463	77.0	865.7	10671.467	-8.0
063553	40.458365	94.781606	77.0	867.0	10668.0	-6.194
063613	40.467977	94.726768	77.0	867.0	10668.0	-1.032
063633	40.477687	94.670573	77.0	868.066667	10668.0	0.0
063653	40.48736	94.61438	77.0	868.6	10668.0	0.0
063713	40.496893	94.55898	77.0	867.266667	10668.0	0.0
063733	40.506373	94.503633	77.0	865.4	10668.0	0.0
063753	40.5158	94.44848	77.2	864.6	10668.0	0.0
063813	40.525133	94.393747	77.866667	866.6	10668.0	0.0
063833	40.53468	94.337467	77.466667	867.0	10668.0	-4.267
063853	40.54424	94.28112	77.0	867.4	10666.4	-6.4
063913	40.553707	94.22552	77.0	868.733333	10661.067	-1.067
063933	40.5628	94.171467	77.533333	870.066667	10664.267	4.267
063953	40.572	94.11662	78.0	871.0	10668.0	6.4
064013	40.581667	94.05902	78.0	871.0	10668.0	1.067
064033	40.590723	94.004661	78.0	871.516129	10668.0	4.129
064053	40.599633	93.949783	78.166667	872.0	10669.333	8.0
064113	40.608567	93.890917	78.833333	872.0	10674.667	8.0
064133	40.61675	93.835	79.0	873.0	10676.0	4.0
064153	40.62475	93.77975	79.0	873.666667	10676.0	-1.333
064213	40.63295	93.72355	79.0	872.333333	10676.0	-6.667
064233	40.641339	93.665806	79.0	872.967742	10672.129	-8.0
064253	40.64974	93.60804	79.0	873.733333	10668.0	-6.933
064313	40.65794	93.55224	79.0	872.4	10668.0	-1.6
064333	40.665956	93.497044	79.0	872.0	10668.0	-3.062
064353	40.673927	93.441853	79.0	872.133333	10667.467	-7.067
064413	40.682193	93.384387	79.0	873.466667	10662.133	-7.733
064433	40.690223	93.328071	79.387097	874.0	10660.0	-1.806
064453	40.6981	93.27246	80.0	874.0	10660.267	8.0
064513	40.7061	93.21566	80.0	874.0	10665.6	8.0
064533	40.714029	93.159442	80.0	874.0	10668.0	5.161
064553	40.7219	93.1037	80.0	874.0	10668.0	0.0
064613	40.729967	93.046767	80.0	874.666667	10668.0	0.0
064633	40.737833	92.990767	80.0	875.666667	10668.0	0.0
064653	40.7455	92.9357	80.0	877.0	10668.0	0.0
064713	40.7535	92.8777	80.0	877.0	10668.0	0.0
064733	40.7613	92.8212	80.0	877.0	10668.0	0.0
064753	40.7689	92.7662	80.0	877.0	10668.0	0.0
064813	40.776767	92.709333	80.0	879.0	10668.0	5.333
064833	40.784533	92.6526	80.0	879.0	10670.667	10.333
064853	40.7922	92.596	80.0	877.0	10676.0	15.0
064913	40.800067	92.538067	80.0	879.0	10680.667	5.0
064933	40.8078	92.480967	80.0	878.333333	10680.667	-5.0
064953	40.8154	92.4247	80.0	875.0	10676.0	-15.0
065013	40.823067	92.3673	80.0	874.333333	10670.667	-10.333
065033	40.830667	92.3103	80.0	874.0	10668.0	-8.0
065053	40.8382	92.2537	80.0	874.0	10668.0	-8.0
065113	40.845733	92.196967	80.0	874.666667	10662.667	-2.667
065133	40.853233	92.140567	80.0	874.666667	10662.667	2.667
065153	40.8607	92.0845	80.0	874.0	10668.0	8.0
065213	40.868233	92.0271	80.0	874.0	10668.0	2.667
065233	40.875667	91.970233	80.0	874.0	10668.0	0.0
065253	40.883	91.9139	80.0	874.0	10668.0	0.0
065313	40.890267	91.856633	80.0	874.666667	10668.0	0.0
065333	40.897567	91.799833	80.0	875.0	10668.0	0.0
065353	40.9049	91.7435	80.0	875.0	10668.0	0.0
065413	40.912167	91.6867	80.666667	876.333333	10668.0	0.0
065433	40.9196	91.6286	80.666667	877.0	10668.0	0.0
065453	40.9272	91.5692	80.0	877.0	10668.0	0.0
065513	40.934267	91.512667	80.666667	875.666667	10668.0	-5.333
065533	40.941267	91.4562	81.0	875.666667	10665.333	-8.0
065553	40.9482	91.3998	81.0	877.0	10660.0	-8.0
065613	40.9554	91.342467	81.0	879.0	10660.0	2.667
065633	40.962567	91.2853	81.0	880.666667	10662.667	8.0
065653	40.9697	91.2283	81.0	882.0	10668.0	8.0
065713	40.976633	91.171633	81.0	882.0	10668.0	8.0
065733	40.9837	91.114	81.0	881.333333	10670.667	8.0
065753	40.9909	91.0554	81.0	880.0	10676.0	8.0
065813	40.997833	90.9986	81.0	880.0	10676.0	-2.667
065833	41.0046	90.942567	81.0	880.666667	10673.333	-8.0
065853	41.0112	90.8873	81.0	882.0	10668.0	-8.0
065913	41.017933	90.830767	81.0	882.0	10668.0	-2.667
065933	41.024967	90.7718	81.0	882.666667	10668.0	0.0
065953	41.0323	90.7104	81.0	884.0	10668.0	0.0
070013	41.038833	90.655333	81.0	884.666667	10668.0	0.0
070033	41.0454	90.5998	81.0	885.666667	10668.0	2.667
070053	41.052	90.5438	81.0	887.0	10668.0	8.0
070113	41.058968	90.483542	81.0	887.0	10673.161	8.0
070133	41.06583	90.42439	81.0	886.4	10676.0	3.2
070153	41.072563	90.36659	81.0	885.066667	10676.0	-7.467
070213	41.079107	90.310183	81.0	885.0	10670.933	-8.0
070233	41.0857	90.25307	81.0	884.7	10668.0	-5.6
070253	41.092367	90.195003	81.0	884.033333	10668.0	-0.267
070313	41.098717	90.138773	81.633333	884.633333	10668.0	0.0
070333	41.10523	90.08153	82.0	885.0	10668.0	0.0
070353	41.111963	90.02293	82.0	885.0	10668.0	0.0
070413	41.118507	89.964013	82.0	886.266667	10668.0	0.0
070433	41.12498	89.90541	82.0	887.0	10668.0	0.0
070453	41.13138	89.84721	82.0	887.0	10668.0	0.0
070513	41.13778	89.789453	82.0	887.633333	10668.0	0.0
070533	41.14433	89.73118	81.4	888.0	10668.0	-2.4
070553	41.151063	89.672247	80.066667	888.0	10668.0	-7.733
070613	41.160769	89.614921	76.724138	886.034483	10662.759	-2.759
070633	41.1726	89.559033	73.0	884.0	10662.667	2.667
070653	41.1864	89.5045	69.0	882.0	10668.0	8.0
070713	41.203	89.450833	68.333333	880.666667	10668.0	8.0
070733	41.219767	89.396433	68.0	880.0	10670.667	8.0
070753	41.2367	89.3413	68.0	880.0	10676.0	8.0
070813	41.252433	89.290033	68.0	880.0	10676.0	2.667
070833	41.269067	89.2359	68.0	880.0	10676.0	-2.667
070853	41.2866	89.1789	68.0	880.0	10676.0	-8.0
070913	41.3032	89.124767	68.0	881.333333	10670.667	-8.667
070933	41.318955	89.073109	68.909091	882.909091	10668.0	-4.909
070953	41.332365	89.020028	72.232558	885.674419	10668.0	-1.116
071013	41.343528	88.961098	77.813953	889.860465	10668.0	-3.907
071033	41.353268	88.902297	82.147059	893.294118	10666.824	-5.118
071053	41.358738	88.843885	82.735294	894.470588	10662.118	-1.588
071113	41.364243	88.7857	83.0	895.366667	10662.933	2.933
071133	41.369773	88.72767	83.0	896.0	10668.0	7.733
071153	41.37524	88.66907	83.0	896.0	10668.0	2.4
071213	41.380707	88.609993	83.0	896.0	10668.0	0.0
071233	41.386173	88.550533	83.0	896.133333	10668.0	0.0
071253	41.39164	88.4912	83.0	898.8	10668.0	0.0
071313	41.396997	88.432343	83.0	900.366667	10668.0	0.0
071333	41.40228	88.373727	83.0	901.0	10668.0	0.0
071353	41.40788	88.31226	83.0	901.0	10668.0	0.0
071413	41.413223	88.25314	83.0	900.633333	10668.0	0.0
071433	41.41837	88.195723	83.0	900.033333	10668.0	0.0
071453	41.42377	88.13419	83.0	900.7	10668.0	0.0
071513	41.428987	88.07515	83.0	902.1	10668.0	0.0
071533	41.43405	88.018053	83.033333	904.0	10668.0	0.267
071553	41.43905	87.95912	83.7	904.0	10668.0	5.6
071613	41.44416	87.899233	83.633333	904.0	10670.933	5.067
071633	41.449357	87.838613	83.033333	904.0	10675.733	-0.5
071653	41.45449	87.77888	83.7	904.0	10670.4	-10.5
071713	41.459587	87.71889	84.0	904.733333	10665.067	-12.433
071733	41.464653	87.658677	84.0	906.066667	10660.0	-7.733
071753	41.46972	87.59821	84.0	907.4	10660.0	-2.4
071813	41.474677	87.538733	84.0	908.366667	10660.0	2.933
071833	41.47955	87.479987	84.0	909.066667	10660.267	8.0
071853	41.48455	87.41972	84.0	910.4	10665.6	8.0
071913	41.489513	87.35894	84.0	911.366667	10668.0	5.067
071933	41.494437	87.29785	84.0	912.166667	10668.0	0.0
071953	41.49917	87.23885	84.0	915.5	10668.0	0.0
072013	41.503977	87.178493	84.0	917.733333	10668.0	2.933
072033	41.508833	87.11719	84.0	919.066667	10668.267	8.233
072053	41.5135	87.05899	84.0	920.4	10673.6	12.9
072113	41.518277	86.998223	84.0	920.266667	10678.567	12.433
072133	41.52313	86.93551	84.0	918.833333	10683.0	7.733
072153	41.52773	86.87571	84.0	915.5	10683.0	2.4
072213	41.53233	86.81525	84.0	912.9	10683.0	-5.5
072233	41.536927	86.754313	84.0	910.933333	10682.5	-15.267
072253	41.54146	86.69458	84.0	909.6	10672.5	-20.6
072313	41.545993	86.634297	84.0	909.0	10665.067	-17.5
072333	41.550523	86.5736	84.0	908.966667	10660.0	-7.733
072353	41.55499	86.5136	84.0	908.3	10660.0	-2.4
072413	41.55942	86.453563	84.366667	908.366667	10660.0	0.0
072433	41.56382	86.39343	85.0	908.966667	10660.0	0.0
072453	41.56822	86.33203	85.0	908.3	10660.0	0.0
072513	41.57251	86.271877	85.0	908.366667	10660.0	2.933
072533	41.576717	86.212663	85.0	909.0	10660.267	8.0
072553	41.58105	86.15193	85.0	909.0	10665.6	8.0
072613	41.58531	86.091307	85.0	909.0	10668.0	2.133
072633	41.589507	86.030803	85.0	909.066667	10667.733	-7.733
072653	41.59364	85.97087	85.0	910.4	10662.4	-2.4
072713	41.597737	85.911047	85.0	911.366667	10662.933	2.933
072733	41.601803	85.851307	85.0	912.066667	10668.0	7.733
072753	41.60587	85.79144	85.0	913.4	10668.0	2.4
072813	41.609973	85.730437	85.0	914.0	10668.0	2.933
072833	41.614097	85.66865	85.0	914.1	10668.267	8.0
072853	41.61803	85.60965	85.0	916.1	10673.6	8.0
072913	41.621963	85.54933	85.0	915.9	10676.0	5.067
072933	41.6259	85.48791	85.0	914.0	10676.0	-0.267
072953	41.6299	85.42611	85.0	914.0	10676.0	-5.6
073013	41.633717	85.36585	85.0	913.266667	10673.067	-8.0
073033	41.637397	85.306693	85.0	912.0	10668.0	-7.733
073053	41.64133	85.24456	85.0	912.0	10668.0	-2.4
073113	41.645153	85.183417	85.0	911.633333	10668.0	0.0
073133	41.648883	85.123117	85.0	911.0	10668.0	0.0
073153	41.65255	85.06345	85.0	911.0	10668.0	0.0
073213	41.65618	85.003087	85.0	911.0	10668.0	0.0
073233	41.659797	84.94205	85.0	911.0	10668.0	0.0
073253	41.66373	84.87905	85.0	911.0	10668.0	0.0
073313	41.667333	84.819313	85.366667	911.0	10668.0	-2.933
073333	41.670677	84.762053	86.0	910.933333	10667.733	-8.0
073353	41.67421	84.70112	86.0	909.6	10662.4	-8.0
073413	41.677597	84.6407	86.0	909.0	10660.0	-5.067
073433	41.680877	84.580677	86.0	909.1	10660.0	0.0
073453	41.68441	84.52021	86.0	911.1	10660.0	0.0
073513	41.687833	84.459083	86.0	912.733333	10660.0	5.5
073533	41.691167	84.39752	86.0	914.1	10660.533	15.0
073553	41.6945	84.33792	86.0	916.1	10671.2	15.0
073613	41.697907	84.275827	86.0	917.733333	10676.0	9.5
073633	41.701357	84.211937	86.0	919.066667	10676.0	0.0
073653	41.70449	84.15267	86.0	920.4	10676.0	0.0
073713	41.70766	84.092963	86.0	921.366667	10676.0	0.0
073733	41.710853	84.03282	86.0	922.0	10676.0	-0.267
073753	41.71392	83.97122	86.0	922.0	10676.0	-5.6
073813	41.71706	83.90951	86.0	922.733333	10673.067	-8.0
073833	41.720253	83.847713	86.0	924.033333	10668.0	-7.733
073853	41.72332	83.78598	86.0	924.7	10668.0	-2.4
073913	41.72635	83.724173	86.0	925.0	10668.0	2.933
073933	41.72935	83.662277	86.0	925.0	10668.267	7.733
073953	41.73235	83.59981	86.0	925.0	10673.6	2.4
074013	41.735313	83.537527	86.366667	926.466667	10673.067	-2.933
074033	41.738243	83.475507	87.0	929.033333	10668.0	-7.733
074053	41.74111	83.41564	87.0	929.7	10668.0	-2.4
074113	41.743023	83.355003	87.733333	930.733333	10668.0	2.933
074133	41.744157	83.293603	89.0	932.0	10668.267	8.0
074153	41.74529	83.22967	89.0	932.0	10673.6	8.0
074213	41.746313	83.167313	89.0	932.0	10676.0	5.067
074233	41.747247	83.106153	89.0	932.0	10676.0	-0.267
074253	41.74818	83.04322	89.0	932.0	10676.0	-5.6
074313	41.74904	82.979627	89.0	932.0	10673.067	-10.567
074333	41.749837	82.915667	89.0	932.0	10667.733	-14.767
074353	41.75057	82.855	89.0	932.0	10662.4	-10.1
074413	41.751267	82.79437	89.0	932.0	10660.0	-2.133
074433	41.751937	82.73363	89.0	932.0	10660.267	8.0
074453	41.75267	82.67023	89.0	932.0	10665.6	8.0
074513	41.75333	82.60738	89.0	932.366667	10668.0	5.067
074533	41.753927	82.545053	89.0	933.066667	10668.0	0.0
074553	41.75446	82.48412	89.0	934.4	10668.0	0.0
074613	41.754993	82.422453	89.0	934.266667	10668.0	0.0
074633	41.755523	82.360237	89.0	933.066667	10668.0	0.0
074653	41.75599	82.29897	89.0	934.4	10668.0	0.0
074713	41.756457	82.237373	89.366667	935.0	10668.0	0.0
074733	41.756917	82.175407	90.0	935.0	10668.0	0.0
074753	41.75725	82.11154	90.0	935.0	10668.0	0.0
074813	41.757583	82.04771	90.0	935.0	10668.0	-2.933
074833	41.757913	81.98396	90.0	935.066667	10667.733	-7.733
074853	41.75818	81.92116	90.0	936.4	10662.4	-2.4
074913	41.75841	81.86034	90.0	937.0	10662.933	2.933
074933	41.758607	81.800853	90.0	937.0	10668.0	8.0
074953	41.75874	81.73592	90.0	937.0	10668.0	8.0
075013	41.758873	81.672527	90.0	936.266667	10670.933	8.0
075033	41.759003	81.6103	90.0	935.0	10676.0	7.467
075053	41.75907	81.5463	90.0	935.0	10676.0	-3.2
075113	41.7591	81.484207	90.0	935.0	10673.067	-8.0
075133	41.759097	81.42352	90.0	935.066667	10668.0	-8.0
075153	41.75903	81.35992	90.0	936.4	10668.0	-8.0
075213	41.758963	81.297383	90.0	937.0	10665.067	-5.067
075233	41.758897	81.235677	90.0	937.0	10660.267	0.267
075253	41.75883	81.17321	90.0	937.0	10665.6	5.6
075313	41.75869	81.111	90.0	937.366667	10668.0	5.067
075333	41.758487	81.04896	90.0	937.966667	10668.0	0.0
075353	41.75822	80.98616	90.0	937.3	10668.0	0.0
075413	41.757917	80.923287	90.366667	937.366667	10668.0	0.0
075433	41.757587	80.86043	91.0	938.0	10668.0	0.0
075453	41.75732	80.79903	91.0	938.0	10668.0	0.0
075513	41.75698	80.735797	91.0	938.0	10668.0	0.0
075533	41.756577	80.67119	91.0	938.0	10668.0	0.0
075553	41.75611	80.60899	91.0	938.0	10668.0	0.0
075613	41.755643	80.546167	91.0	938.0	10668.0	2.933
075633	41.75517	80.482973	91.0	938.0	10668.267	7.733
075653	41.75457	80.42244	91.0	938.0	10673.6	2.4
075713	41.75397	80.360733	91.0	938.0	10673.067	-2.933
075733	41.75337	80.29802	91.0	938.0	10668.0	-7.733
075753	41.75277	80.23442	91.0	938.0	10668.0	-2.4
075813	41.752097	80.17159	91.0	938.0	10668.0	0.0
075833	41.751363	80.109383	91.0	938.0	10668.0	0.0
075853	41.75063	80.04705	91.0	938.0	10668.0	0.0
075913	41.749823	79.983543	91.0	938.0	10668.0	0.0
075933	41.74896	79.919267	91.0	938.0	10668.0	0.0
075953	41.74816	79.8586	91.0	938.0	10668.0	0.0
080013	41.747323	79.796723	91.0	938.0	10668.0	0.0
080033	41.74645	79.733833	91.0	938.0	10668.0	0.0
080053	41.74545	79.6705	91.0	938.0	10668.0	0.0
080113	41.744487	79.608303	91.0	938.0	10668.0	0.0
080133	41.743543	79.546803	91.0	938.0	10668.0	0.0
080153	41.74241	79.48087	91.0	938.0	10668.0	0.0
080213	41.741313	79.417833	91.0	938.0	10668.0	-2.933
080233	41.74024	79.357073	91.033333	938.1	10667.733	-8.0
080253	41.73904	79.29454	91.7	940.1	10662.4	-8.0
080313	41.73784	79.23241	92.0	941.0	10660.0	-5.067
080333	41.73664	79.170547	92.0	941.133333	10660.0	0.267
080353	41.73544	79.10748	92.0	943.8	10660.0	5.6
080413	41.73413	79.04478	92.0	945.366667	10662.933	8.0
080433	41.732733	78.98234	92.0	946.0	10668.0	7.733
080453	41.7314	78.91914	92.0	946.0	10668.0	2.4
080513	41.730067	78.85561	92.0	946.733333	10668.0	2.933
080533	41.728723	78.791863	92.0	948.066667	10668.267	8.0
080553	41.72719	78.72913	92.0	949.4	10673.6	8.0
080613	41.725657	78.66592	92.0	951.1	10676.0	5.067
080633	41.72412	78.602307	92.0	953.0	10676.0	0.0
080653	41.72252	78.53844	92.0	953.0	10676.0	0.0
080713	41.720883	78.47527	92.0	954.1	10676.0	-2.933
080733	41.719217	78.41263	92.0	956.0	10675.733	-8.0
080753	41.71755	78.34923	92.0	956.0	10670.4	-8.0
080813	41.71581	78.284327	92.0	956.733333	10668.0	-5.067
080833	41.71401	78.218443	92.0	958.0	10668.0	0.267
080853	41.71221	78.15731	92.0	958.0	10668.0	5.6
080913	41.710406	78.094316	92.0	958.354839	10670.839	5.161
080933	41.7086	78.0298	92.0	959.0	10676.0	0.0
080953	41.706733	77.966	92.0	959.0	10670.667	0.0
081013	41.7048	77.902567	92.0	959.666667	10670.667	2.667
081033	41.7028	77.8395	92.0	961.0	10676.0	8.0
081053	41.700733	77.7731	92.0	959.666667	10676.0	-7.333
081113	41.698633	77.708233	92.333333	959.666667	10670.667	-15.0
081133	41.6965	77.6449	93.0	961.0	10660.0	-15.0
081153	41.694433	77.582433	93.0	961.0	10660.0	-5.0
081213	41.692333	77.5194	93.0	961.333333	10660.0	0.0
081233	41.6902	77.4558	93.0	962.0	10660.0	0.0
081253	41.687867	77.3904	93.0	962.0	10660.0	0.0
081313	41.6855	77.32534	93.4	964.0	10660.0	4.0
081333	41.6824	77.260975	95.0	967.0	10662.0	10.75
081353	41.676656	77.198531	98.9375	967.625	10668.0	8.938
081413	41.667474	77.136057	102.565217	968.217391	10668.0	3.522
081433	41.6551	77.07202	106.0	966.0	10669.6	8.8
081453	41.640433	77.011753	109.333333	962.666667	10674.933	8.133
081513	41.624327	76.951273	110.0	962.0	10676.0	-0.533
081533	41.60786	76.89054	110.0	962.8	10674.4	-8.0
081553	41.591393	76.82934	110.0	965.466667	10669.067	-8.0
081613	41.574927	76.769047	110.0	966.533333	10668.0	0.533
081633	41.55832	76.70858	110.0	966.8	10669.6	8.0
081653	41.541387	76.64718	110.0	966.133333	10674.933	8.0
081713	41.524827	76.587113	110.0	966.533333	10676.0	3.733
081733	41.50818	76.52682	110.0	966.8	10676.0	-3.0
081753	41.491113	76.46522	110.0	966.133333	10676.0	-13.0
081813	41.475167	76.407407	110.0	966.0	10667.467	-88.067
081833	41.45916	76.34944	110.0	965.0	10632.6	-176.4
081853	41.44236	76.288907	110.0	961.666667	10541.267	-257.733
081913	41.42556	76.228747	110.533333	957.266667	10449.933	-274.0
081933	41.40898	76.16962	111.0	952.2	10358.6	-300.0
081953	41.392913	76.112687	111.0	946.2	10267.267	-386.667
082013	41.3761	76.05298	111.0	949.266667	10106.6	-582.667
082033	41.35938	75.99362	111.0	953.6	9887.6	-591.4
082053	41.343313	75.936687	111.0	955.6	9572.933	-99.4
082113	41.326127	75.876127	111.0	957.6	9221.467	-459.667
082133	41.3089	75.81542	111.0	954.6	8905.0	-816.8
082153	41.292233	75.756487	111.0	939.933333	8691.667	-669.467
082213	41.27514	75.699367	112.6	924.733333	8478.333	-640.0
082233	41.25776	75.64364	114.0	910.8	8265.0	-641.6
082253	41.23996	75.590107	114.0	900.133333	8051.667	-646.933
082313	41.221893	75.53604	114.0	889.466667	7834.067	-651.733
082333	41.20388	75.48222	114.0	878.4	7615.4	-647.4
082353	41.186147	75.429287	114.0	866.4	7396.733	-622.067
082413	41.1682	75.375873	114.0	857.066667	7198.867	-470.867
082433	41.15048	75.3233	114.0	855.2	7053.2	-285.0
082453	41.133413	75.272967	114.0	869.2	7017.2	-91.667
082513	41.115653	75.2205	114.0	873.066667	7010.0	-24.733
082533	41.09746	75.1667	114.0	873.6	7010.0	0.0
082553	41.07866	75.111033	114.0	872.266667	7010.0	0.0
082613	41.061567	75.0607	114.0	871.466667	7010.0	0.0
082633	41.04438	75.01022	114.0	871.0	7010.0	0.0
082653	41.02598	74.956287	114.0	871.0	7010.0	0.0
082713	41.007633	74.901233	113.111111	867.444444	7010.0	0.0
082733	40.995284	74.849753	103.526316	867.0	7010.0	0.0
082753	40.9882	74.7931	98.0	871.0	7010.0	0.0
082813	40.981927	74.735918	98.0	871.909091	7010.0	0.0
082833	40.975774	74.679926	98.0	872.0	7010.0	-73.256
082853	40.969635	74.624065	98.0	872.0	7010.0	-154.651
082913	40.96305	74.5645	98.0	873.5	6903.5	-373.5
082933	40.956467	74.505217	98.0	873.0	6737.333	-582.0
082953	40.950333	74.450483	98.0	865.0	6498.667	-622.0
083013	40.94425	74.39565	98.0	851.5	6302.0	-518.0
083033	40.938217	74.3413	98.166667	832.5	6143.333	-378.5
083053	40.932283	74.2885	98.833333	802.5	6056.667	-276.5
083113	40.9266	74.23805	99.0	771.5	5974.0	-251.0
083133	40.920781	74.188324	100.190476	742.047619	5891.333	-233.619
083153	40.91264	74.14054	108.2	717.8	5815.8	-152.2
083213	40.895153	74.102794	130.411765	690.176471	5791.0	-37.471
083233	40.866264	74.077269	149.542373	666.457627	5791.0	-1.898
083253	40.836163	74.062897	153.949153	662.050847	5791.0	-7.322
083313	40.806061	74.048524	158.355932	657.644068	5791.0	-12.746
083333	40.775733	74.0343	161.0	654.2	5784.867	-78.667
083353	40.745067	74.0203	161.0	652.2	5769.533	-235.333
083413	40.71416	74.00588	160.4	650.8	5631.2	-370.4
083433	40.683707	73.99152	160.0	647.6	5481.067	-455.867
083453	40.653973	73.97732	160.0	641.6	5333.733	-470.533
083513	40.62292	73.96192	159.4	636.8	5167.8	-469.0
083533	40.592644	73.946556	158.111111	631.777778	5012.778	-468.778
083553	40.5662	73.928312	145.75	644.0	4855.0	-534.125
083613	40.54178	73.8981	136.9	645.3	4661.7	-573.4
083633	40.517539	73.870491	137.217391	635.304348	4472.348	-639.739
083653	40.495342	73.842607	136.075	629.075	4250.675	-699.325
083713	40.474693	73.812258	132.575	625.575	3999.175	-730.825
083733	40.45451	73.78254	131.733333	619.6	3751.8	-747.933
083753	40.434404	73.7538	134.083333	610.25	3507.0	-752.667
083813	40.408487	73.7338	155.75	575.25	3247.0	-746.0
083833	40.381933	73.71992	159.566667	562.633333	3005.133	-750.1
083853	40.355803	73.707493	160.233333	555.133333	2757.6	-757.733
083913	40.33067	73.69576	160.9	549.8	2493.6	-768.4
083933	40.304517	73.68397	161.0	541.633333	2242.067	-748.467
083953	40.27865	73.672497	161.0	534.366667	1996.467	-706.567
084013	40.25365	73.66163	161.0	529.7	1757.8	-633.9
084033	40.2313	73.6446	138.0	541.0	1593.0	-404.0
084053	40.219871	73.614253	105.235294	529.823529	1476.353	-359.176
084113	40.2218	73.58015	73.25	511.25	1348.625	-422.625
084133	40.236362	73.55415	40.75	496.25	1196.75	-430.125
084153	40.25715	73.542012	11.75	474.375	1064.375	-478.75
084213	40.280386	73.543836	230.142857	470.714286	884.857	-396.071
084233	40.3031	73.5469	353.8	462.8	774.0	-227.0
084253	40.324817	73.549983	354.833333	439.5	747.0	-41.667
084313	40.345683	73.552717	354.166667	389.5	747.0	-8.333
084333	40.3641	73.5553	353.5	367.0	747.0	-4.0
084353	40.3818	73.557883	353.0	357.0	745.667	-8.0
084413	40.3998	73.560617	353.0	357.0	740.333	-8.0
084433	40.415078	73.562911	354.111111	344.777778	739.0	0.889
084453	40.431113	73.565347	354.733333	330.2	741.133	5.867
084513	40.449647	73.568213	354.066667	318.2	746.467	0.533
084533	40.465675	73.570675	353.25	318.5	741.0	-6.75
084553	40.48118	73.57308	353.0	311.533333	739.0	-4.8
084613	40.496438	73.575446	353.153846	303.153846	739.0	0.0
084633	40.511131	73.577677	353.923077	303.923077	739.0	0.0
084653	40.526136	73.579916	353.28	304.0	739.0	5.76
084713	40.541453	73.58226	353.0	304.0	742.467	4.533
084733	40.5566	73.58535	347.333333	302.666667	745.667	-3.833
084753	40.568576	73.594552	314.238095	294.809524	737.333	-57.762
084813	40.576404	73.610592	299.32	290.84	712.48	-186.92
084833	40.583924	73.627552	300.92	290.04	614.88	-276.52
084853	40.590704	73.642474	301.0	281.555556	524.148	-271.148
084913	40.597692	73.657862	301.0	264.615385	434.923	-260.077
084933	40.604578	73.673048	301.0	247.434783	349.261	-173.739
084953	40.610833	73.686833	301.0	243.0	321.0	-44.333
