164939	33.9358	118.4211	263.0	307.0	290.0	0.0
164959	33.93405	118.438	262.75	325.0	472.5	493.5
165019	33.93025	118.45905	251.5	362.0	617.5	371.5
165039	33.920825	118.478825	232.0	416.25	716.75	431.0
165059	33.906005	118.499567	229.0	451.619048	905.714	774.762
165119	33.891	118.5199	229.0	453.0	1215.5	435.5
165139	33.875806	118.540056	225.875	448.5625	1556.625	290.688
165159	33.857694	118.555847	205.764706	457.823529	1869.941	876.647
165219	33.83595	118.558825	175.25	481.75	2146.75	840.0
165239	33.811207	118.551714	166.793103	495.724138	2429.31	848.517
165259	33.78689	118.544077	165.7	499.433333	2713.4	809.367
165319	33.76429	118.53801	167.7	492.1	2997.4	684.7
165339	33.73943	118.531685	167.37037	514.925926	3169.704	501.037
165359	33.7133	118.520875	153.25	559.625	3298.5	336.5
165419	33.691822	118.496311	122.444444	627.0	3395.333	345.778
165439	33.678847	118.45953	113.395349	667.046512	3518.93	411.349
165459	33.667405	118.420693	110.139535	699.604651	3650.093	475.535
165519	33.655817	118.380396	107.375	717.5	3844.417	626.917
165539	33.647071	118.338371	98.588235	731.470588	4091.235	716.941
165559	33.64492	118.29562	91.2	744.2	4327.0	606.0
165619	33.644787	118.2526	90.0	754.866667	4528.6	456.867
165639	33.644653	118.2046	90.0	783.533333	4624.6	375.533
165659	33.64464	118.15644	90.0	806.6	4742.6	419.0
165719	33.644713	118.108253	90.0	823.8	4884.333	534.533
165739	33.644847	118.060787	90.0	821.8	5107.667	549.867
165759	33.645929	118.011514	86.0	842.142857	5275.286	486.286
165819	33.652403	117.960779	80.973684	867.842105	5417.947	431.105
165839	33.662771	117.909832	77.289474	885.736842	5570.579	425.842
165859	33.673983	117.856683	76.0	901.533333	5706.333	444.8
165919	33.68555	117.80272	76.0	915.0	5842.2	475.9
165939	33.69655	117.750853	76.0	921.666667	6030.2	501.9
165959	33.70768	117.698683	76.0	930.066667	6195.233	438.2
170019	33.719	117.64577	76.0	940.9	6336.4	329.3
170039	33.731	117.58957	76.0	960.233333	6412.4	237.967
170059	33.743173	117.532547	76.0	979.133333	6478.433	268.833
170119	33.75539	117.47524	76.0	995.3	6555.9	369.2
170139	33.767323	117.41884	76.0	997.3	6728.567	490.533
170159	33.77982	117.35971	76.0	1001.466667	6908.167	539.933
170219	33.79253	117.29948	76.0	1005.3	7091.4	550.5
170239	33.80473	117.241347	76.0	1000.633333	7274.067	560.5
170259	33.816757	117.184037	76.0	996.4	7463.667	527.6
170319	33.82872	117.12695	76.0	993.3	7647.0	475.4
170339	33.840853	117.068617	76.0	995.3	7773.667	444.733
170359	33.8529	117.010717	76.0	993.833333	7923.733	421.0
170419	33.86494	116.95284	76.0	991.0	8078.0	380.4
170439	33.877207	116.893773	76.0	991.0	8184.667	223.067
170459	33.888997	116.836613	76.0	990.566667	8225.467	95.2
170519	33.90063	116.78001	76.0	989.3	8229.2	0.0
170539	33.91283	116.720743	76.0	984.633333	8223.867	0.0
170559	33.924207	116.665593	76.0	975.633333	8225.467	9.967
170619	33.93533	116.6116	76.0	964.8	8231.5	18.4
170639	33.94753	116.5516	76.0	956.8	8241.5	-12.267
170659	33.95908	116.494807	76.0	951.4	8228.533	-29.5
170719	33.97023	116.43991	76.0	949.9	8207.0	-16.7
170739	33.981097	116.385977	76.0	962.566667	8207.0	125.3
170759	33.992267	116.33057	76.0	974.8	8282.833	184.967
170819	34.00363	116.27414	76.0	986.8	8384.3	188.9
170839	34.015163	116.216407	76.0	998.8	8399.633	128.233
170859	34.02713	116.156767	76.0	1009.066667	8441.4	166.367
170919	34.03931	116.09611	76.1	1018.8	8505.0	254.7
170939	34.051377	116.03551	76.766667	1030.8	8611.667	326.033
170959	34.063443	115.974823	77.0	1033.7	8731.333	383.933
171019	34.07544	115.91442	77.0	1030.8	8862.6	428.5
171039	34.08704	115.855887	77.0	1022.8	9019.933	438.5
171059	34.098597	115.797093	77.0	1019.566667	9164.267	402.567
171119	34.11016	115.73803	77.0	1019.0	9295.5	332.4
171139	34.121893	115.67823	77.0	1019.0	9392.167	208.4
171159	34.133968	115.616539	77.0	1018.16129	9435.645	105.032
171219	34.146081	115.554506	77.0	1017.125	9449.0	20.625
171239	34.156894	115.498569	77.0	1018.375	9449.0	6.875
171259	34.168267	115.439867	77.0	1020.0	9449.0	0.0
171319	34.1802	115.3784	77.0	1022.0	9449.0	0.0
171339	34.1916	115.319533	77.0	1017.333333	9449.0	0.0
171359	34.203033	115.2603	77.0	1014.0	9449.0	2.333
171419	34.2145	115.2007	77.0	1012.0	9449.0	7.0
171439	34.22575	115.141825	77.0	1011.375	9453.375	7.0
171459	34.237327	115.081273	77.0	1011.0	9456.0	3.0
171519	34.249393	115.018207	77.0	1011.0	9456.0	-7.0
171539	34.26026	114.96096	77.0	1008.6	9451.8	-7.4
171559	34.271225	114.903025	77.0	1005.0	9449.0	-7.0
171619	34.282537	114.843088	77.0	1000.0	9449.0	-7.0
171639	34.293547	114.78454	77.0	999.0	9444.733	-3.267
171659	34.30446	114.72636	77.0	1000.0	9442.6	1.6
171719	34.315327	114.668227	77.0	1003.333333	9447.933	6.933
171739	34.326407	114.608867	77.0	1005.066667	9449.0	8.0
171759	34.33744	114.54954	77.0	1005.6	9450.4	6.4
171819	34.34824	114.491007	77.0	1004.266667	9455.067	1.067
171839	34.358933	114.433327	77.0	1005.066667	9452.267	0.0
171859	34.36976	114.37488	77.0	1006.0	9450.4	0.0
171919	34.38096	114.314147	77.0	1006.0	9455.067	0.0
171939	34.391613	114.256271	77.516129	1007.548387	9452.387	0.0
171959	34.4023	114.19795	78.0	1009.5	9450.167	1.333
172019	34.4135	114.13615	78.0	1011.5	9454.833	6.667
172039	34.42455	114.07545	78.0	1013.5	9456.0	8.0
172059	34.435417	114.0157	78.0	1014.0	9457.333	5.333
172119	34.445883	113.9577	78.0	1010.0	9462.667	-5.333
172139	34.45695	113.89605	78.0	1007.5	9456.5	-15.5
172159	34.468067	113.8341	78.0	1004.833333	9447.667	-20.5
172219	34.478733	113.7749	78.0	1000.166667	9442.333	-10.5
172239	34.4891	113.71645	78.0	999.0	9441.0	-8.0
172259	34.49935	113.658433	78.0	999.833333	9439.833	-6.667
172319	34.50955	113.600967	78.0	1003.166667	9435.167	-1.333
172339	34.52025	113.54075	78.0	1004.0	9437.5	7.5
172359	34.5309	113.480667	78.0	1004.0	9442.333	12.5
172419	34.5409	113.423733	78.0	1004.0	9447.667	2.5
172439	34.5512	113.36505	78.0	1005.0	9445.0	0.0
172459	34.561645	113.305406	78.0	1006.16129	9442.29	2.419
172519	34.572226	113.244632	78.0	1006.806452	9447.452	12.097
172539	34.582794	113.183787	78.0	1007.0	9452.062	11.5
172559	34.59332	113.1231	78.0	1006.8	9456.0	6.0
172619	34.60352	113.0641	78.0	1004.8	9456.0	-4.0
172639	34.61364	113.00534	78.0	1003.6	9453.2	-8.0
172659	34.623687	112.946833	78.0	1002.733333	9449.0	-8.0
172719	34.633553	112.889167	78.0	1000.066667	9449.0	-8.0
172739	34.64378	112.82938	78.0	999.0	9445.8	-4.8
172759	34.654193	112.7684	78.066667	998.8	9441.533	0.533
172819	34.664127	112.7094	78.733333	996.8	9446.867	5.867
172839	34.6741	112.65032	79.0	996.0	9449.0	8.0
172859	34.684087	112.591247	78.933333	996.133333	9449.467	8.467
172919	34.693953	112.532713	78.266667	997.466667	9454.133	13.133
172939	34.7053	112.47422	76.4	1002.4	9459.2	3.0
172959	34.717742	112.415742	74.064516	1009.193548	9462.516	-14.484
173019	34.731161	112.357161	74.709677	1011.129032	9447.677	-9.323
173039	34.744971	112.297197	74.645161	1013.064516	9446.323	3.645
173059	34.7591	112.2361	74.0	1015.0	9456.0	23.0
173119	34.7723	112.177967	74.666667	1013.0	9461.333	13.0
173139	34.7858	112.118667	75.0	1013.0	9464.0	-2.333
173159	34.7996	112.0582	75.0	1015.0	9464.0	-23.0
173219	34.812333	112.001933	75.0	1016.333333	9448.667	-17.667
173239	34.825367	111.944467	75.0	1014.333333	9443.667	-5.0
173259	34.8387	111.8858	75.0	1009.0	9449.0	15.0
173319	34.852635	111.823865	75.0	1007.709677	9453.516	0.161
173339	34.86612	111.764	75.0	1007.0	9451.5	-10.1
173359	34.879053	111.706667	75.0	1007.0	9441.5	-14.767
173419	34.892493	111.646673	75.0	1004.466667	9441.0	-0.433
173439	34.90593	111.58654	75.0	1000.9	9443.4	5.6
173459	34.91933	111.526407	75.0	996.233333	9448.733	0.267
173519	34.931645	111.470752	75.0	990.483871	9444.097	0.0
173539	34.944333	111.413447	75.0	984.6	9443.133	2.133
173559	34.957667	111.353313	75.0	978.6	9448.467	7.467
173619	34.96962	111.29852	75.0	975.6	9449.0	8.0
173639	34.981939	111.242232	75.0	973.483871	9450.806	5.935
173659	34.995035	111.182813	75.0	972.193548	9455.323	0.774
173719	35.00765	111.12525	75.0	972.0	9452.5	0.0
173739	35.020188	111.067882	75.0	972.0	9449.618	1.235
173759	35.032776	111.009765	75.0	972.0	9453.735	9.471
173819	35.04495	110.9535	75.0	971.1	9458.4	7.4
173839	35.056617	110.8995	75.0	969.1	9463.733	-7.267
173859	35.068663	110.8436	75.0	967.733333	9454.5	-17.5
173919	35.08099	110.78641	75.0	965.258065	9446.677	-20.677
173939	35.093635	110.727765	75.0	961.387097	9441.516	-15.516
173959	35.1057	110.67162	75.0	964.0	9436.8	-1.2
174019	35.117753	110.61522	75.0	969.2	9438.0	9.867
174039	35.129887	110.55802	75.0	977.2	9448.0	14.533
174059	35.14202	110.50112	75.6	975.6	9449.0	6.0
174119	35.154325	110.4434	76.0	972.75	9449.0	0.0
174139	35.166888	110.3844	76.0	969.625	9449.0	0.0
174159	35.178893	110.327427	76.0	969.0	9449.0	0.0
174219	35.19082	110.27072	76.0	968.6	9449.0	0.0
174239	35.202887	110.213453	76.0	967.266667	9449.0	0.0
174259	35.214793	110.15656	76.0	966.466667	9449.0	28.267
174319	35.22664	110.09994	76.0	965.2	9459.6	69.8
174339	35.23844	110.04374	76.0	962.533333	9494.933	125.8
174359	35.250187	109.987273	76.0	968.4	9546.8	169.533
174419	35.26206	109.93	76.0	975.6	9608.8	207.2
174439	35.27426	109.871	76.0	980.933333	9684.8	237.867
174459	35.286727	109.810667	76.0	983.6	9769.333	252.0
174519	35.29892	109.7515	76.0	985.4	9855.8	256.0
174539	35.31032	109.695833	76.0	986.733333	9941.8	246.0
174559	35.322147	109.637713	76.0	985.933333	10020.333	264.267
174619	35.33418	109.5787	76.0	984.4	10107.4	288.0
174639	35.346447	109.519033	76.0	982.4	10218.733	308.0
174659	35.358393	109.460327	76.0	980.933333	10318.333	304.0
174719	35.37014	109.40246	76.0	977.8	10416.4	287.8
174739	35.381607	109.345993	76.0	970.466667	10517.733	257.133
174759	35.39334	109.287767	76.0	969.533333	10591.333	179.0
174819	35.404973	109.229884	76.0	970.324324	10642.865	101.568
174839	35.416216	109.17383	76.0	971.405405	10659.081	53.459
174859	35.42768	109.11669	76.0	972.0	10668.0	18.9
174919	35.439413	109.058223	76.0	972.0	10668.0	0.9
174939	35.45117	108.999048	76.0	973.151515	10668.0	0.0
174959	35.463	108.9404	75.6	974.8	10668.0	0.0
175019	35.475	108.883067	74.266667	977.466667	10668.0	0.0
175039	35.488939	108.828109	73.030303	978.969697	10668.0	0.0
175059	35.50364	108.77291	72.0	980.0	10668.0	0.8
175119	35.519907	108.712977	72.0	980.0	10668.0	6.133
175139	35.535665	108.655055	72.0	980.0	10671.355	8.0
175159	35.55108	108.598413	72.0	979.866667	10676.0	6.933
175219	35.56588	108.543547	72.0	978.533333	10676.0	-3.733
175239	35.581245	108.486684	72.0	976.451613	10672.903	-8.0
175259	35.596953	108.428593	72.0	973.866667	10668.0	-7.733
175319	35.61202	108.37246	72.0	971.2	10668.0	-2.4
175339	35.627087	108.31629	72.0	971.466667	10668.0	-2.933
175359	35.642167	108.26003	72.0	974.033333	10667.733	-7.467
175419	35.6575	108.20263	72.0	974.7	10662.4	3.2
175439	35.672687	108.145707	72.0	973.9	10665.867	10.567
175459	35.687733	108.089227	72.0	972.0	10676.0	14.5
175519	35.7024	108.03376	72.0	972.0	10676.0	4.5
175539	35.717177	107.977927	72.0	970.166667	10676.0	-5.5
175559	35.732037	107.921797	72.0	966.833333	10675.467	-15.267
175619	35.74677	107.86573	72.0	963.5	10664.8	-20.6
175639	35.761503	107.80959	72.0	961.633333	10657.433	-17.5
175659	35.77623	107.75343	72.0	961.033333	10653.0	-7.5
175719	35.79083	107.69803	72.0	961.7	10653.0	2.5
175739	35.805618	107.641556	72.0	962.0	10655.265	8.941
175759	35.820559	107.584203	72.0	962.0	10659.382	12.471
175819	35.83525	107.5277	72.0	962.0	10664.0	6.5
175839	35.849897	107.471361	72.0	962.387097	10667.226	-0.774
175859	35.864542	107.415103	72.0	964.967742	10662.065	-5.935
175919	35.87936	107.35796	72.0	964.4	10660.0	-4.8
175939	35.894247	107.30036	72.066667	962.0	10660.0	0.0
175959	35.908713	107.24396	72.733333	962.0	10660.0	0.0
180019	35.92306	107.18804	73.0	963.6	10660.0	0.0
180039	35.93738	107.132207	73.0	966.066667	10660.0	0.533
180059	35.95218	107.074273	73.0	966.733333	10660.0	5.867
180119	35.9667	107.01742	73.0	968.2	10663.2	10.8
180139	35.981027	106.961293	73.0	970.0	10668.533	14.533
180159	35.995293	106.905227	73.0	970.0	10673.867	9.867
180219	36.00944	106.84968	73.0	970.0	10676.0	4.8
180239	36.023533	106.79432	73.0	969.933333	10676.0	0.0
180259	36.037867	106.73752	73.0	969.266667	10676.0	0.0
180319	36.05212	106.68096	73.0	969.0	10676.0	3.2
180339	36.066367	106.624373	73.0	969.2	10676.467	8.0
180359	36.081033	106.566107	73.0	971.2	10681.133	8.0
180419	36.0959	106.5068	73.0	973.2	10683.0	4.8
180439	36.110787	106.447247	73.0	975.0	10683.0	-1.0
180459	36.124653	106.391713	73.0	975.0	10683.0	-11.0
180519	36.138755	106.334932	73.0	971.516129	10677.194	-15.0
180539	36.153029	106.277261	73.0	965.83871	10668.0	-14.516
180559	36.16761	106.218487	73.0	962.612903	10668.0	-4.839
180619	36.181467	106.1624	73.0	961.333333	10668.0	0.0
180639	36.1946	106.109	73.0	962.0	10668.0	0.0
180659	36.2086	106.052125	73.0	961.375	10668.0	0.0
180719	36.222725	105.9946	73.0	960.5	10668.0	-3.75
180739	36.237037	105.9361	73.0	959.25	10668.0	-13.125
180759	36.250833	105.879653	73.0	960.066667	10660.0	-7.0
180819	36.26458	105.82332	73.0	961.2	10656.0	4.6
180839	36.278513	105.766053	73.0	961.866667	10666.0	19.933
180859	36.292393	105.70868	73.0	961.466667	10672.267	18.733
180919	36.30624	105.65134	73.2	960.6	10677.4	12.0
180939	36.32004	105.59414	73.866667	959.266667	10682.067	2.0
180959	36.333787	105.536993	73.466667	960.066667	10679.267	-4.267
181019	36.34734	105.48064	73.2	960.4	10676.0	-6.4
181039	36.360473	105.426107	73.866667	958.4	10676.0	-1.067
181059	36.373713	105.370827	74.0	956.933333	10676.0	-8.0
181119	36.38704	105.31494	74.0	955.6	10672.8	-15.0
181139	36.400507	105.258073	74.0	954.266667	10662.133	-15.0
181159	36.414187	105.20046	74.0	949.733333	10660.0	-7.0
181219	36.42762	105.14382	74.0	945.0	10660.0	-1.6
181239	36.440353	105.089887	74.0	941.666667	10660.0	-6.933
181259	36.45378	105.033073	74.0	943.133333	10656.267	-3.733
181319	36.4675	104.97526	73.6	946.0	10654.4	3.0
181339	36.4815	104.916793	72.266667	949.333333	10659.067	13.0
181359	36.49774	104.86174	68.8	955.866667	10664.267	11.267
181419	36.51534	104.80796	66.0	960.4	10668.0	6.4
181439	36.534807	104.75516	66.0	958.4	10668.0	1.067
181459	36.554647	104.700813	66.0	958.0	10668.0	0.0
181519	36.5745	104.64638	66.0	957.6	10668.0	0.0
181539	36.594167	104.592647	66.0	956.266667	10668.0	0.0
181559	36.613993	104.53822	66.0	954.933333	10668.0	0.0
181619	36.63382	104.48374	66.0	953.2	10668.0	-1.6
181639	36.653553	104.42954	66.0	950.533333	10668.0	-6.933
181659	36.67334	104.37502	66.0	951.6	10663.733	-3.733
181719	36.6926	104.32182	66.0	953.0	10661.6	4.6
181739	36.7106	104.271887	66.0	953.0	10666.933	19.933
181759	36.730413	104.21694	66.0	954.6	10676.0	15.0
181819	36.75042	104.16144	66.0	954.0	10681.6	4.8
181839	36.76982	104.107573	66.0	947.333333	10676.933	-5.867
181859	36.788771	104.054787	66.0	941.870968	10676.0	-3.871
181919	36.807783	104.0018	66.0	939.166667	10676.0	1.333
181939	36.827317	103.9474	66.0	943.833333	10676.0	6.667
181959	36.84625	103.8942	66.0	941.5	10679.5	0.0
182019	36.865233	103.8408	66.0	935.833333	10680.5	-9.167
182039	36.884967	103.7856	66.0	927.166667	10670.5	-13.833
182059	36.9034	103.7337	66.0	922.0	10668.0	-7.5
182119	36.921617	103.682317	66.0	920.833333	10668.0	0.0
182139	36.940483	103.629183	66.0	928.166667	10668.0	0.0
182159	36.95925	103.576	66.0	931.0	10668.0	0.0
182219	36.977847	103.523178	66.0	930.90625	10668.0	-1.094
182239	36.996034	103.471491	66.0	926.53125	10668.0	-5.469
182259	37.014813	103.418048	66.0	920.387097	10664.645	-7.419
182319	37.03382	103.3639	66.0	914.0	10660.0	-6.933
182339	37.05202	103.3119	66.0	914.0	10660.0	3.733
182359	37.0703	103.2597	66.4	916.8	10663.2	8.0
182419	37.088667	103.20724	67.0	921.533333	10668.0	7.467
182439	37.107333	103.15364	67.0	926.866667	10668.0	2.133
182459	37.12576	103.10072	67.0	930.2	10668.0	0.0
182519	37.144087	103.04806	67.0	932.066667	10668.0	0.0
182539	37.162953	102.99366	67.0	932.733333	10668.0	0.0
182559	37.18142	102.9403	67.0	932.6	10668.0	-3.2
182619	37.19956	102.887793	67.0	931.133333	10667.467	-8.467
182639	37.21716	102.836727	67.0	922.466667	10662.133	-13.133
182659	37.234963	102.785062	67.0	923.875	10657.375	-9.375
182719	37.2529	102.733	67.0	932.0	10653.0	0.0
182739	37.271963	102.677312	67.0	927.625	10657.375	4.375
182759	37.290547	102.622967	67.0	926.066667	10660.0	7.267
182819	37.308413	102.570633	67.0	928.733333	10660.0	7.933
182839	37.32664	102.51728	67.0	930.8	10664.8	7.4
182859	37.344925	102.463675	67.0	931.5	10668.0	5.25
182919	37.363238	102.409863	67.0	930.25	10668.0	0.875
182939	37.382047	102.354353	67.0	930.0	10668.0	0.0
182959	37.40078	102.29898	67.0	930.4	10668.0	0.0
183019	37.419047	102.244913	67.0	931.733333	10668.0	0.0
183039	37.4363	102.19394	67.0	930.933333	10668.0	0.0
183059	37.45374	102.14238	67.0	930.4	10668.0	-1.6
183119	37.472207	102.087647	67.0	931.733333	10668.0	-6.933
183139	37.490353	102.03334	67.0	932.533333	10663.733	-3.733
183159	37.5086	101.97866	67.0	934.0	10661.6	3.0
183219	37.527267	101.92286	67.0	937.333333	10666.933	13.0
183239	37.5454	101.8685	67.0	938.0	10672.267	15.0
183259	37.56336	101.81458	67.0	938.6	10677.4	12.0
183319	37.581227	101.760847	67.0	940.6	10682.067	2.0
183339	37.599093	101.70706	67.0	941.0	10679.267	-8.0
183359	37.61702	101.653	67.2	941.4	10674.4	-13.6
183419	37.635087	101.598333	67.866667	942.733333	10669.067	-8.933
183439	37.6531	101.543667	67.466667	944.066667	10668.0	0.533
183459	37.67114	101.48886	67.2	945.0	10669.6	8.0
183519	37.689273	101.433727	67.866667	945.0	10674.933	8.0
183539	37.707407	101.378487	68.0	946.6	10676.0	8.0
183559	37.72546	101.32342	68.0	947.4	10677.4	8.0
183619	37.743327	101.26882	68.0	945.4	10682.067	8.0
183639	37.761513	101.213153	68.0	945.0	10683.0	3.733
183659	37.780273	101.158564	66.090909	943.909091	10683.0	-4.091
183719	37.801137	101.107215	60.707317	940.609756	10681.537	-14.805
183739	37.82582	101.056288	59.243902	938.658537	10674.22	-13.829
183759	37.850371	101.005761	58.0	936.612903	10668.0	-12.419
183819	37.874177	100.957503	58.0	934.032258	10668.0	-8.548
183839	37.898758	100.907658	58.0	931.83871	10664.903	-7.387
183859	37.92384	100.856767	58.0	930.0	10660.0	-7.467
183919	37.94864	100.8061	58.0	930.0	10660.0	3.2
183939	37.973073	100.756167	58.0	928.166667	10662.933	8.0
183959	37.997203	100.70684	58.0	925.133333	10668.0	7.733
184019	38.02127	100.65764	58.0	927.8	10668.0	2.4
184039	38.045337	100.608293	58.0	927.533333	10668.0	-2.933
184059	38.069597	100.558883	57.724138	924.793103	10667.724	-8.276
184119	38.097528	100.510538	52.206897	920.655172	10662.207	-13.793
184139	38.1259	100.46632	49.6	917.0	10657.2	-12.8
184159	38.154933	100.424307	49.0	914.333333	10653.0	-6.933
184219	38.187267	100.377373	49.0	917.666667	10653.0	3.733
184239	38.21828	100.33208	49.0	919.0	10655.8	8.0
184259	38.2484	100.287913	49.0	919.133333	10660.0	8.0
184319	38.2784	100.244047	49.0	920.466667	10660.0	8.0
184339	38.30852	100.2001	49.0	920.2	10663.2	10.8
184359	38.338681	100.156113	49.0	919.0	10668.516	14.548
184419	38.368487	100.112242	49.0	919.0	10673.677	10.032
184439	38.397813	100.069363	49.0	918.266667	10676.0	2.133
184459	38.426843	100.027127	49.066667	917.066667	10675.733	-8.033
184519	38.45771	99.98166	50.4	918.4	10670.4	-8.7
184539	38.485808	99.934663	54.666667	920.375	10668.0	-4.875
184559	38.509009	99.885362	61.1875	922.65625	10668.0	1.531
184619	38.527322	99.834112	67.4375	924.53125	10668.0	5.906
184639	38.54495	99.7795	68.5	925.0	10672.0	7.5
184659	38.5623	99.723883	68.166667	924.833333	10676.0	5.5
184719	38.5795	99.668617	68.833333	924.166667	10676.0	-4.5
184739	38.59655	99.613691	68.53125	923.0625	10672.25	-13.562
184759	38.613536	99.558882	68.090909	922.181818	10666.636	-20.273
184819	38.630445	99.504094	68.69697	923.393939	10657.545	-15.424
184839	38.647043	99.450271	69.0	925.714286	10653.0	-5.571
184859	38.663329	99.397414	69.0	929.142857	10653.0	9.286
184919	38.68015	99.342533	69.0	932.083333	10659.25	13.417
184939	38.69715	99.286978	69.0	934.861111	10667.583	13.972
184959	38.714593	99.22967	69.0	933.733333	10668.0	5.133
185019	38.73185	99.17296	69.0	933.0	10668.0	2.4
185039	38.74885	99.117093	69.0	933.0	10668.0	7.733
185059	38.765217	99.06319	69.0	932.366667	10673.067	7.367
185119	38.781681	99.008822	69.0	931.15625	10676.0	0.812
185139	38.798306	98.953759	69.0	929.28125	10676.0	-12.938
185159	38.815661	98.89609	69.0	926.806452	10667.226	-14.452
185219	38.832682	98.839491	69.0	925.0	10660.0	-11.455
185239	38.848621	98.786461	69.0	925.0	10660.0	-2.97
185259	38.865355	98.730619	69.0	925.0	10660.0	0.0
185319	38.88246	98.673413	69.0	924.933333	10660.0	-0.533
185339	38.89906	98.617547	69.0	924.266667	10660.0	-5.867
185359	38.91514	98.56344	69.0	924.4	10657.2	-4.8
185419	38.930927	98.510313	69.0	925.333333	10653.467	1.533
185439	38.947193	98.455447	69.0	928.666667	10658.133	16.867
185459	38.963803	98.399435	69.0	929.612903	10666.194	17.194
185519	38.980633	98.34266	69.033333	929.033333	10675.733	7.467
185539	38.9973	98.28586	69.7	929.7	10670.4	-3.2
185559	39.013417	98.23082	70.0	931.1	10668.0	-2.133
185619	39.029126	98.17709	69.967742	933.0	10668.258	8.226
185639	39.045642	98.120897	69.322581	933.0	10673.419	12.742
185659	39.062133	98.0645	69.333333	933.0	10678.333	10.0
185719	39.0786	98.0079	70.0	933.0	10683.0	0.0
185739	39.095	97.951567	70.0	932.333333	10678.333	-5.333
185759	39.111133	97.896033	70.0	931.333333	10676.0	-8.0
185819	39.127	97.8413	70.0	930.0	10676.0	-8.0
185839	39.143733	97.7835	70.0	930.0	10670.667	-2.667
185859	39.1598	97.727767	70.0	929.666667	10670.667	0.0
185919	39.1752	97.6741	70.0	929.0	10676.0	0.0
185939	39.191133	97.618567	70.0	929.666667	10670.667	-5.333
185959	39.207433	97.5617	70.0	929.666667	10668.0	-5.333
190019	39.2241	97.5035	70.0	929.0	10668.0	0.0
190039	39.240033	97.447633	70.0	929.0	10668.0	5.333
190059	39.2558	97.392267	70.0	926.666667	10670.667	8.0
190119	39.2714	97.3374	70.0	922.0	10676.0	8.0
190139	39.287	97.282533	70.0	921.333333	10676.0	-2.667
190159	39.302833	97.2266	70.0	918.666667	10673.333	-10.333
190219	39.3189	97.1696	70.0	914.0	10668.0	-15.0
190239	39.3341	97.115733	70.0	912.666667	10662.667	-10.333
190259	39.349367	97.061567	70.0	911.666667	10660.0	-5.333
190319	39.3647	97.0071	70.0	911.0	10660.0	0.0
190339	39.380184	96.951616	70.0	911.0	10660.0	0.0
190359	39.39563	96.89623	70.0	911.0	10660.0	0.0
190419	39.41103	96.840963	70.0	911.0	10660.0	0.0
190439	39.42662	96.784747	70.0	911.0	10660.0	0.0
190459	39.44216	96.72884	70.0	911.0	10660.0	2.4
190519	39.457627	96.673373	70.0	911.0	10660.0	7.733
190539	39.472777	96.61854	70.0	911.633333	10665.067	12.433
190559	39.488039	96.5632	70.0	912.0	10670.323	12.968
190619	39.503458	96.5072	70.0	912.0	10675.484	8.452
190639	39.51862	96.4518	70.6	911.4	10676.0	-1.6
190659	39.53386	96.39604	71.0	911.0	10673.867	-8.0
190719	39.54926	96.33964	71.0	911.0	10668.533	-8.0
190739	39.56382	96.2863	71.0	911.0	10668.0	1.6
190759	39.57858	96.2321	71.0	910.466667	10670.133	5.867
190819	39.59378	96.1761	71.0	909.133333	10675.467	0.533
190839	39.60874	96.12094	71.0	909.0	10671.2	-4.8
190859	39.62394	96.064807	71.0	909.0	10668.0	-5.867
190919	39.63954	96.007073	71.0	909.0	10668.0	-0.533
190939	39.65448	95.95162	71.0	909.0	10668.0	0.0
190959	39.66932	95.896313	71.0	909.0	10668.0	0.0
191019	39.68412	95.840847	71.0	909.0	10668.0	0.0
191039	39.6985	95.78724	71.0	909.0	10668.0	0.0
191059	39.71302	95.733067	71.0	909.0	10668.0	0.0
191119	39.72782	95.677733	71.0	909.0	10668.0	0.0
191139	39.74256	95.62216	71.0	909.0	10668.0	4.8
191159	39.7574	95.566133	71.0	908.733333	10670.133	3.733
191219	39.7724	95.509467	71.0	908.066667	10675.467	-6.933
191239	39.78698	95.45388	71.0	908.0	10666.4	-12.2
191259	39.8017	95.39795	71.0	908.25	10660.0	-9.5
191319	39.8167	95.341325	71.0	908.875	10660.0	4.25
191339	39.831113	95.28648	71.0	909.0	10664.267	7.533
191359	39.84548	95.23154	71.0	909.4	10668.0	8.0
191419	39.86008	95.17534	71.0	910.733333	10668.0	8.0
191439	39.87452	95.119887	71.0	911.533333	10672.267	11.733
191459	39.889	95.06414	71.0	911.8	10677.4	12.0
191519	39.903667	95.007273	71.0	911.133333	10682.067	2.0
191539	39.91828	94.95094	71.533333	911.0	10679.267	-4.267
191559	39.93262	94.89552	72.0	910.6	10676.0	-8.0
191619	39.946353	94.84192	72.0	909.266667	10676.0	-8.0
191639	39.961153	94.784373	72.0	908.466667	10671.733	-8.0
191659	39.97592	94.72692	72.0	908.0	10668.0	-6.4
191719	39.989987	94.671987	72.0	908.0	10668.0	-1.067
191739	40.004213	94.616147	72.0	906.933333	10668.0	0.0
191759	40.01842	94.5603	72.0	906.0	10668.0	0.0
191819	40.032487	94.504967	72.0	906.0	10668.0	0.0
191839	40.04682	94.448353	72.0	904.933333	10668.0	0.0
191859	40.06108	94.39192	72.0	903.4	10668.0	-1.6
191919	40.075013	94.336653	72.0	901.4	10668.0	-6.933
191939	40.089373	94.279627	72.0	901.0	10663.733	-3.733
191959	40.10362	94.22294	72.0	901.0	10661.6	1.6
192019	40.117353	94.168073	72.0	901.0	10666.933	6.933
192039	40.130887	94.113797	72.0	900.483871	10668.0	3.871
192059	40.1445	94.059133	72.0	899.666667	10668.0	0.0
192119	40.1585	94.002867	72.0	898.333333	10668.0	0.0
192139	40.17245	93.9465	72.0	898.0	10668.0	0.0
192159	40.186367	93.8902	72.0	898.0	10668.0	0.0
192219	40.200233	93.8342	72.0	898.0	10668.0	0.0
192239	40.2143	93.77705	72.0	897.0	10668.0	0.0
192259	40.228267	93.720183	72.0	896.0	10668.0	0.0
192319	40.241733	93.665317	72.0	896.0	10668.0	0.0
192339	40.25515	93.6106	72.0	896.0	10668.0	0.0
192359	40.26865	93.5554	72.0	896.0	10668.0	0.0
192419	40.28245	93.4986	72.0	896.0	10668.0	0.0
192439	40.2956	93.4446	72.0	895.5	10668.0	0.0
192459	40.308833	93.390217	72.166667	894.666667	10668.0	0.0
192519	40.322967	93.331883	72.833333	893.333333	10668.0	0.0
192539	40.336032	93.277623	73.0	893.0	10668.0	0.0
192559	40.34896	93.223793	73.0	893.0	10668.0	0.0
192619	40.36276	93.16626	73.0	893.0	10668.0	0.0
192639	40.376327	93.109707	73.0	893.933333	10668.0	-3.733
192659	40.389713	93.05376	73.0	895.133333	10666.933	-8.0
192719	40.40278	92.99856	73.0	895.8	10661.6	-8.0
192739	40.41622	92.94196	73.0	896.933333	10660.0	-4.267
192759	40.429753	92.884987	73.0	898.4	10660.0	1.067
192819	40.44302	92.82892	73.0	900.4	10660.0	6.4
192839	40.456333	92.772527	73.0	903.333333	10663.733	8.0
192859	40.46968	92.715913	73.0	906.266667	10668.0	8.0
192919	40.48308	92.65898	73.0	907.6	10668.0	8.0
192939	40.495733	92.605033	73.0	908.466667	10671.733	8.0
192959	40.50828	92.551367	73.0	909.266667	10676.0	8.0
193019	40.52168	92.4937	73.0	910.6	10676.0	8.0
193039	40.535173	92.435753	73.0	910.066667	10679.267	8.0
193059	40.548627	92.37786	73.0	909.0	10683.0	5.867
193119	40.56176	92.32066	73.0	909.0	10683.0	-4.8
193139	40.574567	92.26514	73.0	908.533333	10679.733	-8.0
193159	40.587367	92.209633	73.0	908.0	10676.0	-8.0
193219	40.6007	92.1513	73.0	908.0	10676.0	-8.0
193239	40.6138	92.09404	73.0	907.066667	10672.267	-8.0
193259	40.626742	92.037426	73.129032	905.741935	10668.0	-6.968
193319	40.639452	91.981555	73.774194	904.451613	10668.0	-1.806
193339	40.65248	91.924343	73.566667	904.0	10668.0	-3.467
193359	40.66562	91.86664	73.0	903.7	10667.2	-7.2
193419	40.67842	91.81024	73.0	901.7	10661.867	-1.867
193439	40.691523	91.752237	73.433333	900.566667	10663.467	0.0
193459	40.70466	91.69392	74.0	900.1	10667.2	-0.8
193519	40.71706	91.63872	74.0	900.766667	10661.867	-6.133
193539	40.729547	91.582957	74.0	900.566667	10660.0	-4.533
193559	40.74207	91.52692	74.0	900.1	10660.0	0.0
193619	40.754537	91.471053	74.0	900.766667	10660.0	0.0
193639	40.767263	91.413453	74.0	901.0	10660.0	3.467
193659	40.78007	91.35524	74.0	901.3	10660.8	8.0
193719	40.792537	91.29884	74.0	903.3	10666.133	8.0
193739	40.805133	91.242007	74.0	902.7	10668.0	4.533
193759	40.817739	91.18511	74.0	901.290323	10668.0	0.0
193819	40.829997	91.129174	74.0	903.225806	10668.0	0.0
193839	40.84262	91.07152	74.0	904.0	10668.0	0.0
193859	40.85546	91.012787	74.0	904.133333	10668.0	0.0
193919	40.86806	90.954653	74.0	905.466667	10668.0	0.0
193939	40.88026	90.8984	74.0	906.0	10668.0	3.2
193959	40.892273	90.843013	74.0	906.0	10668.533	8.0
194019	40.905007	90.784147	74.0	906.0	10673.867	8.0
194039	40.91742	90.72644	74.0	906.0	10676.0	4.8
194059	40.929667	90.669293	74.0	905.666667	10676.0	0.0
194119	40.942333	90.610227	74.0	902.333333	10676.0	0.0
194139	40.95436	90.5538	74.0	901.0	10676.0	-3.2
194159	40.966007	90.498893	74.0	900.933333	10675.467	-8.467
194219	40.978073	90.441827	74.0	900.266667	10670.133	-13.133
194239	40.9905	90.3832	74.0	900.4	10664.8	-15.0
194259	41.003073	90.323907	74.066667	901.0	10659.533	-14.0
194319	41.014807	90.267973	74.733333	901.0	10654.867	-4.0
194339	41.02654	90.2122	75.0	902.2	10655.8	3.2
194359	41.03828	90.156427	75.0	904.133333	10660.0	8.467
194419	41.05008	90.099693	75.0	905.466667	10660.0	13.133
194439	41.06212	90.04192	75.0	906.0	10666.4	15.0
194459	41.0743	89.9835	75.0	906.0	10676.0	14.0
194519	41.0863	89.9255	75.0	906.0	10676.0	4.0
194539	41.09814	89.86802	75.0	906.0	10676.0	-3.2
194559	41.109893	89.810807	75.0	906.133333	10675.467	-8.0
194619	41.121827	89.752873	75.0	907.466667	10670.133	-8.0
194639	41.132386	89.695243	76.714286	908.428571	10668.0	-4.571
194659	41.141833	89.637447	79.0	909.0	10668.0	0.0
194719	41.1505	89.57818	79.0	909.0	10668.0	0.0
194739	41.159353	89.51826	79.0	910.4	10668.0	0.0
194759	41.16818	89.458407	79.0	912.266667	10668.0	-1.067
194819	41.17658	89.39994	79.0	913.6	10668.0	-6.4
194839	41.185027	89.341333	79.0	915.4	10664.267	-8.0
194859	41.193533	89.282373	79.0	917.533333	10660.0	-5.867
194919	41.2022	89.22224	79.0	920.2	10660.0	4.8
194939	41.21082	89.161873	79.0	921.0	10663.733	11.267
194959	41.219416	89.101474	79.0	921.129032	10669.032	13.065
195019	41.227997	89.041345	79.0	921.774194	10674.194	3.387
195039	41.23659	88.98117	79.0	922.866667	10672.533	-3.467
195059	41.24516	88.92109	79.1	924.1	10668.0	-7.2
195119	41.25356	88.86169	79.766667	924.766667	10668.0	-1.867
195139	41.262003	88.80125	80.0	926.733333	10668.0	0.0
195159	41.27048	88.74012	80.0	929.1	10668.0	0.0
195219	41.279013	88.678253	80.0	929.766667	10668.0	0.0
195239	41.287373	88.617427	80.0	930.866667	10668.0	3.467
195259	41.29561	88.55729	80.0	932.1	10668.8	8.0
195319	41.303677	88.49789	80.0	932.766667	10674.133	8.0
195339	41.311994	88.436548	80.0	933.83871	10676.0	1.29
195359	41.320413	88.37438	80.0	935.0	10675.467	-8.0
195419	41.328547	88.31418	80.0	935.0	10670.133	-8.0
195439	41.3368	88.2533	80.0	935.0	10668.0	-1.6
195459	41.34512	88.192013	80.0	935.2	10668.533	7.467
195519	41.35332	88.131147	80.0	937.2	10673.867	2.133
195539	41.3614	88.07036	80.0	938.0	10672.8	-3.2
195559	41.369427	88.009453	80.0	938.2	10668.0	-7.467
195619	41.377693	87.946987	80.0	940.2	10668.0	-2.133
195639	41.38572	87.886	80.0	941.0	10668.0	0.0
195659	41.393587	87.825933	80.0	940.8	10668.0	0.533
195719	41.401453	87.765267	80.0	938.8	10668.0	5.867
195739	41.40952	87.703	80.0	937.6	10671.2	4.8
195759	41.41768	87.639927	80.0	936.866667	10675.467	-0.533
195819	41.42548	87.579193	80.0	935.533333	10670.133	-5.867
195839	41.43324	87.51866	80.0	935.0	10668.0	-4.8
195859	41.44098	87.45816	80.0	935.0	10668.0	-0.533
195919	41.44878	87.39676	80.0	935.0	10668.0	-5.867
195939	41.45654	87.33552	80.4	935.0	10664.8	-8.0
195959	41.46426	87.274373	81.0	935.133333	10660.0	-7.467
200019	41.47186	87.213107	81.0	936.466667	10660.0	-2.133
200039	41.47954	87.15144	81.0	937.0	10660.0	3.2
200059	41.487233	87.089733	81.0	937.066667	10660.533	8.0
200119	41.494567	87.030067	81.0	937.733333	10665.867	8.0
200139	41.5021	86.96856	81.0	938.0	10668.0	4.8
200159	41.509753	86.90596	81.0	938.2	10668.0	0.533
200219	41.517287	86.84456	81.0	940.2	10668.0	5.867
200239	41.524868	86.782258	81.0	939.83871	10671.097	8.0
200259	41.53246	86.719503	81.0	937.966667	10676.0	7.733
200319	41.53966	86.65957	81.0	937.3	10676.0	2.4
200339	41.54697	86.598867	81.0	937.0	10676.0	-2.933
200359	41.554363	86.5375	81.0	937.0	10675.733	-8.0
200419	41.56163	86.4755	81.0	937.0	10670.4	-8.0
200439	41.568933	86.413463	81.0	937.0	10668.0	-5.067
200459	41.576257	86.351427	81.0	937.0	10668.0	0.0
200519	41.58339	86.28996	81.0	937.0	10668.0	0.0
200539	41.590487	86.22864	81.0	936.266667	10668.0	0.0
200559	41.59756	86.167387	81.0	935.066667	10668.0	0.0
200619	41.60476	86.10512	81.0	936.4	10668.0	0.0
200639	41.611777	86.04399	81.0	937.0	10668.0	0.0
200659	41.61866	85.98362	81.033333	937.0	10668.0	0.0
200719	41.62586	85.92002	81.7	937.0	10668.0	0.0
200739	41.632803	85.858473	82.0	936.266667	10668.0	0.0
200759	41.639543	85.798543	82.0	935.0	10668.0	0.0
200819	41.64641	85.73741	82.0	935.0	10668.0	0.0
200839	41.653203	85.67624	82.0	934.266667	10668.0	0.0
200859	41.659947	85.61495	82.0	932.966667	10668.0	0.0
200919	41.66688	85.55195	82.0	932.3	10668.0	0.0
200939	41.673557	85.490857	82.0	932.0	10668.0	0.0
200959	41.68005	85.431073	82.0	932.0	10668.0	0.0
201019	41.68705	85.36654	82.0	932.0	10668.0	0.0
201039	41.69372	85.305417	82.0	932.0	10668.0	0.0
201059	41.700137	85.246823	82.0	931.933333	10668.0	0.0
201119	41.70687	85.18329	82.0	930.6	10668.0	0.0
201139	41.713493	85.12071	82.0	930.0	10668.0	0.0
201159	41.720007	85.059087	82.0	930.0	10668.0	0.0
201219	41.72614	85.00082	82.0	930.0	10668.0	0.0
201239	41.732493	84.93995	82.0	929.633333	10668.0	0.0
201259	41.739023	84.876987	82.0	929.0	10668.0	0.0
201319	41.74549	84.81472	82.0	929.0	10668.0	0.0
201339	41.751737	84.7537	82.0	929.0	10668.0	0.0
201359	41.75782	84.693567	82.0	929.033333	10668.0	0.0
201419	41.76422	84.6309	82.0	929.7	10668.0	0.0
201439	41.770473	84.56937	82.0	930.0	10668.0	0.0
201459	41.7766	84.508797	82.0	929.966667	10668.0	0.0
201519	41.7826	84.44873	82.0	929.3	10668.0	0.0
201539	41.788783	84.386647	82.366667	929.366667	10668.0	2.933
201559	41.7951	84.323047	83.0	930.0	10668.267	8.0
201619	41.8011	84.26198	83.0	930.0	10673.6	8.0
201639	41.807063	84.201463	83.0	930.0	10676.0	5.067
201659	41.813003	84.14128	83.0	930.066667	10676.0	0.0
201719	41.81907	84.07888	83.0	931.4	10676.0	0.0
201739	41.824953	84.017397	83.0	931.266667	10676.0	-2.933
201759	41.830697	83.956587	83.0	930.066667	10675.733	-8.0
201819	41.83663	83.89432	83.0	931.4	10670.4	-8.0
201839	41.842527	83.832163	83.0	932.0	10668.0	-5.067
201859	41.848387	83.770127	83.0	932.033333	10668.0	0.0
201919	41.85412	83.70866	83.0	932.7	10668.0	0.0
201939	41.859853	83.64723	83.0	932.633333	10668.0	0.0
201959	41.865587	83.585743	83.0	932.0	10668.0	0.0
202019	41.87132	83.52261	83.0	932.0	10668.0	0.0
202039	41.87698	83.460687	83.0	932.0	10668.0	0.0
202059	41.882573	83.39977	83.0	932.033333	10668.0	0.0
202119	41.88804	83.33917	83.0	932.7	10668.0	0.0
202139	41.893653	83.277067	83.0	932.633333	10668.0	0.0
202159	41.899373	83.213797	83.0	932.0	10668.0	0.0
202219	41.90484	83.15173	83.0	932.0	10668.0	0.0
202239	41.91016	83.090873	83.0	932.0	10668.0	0.0
202259	41.91538	83.030813	83.0	931.933333	10668.0	0.0
202319	41.92098	82.96708	83.0	930.6	10668.0	0.0
202339	41.926397	82.904373	83.0	927.066667	10668.0	0.0
202359	41.931653	82.842597	83.033333	921.566667	10668.0	0.0
202419	41.93672	82.78253	83.7	912.9	10668.0	0.0
202439	41.941823	82.722023	84.0	909.0	10668.0	0.0
202459	41.94695	82.661217	84.0	909.066667	10668.0	0.0
202519	41.95195	82.60155	84.0	910.4	10668.0	0.0
202539	41.957023	82.54093	84.0	911.0	10668.0	0.0
202559	41.96215	82.47955	84.0	911.0	10668.0	0.0
202619	41.96715	82.41855	84.0	911.0	10668.0	0.0
202639	41.971967	82.359347	84.0	911.0	10668.0	0.0
202659	41.976647	82.30142	84.0	911.0	10668.0	0.267
202719	41.98158	82.23982	84.0	911.0	10668.0	5.6
202739	41.986513	82.17778	84.0	911.0	10670.933	8.0
202759	41.99144	82.115457	84.0	911.0	10676.0	7.733
202819	41.99624	82.05459	84.0	911.0	10676.0	2.4
202839	42.001003	81.99376	84.0	909.9	10676.0	0.0
202859	42.00573	81.93306	84.0	907.933333	10676.0	-0.267
202919	42.01033	81.87426	84.0	906.6	10676.0	-5.6
202939	42.01493	81.814397	84.0	906.0	10673.067	-10.567
202959	42.019527	81.7537	84.0	905.933333	10667.733	-14.767
203019	42.02406	81.6937	84.0	904.6	10662.4	-10.1
203039	42.028557	81.6337	84.0	902.533333	10660.0	-5.067
203059	42.033023	81.573687	84.0	900.0	10660.0	0.0
203119	42.03749	81.51342	84.0	900.0	10660.0	0.0
203139	42.041883	81.454033	84.366667	900.0	10660.0	2.933
203159	42.046217	81.395257	85.0	900.0	10660.267	8.0
203219	42.05055	81.33439	85.0	900.0	10665.6	8.0
203239	42.05481	81.274403	85.0	900.0	10668.0	5.067
203259	42.05901	81.215123	85.0	900.0	10668.0	0.0
203319	42.06321	81.15559	85.0	900.0	10668.0	0.0
203339	42.067483	81.095433	85.0	900.0	10668.0	2.933
203359	42.07182	81.034633	85.0	900.0	10668.267	8.0
203419	42.07622	80.9713	85.0	900.0	10673.6	8.0
203439	42.0804	80.910717	85.0	900.0	10676.0	5.067
203459	42.0844	80.85235	85.0	900.0	10676.0	0.0
203519	42.0884	80.79335	85.0	900.0	10676.0	0.0
203539	42.092363	80.734277	85.0	899.266667	10676.0	2.933
203559	42.096303	80.675023	85.0	897.833333	10676.233	8.0
203619	42.10037	80.61349	85.0	894.5	10680.9	8.0
203639	42.10429	80.553313	85.0	891.166667	10683.0	-0.433
203659	42.10809	80.494223	85.0	887.966667	10682.5	-15.267
203719	42.11189	80.43469	85.0	887.3	10672.5	-20.6
203739	42.115617	80.376367	85.0	886.266667	10665.067	-20.067
203759	42.11929	80.318883	85.0	885.0	10659.767	-14.767
203819	42.12309	80.25855	85.0	885.0	10655.1	-10.1
203839	42.126817	80.19895	85.0	885.0	10653.0	-5.067
203859	42.13048	80.139927	85.0	885.066667	10653.0	0.267
203919	42.13408	80.08046	85.0	886.4	10653.0	5.6
203939	42.137753	80.020407	85.0	887.366667	10655.567	10.567
203959	42.14148	79.959943	85.0	888.133333	10660.267	15.0
204019	42.14508	79.90081	85.0	890.8	10665.6	15.0
204039	42.148643	79.84153	85.366667	892.366667	10670.933	9.5
204059	42.152173	79.7821	86.0	893.366667	10675.733	-0.267
204119	42.15564	79.7221	86.0	900.7	10670.4	-5.6
204139	42.159107	79.66199	86.0	906.566667	10668.0	-5.067
204159	42.16257	79.601727	86.0	910.833333	10668.0	0.0
204219	42.16597	79.54026	86.0	907.5	10668.0	0.0
204239	42.169297	79.48037	86.0	904.166667	10668.0	0.0
204259	42.172567	79.421637	86.0	900.966667	10668.0	0.0
204319	42.1759	79.36037	86.0	900.3	10668.0	0.0
204339	42.178896	79.298612	87.32	900.0	10668.0	0.0
204359	42.18036	79.23718	90.2	901.2	10668.0	0.0
204419	42.178893	79.177447	94.2	905.2	10668.0	0.0
204439	42.174133	79.1167	97.666667	907.333333	10668.0	-6.0
204459	42.166457	79.057286	101.142857	908.428571	10664.571	-9.0
204519	42.156527	78.998709	104.909091	909.363636	10660.0	-7.364
204539	42.143033	78.939353	109.0	910.866667	10660.0	0.533
204559	42.128367	78.880887	109.0	909.533333	10660.0	5.867
204619	42.11402	78.8233	109.0	909.0	10663.2	8.0
204639	42.099833	78.76616	109.0	909.0	10668.0	7.467
204659	42.085167	78.70776	109.0	909.0	10668.0	2.133
204719	42.07074	78.6506	109.0	909.0	10668.0	0.0
204739	42.056427	78.594133	109.0	909.133333	10668.0	0.0
204759	42.041693	78.536467	109.0	910.466667	10668.0	0.0
204819	42.02708	78.47908	109.0	911.4	10668.0	0.0
204839	42.01249	78.421723	109.0	912.129032	10668.0	0.516
204859	41.997394	78.362948	109.0	913.419355	10668.0	5.677
204919	41.982277	78.30416	109.0	914.0	10670.933	5.067
204939	41.967158	78.245423	109.0	914.096774	10675.742	-0.258
204959	41.952319	78.187874	109.0	916.032258	10670.581	-5.419
205019	41.9374	78.130033	109.0	918.333333	10668.0	-2.667
205039	41.9224	78.0719	109.0	921.0	10668.0	8.0
205059	41.907368	78.014287	109.0	921.0	10673.161	8.0
205119	41.89244	77.95701	109.0	921.0	10676.0	5.6
205139	41.87764	77.900143	109.0	921.0	10676.0	0.267
205159	41.862207	77.84125	109.0	921.0	10676.0	-5.067
205219	41.84665	77.78198	109.0	921.3	10673.6	-8.0
205239	41.830983	77.72238	109.0	921.966667	10668.267	-8.0
205259	41.81595	77.665377	109.633333	923.266667	10668.0	2.133
205319	41.80092	77.60851	110.0	923.4	10670.4	8.0
205339	41.785853	77.551643	110.0	922.066667	10675.733	8.0
205359	41.77066	77.494333	110.0	923.266667	10676.0	2.933
205419	41.75525	77.43637	110.0	923.1	10676.0	-2.4
205439	41.739583	77.377637	110.0	921.1	10676.0	-7.733
205459	41.723093	77.31637	110.0	921.0	10670.933	-12.433
205519	41.70728	77.25755	110.0	921.3	10665.6	-12.9
205539	41.692347	77.201883	110.0	921.966667	10660.267	-8.233
205559	41.677223	77.14533	110.0	923.266667	10660.0	2.133
205619	41.66173	77.08771	110.0	924.3	10662.4	8.0
205639	41.645797	77.028843	110.0	924.966667	10667.733	8.0
205659	41.630117	76.97137	110.0	927.533333	10668.0	2.933
205719	41.614155	76.912829	110.0	929.290323	10668.0	0.0
205739	41.597832	76.852894	110.0	929.935484	10668.0	0.0
205759	41.58276	76.79764	110.0	930.0	10668.0	-27.6
205819	41.567187	76.74072	110.0	930.0	10655.733	-84.667
205839	41.550653	76.68052	110.0	930.0	10625.067	-181.333
205859	41.53484	76.62308	110.0	927.0	10535.6	-250.4
205919	41.518813	76.564907	110.0	924.733333	10439.333	-287.867
205939	41.502347	76.505173	110.0	924.066667	10342.667	-282.533
205959	41.48708	76.45018	110.0	922.8	10250.8	-282.0
210019	41.47152	76.394113	110.0	920.666667	10157.333	-284.133
210039	41.45532	76.335647	110.0	917.333333	10060.667	-289.467
210059	41.43936	76.27856	110.6	912.2	9964.0	-285.2
210119	41.42364	76.222453	111.0	909.533333	9869.467	-286.0
210139	41.40824	76.167587	111.0	910.866667	9778.133	-296.0
210159	41.39188	76.10948	110.4	914.6	9673.0	-297.0
210219	41.3756	76.0516	110.0	917.533333	9572.467	-297.0
210239	41.3596	75.9946	110.0	918.866667	9481.133	-297.0
210259	41.34378	75.93868	110.6	916.0	9376.0	-384.0
210319	41.32774	75.882107	111.0	913.2	9236.8	-492.667
210339	41.31134	75.824373	111.0	911.2	9048.8	-619.333
210359	41.29488	75.7667	111.0	899.6	8819.4	-659.0
210419	41.278927	75.711736	111.727273	888.363636	8593.182	-670.455
210439	41.2629	75.65992	113.2	878.4	8376.0	-659.8
210459	41.2449	75.605987	113.866667	866.4	8152.667	-662.467
210519	41.2277	75.554293	114.0	856.533333	7933.067	-650.733
210539	41.21072	75.5033	114.0	846.8	7717.6	-637.0
210559	41.193787	75.452633	114.0	836.133333	7509.6	-627.0
210619	41.176907	75.402233	114.0	827.066667	7301.067	-535.4
210639	41.16	75.35182	114.0	822.0	7126.0	-394.6
210659	41.143	75.30122	114.0	825.333333	7029.333	-186.6
210719	41.12664	75.252753	114.0	824.933333	7010.0	-63.4
210739	41.11012	75.20396	114.0	825.6	7011.6	6.4
210759	41.092853	75.15316	114.0	830.933333	7016.933	1.067
210819	41.07596	75.103267	114.0	850.666667	7013.733	-4.267
210839	41.058568	75.051971	114.0	867.774194	7010.0	-6.452
210859	41.039794	74.996874	114.0	870.354839	7010.0	-1.29
210919	41.02225	74.94555	114.0	871.0	7010.0	0.0
210939	41.006	74.89445	111.75	865.25	7010.0	-50.25
210959	40.994213	74.840267	104.23913	846.043478	6985.978	-213.826
211019	40.987865	74.786137	101.195652	838.217391	6889.891	-265.13
211039	40.981517	74.732007	98.152174	830.391304	6793.804	-316.435
211059	40.975437	74.677113	98.0	821.133333	6673.733	-358.267
211119	40.96946	74.62296	98.0	814.2	6547.3	-390.0
211139	40.963593	74.56976	98.0	810.2	6414.633	-410.0
211159	40.957853	74.51789	98.0	805.566667	6273.1	-435.7
211219	40.952	74.46513	98.0	801.5	6124.2	-433.8
211239	40.946	74.411197	98.0	798.166667	5966.867	-397.8
211259	40.940317	74.360303	98.0	791.033333	5857.667	-249.7
211319	40.934645	74.309639	98.290323	773.354839	5796.677	-133.065
211339	40.928968	74.259058	98.935484	743.032258	5791.516	-62.097
211359	40.923695	74.213295	99.409091	713.0	5766.045	-101.227
211419	40.918468	74.168068	99.863636	683.0	5738.318	-152.591
211439	40.909375	74.127025	115.75	678.375	5637.25	-368.375
211459	40.892489	74.090408	120.432432	667.324324	5505.297	-413.054
211519	40.874877	74.05401	123.0	654.733333	5372.133	-430.9
211539	40.85641	74.01621	123.0	649.4	5214.8	-448.9
211559	40.838724	73.980055	123.0	644.119048	5062.024	-457.0
211619	40.821676	73.945245	123.0	638.880952	4912.976	-457.0
211639	40.80456	73.91035	123.0	633.9	4760.2	-454.3
211659	40.78736	73.87535	123.0	629.233333	4602.867	-448.3
211719	40.7694	73.842915	130.6	626.15	4464.85	-400.5
211739	40.746091	73.814421	134.911765	615.382353	4334.5	-395.206
211759	40.722783	73.786683	138.166667	604.833333	4204.0	-398.667
211819	40.700317	73.760617	138.833333	596.166667	4072.0	-421.333
211839	40.6781	73.7351	139.0	591.5	3924.5	-442.0
211859	40.655765	73.711306	144.0	586.058824	3771.765	-469.353
211919	40.6308	73.69565	161.5	574.5	3608.0	-528.0
211939	40.603	73.6865	167.0	564.8	3423.2	-565.8
211959	40.575195	73.678084	167.0	556.473684	3233.895	-595.316
212019	40.546616	73.669116	167.0	553.736842	3019.737	-726.421
212039	40.520258	73.661074	167.0	562.789474	2755.316	-637.789
212059	40.492475	73.652689	167.892857	559.857143	2593.643	-443.964
212119	40.465975	73.645046	171.464286	551.285714	2452.214	-391.821
212139	40.439794	73.647467	197.777778	525.111111	2341.944	-314.444
212159	40.421174	73.666093	229.108696	473.586957	2233.63	-414.239
212219	40.411	73.69205	236.5	457.5	2084.5	-462.5
212239	40.400826	73.718007	243.891304	441.413043	1935.37	-510.761
212259	40.391286	73.744162	245.0	443.047619	1721.143	-683.143
212319	40.382529	73.772176	255.352941	450.588235	1468.0	-713.529
212339	40.384813	73.7998	289.875	452.0	1264.375	-432.125
212359	40.39452	73.82732	295.8	433.4	1178.0	-256.0
212419	40.403253	73.851387	295.133333	418.066667	1091.333	-249.333
212439	40.411667	73.874067	297.666667	403.444444	1013.556	-314.667
212459	40.427067	73.890289	336.444444	386.222222	880.111	-391.778
212519	40.445733	73.893622	356.666667	371.333333	754.556	-428.667
212539	40.463967	73.8921	249.0	369.0	592.0	-457.667
212559	40.480213	73.883048	29.347826	363.086957	453.565	-265.87
212619	40.49525	73.87165	30.166667	353.166667	402.667	-79.167
212639	40.51105	73.85945	30.833333	357.833333	397.333	-15.833
212659	40.5262	73.84775	30.5	337.0	400.0	-42.0
212719	40.5403	73.836817	30.166667	305.333333	388.667	-105.5
212739	40.5519	73.827683	30.833333	266.666667	327.333	-191.5
212759	40.56265	73.81925	31.0	249.0	251.5	-41.5
