153411	33.9364	118.4139	263.0	328.0	137.0	0.0
153431	33.93415	118.43355	258.75	332.5	375.25	564.75
153451	33.9272	118.4518	234.0	366.0	506.5	336.0
153511	33.9147	118.467425	224.25	402.5	609.25	389.25
153531	33.89792	118.4862	221.6	445.0	760.0	408.6
153551	33.879	118.5002	199.0	486.0	876.0	576.0
153611	33.853533	118.504267	189.666667	501.333333	1114.667	725.333
153631	33.8281	118.507567	185.0	510.0	1381.333	782.333
153651	33.8027	118.5101	185.0	512.0	1676.0	747.0
153711	33.7767	118.512833	185.0	531.333333	1879.333	691.0
153731	33.749557	118.515438	183.571429	545.285714	2104.333	717.762
153751	33.721794	118.513594	169.625	553.9375	2364.312	745.938
153811	33.697924	118.497259	137.058824	570.764706	2595.588	659.059
153831	33.685678	118.466689	100.666667	580.333333	2813.0	570.667
153851	33.683235	118.432633	95.744186	594.395349	2991.14	510.093
153911	33.681607	118.398447	94.348837	609.27907	3164.628	452.419
153931	33.67935	118.36025	94.0	639.0	3288.0	375.0
153951	33.676867	118.320433	94.0	672.5	3393.333	337.5
154011	33.674333	118.279767	94.0	702.5	3494.667	439.5
154031	33.6717	118.23705	94.0	716.5	3676.5	537.5
154051	33.66905	118.193683	94.0	724.5	3882.5	602.333
154111	33.66645	118.150417	94.0	730.5	4080.5	571.667
154131	33.6638	118.10735	94.0	738.5	4263.5	529.5
154151	33.661117	118.0641	94.0	748.0	4435.0	493.833
154211	33.658383	118.0201	94.0	760.0	4587.0	489.167
154231	33.6554	117.97295	94.0	769.5	4754.5	503.0
154251	33.652383	117.92545	94.0	777.333333	4927.333	524.333
154311	33.649517	117.88005	94.0	782.666667	5100.667	549.667
154331	33.646657	117.830914	92.571429	784.0	5296.143	518.857
154351	33.6479	117.784844	82.666667	791.0	5445.667	416.111
154411	33.655505	117.73907	78.702703	799.486486	5576.514	384.081
154431	33.664262	117.692908	77.081081	807.594595	5708.405	375.432
154451	33.673567	117.644113	77.0	816.233333	5825.833	359.8
154511	33.68269	117.59629	77.0	824.3	5942.8	364.5
154531	33.691557	117.549823	77.0	831.633333	6060.133	394.5
154551	33.700867	117.50114	77.0	833.9	6205.967	430.2
154611	33.70975	117.45258	77.9	835.9	6355.4	431.7
154631	33.718083	117.404313	79.9	837.9	6507.4	391.033
154651	33.726037	117.352247	80.0	845.6	6616.333	354.8
154711	33.73376	117.30142	80.0	852.7	6727.5	346.4
154731	33.741227	117.252353	80.0	858.7	6844.167	371.733
154751	33.748947	117.20126	80.0	860.266667	6976.033	373.0
154811	33.75665	117.15024	80.0	861.9	7101.5	352.6
154831	33.764317	117.09944	80.0	863.9	7218.167	307.267
154851	33.77211	117.04712	80.0	875.4	7305.7	290.433
154911	33.77991	116.99478	80.0	883.5	7398.9	297.9
154931	33.78771	116.942513	80.0	886.833333	7500.9	333.233
154951	33.79551	116.889993	80.0	887.633333	7621.9	335.0
155011	33.80322	116.83797	80.0	890.4	7734.6	330.5
155031	33.81082	116.78657	80.0	895.733333	7835.933	320.5
155051	33.818737	116.732573	80.0	898.533333	7947.4	305.433
155111	33.82649	116.6797	80.0	902.7	8047.7	281.1
155131	33.834023	116.628367	80.0	908.7	8133.7	245.767
155151	33.841937	116.573993	80.0	915.333333	8210.2	258.567
155211	33.84987	116.51946	80.0	919.9	8297.9	276.0
155231	33.857803	116.464927	80.0	921.9	8399.9	296.0
155251	33.86599	116.40919	79.366667	926.433333	8496.833	284.967
155311	33.875138	116.355273	77.615385	929.0	8589.462	266.577
155331	33.88581	116.30312	75.0	929.4	8675.4	243.4
155351	33.898543	116.24792	75.0	932.066667	8751.4	232.733
155411	33.9108	116.194713	75.0	935.166667	8827.833	232.033
155431	33.92294	116.14195	75.0	938.5	8905.1	245.9
155451	33.935873	116.085617	75.0	941.833333	8985.767	311.9
155511	33.948893	116.028893	75.0	938.666667	9106.733	354.933
155531	33.96174	115.97284	75.0	932.6	9244.7	374.9
155551	33.97334	115.921773	75.0	929.933333	9356.033	334.233
155611	33.985113	115.869753	75.0	925.966667	9461.3	323.467
155631	33.99706	115.81689	75.0	921.2	9565.5	328.7
155651	34.00946	115.762157	75.0	915.866667	9682.167	333.367
155711	34.021817	115.707553	75.0	912.7	9792.333	305.533
155731	34.03398	115.65369	75.0	911.1	9893.7	263.2
155751	34.04518	115.603623	75.0	911.766667	9965.033	237.867
155811	34.057247	115.549917	75.0	910.7	10042.867	232.033
155831	34.06961	115.49497	75.0	909.0	10123.4	236.8
155851	34.08101	115.444103	75.0	909.0	10199.4	242.133
155911	34.09267	115.392023	75.0	907.7	10282.333	237.5
155931	34.10452	115.339	75.0	906.2	10365.9	225.9
155951	34.116653	115.284333	75.0	907.533333	10431.9	205.233
160011	34.12818	115.232483	75.0	907.133333	10497.9	201.467
160031	34.13942	115.18192	75.0	905.5	10564.6	196.6
160051	34.150887	115.130053	75.0	902.166667	10635.267	133.933
160111	34.162448	115.077555	75.0	901.0	10663.355	67.968
160131	34.174055	115.02471	75.0	900.935484	10668.0	6.548
160151	34.185603	114.971806	75.0	900.290323	10668.0	2.032
160211	34.19718	114.918887	75.0	900.0	10668.0	0.0
160231	34.208787	114.86589	75.0	900.0	10668.0	0.0
160251	34.220529	114.811697	75.0	900.0	10668.0	0.0
160311	34.231967	114.7591	75.0	900.0	10668.0	0.0
160331	34.2431	114.7081	75.0	900.0	10668.0	0.0
160351	34.254233	114.6565	75.0	900.666667	10668.0	0.0
160411	34.2654	114.6048	75.0	901.0	10668.0	0.0
160431	34.2766	114.553	75.0	901.0	10668.0	0.0
160451	34.288533	114.4976	75.666667	903.0	10668.0	0.0
160511	34.299667	114.445667	76.0	904.666667	10668.0	2.667
160531	34.31	114.3972	76.0	906.0	10668.0	8.0
160551	34.321733	114.3424	76.0	906.0	10673.333	8.0
160611	34.333133	114.288733	76.0	905.333333	10676.0	5.333
160631	34.3442	114.2362	76.0	904.0	10676.0	0.0
160651	34.355667	114.182333	76.0	905.333333	10676.0	-5.333
160711	34.367033	114.1301	75.0	906.666667	10673.333	-8.0
160731	34.3783	114.0795	73.0	908.0	10668.0	-8.0
160751	34.391633	114.025967	73.666667	908.0	10668.0	-2.667
160811	34.404867	113.972367	74.0	908.0	10668.0	0.0
160831	34.418	113.9187	74.0	908.0	10668.0	0.0
160851	34.431	113.865433	74.0	908.666667	10668.0	0.0
160911	34.443933	113.8124	74.0	909.0	10668.0	0.0
160931	34.4568	113.7596	74.0	909.0	10668.0	0.0
160951	34.469733	113.7066	74.0	910.333333	10668.0	0.0
161011	34.482433	113.654333	74.0	911.333333	10668.0	0.0
161031	34.4949	113.6028	74.0	912.0	10668.0	0.0
161051	34.5079	113.549067	74.0	912.0	10668.0	0.0
161111	34.520561	113.496587	74.0	912.0	10668.0	2.581
161131	34.532884	113.445361	74.0	912.0	10668.0	7.742
161151	34.545723	113.39226	74.0	911.366667	10673.067	2.933
161211	34.558461	113.339281	74.0	911.0	10673.677	-2.032
161231	34.571042	113.286571	74.0	911.0	10668.516	-6.548
161251	34.583506	113.23421	74.0	909.83871	10668.0	-2.935
161311	34.596172	113.181038	74.0	909.4375	10668.0	0.0
161331	34.609234	113.126288	74.0	910.6875	10668.0	0.0
161351	34.6216	113.07395	74.0	911.0	10668.0	-4.0
161411	34.63385	113.02205	74.0	911.166667	10666.667	-6.667
161431	34.64645	112.96905	74.0	911.833333	10661.333	-1.333
161451	34.6591	112.91545	74.0	912.0	10664.0	4.0
161511	34.671767	112.861667	74.0	914.0	10668.0	6.667
161531	34.684433	112.807933	74.0	922.0	10668.0	1.333
161551	34.69715	112.75385	74.0	926.5	10668.0	0.0
161611	34.709833	112.699767	74.0	929.166667	10668.0	0.0
161631	34.722367	112.646033	74.0	929.833333	10668.0	0.0
161651	34.7349	112.5919	74.0	929.5	10668.0	0.0
161711	34.74745	112.5377	74.0	929.0	10668.0	0.0
161731	34.76005	112.4837	74.0	929.0	10668.0	0.0
161751	34.7729	112.42815	74.0	929.5	10668.0	0.0
161811	34.785567	112.373183	74.0	930.0	10668.0	0.0
161831	34.797433	112.321517	74.0	930.0	10668.0	0.0
161851	34.809835	112.267471	74.483871	929.516129	10668.0	0.0
161911	34.82234	112.212933	74.866667	929.133333	10668.0	0.0
161931	34.83454	112.1596	74.2	929.8	10668.0	0.0
161951	34.847347	112.103607	74.466667	930.0	10668.0	0.0
162011	34.860253	112.047113	75.0	930.266667	10668.0	0.0
162031	34.87252	111.99318	75.0	931.6	10668.0	0.0
162051	34.88446	111.940413	75.0	932.466667	10668.0	0.0
162111	34.896447	111.887227	75.0	933.266667	10668.0	0.0
162131	34.90918	111.83036	75.0	934.6	10668.0	0.0
162151	34.921633	111.774893	75.0	935.933333	10668.0	3.733
162211	34.933939	111.720135	75.0	937.0	10669.032	8.0
162231	34.946132	111.665813	75.0	937.0	10674.194	8.0
162251	34.958243	111.6117	75.0	937.0	10676.0	4.533
162311	34.97035	111.55746	75.0	937.1	10676.0	-0.8
162331	34.982683	111.50186	75.0	937.766667	10676.0	-6.133
162351	34.994968	111.446503	75.0	939.258065	10672.645	-4.645
162411	35.007207	111.391333	75.0	941.0	10668.533	0.0
162431	35.019273	111.336667	75.0	941.0	10673.867	0.0
162451	35.03154	111.28092	75.0	941.8	10672.8	-3.2
162511	35.04392	111.224513	75.0	943.0	10668.0	-7.467
162531	35.05612	111.168647	75.0	943.0	10668.0	-2.133
162551	35.068084	111.113784	75.0	942.225806	10668.0	0.0
162611	35.079903	111.059532	75.0	941.0	10668.0	0.0
162631	35.091968	111.004177	75.0	941.0	10668.0	0.0
162651	35.104067	110.948633	75.0	942.333333	10668.0	0.0
162711	35.1162	110.8929	75.0	945.0	10668.0	0.0
162731	35.128133	110.837433	75.0	945.0	10668.0	5.333
162751	35.1401	110.7818	75.0	945.0	10670.667	5.333
162811	35.1521	110.726	75.0	945.0	10676.0	0.0
162831	35.163967	110.6708	75.0	945.666667	10670.667	-5.333
162851	35.175933	110.614833	75.333333	946.0	10668.0	-5.333
162911	35.188	110.5581	76.0	946.0	10668.0	0.0
162931	35.199733	110.503233	76.0	945.333333	10668.0	0.0
162951	35.2114	110.4484	76.0	944.333333	10668.0	0.0
163011	35.223	110.3936	76.0	943.0	10668.0	0.0
163031	35.2348	110.337933	76.0	939.666667	10668.0	0.0
163051	35.246467	110.2828	76.0	937.666667	10668.0	2.667
163111	35.258	110.2282	76.0	937.0	10668.0	8.0
163131	35.269871	110.171942	76.0	935.709677	10673.161	2.839
163151	35.28156	110.11622	76.0	934.4	10673.6	-4.5
163211	35.293027	110.061153	76.0	933.066667	10668.267	-14.5
163231	35.304557	110.005897	76.0	933.0	10662.933	-10.567
163251	35.316068	109.950619	76.0	933.0	10660.0	-5.677
163311	35.327552	109.895329	76.0	933.0	10660.0	-0.516
163331	35.3389	109.84048	76.0	934.2	10660.0	4.8
163351	35.350393	109.78488	76.0	935.0	10662.133	8.0
163411	35.362127	109.72808	76.0	935.0	10667.467	8.0
163431	35.373287	109.673452	76.0	935.0	10668.0	3.355
163451	35.384537	109.618407	76.0	935.466667	10668.0	0.0
163511	35.39607	109.56214	76.0	936.8	10668.0	0.0
163531	35.40749	109.506213	76.0	937.566667	10668.0	0.0
163551	35.418784	109.450706	76.0	938.0	10668.0	0.0
163611	35.429881	109.395868	76.0	938.0	10668.0	0.0
163631	35.441081	109.340306	76.0	939.548387	10668.0	4.129
163651	35.4523	109.284667	76.0	941.333333	10669.333	8.0
163711	35.4635	109.229333	76.0	942.666667	10674.667	8.0
163731	35.4748	109.17335	76.0	943.0	10676.0	0.0
163751	35.486083	109.117167	76.0	943.0	10674.667	-8.0
163811	35.497217	109.061033	76.0	943.0	10669.333	-8.0
163831	35.508371	109.004952	76.483871	943.0	10668.0	-4.129
163851	35.519473	108.949073	76.866667	943.266667	10668.0	0.0
163911	35.53034	108.89394	76.2	944.6	10668.0	0.0
163931	35.54158	108.836893	76.466667	945.466667	10668.0	0.0
163951	35.55286	108.7796	77.0	946.266667	10668.0	0.0
164011	35.56366	108.7246	77.0	947.6	10668.0	0.0
164031	35.574787	108.66764	77.0	947.066667	10668.0	0.0
164051	35.58595	108.610375	77.0	945.875	10668.0	0.0
164111	35.5967	108.55525	77.0	945.25	10668.0	0.0
164131	35.60728	108.50076	77.0	945.0	10668.0	0.0
164151	35.617827	108.446307	77.0	945.0	10668.0	0.0
164211	35.629093	108.388373	77.0	945.0	10668.0	0.0
164231	35.63996	108.33208	77.0	945.4	10668.0	0.0
164251	35.650593	108.276707	77.0	946.0	10668.0	0.0
164311	35.661527	108.219773	77.0	946.0	10668.0	0.0
164331	35.67226	108.16368	77.0	946.0	10668.0	-3.2
164351	35.68286	108.108107	77.0	946.466667	10667.467	-7.467
164411	35.69346	108.052173	77.0	951.133333	10662.133	-2.133
164431	35.70442	107.99452	77.0	951.8	10663.2	3.2
164451	35.71554	107.936087	77.0	950.2	10668.0	8.0
164511	35.72594	107.880953	77.0	952.2	10668.0	8.0
164531	35.73658	107.82454	77.0	953.0	10671.2	8.0
164551	35.74736	107.7673	77.0	952.8	10676.0	7.467
164611	35.75796	107.7103	77.0	950.8	10676.0	2.133
164631	35.768587	107.653242	77.0	951.16129	10676.0	-3.097
164651	35.779227	107.59616	77.0	953.033333	10675.733	-8.0
164711	35.78976	107.53936	77.0	953.7	10670.4	-8.0
164731	35.800367	107.482193	77.0	954.733333	10668.0	-5.067
164751	35.81103	107.424718	77.0	956.0	10668.0	0.0
164811	35.821636	107.367082	77.0	956.0	10668.0	0.0
164831	35.832181	107.309765	77.0	956.516129	10668.0	0.0
164851	35.842632	107.252926	77.0	957.806452	10668.0	0.0
164911	35.852983	107.19612	77.0	958.0	10668.0	0.0
164931	35.863363	107.139157	77.0	957.066667	10668.0	-1.867
164951	35.87383	107.08189	77.0	954.4	10668.0	-7.2
165011	35.88407	107.025417	77.566667	955.133333	10663.467	-8.0
165031	35.894363	106.968313	78.0	956.466667	10660.0	-4.267
165051	35.90483	106.90978	78.0	957.8	10660.0	6.4
165111	35.915297	106.85153	78.0	956.866667	10664.533	11.967
165131	35.92567	106.793773	78.0	956.466667	10669.867	13.367
165151	35.93587	106.73684	78.0	957.8	10675.2	8.7
165211	35.946127	106.679283	78.0	958.0	10676.0	-1.067
165231	35.9563	106.621906	78.0	958.677419	10674.194	-6.194
165251	35.9663	106.565068	78.0	960.612903	10669.032	-1.032
165311	35.97662	106.5065	78.0	959.933333	10672.267	4.267
165331	35.98698	106.44768	78.0	959.0	10676.0	4.8
165351	35.997247	106.38928	78.0	959.0	10676.0	-5.867
165411	36.007087	106.332907	78.0	959.0	10671.733	-8.0
165431	36.01692	106.27638	78.0	959.0	10668.0	-8.0
165451	36.026987	106.218313	78.0	959.0	10668.0	-8.0
165511	36.037155	106.159268	78.0	960.032258	10663.871	-8.0
165531	36.047283	106.10035	78.0	961.0	10660.0	-5.333
165551	36.057217	106.04255	78.0	961.0	10660.0	5.333
165611	36.06705	105.98525	78.0	960.0	10664.0	8.0
165631	36.076833	105.928067	78.0	959.0	10668.0	6.667
165651	36.086567	105.870733	78.0	959.0	10668.0	1.333
165711	36.096403	105.812755	78.0	958.516129	10668.0	0.0
165731	36.106207	105.754947	78.0	958.0	10668.0	-1.067
165751	36.11574	105.69868	78.0	958.0	10668.0	-6.4
165811	36.125367	105.641573	78.0	957.066667	10664.267	-4.267
165831	36.134967	105.584387	78.0	955.2	10661.067	1.067
165851	36.1443	105.52832	78.0	951.2	10666.4	6.4
165911	36.154007	105.47034	78.0	946.733333	10668.0	8.0
165931	36.163847	105.411527	78.133333	943.266667	10669.067	6.933
165951	36.17358	105.35266	78.8	944.6	10674.4	1.6
170011	36.18308	105.295193	79.0	947.333333	10672.267	-3.733
170031	36.192467	105.23838	79.0	950.0	10668.0	-6.933
170051	36.2018	105.18178	79.0	950.0	10668.0	-1.6
170111	36.21118	105.124433	79.0	950.0	10668.0	0.0
170131	36.220607	105.066567	79.0	950.4	10668.0	0.0
170151	36.23014	105.0079	79.0	952.4	10668.0	0.0
170211	36.23958	104.949933	79.0	955.333333	10668.0	0.0
170231	36.24894	104.892293	79.0	958.133333	10668.0	0.0
170251	36.25814	104.83476	79.0	958.8	10668.0	0.0
170311	36.267494	104.776087	79.0	960.354839	10668.0	3.613
170331	36.2769	104.71707	79.0	962.0	10668.8	7.2
170351	36.286233	104.65887	79.0	962.0	10674.133	1.867
170411	36.295307	104.602057	79.0	963.733333	10672.533	-3.467
170431	36.30429	104.54563	79.0	966.0	10668.0	-7.2
170451	36.313557	104.487163	79.0	966.0	10668.0	-1.867
170511	36.32304	104.427007	79.0	966.433333	10668.0	0.0
170531	36.3326	104.36619	79.0	967.2	10668.0	0.0
170551	36.341933	104.30679	79.0	968.533333	10668.0	0.0
170611	36.350877	104.24947	79.0	969.0	10668.0	-3.467
170631	36.35966	104.19296	79.0	969.1	10667.2	-8.0
170651	36.368727	104.134693	79.0	969.766667	10661.867	-8.0
170711	36.37775	104.076513	79.0	970.0	10660.0	-4.533
170731	36.38678	104.01802	79.0	970.2	10660.0	0.8
170751	36.39598	103.957487	79.0	971.533333	10660.0	6.133
170811	36.40492	103.898817	79.0	972.0	10663.467	8.0
170831	36.41378	103.84067	79.0	972.0	10668.0	7.2
170851	36.42298	103.779803	79.0	972.0	10668.0	1.867
170911	36.431833	103.721233	79.0	972.866667	10668.0	0.0
170931	36.44054	103.66357	79.1	974.4	10668.0	0.0
170951	36.449473	103.604037	79.766667	977.066667	10668.0	0.0
171011	36.458537	103.54342	80.0	978.0	10668.0	0.0
171031	36.46762	103.48254	80.0	978.0	10668.0	0.0
171051	36.47642	103.423473	80.0	978.0	10668.0	0.0
171111	36.485263	103.36393	80.0	978.0	10668.0	0.0
171131	36.49412	103.30414	80.0	977.7	10668.0	0.0
171151	36.50292	103.244407	80.0	975.7	10668.0	0.0
171211	36.511503	103.18567	80.0	975.0	10668.0	0.0
171231	36.52002	103.12709	80.0	975.0	10668.0	0.0
171251	36.52882	103.066357	80.0	975.0	10668.0	0.0
171311	36.53736	103.00701	80.0	976.3	10668.0	0.0
171331	36.545777	102.948306	80.0	978.193548	10668.0	0.0
171351	36.554294	102.889016	80.0	979.483871	10668.0	0.0
171411	36.56282	102.82934	80.0	980.8	10668.0	0.0
171431	36.571353	102.769433	80.0	982.066667	10668.0	0.0
171451	36.579887	102.709767	80.0	982.733333	10668.0	0.0
171511	36.58855	102.648588	80.0	984.5	10668.0	2.625
171531	36.5973	102.5864	80.0	987.0	10668.0	7.0
171551	36.605767	102.526267	80.0	987.0	10673.333	7.667
171611	36.614267	102.465567	80.0	988.0	10676.0	5.333
171631	36.6228	102.4043	80.0	990.0	10676.0	0.0
171651	36.631133	102.344433	80.0	990.0	10676.0	-5.333
171711	36.639433	102.2844	80.0	990.333333	10673.333	-8.0
171731	36.6477	102.2242	80.0	991.0	10668.0	-8.0
171751	36.656167	102.1626	80.0	991.0	10668.0	-2.667
171811	36.664567	102.1014	80.0	991.0	10668.0	0.0
171831	36.6729	102.0406	80.0	991.0	10668.0	0.0
171851	36.681094	101.980148	80.645161	990.354839	10668.0	-5.161
171911	36.68929	101.9196	81.0	990.3	10665.6	-5.6
171931	36.69749	101.858933	81.0	990.966667	10660.267	-0.267
171951	36.705373	101.799597	81.0	991.0	10665.067	5.067
172011	36.7133	101.74	81.0	991.580645	10668.0	5.677
172031	36.7213	101.68	81.0	992.870968	10668.0	0.516
172051	36.72948	101.61814	81.0	994.2	10668.0	4.8
172111	36.7376	101.556607	81.0	995.0	10670.133	5.867
172131	36.7456	101.495873	81.0	995.0	10675.467	0.533
172151	36.753491	101.436236	81.0	995.545455	10671.636	-3.818
172211	36.761416	101.376019	81.0	996.0	10668.0	-4.581
172231	36.769481	101.313697	81.0	996.0	10668.0	5.097
172251	36.777453	101.251647	81.0	996.0	10671.733	8.0
172311	36.785293	101.190553	81.0	996.266667	10676.0	6.933
172331	36.79276	101.13282	81.0	997.6	10676.0	1.6
172351	36.8006	101.071447	81.0	996.6	10676.0	-3.733
172411	36.808587	101.008687	81.0	995.0	10674.933	-8.0
172431	36.81652	100.94662	81.0	995.0	10669.6	-8.0
172451	36.824033	100.8867	81.0	994.066667	10668.0	-7.533
172511	36.831425	100.827337	81.0	992.75	10667.0	-7.0
172531	36.83905	100.766525	81.0	991.5	10662.0	-7.0
172551	36.84682	100.70428	81.0	991.0	10660.0	-4.2
172611	36.85462	100.641573	81.0	990.733333	10660.0	0.533
172631	36.86182	100.583307	81.0	988.066667	10660.0	5.867
172651	36.8691	100.52404	81.0	987.0	10663.2	8.0
172711	36.876453	100.463913	81.0	986.866667	10668.0	7.467
172731	36.883987	100.402047	81.0	985.533333	10668.0	2.133
172751	36.8914	100.34106	81.4	985.0	10668.0	0.0
172811	36.898727	100.280613	82.0	985.0	10668.0	0.0
172831	36.905993	100.219747	82.0	985.0	10668.0	0.0
172851	36.91318	100.15944	82.0	985.0	10668.0	0.0
172911	36.920333	100.09936	82.0	984.866667	10668.0	0.0
172931	36.927667	100.03796	82.0	983.533333	10668.0	0.0
172951	36.93496	99.97652	82.0	983.0	10668.0	0.0
173011	36.94218	99.91536	82.0	983.0	10668.0	0.0
173031	36.94898	99.85696	82.0	983.0	10668.0	0.0
173051	36.95602	99.79632	82.0	983.0	10668.0	0.0
173111	36.96318	99.734487	82.0	982.933333	10668.0	0.0
173131	36.96998	99.675353	82.0	982.266667	10668.0	0.0
173151	36.97694	99.61502	82.0	982.0	10668.0	0.0
173211	36.984	99.553873	82.0	982.066667	10668.0	0.533
173231	36.991	99.492607	82.0	982.733333	10668.0	5.867
173251	36.99788	99.43182	82.0	983.0	10671.2	8.0
173311	37.00468	99.371333	82.0	983.133333	10676.0	7.467
173331	37.01148	99.310667	82.0	984.466667	10676.0	2.133
173351	37.0184	99.24888	82.0	985.0	10676.0	-3.2
173411	37.025327	99.186873	82.0	984.866667	10675.467	-8.0
173431	37.031593	99.129607	82.0	983.533333	10670.133	-8.0
173451	37.0383	99.0685	82.0	982.6	10668.0	-4.8
173511	37.045267	99.005107	82.0	982.0	10668.0	0.0
173531	37.051933	98.944173	82.0	982.0	10668.0	0.0
173551	37.05848	98.88408	82.0	982.4	10668.0	0.0
173611	37.064967	98.824293	82.0	983.0	10668.0	0.0
173631	37.071633	98.762227	82.0	983.0	10668.0	0.0
173651	37.07802	98.70228	82.0	983.8	10668.0	0.0
173711	37.084247	98.643493	82.0	985.133333	10668.0	0.0
173731	37.090713	98.582427	82.0	986.466667	10668.0	0.0
173751	37.09722	98.52084	82.4	987.0	10668.0	3.2
173811	37.103727	98.459107	83.0	987.0	10668.533	8.0
173831	37.109993	98.399173	83.0	987.0	10673.867	8.0
173851	37.116294	98.33831	83.0	986.225806	10676.0	1.806
173911	37.12261	98.276887	83.0	985.066667	10675.733	-8.0
173931	37.12881	98.21662	83.0	986.4	10670.4	-8.0
173951	37.135047	98.155987	83.0	987.0	10668.0	-5.067
174011	37.141313	98.09499	83.0	987.0	10668.0	0.0
174031	37.14758	98.03279	83.0	987.0	10668.0	0.0
174051	37.153773	97.97114	83.0	987.0	10668.0	0.0
174111	37.159903	97.909942	83.0	986.935484	10668.0	-0.258
174131	37.165968	97.848781	83.0	985.645161	10668.0	-5.419
174151	37.172067	97.7874	83.0	985.666667	10665.333	-5.333
174211	37.1782	97.7258	83.0	987.0	10660.0	0.0
174231	37.184	97.666067	83.0	987.0	10665.333	5.333
174251	37.189867	97.6057	83.0	987.0	10668.0	5.333
174311	37.1958	97.5447	83.0	987.0	10668.0	0.0
174331	37.201733	97.4833	83.0	989.0	10668.0	0.0
174351	37.207667	97.421233	83.0	990.333333	10668.0	0.0
174411	37.2136	97.3585	83.0	991.0	10668.0	0.0
174431	37.219535	97.296242	83.0	991.0	10668.0	5.161
174451	37.22532	97.235	83.0	991.0	10670.4	8.0
174511	37.23092	97.175	83.0	991.0	10675.733	8.0
174531	37.23652	97.115	83.0	991.0	10676.0	2.933
174551	37.24227	97.05341	83.0	991.0	10676.0	0.0
174611	37.248203	96.989877	83.0	991.0	10676.0	0.0
174631	37.253757	96.92856	83.633333	988.466667	10676.0	-5.067
174651	37.25929	96.86769	84.0	986.4	10673.6	-8.0
174711	37.264823	96.807223	84.0	985.066667	10668.267	-8.0
174731	37.27023	96.746883	84.0	986.266667	10668.0	-8.0
174751	37.27569	96.6855	84.0	987.0	10665.6	-8.0
174811	37.281223	96.622833	84.0	987.0	10660.267	-8.0
174831	37.28663	96.56194	84.0	988.9	10660.0	-2.933
174851	37.29206	96.50057	84.0	990.3	10660.0	2.4
174911	37.297527	96.438503	84.0	990.966667	10660.0	7.733
174931	37.302867	96.376627	84.0	992.266667	10665.067	12.433
174951	37.30817	96.31491	84.0	993.6	10670.4	12.9
175011	37.313437	96.253377	84.0	994.933333	10675.733	8.233
175031	37.318767	96.19121	84.0	995.633333	10676.0	2.933
175051	37.3241	96.12859	84.0	995.7	10676.0	0.0
175111	37.329433	96.065457	84.0	995.033333	10676.0	0.0
175131	37.334577	96.003843	84.0	993.733333	10676.0	0.0
175151	37.33962	95.94306	84.0	992.4	10676.0	0.0
175211	37.344553	95.883193	84.0	991.066667	10676.0	0.0
175231	37.34974	95.82016	84.0	988.466667	10676.0	-5.067
175251	37.35482	95.75801	84.0	987.0	10673.6	-8.0
175311	37.359753	95.697143	84.0	987.0	10668.267	-8.0
175331	37.364687	95.635897	84.0	984.466667	10668.0	-8.0
175351	37.36956	95.57499	84.0	983.0	10665.6	-8.0
175411	37.37436	95.514523	84.0	983.0	10660.267	-8.0
175431	37.379287	95.451967	84.0	983.0	10660.0	-2.933
175451	37.38416	95.38972	84.3	983.0	10660.0	0.0
175511	37.38896	95.327987	84.966667	983.0	10660.0	0.0
175531	37.393633	95.267203	85.0	984.266667	10660.0	0.0
175551	37.3983	95.20623	85.0	984.4	10660.0	0.0
175611	37.402967	95.144963	85.0	983.066667	10660.0	0.0
175631	37.407633	95.083317	85.0	984.266667	10660.0	5.067
175651	37.41227	95.02168	85.0	985.0	10662.4	8.0
175711	37.41687	94.96008	85.0	985.0	10667.733	8.0
175731	37.421635	94.896752	85.0	986.225806	10668.0	3.097
175751	37.426233	94.835047	85.0	987.0	10668.0	0.0
175811	37.430567	94.775913	85.0	987.0	10668.0	0.0
175831	37.43502	94.71438	85.0	987.0	10668.0	0.0
175851	37.43946	94.65258	85.0	986.466667	10668.0	0.0
175911	37.44386	94.59078	85.0	985.133333	10668.0	0.0
175931	37.44814	94.53012	85.0	985.0	10668.0	0.0
175951	37.452407	94.469587	85.0	985.0	10668.0	0.0
180011	37.456673	94.409053	85.0	985.0	10668.0	0.0
180031	37.46118	94.34456	85.0	985.0	10668.0	0.0
180051	37.465527	94.282	85.0	985.0	10668.0	2.133
180111	37.469593	94.223	85.0	985.0	10668.0	7.467
180131	37.47366	94.16244	85.0	985.0	10672.8	8.0
180151	37.477807	94.10048	85.0	985.533333	10676.0	3.733
180211	37.482073	94.03668	85.0	986.866667	10676.0	-6.933
180231	37.48616	93.97486	85.0	987.0	10671.2	-8.0
180251	37.490173	93.91342	85.0	987.0	10668.0	-5.867
180311	37.494107	93.85222	85.0	987.0	10668.0	-0.533
180331	37.49816	93.78982	85.0	987.0	10668.0	0.0
180351	37.5022	93.727367	85.0	987.8	10668.0	0.0
180411	37.5062	93.665033	85.0	989.8	10668.0	0.0
180431	37.51008	93.60372	85.6	990.0	10668.0	0.0
180451	37.513973	93.541933	86.0	990.0	10668.0	0.0
180511	37.517907	93.479267	86.0	990.0	10668.0	0.0
180531	37.5216	93.41936	86.0	990.0	10668.0	0.0
180551	37.525267	93.359093	86.0	990.0	10668.0	8.0
180611	37.528933	93.297827	86.0	990.0	10668.0	28.0
180631	37.53254	93.2371	86.0	990.0	10686.0	99.0
180651	37.53622	93.1751	86.0	988.666667	10728.667	165.267
180711	37.54002	93.1111	86.0	985.333333	10805.333	215.933
180731	37.54358	93.04998	86.0	985.0	10876.6	223.4
180751	37.547068	92.989423	86.0	984.225806	10950.484	226.806
180811	37.550487	92.929229	86.0	982.290323	11029.194	231.323
180831	37.55406	92.866423	86.0	979.733333	11106.167	208.767
180851	37.55759	92.804067	86.0	978.0	11173.733	174.9
180911	37.56099	92.7434	86.0	978.0	11224.4	128.9
180931	37.56456	92.679673	86.0	980.266667	11258.067	77.8
180951	37.568024	92.617218	86.0	981.575758	11278.0	34.667
181011	37.571236	92.558127	86.0	980.363636	11278.0	8.0
181031	37.574503	92.496639	86.0	980.0	11278.0	0.0
181051	37.57777	92.43464	86.0	979.8	11278.0	0.0
181111	37.580903	92.375573	86.0	978.466667	11278.0	0.0
181131	37.584123	92.314123	86.0	975.4	11278.0	-3.467
181151	37.58737	92.25172	86.0	972.0	11277.2	-8.7
181211	37.590503	92.191187	86.0	972.0	11271.867	-13.367
181231	37.593529	92.130539	86.0	972.83871	11266.645	-11.645
181251	37.596516	92.069513	86.064516	974.064516	11262.0	-6.097
181311	37.599677	92.005642	86.709677	974.709677	11262.0	2.935
181331	37.602647	91.944691	87.0	976.03125	11264.75	9.75
181351	37.605459	91.886128	87.0	977.90625	11269.75	14.75
181411	37.608481	91.823013	87.0	979.225806	11274.903	15.0
181431	37.611447	91.76052	87.0	980.0	11279.867	13.133
181451	37.614313	91.69932	87.0	980.0	11284.533	8.467
181511	37.61718	91.63788	87.0	980.0	11285.0	3.2
181531	37.62002	91.575827	87.0	980.0	11285.0	-2.133
181551	37.62282	91.512893	87.0	980.0	11285.0	-7.467
181611	37.62562	91.45176	87.0	980.0	11280.8	-8.0
181631	37.628367	91.390827	87.0	980.533333	11278.0	-5.867
181651	37.631033	91.329893	87.0	981.866667	11278.0	-0.533
181711	37.63358	91.2707	87.0	982.6	11278.0	-4.8
181731	37.63622	91.209247	87.0	983.533333	11275.867	-5.867
181751	37.63902	91.144113	87.0	984.866667	11270.533	-0.533
181811	37.641506	91.084471	87.0	986.16129	11274.645	8.71
181831	37.643987	91.02412	87.0	987.7	11279.633	13.367
181851	37.64652	90.96132	87.0	989.7	11284.3	8.7
181911	37.649053	90.897613	87.0	990.566667	11285.0	3.467
181931	37.65154	90.834867	87.0	991.466667	11285.0	0.0
181951	37.65394	90.7742	87.0	992.8	11285.0	0.0
182011	37.65634	90.711323	87.0	993.0	11285.0	0.0
182031	37.65874	90.648103	87.0	993.0	11285.0	0.0
182051	37.66114	90.58497	87.0	993.0	11285.0	0.0
182111	37.663427	90.52314	87.0	994.133333	11285.0	0.0
182131	37.665693	90.460957	87.0	995.0	11285.0	0.0
182151	37.66796	90.39769	87.0	995.0	11285.0	0.0
182211	37.671322	90.3406	85.111111	990.277778	11285.0	-8.5
182231	37.67853	90.27966	81.2	984.933333	11280.567	-9.0
182251	37.687526	90.219047	77.578947	978.684211	11278.0	-4.737
182311	37.700533	90.1589	74.0	970.666667	11278.0	-2.667
182331	37.7156	90.0985	70.0	962.0	11278.0	-8.0
182351	37.7324	90.0429	69.333333	961.333333	11272.667	-8.0
182411	37.749233	89.987267	69.0	961.0	11270.0	-2.667
182431	37.7661	89.9316	69.0	961.0	11270.0	8.0
182451	37.783233	89.875	69.0	961.666667	11275.333	8.0
182511	37.800333	89.818333	69.0	963.333333	11278.0	8.0
182531	37.8174	89.7616	69.0	966.0	11278.0	8.0
182551	37.834267	89.7054	69.0	963.333333	11282.667	8.0
182611	37.851267	89.648733	69.0	962.0	11285.0	2.667
182631	37.8684	89.5916	69.0	962.0	11285.0	-8.0
182651	37.885667	89.533867	69.0	961.333333	11280.333	-8.0
182711	37.902933	89.476133	69.0	960.333333	11278.0	-5.333
182731	37.9202	89.4184	69.0	959.0	11278.0	0.0
182751	37.9364	89.3638	69.666667	960.333333	11278.0	-5.333
182811	37.953267	89.306933	70.0	961.0	11275.333	-8.0
182831	37.9708	89.2478	70.0	961.0	11270.0	-8.0
182851	37.9874	89.191667	70.0	961.0	11270.0	2.667
182911	38.004	89.135433	70.0	961.333333	11272.667	8.0
182931	38.0206	89.0791	70.0	962.0	11278.0	8.0
182951	38.037867	89.020233	70.0	962.0	11278.0	2.667
183011	38.054867	88.962267	70.0	963.333333	11278.0	0.0
183031	38.0716	88.9052	70.0	966.0	11278.0	0.0
183051	38.087084	88.852103	70.0	966.0	11278.0	0.0
183111	38.103323	88.796365	70.0	966.870968	11278.0	2.323
183131	38.120484	88.737397	70.0	968.806452	11278.0	7.484
183151	38.13708	88.68008	70.0	969.0	11282.2	3.2
183211	38.15372	88.6226	70.0	968.466667	11283.133	-2.133
183231	38.17052	88.5646	70.0	967.133333	11278.467	-7.467
183251	38.18684	88.50798	70.0	968.2	11278.0	1.6
183311	38.20316	88.45114	70.0	969.0	11279.867	8.0
183331	38.21956	88.39374	70.0	969.0	11284.533	8.0
183351	38.2368	88.33382	70.0	969.0	11285.0	3.2
183411	38.253627	88.275167	70.0	968.2	11285.0	-2.133
183431	38.269693	88.218833	70.0	966.2	11285.0	-7.467
183451	38.28552	88.16328	70.0	966.0	11280.8	-8.0
183511	38.30164	88.106613	70.0	964.933333	11278.0	-5.867
183531	38.31824	88.048147	70.0	962.266667	11278.0	-0.533
183551	38.33454	87.99058	70.0	961.4	11278.0	-4.8
183611	38.350807	87.932953	70.0	961.0	11275.867	-8.0
183631	38.367073	87.875087	70.0	961.0	11270.533	-8.0
183651	38.38358	87.81638	70.0	961.6	11270.0	-3.2
183711	38.39974	87.758673	70.266667	963.066667	11270.0	2.133
183731	38.41534	87.702607	70.933333	965.733333	11270.0	7.467
183751	38.4316	87.64426	71.0	966.0	11274.8	8.0
183811	38.447747	87.58638	71.0	966.0	11278.0	8.0
183831	38.463613	87.52958	71.0	966.0	11278.0	8.0
183851	38.4796	87.4717	71.0	966.0	11282.2	3.2
183911	38.49552	87.414073	71.0	964.666667	11283.133	-2.133
183931	38.51132	87.357007	71.0	961.333333	11278.467	-7.467
183951	38.52748	87.29826	71.0	961.0	11278.0	-3.2
184011	38.543493	87.23994	71.0	961.266667	11278.0	0.0
184031	38.559227	87.18254	71.0	961.933333	11278.0	0.0
184051	38.57532	87.12388	71.0	962.0	11278.0	0.0
184111	38.59116	87.065907	71.0	962.0	11278.0	0.0
184131	38.60656	87.009173	71.0	962.0	11278.0	0.0
184151	38.62232	86.95118	71.0	962.0	11278.0	0.0
184211	38.637987	86.893447	71.0	962.0	11278.0	0.0
184231	38.653453	86.836313	71.0	962.0	11278.0	0.0
184251	38.66952	86.77684	71.0	962.0	11278.0	0.0
184311	38.685333	86.71812	71.0	961.733333	11278.0	0.0
184331	38.700667	86.66092	71.0	961.066667	11278.0	0.0
184351	38.71612	86.60324	71.0	964.0	11278.0	0.0
184411	38.731587	86.54556	70.733333	964.933333	11278.0	0.0
184431	38.747053	86.48796	70.066667	962.266667	11278.0	0.0
184451	38.766474	86.430419	67.488372	956.976744	11278.0	2.512
184511	38.786335	86.372884	64.697674	951.395349	11278.0	5.302
184531	38.8064	86.31885	64.0	950.0	11281.5	3.0
184551	38.826733	86.265517	64.0	950.0	11283.833	-1.333
184611	38.847667	86.210783	64.0	950.0	11279.167	-6.667
184631	38.8679	86.15775	64.0	950.0	11278.0	-4.0
184651	38.888133	86.1047	64.0	950.0	11278.0	0.0
184711	38.909067	86.0499	64.0	950.0	11278.0	0.0
184731	38.92995	85.99495	64.0	950.0	11278.0	0.0
184751	38.950717	85.9402	64.0	949.666667	11278.0	0.0
184811	38.971183	85.8862	64.0	948.333333	11278.0	0.0
184831	38.9926	85.82945	64.0	949.0	11278.0	0.0
184851	39.01385	85.773017	64.0	950.0	11278.0	0.0
184911	39.03365	85.720283	64.0	950.0	11278.0	0.0
184931	39.0542	85.66575	64.0	949.0	11278.0	4.0
184951	39.075033	85.6104	64.0	948.333333	11279.167	6.667
185011	39.095967	85.5544	64.0	949.666667	11283.833	1.333
185031	39.116055	85.500577	64.483871	950.0	11281.613	-3.871
185051	39.1361	85.44678	64.866667	950.4	11278.0	-6.933
185111	39.1571	85.39018	64.2	952.4	11278.0	-1.6
185131	39.177581	85.335084	64.451613	951.645161	11278.0	0.0
185151	39.19795	85.28031	65.0	950.3	11278.0	-0.8
185211	39.21895	85.22371	65.0	952.3	11278.0	-6.133
185231	39.23904	85.169233	65.0	953.433333	11274.533	-4.533
185251	39.25876	85.11562	65.0	954.2	11270.8	0.8
185311	39.27916	85.06042	65.0	955.533333	11276.133	6.133
185331	39.299733	85.004527	65.0	956.866667	11278.0	8.0
185351	39.32041	84.94822	65.0	958.0	11278.7	8.0
185411	39.341143	84.891687	65.0	958.0	11283.367	8.0
185431	39.361443	84.83615	65.0	958.433333	11285.0	1.067
185451	39.38148	84.78118	65.0	959.0	11284.3	-8.0
185511	39.401347	84.72638	65.0	959.0	11279.633	-8.0
185531	39.422297	84.668763	65.0	959.866667	11278.0	-4.533
185551	39.44358	84.61028	65.0	961.1	11278.0	0.8
185611	39.463447	84.55548	65.0	961.766667	11278.0	6.133
185631	39.483833	84.499077	65.0	961.566667	11281.033	4.533
185651	39.50428	84.44238	65.0	961.1	11284.3	0.0
185711	39.52348	84.388913	65.0	961.766667	11279.633	0.0
185731	39.544023	84.33172	65.0	961.566667	11281.033	0.0
185751	39.56511	84.27303	65.0	961.0	11284.3	-0.8
185811	39.585177	84.21723	65.0	961.0	11279.633	-6.133
185831	39.60507	84.161473	65.0	961.433333	11278.0	-4.533
185851	39.624919	84.105623	65.0	961.903226	11278.0	0.774
185911	39.645048	84.049106	65.0	961.258065	11278.0	5.935
185931	39.66522	83.99218	65.0	960.2	11280.8	8.0
185951	39.6854	83.935048	65.0	958.935484	11285.0	6.968
190011	39.7054	83.878532	65.0	958.290323	11285.0	-3.355
190031	39.72485	83.823473	65.0	957.266667	11282.433	-8.0
190051	39.74391	83.769433	65.033333	955.933333	11278.0	-7.467
190111	39.76411	83.7121	65.7	954.6	11278.0	3.2
190131	39.783723	83.655683	66.366667	952.533333	11280.567	5.067
190151	39.8028	83.599963	67.033333	950.0	11284.767	-0.267
190211	39.8208	83.54323	67.7	950.0	11280.1	-5.6
190231	39.8388	83.486423	68.0	950.0	11278.0	-8.0
190251	39.85684	83.429447	68.0	949.933333	11277.733	-8.0
190311	39.87564	83.37038	68.0	948.6	11272.4	-8.0
190331	39.89367	83.313807	68.0	948.0	11270.0	-5.067
190351	39.911113	83.259107	68.0	948.066667	11270.0	0.267
190411	39.92938	83.20124	68.0	949.4	11270.0	5.6
190431	39.947207	83.144803	68.0	950.0	11272.933	8.0
190451	39.964747	83.089303	68.0	950.0	11278.0	7.733
190511	39.98368	83.02937	68.0	950.0	11278.0	2.4
190531	40.00188	82.971747	68.0	949.266667	11278.0	2.933
190551	40.019497	82.915923	68.0	948.0	11278.233	7.733
190611	40.03743	82.85839	68.0	948.0	11282.9	2.4
190631	40.055363	82.80104	68.0	947.266667	11282.433	-5.5
190651	40.073257	82.743927	68.0	946.133333	11277.733	-15.0
190711	40.09039	82.68846	68.0	948.8	11272.4	-15.0
190731	40.108257	82.630647	68.0	951.466667	11267.067	-12.433
190751	40.12667	82.571083	68.0	954.166667	11262.0	-7.467
190811	40.14407	82.51475	68.0	957.5	11262.0	3.2
190831	40.161983	82.456657	68.0	961.566667	11264.933	10.567
190851	40.180303	82.397153	68.0	966.133333	11270.267	15.0
190911	40.19837	82.33822	68.0	968.8	11275.6	15.0
190931	40.216327	82.279763	68.0	971.466667	11280.567	15.0
190951	40.2342	82.221633	68.0	974.033333	11285.267	14.767
191011	40.2522	82.1623	68.0	974.7	11290.6	10.1
191031	40.269687	82.1048	68.0	976.1	11293.0	5.067
191051	40.286857	82.04843	68.033333	978.066667	11293.0	0.0
191111	40.30599	81.98503	68.7	979.4	11293.0	0.0
191131	40.324207	81.9246	69.0	980.0	11293.0	0.0
191151	40.34171	81.86649	69.0	979.933333	11293.0	0.0
191211	40.35991	81.80629	69.0	978.6	11293.0	0.0
191231	40.377853	81.74675	69.0	976.9	11293.0	-5.5
191251	40.395583	81.68773	69.0	974.966667	11292.5	-15.0
191311	40.41325	81.62833	69.0	974.3	11282.5	-15.0
191331	40.430843	81.56937	69.0	973.266667	11278.0	-15.0
191351	40.4484	81.51066	69.0	971.933333	11277.467	-14.767
191411	40.4664	81.44986	69.0	970.6	11266.8	-10.1
191431	40.484217	81.389647	69.0	970.733333	11264.933	-2.133
191451	40.501843	81.33005	69.0	972.0	11270.0	7.467
191511	40.51871	81.27305	69.0	972.0	11270.0	-3.2
191531	40.536163	81.213923	69.0	972.0	11267.067	-2.133
191551	40.554013	81.153323	69.0	972.066667	11262.533	8.5
191611	40.57028	81.09779	69.0	973.4	11273.2	18.5
191631	40.58761	81.03848	69.0	974.0	11280.567	14.567
191651	40.605747	80.976287	69.0	973.933333	11284.767	-0.267
191711	40.62268	80.91802	69.0	972.6	11280.1	-5.6
191731	40.63998	80.858433	69.0	972.733333	11278.0	-8.0
191751	40.657553	80.797847	69.0	974.033333	11277.733	-8.0
191811	40.67462	80.73878	69.0	974.7	11272.4	-8.0
191831	40.691577	80.679897	69.0	976.833333	11270.0	-2.133
191851	40.70848	80.621047	69.0	980.066667	11270.267	8.233
191911	40.72608	80.55998	69.0	981.4	11275.6	12.9
191931	40.74533	80.49994	66.433333	985.3	11280.567	13.167
191951	40.766119	80.440844	61.875	991.25	11285.0	8.75
192011	40.7906	80.383983	60.0	995.0	11283.833	-10.833
192031	40.8154	80.327917	60.0	995.0	11279.167	-14.167
192051	40.84025	80.2716	60.0	996.5	11274.0	-7.5
192111	40.865283	80.214783	60.0	995.833333	11271.333	1.333
192131	40.890817	80.156717	60.0	987.166667	11276.667	6.667
192151	40.915	80.1017	60.0	980.0	11278.0	4.0
192211	40.938983	80.047	60.0	974.833333	11278.0	0.0
192231	40.963717	79.9902	60.0	974.166667	11278.0	0.0
192251	40.988	79.9345	60.0	974.0	11278.0	0.0
192311	41.01235	79.878979	59.375	976.291667	11278.0	0.0
192331	41.037656	79.82305	56.375	985.6875	11278.0	-0.5
192351	41.069821	79.772287	46.487179	996.25641	11276.974	-6.974
192411	41.105103	79.728236	44.435897	997.282051	11272.872	-2.872
192431	41.14084	79.68392	43.0	999.2	11271.6	1.6
192451	41.17764	79.638987	43.0	1003.2	11276.933	6.933
192511	41.214013	79.594533	43.0	1005.6	11278.0	11.733
192531	41.25062	79.54984	43.0	1007.8	11281.0	15.0
192551	41.28802	79.504307	43.0	1010.466667	11291.0	15.0
192611	41.325953	79.45824	42.466667	1013.133333	11293.0	7.0
192631	41.36372	79.4125	42.0	1015.0	11293.0	-1.6
192651	41.400787	79.367833	42.0	1015.0	11293.0	-6.933
192711	41.43828	79.322953	42.0	1016.066667	11288.733	-8.0
192731	41.47592	79.27784	42.0	1017.4	11285.0	-6.4
192751	41.513653	79.232307	42.0	1018.733333	11285.0	-1.067
192811	41.551387	79.186347	42.533333	1016.866667	11285.0	-4.8
192831	41.587591	79.139045	46.0	1012.545455	11283.091	-9.273
192851	41.6187	79.086736	56.363636	1003.636364	11278.0	-8.182
192911	41.642635	79.026082	67.941176	990.764706	11278.0	-1.529
192931	41.655611	78.966147	76.842105	970.578947	11275.895	-9.579
192951	41.662414	78.904014	82.954545	957.863636	11271.091	0.818
193011	41.664459	78.842059	86.136364	947.409091	11274.727	3.545
193031	41.666407	78.779887	89.0	936.866667	11278.0	3.067
193051	41.667473	78.715753	89.0	925.533333	11278.0	-26.267
193111	41.66846	78.65354	89.0	919.4	11262.8	-90.0
193131	41.669387	78.592653	89.0	915.6	11231.333	-174.6
193151	41.670253	78.532187	89.0	901.6	11144.667	-240.6
193211	41.671	78.47296	89.0	892.8	11055.2	-273.0
193231	41.671673	78.41448	89.0	888.533333	10963.333	-282.533
193251	41.672407	78.35528	89.0	893.866667	10866.667	-287.867
193311	41.67306	78.29592	89.0	900.8	10770.0	-290.0
193331	41.67366	78.236233	89.0	908.733333	10673.333	-290.0
193351	41.67426	78.174567	89.0	916.066667	10576.667	-290.0
193411	41.67482	78.11326	89.0	923.0	10480.4	-292.8
193431	41.67536	78.051993	89.0	928.733333	10383.8	-297.0
193451	41.67596	77.988927	89.0	926.066667	10281.8	-297.0
193511	41.67644	77.92726	89.0	923.8	10183.4	-294.2
193531	41.676847	77.86658	89.066667	921.8	10087.333	-289.467
193551	41.677313	77.80638	89.733333	919.8	9990.667	-284.133
193611	41.6777	77.74434	90.0	918.2	9897.2	-282.0
193631	41.678027	77.681313	90.0	917.466667	9805.333	-283.0
193651	41.678293	77.620447	90.0	922.133333	9708.667	-293.0
193711	41.67852	77.5595	90.0	926.0	9608.8	-266.6
193731	41.67872	77.498273	90.0	929.2	9512.467	-210.867
193751	41.67892	77.435007	90.0	931.2	9467.133	-109.533
193811	41.67904	77.37306	90.0	934.4	9449.0	-41.4
193831	41.678932	77.311996	90.32	937.28	9449.0	0.0
193851	41.677252	77.250956	93.52	930.08	9449.0	0.0
193911	41.671843	77.18944	97.4	919.366667	9449.0	-17.567
193931	41.664042	77.129116	101.302326	908.744186	9442.814	-54.279
193951	41.653019	77.071163	105.023256	899.44186	9425.14	-120.791
194011	41.641244	77.013746	108.195122	889.756098	9390.902	-186.585
194031	41.626463	76.958478	109.170732	878.536585	9290.415	-249.512
194051	41.61168	76.90336	110.0	868.4	9189.8	-303.2
194111	41.59688	76.849093	110.0	864.4	9088.467	-304.533
194131	41.581993	76.79435	110.0	857.366667	8986.7	-298.5
194151	41.56721	76.73996	110.0	849.7	8886.3	-290.7
194211	41.553277	76.689027	110.0	847.7	8794.967	-295.367
194231	41.538867	76.636577	110.0	845.266667	8693.667	-300.467
194251	41.52426	76.58354	110.0	842.5	8588.5	-304.2
194311	41.509993	76.531807	110.0	839.166667	8491.833	-298.867
194331	41.49551	76.47951	110.0	836.266667	8392.133	-267.533
194351	41.48099	76.42726	110.0	833.0	8298.4	-213.7
194411	41.466923	76.376993	110.0	826.333333	8247.733	-111.7
194431	41.452467	76.32521	110.0	824.0	8230.0	-43.067
194451	41.43786	76.27284	110.0	824.3	8230.0	0.0
194511	41.423593	76.221773	110.0	826.3	8230.0	0.0
194531	41.40937	76.17088	110.0	823.533333	8230.0	0.0
194551	41.39516	76.12012	110.1	819.0	8230.0	0.0
194611	41.380893	76.069587	110.766667	819.0	8230.0	0.0
194631	41.366237	76.01771	111.0	820.3	8230.0	-3.467
194651	41.35153	75.96565	111.0	821.7	8229.2	-21.7
194711	41.33773	75.91665	111.0	819.7	8223.867	-113.033
194731	41.323367	75.86596	111.0	816.4	8162.633	-200.9
194751	41.30868	75.81431	111.0	812.3	8071.3	-275.6
194811	41.29388	75.762377	111.0	807.633333	7979.967	-286.267
194831	41.279541	75.712409	111.590909	801.272727	7880.045	-300.636
194851	41.264492	75.664	112.916667	792.958333	7777.083	-306.625
194911	41.248787	75.616583	114.0	785.133333	7675.533	-305.0
194931	41.23332	75.57025	114.0	779.8	7574.2	-305.0
194951	41.21791	75.5242	114.0	777.3	7472.867	-300.467
195011	41.202253	75.477453	114.0	775.533333	7373.167	-298.867
195031	41.18612	75.42932	114.0	774.2	7276.5	-304.2
195051	41.17061	75.383283	114.0	772.866667	7171.333	-274.4
195111	41.154883	75.33659	114.0	772.933333	7080.533	-213.667
195131	41.13855	75.28799	114.0	775.6	7019.2	-107.0
195151	41.1225	75.240467	114.0	767.5	7010.0	-39.433
195211	41.10699	75.194557	114.0	758.9	7010.0	0.0
195231	41.09239	75.15129	114.0	752.9	7010.0	0.0
195251	41.076827	75.105587	114.0	752.566667	7010.0	0.0
195311	41.061327	75.060107	114.0	748.8	7010.0	0.0
195331	41.04626	75.01584	114.0	736.8	7010.0	0.0
195351	41.031873	74.973387	114.0	709.5	7010.0	0.0
195411	41.017628	74.931276	113.517241	687.344828	7010.0	0.0
195431	41.003421	74.889207	112.137931	679.758621	7010.0	0.0
195451	40.995178	74.845833	94.666667	707.111111	7010.0	0.0
195511	41.000482	74.800571	71.529412	744.941176	7010.0	0.0
195531	41.0182	74.757461	56.222222	761.777778	7010.0	0.0
195551	41.040332	74.715638	55.0	763.0	7010.0	0.0
195611	41.062626	74.674168	55.0	763.0	7010.0	0.0
195631	41.08455	74.63315	55.0	763.0	7010.0	0.0
195651	41.106465	74.591913	55.0	763.217391	7010.0	0.0
195711	41.128575	74.54965	55.625	763.625	7010.0	-1.75
195731	41.146488	74.507471	66.705882	753.588235	7007.529	-48.235
195751	41.1518	74.461035	89.35	723.35	6975.55	-164.1
195811	41.1437	74.4157	113.5	684.0	6900.0	-257.5
195831	41.125553	74.379183	126.466667	665.0	6804.833	-298.833
195851	41.105253	74.345512	129.176471	664.764706	6706.765	-324.941
195911	41.0839	74.313075	134.5	656.25	6580.25	-392.5
195931	41.05886	74.28512	142.0	640.8	6445.2	-400.8
195951	41.032773	74.257867	142.0	636.333333	6312.067	-399.4
200011	41.009707	74.233533	142.0	629.666667	6184.733	-415.4
200031	40.9852	74.2079	142.0	620.333333	6034.667	-356.333
200051	40.960388	74.181974	141.488372	615.744186	5921.233	-286.86
200111	40.935458	74.155928	140.55814	615.27907	5839.837	-215.698
200131	40.910989	74.1327	147.111111	604.333333	5791.0	-96.111
200151	40.885338	74.116771	158.380952	586.238095	5791.0	-3.333
200211	40.857468	74.103993	161.0	582.097561	5789.463	-47.829
200231	40.829176	74.09131	161.0	584.536585	5786.049	-138.561
200251	40.801427	74.078793	161.0	586.8	5725.067	-261.533
200311	40.774493	74.066527	161.0	588.8	5577.733	-432.867
200331	40.74702	74.05402	161.0	584.2	5425.6	-468.0
200351	40.71946	74.041513	161.0	579.666667	5267.067	-486.133
200411	40.69186	74.029047	161.0	576.333333	5099.733	-501.467
200431	40.66492	74.01694	161.0	576.0	4931.8	-498.2
200451	40.63792	74.004953	161.266667	573.866667	4765.933	-480.867
200511	40.61072	73.993087	161.933333	568.533333	4603.267	-445.533
200531	40.58358	73.9814	162.0	560.2	4468.2	-437.2
200551	40.557113	73.970027	162.0	554.2	4326.067	-436.133
200611	40.531647	73.959093	162.0	552.2	4168.733	-441.467
200631	40.505824	73.948069	161.37931	547.034483	4030.103	-313.517
200651	40.480402	73.93457	158.906977	545.046512	3937.419	-230.395
200711	40.455519	73.918058	154.255814	547.372093	3898.349	-220.163
200731	40.43078	73.90134	151.2	547.4	3836.0	-249.6
200751	40.40638	73.88414	151.866667	542.066667	3719.333	-371.6
200811	40.38278	73.867847	152.533333	539.933333	3578.133	-433.333
200831	40.35974	73.84967	146.1	543.8	3424.6	-448.6
200851	40.339965	73.824994	127.176471	553.235294	3277.353	-412.588
200911	40.325471	73.795	121.571429	547.428571	3144.571	-480.571
200931	40.311447	73.764305	119.736842	539.368421	2960.0	-615.579
200951	40.302363	73.732356	102.8125	544.8125	2730.188	-731.375
201011	40.304447	73.696935	78.764706	560.117647	2479.471	-707.706
201031	40.311573	73.662593	74.466667	556.666667	2252.333	-711.8
201051	40.320647	73.629206	66.235294	553.058824	2012.353	-773.765
201111	40.3385	73.601943	42.142857	554.571429	1728.286	-806.857
201131	40.36242	73.582133	28.733333	555.6	1466.8	-659.467
201151	40.38622	73.565467	28.066667	559.6	1248.8	-448.133
201211	40.41026	73.54838	28.6	557.0	1167.6	-230.2
201231	40.434593	73.53098	29.0	555.533333	1128.0	-72.6
201251	40.459327	73.51318	29.0	556.866667	1128.0	-6.6
201311	40.48448	73.49496	29.0	555.2	1128.0	0.0
201331	40.508907	73.47728	29.0	554.8	1128.0	0.0
201351	40.532173	73.46048	29.0	556.8	1128.0	0.0
201411	40.55742	73.44218	29.0	555.2	1128.0	0.0
201431	40.5819	73.424433	29.0	543.066667	1128.0	0.0
201451	40.6049	73.407767	29.0	515.733333	1128.0	0.0
201511	40.627358	73.393237	22.368421	486.947368	1128.368	25.421
201531	40.6504	73.386115	11.0	467.846154	1154.231	209.769
201551	40.672736	73.38016	11.134328	467.671642	1242.269	-18.09
201611	40.695482	73.37407	11.432836	469.164179	1202.866	-44.955
201631	40.718228	73.367981	11.731343	470.656716	1163.463	-71.821
201651	40.741062	73.361875	11.875	472.375	1128.0	-84.0
201711	40.765138	73.355475	11.375	473.875	1128.0	0.0
201731	40.788652	73.3491	12.0	463.428571	1128.0	4.286
201751	40.81	73.34307	12.0	442.9	1130.1	6.3
201811	40.830667	73.337003	12.0	418.233333	1134.767	0.3
201831	40.85108	73.331	12.633333	415.1	1130.567	-6.333
201851	40.871806	73.325281	10.1875	414.0	1128.0	-4.375
201911	40.890828	73.32795	239.111111	384.388889	1128.0	0.0
201931	40.901918	73.342759	291.823529	328.0	1128.0	0.0
201951	40.90226	73.36331	265.4	301.3	1128.0	-149.4
202011	40.9004	73.3831	259.25	293.0	1036.5	-300.25
202031	40.895667	73.4	246.0	287.0	914.667	-377.667
202051	40.888877	73.416203	240.0	285.0	783.2	-371.9
202111	40.88169	73.4326	240.1	283.9	656.5	-324.2
202131	40.874957	73.4486	240.766667	276.566667	559.833	-198.867
202151	40.868072	73.465003	241.0	278.931034	522.414	-89.103
202211	40.861167	73.481487	241.0	284.733333	518.0	-6.933
202231	40.8545	73.49742	241.0	283.4	518.0	-1.6
202251	40.847492	73.514154	241.0	284.076923	518.0	0.0
202311	40.8404	73.53095	241.0	285.0	518.0	0.0
202331	40.83406	73.54578	241.0	285.0	518.0	0.0
202351	40.827071	73.562214	241.0	285.0	518.0	0.0
202411	40.81975	73.579506	241.611111	283.777778	518.0	0.0
202431	40.812986	73.595464	241.409091	284.181818	518.0	0.0
202451	40.806095	73.61174	241.0	285.0	518.0	0.0
202511	40.798637	73.628512	236.1875	283.625	518.0	0.0
202531	40.788629	73.641129	218.285714	283.0	518.0	0.0
202551	40.777093	73.65122	211.533333	283.0	518.0	0.0
202611	40.7652	73.660793	211.0	283.0	518.0	-4.0
202631	40.7532	73.67026	211.0	283.0	518.0	-24.0
202651	40.741153	73.679727	211.0	283.0	504.0	-73.867
202711	40.729144	73.689167	211.0	276.333333	472.667	-147.333
202731	40.71766	73.69824	211.0	252.0	396.2	-199.0
202751	40.70686	73.706707	211.0	248.666667	320.2	-99.0
202811	40.69654	73.71472	211.0	248.0	343.4	-176.6
202831	40.685825	73.723125	211.0	247.25	270.5	-222.75
202851	40.674981	73.731656	211.0	246.3125	167.375	-249.938
202911	40.664137	73.740188	211.0	245.375	64.25	-277.125
