152115	33.9357	118.42	262.0	328.0	152.0	0.0
152135	33.9335	118.438925	262.25	332.5	401.75	579.0
152155	33.9299	118.45935	252.5	359.5	545.0	421.5
152215	33.91985	118.4794	228.5	397.75	682.25	339.75
152235	33.902293	118.495393	217.931034	444.62069	780.172	342.034
152255	33.882855	118.51055	211.95	488.6	896.8	487.55
152315	33.860753	118.522441	198.470588	510.764706	1118.824	758.588
152335	33.836067	118.52531	180.571429	515.666667	1396.19	718.952
152355	33.80981	118.52474	178.7	535.6	1606.2	646.6
152415	33.78161	118.52394	178.033333	563.6	1788.867	727.933
152435	33.754233	118.522887	178.0	556.766667	2088.067	742.767
152455	33.727447	118.520182	169.529412	560.470588	2324.294	624.059
152515	33.701625	118.5066	143.25	566.5	2499.0	554.25
152535	33.685771	118.4803	111.588235	557.529412	2687.588	618.824
152555	33.6762	118.4474	109.0	566.0	2911.0	464.0
152615	33.666156	118.413933	109.444444	592.666667	3036.333	434.222
152635	33.656111	118.380467	109.888889	619.333333	3161.667	404.444
152655	33.649287	118.344162	95.9375	627.875	3307.375	608.875
152715	33.656288	118.310688	67.162791	607.976744	3553.349	589.116
152735	33.675172	118.281572	58.790698	617.744186	3726.837	540.279
152755	33.694056	118.252456	50.418605	627.511628	3900.326	491.442
152815	33.714443	118.22288	50.0	643.833333	4048.967	516.867
152835	33.73503	118.19304	50.0	655.4	4223.6	546.8
152855	33.755763	118.162907	50.0	660.733333	4431.6	577.467
152915	33.77751	118.131443	50.0	669.233333	4611.1	463.1
152935	33.79964	118.09943	50.0	685.1	4748.0	348.0
152955	33.822173	118.06683	50.0	709.766667	4834.667	241.333
153015	33.845023	118.033723	50.0	732.533333	4906.133	211.933
153035	33.86828	118.00005	50.0	754.6	4972.6	190.2
153055	33.892013	117.965717	50.0	775.933333	5033.933	172.867
153115	33.919483	117.933537	40.9	789.35	5088.525	277.425
153135	33.951132	117.904287	38.9	796.35	5199.025	305.925
153155	33.982797	117.875033	37.0	803.366667	5309.567	333.533
153215	34.01473	117.8457	37.0	810.7	5420.9	344.2
153235	34.047838	117.815052	38.517241	817.793103	5537.379	339.897
153255	34.0814	117.783012	42.0	825.75	5654.625	332.875
153315	34.10964	117.74686	49.4	838.4	5760.8	382.0
153335	34.136107	117.707727	50.733333	839.733333	5913.467	362.0
153355	34.163213	117.667687	51.0	845.866667	6012.8	292.933
153415	34.19022	117.62776	51.0	853.6	6094.4	246.8
153435	34.21662	117.588627	51.0	862.266667	6165.733	282.8
153455	34.243553	117.548533	51.0	865.6	6277.6	285.733
153515	34.27072	117.50804	51.0	869.0	6382.8	275.8
153535	34.29812	117.467173	51.0	875.666667	6448.8	255.133
153555	34.326213	117.425293	51.0	879.666667	6543.067	255.267
153615	34.35388	117.38402	51.0	883.2	6635.4	257.4
153635	34.380147	117.344753	51.0	887.2	6706.733	252.067
153655	34.409133	117.301327	51.0	890.666667	6798.333	259.533
153715	34.43806	117.25796	51.0	893.6	6890.4	265.4
153735	34.46526	117.21716	51.0	895.6	6971.733	260.067
153755	34.49294	117.175453	51.0	898.133333	7061.067	279.267
153815	34.52094	117.13326	51.0	899.0	7157.0	289.4
153835	34.549407	117.09046	51.0	895.666667	7263.667	264.067
153855	34.5775	117.049527	50.466667	898.2	7337.8	218.467
153915	34.60594	117.00836	50.0	902.4	7400.8	184.6
153935	34.635407	116.96556	50.0	907.066667	7456.8	189.933
153955	34.66498	116.92244	50.0	909.6	7524.533	227.267
154015	34.69444	116.8794	50.2	910.4	7604.6	272.8
154035	34.723573	116.836733	50.866667	908.4	7706.6	318.8
154055	34.751853	116.795293	50.466667	903.733333	7820.333	336.0
154115	34.78016	116.75382	50.2	898.6	7935.6	335.4
154135	34.809027	116.711553	50.866667	893.933333	8047.6	310.067
154155	34.836987	116.67078	49.933333	889.8	8143.067	317.267
154215	34.86498	116.631	48.8	884.6	8245.0	320.4
154235	34.89358	116.592667	48.133333	876.6	8371.667	295.067
154255	34.922873	116.553427	48.0	877.666667	8449.8	265.467
154315	34.95266	116.5135	48.0	879.4	8525.0	251.6
154335	34.983193	116.4725	48.0	877.4	8621.667	276.933
154355	35.01218	116.43358	48.0	875.4	8714.067	261.733
154415	35.0412	116.39458	48.0	874.2	8799.4	244.0
154435	35.0712	116.35418	48.0	874.866667	8870.733	244.0
154455	35.101467	116.313353	48.0	874.466667	8958.067	252.0
154515	35.13096	116.27356	48.0	873.4	9046.4	259.0
154535	35.158493	116.236427	48.0	871.4	9127.733	259.0
154555	35.188107	116.196467	48.0	867.266667	9217.067	267.0
154615	35.2178	116.15638	48.0	863.4	9308.4	252.8
154635	35.246467	116.117647	48.0	861.4	9399.733	182.133
154655	35.27588	116.07774	48.0	858.333333	9434.533	94.4
154715	35.305135	116.038026	48.0	856.967742	9449.0	24.194
154735	35.333587	115.999445	48.0	860.193548	9449.0	4.839
154755	35.361313	115.961784	48.0	858.096774	9449.0	3.871
154815	35.389393	115.92362	48.0	855.133333	9449.933	21.2
154835	35.41986	115.88222	48.0	855.8	9454.6	87.2
154855	35.448693	115.84292	48.0	855.533333	9502.2	155.067
154915	35.476877	115.804445	48.0	854.354839	9569.839	208.065
154935	35.505265	115.765671	48.0	851.129032	9644.032	198.387
154955	35.533487	115.727053	48.0	850.433333	9706.4	145.167
155015	35.561545	115.6886	48.0	851.363636	9754.0	72.727
155035	35.589182	115.6506	48.0	853.787879	9754.0	24.242
155055	35.6167	115.6125	49.0	856.0	9754.0	0.0
155115	35.6441	115.5743	51.0	858.0	9754.0	0.0
155135	35.670367	115.530233	55.0	862.0	9754.0	0.0
155155	35.694233	115.485333	59.0	867.333333	9754.0	0.0
155215	35.7157	115.4396	63.0	874.0	9754.0	0.0
155235	35.733894	115.389923	66.225806	881.096774	9754.0	0.0
155255	35.75134	115.3407	67.7	882.6	9754.0	0.0
155315	35.767873	115.292033	67.033333	877.266667	9754.0	0.0
155335	35.785109	115.241352	67.0	873.545455	9754.0	36.848
155355	35.802213	115.190974	67.193548	871.0	9767.161	80.645
155415	35.818923	115.141555	67.83871	871.0	9811.032	136.129
155435	35.8354	115.0925	68.0	871.0	9864.0	159.0
155455	35.8519	115.043317	68.0	871.5	9920.0	165.0
155515	35.8687	114.993383	68.0	873.5	9976.0	153.0
155535	35.88519	114.944174	68.0	873.032258	10022.903	107.903
155555	35.901559	114.895224	68.0	871.882353	10058.0	55.588
155615	35.917853	114.846341	68.0	871.294118	10058.0	18.529
155635	35.934433	114.796633	68.0	871.0	10058.0	0.0
155655	35.9513	114.7461	68.0	871.0	10058.0	0.0
155715	35.9679	114.69605	68.0	871.0	10058.0	0.0
155735	35.9845	114.646	68.0	871.0	10058.0	0.0
155755	36.000633	114.597333	68.0	873.666667	10058.0	0.0
155815	36.016765	114.548516	68.0	876.612903	10058.0	2.258
155835	36.032894	114.499548	68.0	879.83871	10058.0	6.774
155855	36.049881	114.4477	68.0	882.451613	10062.903	7.0
155915	36.066641	114.396524	68.0	884.235294	10066.0	5.353
155935	36.082994	114.346582	68.0	884.823529	10066.0	1.235
155955	36.099567	114.295947	68.0	884.533333	10066.0	0.0
160015	36.116255	114.244942	68.0	884.0	10066.0	0.0
160035	36.133029	114.193652	68.0	884.0	10066.0	0.0
160055	36.149647	114.142593	68.0	884.0	10066.0	-3.467
160115	36.16603	114.09213	68.0	883.3	10065.2	-8.7
160135	36.181563	114.04433	68.0	878.633333	10059.867	-13.367
160155	36.197703	113.994537	68.0	876.133333	10054.967	-11.533
160215	36.214109	113.943882	68.0	874.636364	10051.0	-6.364
160235	36.23017	113.894427	68.0	872.212121	10051.0	-2.121
160255	36.2464	113.8442	68.0	870.333333	10051.0	0.0
160315	36.2628	113.7932	68.0	869.0	10051.0	0.0
160335	36.2792	113.742333	68.0	867.666667	10051.0	0.0
160355	36.295233	113.692533	68.0	866.0	10051.0	-2.333
160415	36.3109	113.6438	68.0	864.0	10051.0	-7.0
160435	36.327385	113.592345	68.0	865.818182	10046.152	-7.0
160455	36.343653	113.541447	68.233333	867.0	10043.0	-3.5
160515	36.35952	113.49158	68.9	867.0	10043.0	6.5
160535	36.374933	113.44296	69.0	868.133333	10047.533	8.0
160555	36.390453	113.393977	69.0	869.466667	10051.0	8.0
160615	36.40632	113.34391	69.0	870.8	10051.0	8.0
160635	36.421971	113.294613	69.0	869.903226	10054.839	8.0
160655	36.43784	113.24456	69.0	869.0	10058.0	4.8
160715	36.454307	113.192427	69.0	869.0	10058.0	-5.867
160735	36.469653	113.14376	69.0	870.6	10054.267	-8.0
160755	36.48504	113.09488	69.0	872.0	10051.0	-4.8
160815	36.501173	113.04348	69.0	872.0	10051.0	5.867
160835	36.517307	112.99208	69.0	873.6	10054.733	8.0
160855	36.53346	112.94044	69.0	875.4	10058.0	6.4
160915	36.54966	112.88824	69.0	876.733333	10058.0	1.067
160935	36.564847	112.839507	69.0	878.6	10058.0	4.267
160955	36.580177	112.790226	69.0	880.0	10059.548	8.0
161015	36.596435	112.737645	69.0	880.0	10064.71	8.0
161035	36.61205	112.68725	69.0	878.5	10066.0	4.0
161055	36.627517	112.637367	69.0	876.5	10066.0	-1.333
161115	36.643183	112.586833	69.0	874.5	10066.0	-6.667
161135	36.65905	112.5355	69.0	874.0	10062.0	-8.0
161155	36.674867	112.484217	69.0	874.0	10058.0	-8.0
161215	36.690333	112.433883	69.0	874.0	10058.0	-8.0
161235	36.7059	112.383	69.0	874.0	10054.5	-8.0
161255	36.721383	112.332267	69.0	874.166667	10051.0	-5.333
161315	36.736517	112.282533	69.0	874.833333	10051.0	5.333
161335	36.7522	112.2309	69.0	875.0	10054.5	8.0
161355	36.7679	112.179217	69.0	875.0	10058.0	6.667
161415	36.7831	112.129283	69.0	875.0	10058.0	1.333
161435	36.79865	112.07805	69.0	875.0	10058.0	0.0
161455	36.8143	112.026433	69.166667	875.0	10058.0	-1.333
161515	36.8299	111.974967	69.833333	875.0	10058.0	-6.667
161535	36.84525	111.92395	69.5	876.0	10054.5	-4.0
161555	36.86055	111.873033	69.166667	877.5	10052.167	1.333
161615	36.87595	111.821967	69.833333	879.5	10056.833	6.667
161635	36.8912	111.7712	70.0	881.0	10058.0	8.0
161655	36.906517	111.720133	70.0	882.0	10059.333	6.667
161715	36.922183	111.667867	70.0	882.0	10064.667	1.333
161735	36.93755	111.61655	70.0	883.0	10062.0	-4.0
161755	36.952883	111.565283	70.0	884.166667	10058.0	-6.667
161815	36.968417	111.513217	70.0	884.833333	10058.0	-1.333
161835	36.98395	111.4608	70.0	884.5	10058.0	0.0
161855	36.999383	111.408683	70.0	884.0	10058.0	0.0
161915	37.014517	111.357817	70.0	884.0	10058.0	0.0
161935	37.0298	111.30615	70.0	885.5	10058.0	0.0
161955	37.045117	111.25415	70.0	887.0	10058.0	0.0
162015	37.060383	111.20195	70.0	887.0	10058.0	0.0
162035	37.075329	111.150965	70.0	887.483871	10058.0	0.0
162055	37.090253	111.100087	70.0	888.0	10058.0	0.0
162115	37.10552	111.04802	70.0	888.0	10058.0	0.0
162135	37.12074	110.995953	70.0	889.866667	10058.0	0.0
162155	37.13598	110.94366	70.0	892.0	10058.0	1.067
162215	37.15138	110.89046	70.0	892.0	10058.0	6.4
162235	37.166733	110.837633	70.0	890.133333	10061.733	1.0
162255	37.181983	110.785203	70.0	887.885714	10064.286	-7.8
162315	37.196897	110.733717	70.0	887.314286	10055.714	-11.8
162335	37.21191	110.68173	70.0	886.1	10051.0	-9.8
162355	37.227043	110.62913	70.0	884.1	10051.0	-0.467
162415	37.24186	110.577543	70.0	881.466667	10051.0	-5.067
162435	37.25672	110.5258	70.0	879.1	10048.6	-8.0
162455	37.271653	110.4738	70.0	877.1	10043.267	-8.0
162515	37.286397	110.421927	70.0	877.0	10043.0	-2.933
162535	37.30116	110.37003	70.0	877.0	10043.0	0.0
162555	37.31596	110.318097	70.0	877.0	10043.0	0.0
162615	37.33076	110.265783	70.0	877.0	10043.0	0.0
162635	37.345229	110.214645	70.290323	878.451613	10043.0	4.355
162655	37.359294	110.164968	70.935484	881.677419	10043.0	14.032
162715	37.374171	110.111981	71.0	882.0	10051.71	15.0
162735	37.38894	110.059473	71.0	882.466667	10058.0	13.367
162755	37.40334	110.00854	71.0	883.8	10058.0	8.7
162815	37.418137	109.955907	71.0	884.566667	10062.533	3.467
162835	37.432863	109.903393	71.0	885.466667	10064.133	0.0
162855	37.44733	109.85166	71.0	886.8	10058.8	0.0
162915	37.461797	109.799757	71.0	887.0	10062.533	3.967
162935	37.476524	109.746845	71.0	887.0	10066.0	5.515
162955	37.491736	109.692118	71.0	887.0	10066.0	1.273
163015	37.50638	109.639533	71.0	887.0	10066.0	0.0
163035	37.52078	109.58772	71.0	886.733333	10066.0	-0.933
163055	37.53518	109.53532	71.0	885.4	10066.0	-5.6
163115	37.5493	109.484106	71.0	884.588235	10062.706	-7.0
163135	37.5633	109.4334	71.0	884.0	10058.0	-7.0
163155	37.577967	109.380267	71.0	882.666667	10058.0	3.0
163215	37.592533	109.327367	71.0	880.333333	10060.667	5.333
163235	37.607	109.2747	71.0	877.0	10066.0	0.0
163255	37.621133	109.223233	71.0	875.666667	10060.667	-10.0
163315	37.635433	109.171033	71.0	875.0	10055.667	-12.667
163335	37.6499	109.1181	71.0	875.0	10051.0	-8.0
163355	37.664367	109.0645	71.0	875.0	10051.0	-8.0
163415	37.678367	109.012667	71.0	874.666667	10048.333	-8.0
163435	37.6919	108.9626	71.0	874.0	10043.0	-8.0
163455	37.706233	108.909733	71.0	876.0	10043.0	6.667
163515	37.720344	108.857383	71.277778	877.833333	10047.167	-22.111
163535	37.734233	108.80555	71.833333	879.5	10055.5	-94.333
163555	37.74811	108.753826	71.548387	880.903226	9992.968	-296.194
163615	37.762084	108.701734	71.09375	882.9375	9876.781	-508.906
163635	37.776647	108.647297	71.71875	889.1875	9628.656	-468.281
163655	37.791113	108.592887	72.0	898.741935	9490.032	-313.742
163715	37.8055	108.5385	72.0	911.0	9441.0	-66.0
163735	37.819952	108.483855	72.0	909.064516	9446.161	-18.258
163755	37.83432	108.42944	72.0	905.9	9449.0	5.6
163815	37.848587	108.375307	72.0	901.233333	9449.0	0.267
163835	37.8626	108.322123	72.0	900.366667	9449.0	0.0
163855	37.87678	108.26845	72.0	899.4	9449.0	0.0
163915	37.89118	108.214117	72.0	898.066667	9449.0	0.0
163935	37.90539	108.159783	72.0	899.266667	9449.0	0.0
163955	37.91944	108.10596	72.0	900.0	9449.0	-2.1
164015	37.933307	108.05276	72.0	900.0	9449.0	-6.767
164035	37.947468	107.998129	72.0	900.558824	9444.529	-3.088
164055	37.96165	107.943417	72.0	901.5	9442.333	2.5
164115	37.97585	107.888683	72.0	903.5	9447.667	12.5
164135	37.98961	107.835323	72.0	902.064516	9452.387	11.613
164155	38.00334	107.782	72.0	899.733333	9456.0	4.933
164215	38.01754	107.727	72.0	898.4	9456.0	-10.4
164235	38.030947	107.674847	72.0	898.933333	9449.0	-11.267
164255	38.044275	107.6229	72.0	900.0	9442.0	-5.25
164315	38.05865	107.5669	72.0	900.0	9447.0	3.5
164335	38.072463	107.51285	72.0	899.25	9449.0	4.375
164355	38.0859	107.4601	72.0	898.0	9449.0	0.0
164415	38.099844	107.405044	72.0	898.0	9449.0	0.0
164435	38.1138	107.349942	72.0	898.0	9449.0	-1.032
164455	38.1278	107.294652	72.0	898.0	9449.0	-6.194
164515	38.14128	107.241413	72.0	898.866667	9445.533	-1.5
164535	38.154503	107.189122	72.0	899.675676	9442.216	7.0
164555	38.167854	107.135932	72.0	897.513514	9450.324	7.0
164615	38.18132	107.08222	72.0	895.4	9454.6	4.0
164635	38.195053	107.027287	72.0	893.4	9449.933	-6.0
164655	38.208733	106.972673	72.0	892.466667	9449.0	-3.733
164715	38.222268	106.918629	72.193548	892.193548	9449.0	-1.548
164735	38.235494	106.865726	72.83871	892.83871	9449.0	-6.71
164755	38.24895	106.8117	73.0	894.0	9445.0	0.0
164815	38.262317	106.757817	73.0	894.5	9443.5	8.0
164835	38.275183	106.705483	73.0	892.5	9453.5	8.0
164855	38.2886	106.6513	73.0	892.0	9452.5	0.0
164915	38.3021	106.596717	73.0	892.166667	9449.0	-5.333
164935	38.3153	106.542783	73.0	892.833333	9449.0	5.333
164955	38.32905	106.4868	73.0	890.5	9452.5	7.5
165015	38.342652	106.431345	73.0	887.393939	9456.0	4.879
165035	38.355258	106.379527	73.0	884.969697	9456.0	-3.606
165055	38.36838	106.3258	73.0	881.2	9453.2	-13.0
165115	38.381725	106.271244	73.0	876.875	9448.062	-21.562
165135	38.393975	106.220681	73.0	875.625	9438.688	-17.188
165155	38.406584	106.168497	73.0	874.677419	9434.0	-7.903
165215	38.419552	106.11469	73.0	874.032258	9434.0	6.29
165235	38.432728	106.060166	73.0	871.03125	9438.156	7.0
165255	38.445803	106.005823	73.0	869.466667	9441.0	3.5
165315	38.45867	105.95189	73.0	870.8	9441.0	-6.5
165335	38.47091	105.900532	73.0	871.548387	9437.161	-8.0
165355	38.48306	105.84958	73.0	872.4	9434.0	-3.4
165415	38.49526	105.798513	73.0	873.733333	9434.0	11.933
165435	38.5081	105.744193	73.0	874.533333	9442.0	15.0
165455	38.52112	105.68902	73.0	874.4	9449.0	12.0
165515	38.534187	105.633753	73.0	872.4	9449.0	2.0
165535	38.546507	105.581847	73.0	874.666667	9449.0	4.267
165555	38.55898	105.52918	73.0	880.0	9450.4	6.4
165615	38.572247	105.47278	73.0	890.0	9455.067	1.067
165635	38.5845	105.420327	73.533333	896.266667	9452.267	0.0
165655	38.59668	105.36786	73.8	897.6	9450.4	0.0
165715	38.60928	105.31306	73.133333	889.6	9455.067	0.0
165735	38.622413	105.256607	73.533333	885.866667	9452.267	-4.267
165755	38.6352	105.2018	74.0	885.8	9449.0	-6.4
165815	38.646867	105.1518	74.0	891.8	9449.0	-1.067
165835	38.659653	105.096573	74.0	888.733333	9449.0	4.267
165855	38.67232	105.04142	74.0	878.0	9450.4	6.4
165915	38.684053	104.989487	74.0	854.666667	9455.067	1.067
165935	38.696053	104.9375	74.0	850.0	9452.267	-4.267
165955	38.7081	104.8854	74.0	853.4	9449.0	-8.0
170015	38.7201	104.833067	74.0	864.733333	9449.0	-8.0
170035	38.73258	104.77844	74.0	873.933333	9444.733	-3.733
170055	38.74492	104.7242	74.0	878.2	9442.6	1.6
170115	38.756653	104.6722	74.0	872.2	9447.933	6.933
170135	38.768493	104.620093	74.0	865.666667	9449.0	3.733
170155	38.78042	104.56746	74.0	861.0	9449.0	0.0
170215	38.792487	104.51366	74.0	861.0	9449.0	0.0
170235	38.804393	104.460607	74.0	862.6	9449.0	0.0
170255	38.81626	104.40762	74.0	862.8	9449.0	-1.6
170315	38.828127	104.354353	74.0	858.8	9449.0	-6.933
170335	38.839727	104.302313	74.0	854.266667	9444.733	-11.733
170355	38.85146	104.24974	74.0	850.4	9439.6	-10.4
170415	38.86366	104.195207	74.0	848.4	9434.933	4.933
170435	38.87554	104.14174	74.0	853.333333	9442.0	11.733
170455	38.887213	104.08905	74.0	860.0625	9449.0	12.188
170515	38.898587	104.03755	74.0	866.9375	9449.0	2.812
170535	38.909933	103.986167	74.0	869.0	9449.0	0.0
170555	38.921467	103.933753	74.0	868.733333	9449.0	0.0
170615	38.9338	103.87702	74.0	867.4	9449.0	0.0
170635	38.945313	103.824052	74.0	867.903226	9449.0	0.0
170655	38.95656	103.77235	74.0	869.3	9449.0	0.8
170715	38.968293	103.718683	74.0	871.3	9449.0	6.133
170735	38.98007	103.66428	74.433333	872.866667	9452.033	11.033
170755	38.99188	103.60943	75.0	874.1	9456.8	14.3
170815	39.003747	103.554297	75.0	874.766667	9462.133	9.633
170835	39.01531	103.500593	75.0	875.0	9464.0	1.067
170855	39.02672	103.44753	75.0	875.0	9463.2	-8.0
170915	39.038187	103.39373	75.0	875.0	9457.867	-8.0
170935	39.050144	103.338644	74.037037	872.111111	9456.0	-8.0
170955	39.06264	103.28334	73.0	868.6	9454.6	-8.0
171015	39.075773	103.22914	73.0	867.266667	9449.933	-8.0
171035	39.08832	103.1767	73.0	864.866667	9449.0	-8.0
171055	39.1007	103.12484	73.0	863.0	9447.4	-8.0
171115	39.113033	103.073307	73.0	863.0	9442.067	-8.0
171135	39.125953	103.01916	73.0	860.866667	9441.0	-3.733
171155	39.1387	102.96568	73.0	859.0	9441.0	0.0
171215	39.1507	102.91528	73.0	859.0	9441.0	0.0
171235	39.163393	102.861573	73.0	859.0	9441.0	0.0
171255	39.17616	102.80754	73.0	859.0	9441.0	1.6
171315	39.188693	102.754673	73.0	859.0	9441.0	6.933
171335	39.2008	102.703407	73.0	859.0	9445.267	3.733
171355	39.21294	102.65182	73.0	858.8	9447.4	0.0
171415	39.225407	102.598553	73.0	858.133333	9442.067	0.0
171435	39.23782	102.545393	73.0	858.533333	9445.267	8.0
171455	39.2503	102.49192	73.0	858.8	9450.4	13.6
171515	39.262967	102.437653	73.0	858.133333	9455.067	8.933
171535	39.274833	102.38664	73.0	856.933333	9456.0	-0.533
171555	39.2867	102.3356	73.2	855.0	9454.6	-8.0
171615	39.299033	102.2826	73.866667	851.666667	9449.933	-8.0
171635	39.311367	102.22912	74.0	850.466667	9449.0	-3.733
171655	39.32358	102.1761	74.0	850.0	9449.0	0.0
171715	39.335513	102.124433	74.0	850.0	9449.0	0.0
171735	39.347233	102.073193	74.0	848.4	9449.0	0.0
171755	39.35898	102.0217	74.0	847.0	9449.0	-1.4
171815	39.370913	101.969367	74.0	847.0	9449.0	-6.067
171835	39.3829	101.916889	74.0	846.085714	9445.343	-7.0
171855	39.394916	101.864294	74.0	844.935484	9441.0	-6.516
171915	39.407239	101.810165	74.0	843.645161	9441.0	3.161
171935	39.419167	101.757567	74.0	843.666667	9443.667	8.0
171955	39.4307	101.7065	74.0	845.0	9449.0	8.0
172015	39.442506	101.654177	74.0	845.0	9449.0	-1.677
172035	39.4544	101.601274	74.0	845.580645	9446.677	-7.0
172055	39.4664	101.547661	74.0	846.870968	9441.516	-7.0
172115	39.477587	101.497706	74.0	848.741935	9441.0	1.71
172135	39.488837	101.447323	74.0	850.233333	9442.867	9.633
172155	39.50037	101.39539	74.0	850.9	9448.2	14.3
172215	39.512073	101.342607	74.0	853.266667	9452.967	6.5
172235	39.523947	101.288927	74.0	855.7	9454.367	-1.867
172255	39.53608	101.23386	74.0	857.7	9449.7	-7.2
172315	39.54827	101.17834	74.0	858.566667	9449.0	1.067
172335	39.560197	101.124045	74.0	859.0	9450.581	8.0
172355	39.571616	101.072174	74.0	859.0	9455.097	8.0
172415	39.58318	101.01956	74.0	859.0	9456.0	-0.533
172435	39.59482	100.96648	74.0	860.0	9454.6	-8.0
172455	39.606553	100.912747	74.0	863.333333	9449.933	-8.0
172515	39.61834	100.858853	74.0	866.666667	9449.0	0.533
172535	39.63018	100.80442	74.2	869.0	9450.4	6.4
172555	39.642113	100.74882	74.866667	869.0	9455.067	1.067
172615	39.65362	100.695407	74.466667	869.0	9452.267	-4.267
172635	39.66508	100.64214	74.2	869.0	9449.0	-6.4
172655	39.67668	100.58794	74.866667	869.0	9449.0	-1.067
172715	39.68828	100.53342	75.0	870.066667	9449.0	0.0
172735	39.69986	100.47892	75.0	870.6	9449.0	0.0
172755	39.711393	100.424653	75.0	869.266667	9449.0	0.0
172815	39.72282	100.370653	75.0	870.066667	9449.0	-4.267
172835	39.73428	100.31652	75.0	871.2	9447.4	-6.4
172855	39.74588	100.26192	75.0	871.866667	9442.067	-1.067
172915	39.757427	100.20716	75.0	873.066667	9445.267	0.0
172935	39.768906	100.152503	75.0	874.193548	9447.452	-1.548
172955	39.780261	100.098181	75.0	874.83871	9442.29	-6.71
173015	39.7916	100.04405	75.0	877.5	9441.0	0.0
173035	39.802967	99.989717	75.0	880.0	9442.333	9.167
173055	39.814433	99.934583	75.0	880.0	9447.667	13.833
173115	39.8256	99.88055	75.0	880.0	9452.5	11.5
173135	39.836739	99.82659	75.0	880.322581	9456.0	6.71
173155	39.848094	99.771752	75.0	881.612903	9456.0	1.548
173215	39.859594	99.716056	75.0	881.125	9456.0	0.0
173235	39.871153	99.659993	75.0	879.8	9456.0	0.0
173255	39.882687	99.603927	75.0	877.8	9456.0	0.0
173315	39.894088	99.54835	75.0	875.125	9456.0	0.0
173335	39.9054	99.4931	75.0	872.0	9456.0	0.0
173355	39.916533	99.438633	75.0	871.333333	9456.0	-10.0
173415	39.9276	99.3842	75.0	870.333333	9451.0	-15.0
173435	39.9386	99.3298	75.0	869.0	9441.0	-15.0
173455	39.949667	99.2752	75.0	867.666667	9441.0	-10.333
173515	39.960433	99.2217	75.0	867.0	9438.667	-8.0
173535	39.9709	99.1693	75.0	867.0	9434.0	-8.0
173555	39.982233	99.113433	75.666667	870.333333	9434.0	-2.667
173615	39.993233	99.058367	76.0	873.666667	9434.0	5.0
173635	40.0039	99.0041	76.0	877.0	9434.0	15.0
173655	40.015033	98.9479	76.0	883.666667	9444.0	15.0
173715	40.0261	98.8918	76.0	888.666667	9449.0	10.0
173735	40.0371	98.8358	76.0	892.0	9449.0	0.0
173755	40.0483	98.7792	76.0	892.666667	9449.0	-5.333
173815	40.059223	98.7239	76.0	893.0	9446.419	-10.258
173835	40.069868	98.6699	76.0	893.0	9441.258	-14.774
173855	40.080913	98.612987	76.0	894.266667	9436.567	-0.433
173915	40.09192	98.55601	76.0	895.0	9438.5	10.1
173935	40.102853	98.499143	76.0	895.0	9448.5	14.767
173955	40.113597	98.443543	76.0	895.633333	9449.0	0.433
174015	40.124726	98.385855	76.0	897.16129	9446.677	-9.742
174035	40.136339	98.325532	76.0	899.741935	9441.516	-13.613
174055	40.146882	98.270355	76.0	903.272727	9437.182	-10.182
174115	40.157483	98.215017	76.0	907.0	9434.0	-3.333
174135	40.168617	98.157483	76.0	911.0	9434.0	11.333
174155	40.179697	98.099788	76.0	919.96875	9441.031	15.0
174215	40.190745	98.041932	76.0	928.612903	9449.0	13.548
174235	40.201713	97.983481	76.0	926.032258	9449.0	3.871
174255	40.212719	97.924603	76.0	916.870968	9449.0	0.0
174315	40.223733	97.865617	76.0	903.433333	9449.0	0.0
174335	40.2344	97.80995	76.0	892.1	9449.0	0.0
174355	40.244906	97.753859	76.34375	887.34375	9449.0	0.0
174415	40.255281	97.697422	76.96875	887.96875	9449.0	0.0
174435	40.266191	97.638847	76.40625	897.5	9449.0	0.0
174455	40.276917	97.580983	76.233333	903.3	9449.0	0.0
174515	40.28725	97.52465	76.9	901.3	9449.0	0.0
174535	40.297413	97.469223	77.0	899.3	9449.0	0.0
174555	40.307748	97.413023	77.0	899.354839	9449.0	0.0
174615	40.318458	97.355087	77.0	903.225806	9449.0	0.0
174635	40.328867	97.2979	77.0	905.066667	9449.0	4.267
174655	40.33928	97.24046	77.0	906.4	9450.4	6.4
174715	40.34988	97.181993	77.0	907.733333	9455.067	1.067
174735	40.360103	97.125655	77.0	909.548387	9452.387	-4.129
174755	40.370283	97.069317	77.0	908.0	9449.0	-6.667
174815	40.380617	97.011383	77.0	896.0	9449.0	-1.333
174835	40.39075	96.95475	77.0	894.0	9449.0	0.0
174855	40.401	96.8974	77.0	895.5	9449.0	0.0
174915	40.4118	96.8366	77.0	897.5	9449.0	0.0
174935	40.4219	96.77975	77.0	899.0	9449.0	0.0
174955	40.431833	96.723833	77.0	901.0	9449.0	1.333
175015	40.441967	96.666767	77.0	905.0	9449.0	6.667
175035	40.4522	96.60895	77.0	908.5	9452.5	65.0
175055	40.4624	96.551067	77.0	912.333333	9475.167	153.667
175115	40.4724	96.493733	77.0	917.666667	9551.833	280.333
175135	40.4826	96.43555	77.0	915.0	9670.0	331.5
175155	40.4928	96.377217	77.0	910.5	9794.333	324.333
175215	40.5028	96.319283	77.0	908.5	9895.667	217.667
175235	40.51265	96.26145	77.0	916.0	9940.0	168.0
175255	40.522617	96.202933	77.0	925.0	9976.833	157.667
175315	40.533083	96.142267	77.0	929.0	10048.167	208.333
175335	40.54325	96.0829	77.0	931.0	10123.0	206.0
175355	40.553333	96.023733	77.166667	932.833333	10192.833	193.5
175415	40.563467	95.963867	77.833333	936.166667	10244.167	203.5
175435	40.57345	95.90495	77.5	937.0	10321.5	217.5
175455	40.583417	95.8459	77.166667	937.666667	10402.5	236.5
175515	40.593483	95.7855	77.833333	940.333333	10468.5	266.5
175535	40.6037	95.72475	78.0	936.5	10572.5	228.5
175555	40.613867	95.664217	78.0	932.833333	10661.333	153.833
175615	40.623733	95.604683	78.0	936.166667	10666.667	37.167
175635	40.6337	95.54475	78.0	933.5	10668.0	4.0
175655	40.6432	95.485463	79.315789	924.210526	10668.0	0.0
175715	40.649325	95.427037	86.0	899.0	10668.0	0.0
175735	40.649033	95.367833	92.0	883.333333	10668.0	2.667
175755	40.6467	95.3113	94.0	882.0	10668.0	8.0
175815	40.6443	95.253167	92.666667	886.0	10673.333	12.667
175835	40.641667	95.195867	93.0	886.0	10678.333	12.667
175855	40.6388	95.1394	95.0	882.0	10683.0	8.0
175915	40.634865	95.0814	95.0	885.225806	10683.0	2.839
175935	40.63108	95.0228	94.7	887.0	10683.0	0.0
175955	40.62748	94.963467	94.033333	887.0	10683.0	0.0
180015	40.624174	94.903806	94.0	885.774194	10683.0	-4.903
180035	40.62108	94.845947	93.733333	886.866667	10681.133	-8.533
180055	40.61828	94.790813	93.066667	891.533333	10676.467	-9.867
180115	40.617324	94.732116	89.945946	900.027027	10675.784	-9.243
180135	40.617811	94.670441	88.864865	900.567568	10671.459	-14.108
180155	40.618474	94.609542	88.0	901.736842	10666.421	-17.579
180215	40.619842	94.551753	88.0	905.421053	10658.526	-15.474
180235	40.621838	94.493438	87.076923	911.692308	10653.0	-6.385
180255	40.6253	94.4339	84.0	924.0	10653.0	19.0
180315	40.631936	94.373991	81.272727	943.090909	10666.636	18.091
180335	40.64196	94.3104	78.6	960.0	10668.0	16.2
180355	40.65244	94.247653	77.0	971.066667	10672.0	11.0
180415	40.66304	94.186787	77.0	973.733333	10682.0	1.0
180435	40.67394	94.1246	77.0	965.0	10674.0	-9.0
180455	40.68474	94.063093	77.0	955.533333	10668.0	-13.133
180515	40.69534	94.002827	77.0	946.866667	10668.0	-8.467
180535	40.706	93.94124	77.0	950.8	10663.2	1.6
180555	40.716613	93.87996	77.0	951.866667	10664.267	8.0
180615	40.727147	93.81936	77.0	946.533333	10674.933	8.0
180635	40.7375	93.75972	77.0	940.6	10671.2	-10.6
180655	40.747967	93.699307	77.0	934.866667	10664.0	-20.867
180715	40.758633	93.637573	77.0	929.533333	10654.0	-15.533
180735	40.7687	93.57848	77.0	929.0	10653.0	3.0
180755	40.778487	93.52088	77.266667	931.133333	10657.0	15.0
180815	40.787953	93.46508	77.933333	936.466667	10667.0	15.0
180835	40.79844	93.40334	77.4	944.8	10668.0	6.0
180855	40.808987	93.341233	77.266667	951.6	10668.0	0.0
180915	40.819453	93.279567	77.933333	955.6	10668.0	0.0
180935	40.82986	93.21802	78.0	951.2	10668.0	4.8
180955	40.8401	93.157233	78.0	944.0	10670.133	5.867
181015	40.8501	93.097567	78.0	934.0	10675.467	0.533
181035	40.85998	93.03844	78.0	932.4	10671.2	-4.8
181055	40.86998	92.97852	78.0	929.866667	10668.0	-5.867
181115	40.88018	92.91732	78.0	924.533333	10668.0	-0.533
181135	40.89002	92.8575	78.0	927.0	10668.0	0.0
181155	40.899847	92.797567	78.0	929.266667	10668.0	0.0
181215	40.909713	92.737233	78.0	929.933333	10668.0	0.0
181235	40.91928	92.6784	78.0	931.2	10668.0	0.0
181255	40.928845	92.61969	78.0	932.0	10668.0	2.065
181315	40.938458	92.560916	78.0	932.0	10668.0	7.226
181335	40.948117	92.501043	78.0	930.866667	10672.533	8.0
181355	40.95783	92.440557	78.0	930.0	10676.0	4.267
181415	40.96763	92.37929	78.0	930.0	10676.0	-6.4
181435	40.97726	92.31944	78.0	931.133333	10671.467	-11.967
181455	40.986797	92.25979	78.0	933.129032	10666.194	-11.613
181515	40.996216	92.200048	78.0	936.354839	10661.032	-1.935
181535	41.005727	92.13978	78.0	935.933333	10664.267	11.2
181555	41.015347	92.078741	78.0	934.647059	10670.647	19.765
181615	41.025171	92.016212	78.0	933.470588	10679.471	15.647
181635	41.03446	91.95696	78.0	932.6	10683.0	5.2
181655	41.04348	91.899287	78.0	931.8	10682.533	-9.0
181715	41.05328	91.836153	78.0	929.8	10677.867	-19.0
181735	41.0624	91.77742	78.0	927.4	10669.6	-19.8
181755	41.071153	91.72104	78.0	924.933333	10660.0	-14.533
181815	41.080687	91.65944	78.0	924.266667	10660.0	-9.867
181835	41.0899	91.59932	78.4	924.4	10657.2	-4.8
181855	41.098913	91.540073	79.0	925.266667	10653.467	1.533
181915	41.108047	91.479807	79.0	927.933333	10658.133	16.867
181935	41.11722	91.41918	79.0	929.0	10666.4	19.8
181955	41.12642	91.3583	79.0	929.0	10676.0	14.0
182015	41.13562	91.2973	79.0	929.0	10676.0	4.0
182035	41.144758	91.236165	79.0	927.451613	10676.0	-3.097
182055	41.15382	91.17517	79.0	924.966667	10675.733	-8.0
182115	41.16222	91.11857	79.0	924.3	10670.4	-8.0
182135	41.17095	91.059623	79.0	924.0	10668.0	-8.0
182155	41.179947	90.998783	79.0	923.933333	10667.733	-8.0
182215	41.18888	90.93845	79.0	922.6	10662.4	-8.0
182235	41.19763	90.878923	79.0	922.733333	10660.0	-5.067
182255	41.20624	90.819967	79.0	924.033333	10660.0	0.0
182315	41.21504	90.7593	79.0	924.7	10660.0	0.0
182335	41.223693	90.69922	79.0	926.466667	10660.0	0.0
182355	41.232243	90.63952	79.0	929.033333	10660.0	0.0
182415	41.24111	90.57792	79.0	929.7	10660.0	0.0
182435	41.249793	90.517237	79.0	931.833333	10660.0	0.0
182455	41.258333	90.457247	79.0	935.1	10660.0	0.5
182515	41.267	90.39618	79.0	937.1	10660.0	10.5
182535	41.275593	90.33526	79.0	940.566667	10665.867	15.0
182555	41.284137	90.274397	79.033333	945.033333	10676.0	14.5
182615	41.29287	90.21233	79.7	945.7	10676.0	4.5
182635	41.301457	90.15096	80.0	946.733333	10676.0	-2.933
182655	41.309923	90.090153	80.0	947.933333	10675.733	-8.0
182715	41.31839	90.02922	80.0	946.6	10670.4	-8.0
182735	41.326967	89.967297	80.0	944.9	10668.0	-8.0
182755	41.33562	89.90465	80.0	942.833333	10667.733	-8.233
182815	41.34402	89.84365	80.0	939.5	10662.4	-12.9
182835	41.352457	89.78188	80.0	937.633333	10657.433	-12.433
182855	41.3609	89.719633	80.0	936.866667	10653.0	-7.733
182915	41.3689	89.6603	80.0	934.2	10653.0	-2.4
182935	41.377083	89.599647	80.0	933.0	10653.0	0.0
182955	41.385397	89.538013	80.0	933.066667	10653.0	0.5
183015	41.39333	89.47828	80.0	934.4	10653.0	10.5
183035	41.401483	89.416567	80.0	935.733333	10658.5	17.933
183055	41.409793	89.353413	80.0	937.033333	10668.267	22.733
183115	41.41766	89.29368	80.0	937.7	10673.6	17.4
183135	41.425673	89.232663	80.0	940.566667	10678.567	12.433
183155	41.433783	89.170727	80.0	944.933333	10683.0	7.733
183215	41.44145	89.11126	80.0	943.6	10683.0	2.4
183235	41.44941	89.049703	80.0	943.733333	10683.0	-2.933
183255	41.457593	88.986517	80.033333	945.1	10682.767	-8.0
183315	41.46546	88.92485	80.7	947.1	10678.1	-8.0
183335	41.4734	88.862413	80.633333	948.733333	10676.0	-2.133
183355	41.48141	88.7993	80.033333	950.0	10676.233	8.0
183415	41.48961	88.7353	80.7	950.0	10680.9	8.0
183435	41.497517	88.672987	81.0	950.0	10683.0	2.133
183455	41.505177	88.612097	81.0	950.0	10682.767	-8.0
183515	41.51271	88.55203	81.0	950.0	10678.1	-8.0
183535	41.520427	88.490093	81.0	949.266667	10676.0	-8.0
183555	41.52828	88.42671	81.0	947.766667	10675.733	-8.233
183615	41.53588	88.36491	81.0	943.1	10670.4	-12.9
183635	41.543553	88.302523	81.0	939.533333	10665.067	-15.0
183655	41.551273	88.239757	81.0	936.933333	10659.767	-14.233
183715	41.55874	88.17889	81.0	935.6	10655.1	1.1
183735	41.56617	88.1174	81.0	939.033333	10658.5	10.567
183755	41.573577	88.05536	81.0	946.433333	10668.0	14.5
183815	41.58111	87.99256	81.0	955.1	10668.0	4.5
183835	41.588533	87.930017	81.0	960.1	10668.0	0.0
183855	41.595873	87.86764	81.0	961.866667	10668.0	0.0
183915	41.60334	87.80444	81.0	959.2	10668.0	0.0
183935	41.61077	87.741167	81.0	958.0	10668.0	0.0
183955	41.618173	87.67783	81.0	958.133333	10668.0	0.0
184015	41.62564	87.61443	81.0	960.8	10668.0	0.0
184035	41.632997	87.551213	81.0	964.566667	10668.0	0.0
184055	41.64027	87.4881	81.0	969.166667	10668.0	0.267
184115	41.64767	87.4241	81.0	972.5	10668.0	5.6
184135	41.655033	87.359477	81.0	975.466667	10670.933	8.0
184155	41.66236	87.294423	81.0	978.133333	10676.0	7.733
184215	41.66956	87.23089	81.0	980.8	10676.0	2.4
184235	41.676797	87.16655	81.366667	983.1	10676.0	-2.933
184255	41.68406	87.101563	82.0	985.2	10675.733	-8.0
184315	41.69126	87.03683	82.0	989.2	10670.4	-8.0
184335	41.69846	86.971547	82.0	991.733333	10668.0	-5.067
184355	41.705663	86.9058	82.0	993.1	10668.0	0.0
184415	41.71293	86.8398	82.0	995.1	10668.0	0.0
184435	41.720087	86.77424	82.0	997.1	10668.0	0.0
184455	41.727153	86.709007	82.0	999.166667	10668.0	0.0
184515	41.73422	86.64314	82.0	1002.5	10668.0	0.0
184535	41.74136	86.57643	82.0	1003.633333	10668.0	2.933
184555	41.748553	86.509077	82.0	1002.866667	10668.267	7.733
184615	41.75562	86.44261	82.0	1000.2	10673.6	2.4
184635	41.762467	86.377867	82.0	996.8	10673.067	-5.5
184655	41.769157	86.31445	82.0	992.933333	10667.733	-14.767
184715	41.77629	86.24945	82.0	991.6	10662.4	-10.1
184735	41.78357	86.183203	82.0	989.533333	10660.0	-8.0
184755	41.790953	86.11606	82.0	986.866667	10659.767	-8.0
184815	41.79802	86.05126	82.0	984.2	10655.1	-8.0
184835	41.805123	85.985543	82.0	981.9	10653.0	-5.067
184855	41.812233	85.91924	82.0	979.933333	10653.0	0.0
184915	41.8189	85.85604	82.0	978.6	10653.0	0.0
184935	41.825626	85.792223	82.0	978.0	10653.0	2.839
184955	41.8324	85.7279	82.0	978.0	10653.0	8.0
185015	41.8392	85.662833	82.0	978.0	10657.667	8.0
185035	41.8459	85.598467	82.0	978.0	10660.0	5.333
185055	41.8525	85.5348	82.0	978.0	10660.0	0.0
185115	41.859233	85.4698	82.0	979.333333	10660.0	0.0
185135	41.8659	85.404933	82.0	980.666667	10660.0	2.667
185155	41.8725	85.3402	82.0	982.0	10660.0	8.0
185215	41.8789	85.276733	82.0	984.0	10665.333	8.0
185235	41.885567	85.210633	82.0	986.666667	10668.0	8.0
185255	41.8925	85.1419	82.0	990.0	10668.0	8.0
185315	41.898967	85.076633	82.0	990.666667	10673.333	8.0
185335	41.905433	85.011333	82.333333	991.0	10676.0	2.667
185355	41.9119	84.946	83.0	991.0	10676.0	-8.0
185415	41.9183	84.880467	83.0	988.333333	10670.667	-12.667
185435	41.924533	84.816433	83.0	986.333333	10665.333	-12.667
185455	41.9306	84.7539	83.0	985.0	10660.0	-8.0
185515	41.937133	84.686567	83.0	981.666667	10660.0	2.667
185535	41.943533	84.619733	83.0	976.666667	10662.667	2.667
185555	41.9498	84.5534	83.0	970.0	10668.0	-8.0
185615	41.955733	84.492	83.0	964.666667	10658.0	-12.667
185635	41.9617	84.428933	83.0	961.0	10653.0	-5.0
185655	41.9677	84.3642	83.0	959.0	10653.0	15.0
185715	41.973767	84.298733	83.0	959.0	10663.0	15.0
185735	41.979633	84.234067	83.0	962.666667	10668.0	10.0
185755	41.9853	84.1702	83.0	970.0	10668.0	0.0
185815	41.991233	84.104467	83.0	978.0	10668.0	0.0
185835	41.997133	84.039067	83.0	982.0	10668.0	0.0
185855	42.003	83.974	83.0	982.0	10668.0	0.0
185915	42.008867	83.908533	83.0	982.666667	10668.0	0.0
185935	42.014733	83.842567	83.0	982.666667	10668.0	-2.667
185955	42.0206	83.7761	83.0	982.0	10668.0	-8.0
190015	42.0262	83.711833	83.0	982.0	10662.667	-8.0
190035	42.031733	83.648267	83.0	982.333333	10660.0	-2.667
190055	42.0372	83.5854	83.0	983.0	10660.0	8.0
190115	42.042867	83.518933	83.666667	981.0	10665.333	8.0
190135	42.047635	83.4537	84.645161	977.419355	10668.0	2.839
190155	42.051506	83.3897	85.935484	972.258065	10668.0	-7.484
190215	42.054867	83.324877	86.0	968.833333	10662.933	-8.0
190235	42.05811	83.26058	86.0	965.5	10660.0	-8.0
190255	42.061243	83.19698	86.0	962.166667	10660.0	-8.0
190315	42.064465	83.131161	86.0	961.387097	10655.71	-8.0
190335	42.067653	83.065573	86.0	961.0	10653.0	-5.867
190355	42.070787	83.000507	86.0	961.0	10653.0	-0.533
190415	42.07368	82.93796	86.6	961.0	10653.0	9.0
190435	42.076653	82.873507	87.0	961.266667	10657.0	17.133
190455	42.079787	82.805773	87.0	961.933333	10667.0	22.467
190515	42.08262	82.7426	87.0	964.4	10672.8	14.0
190535	42.085473	82.679027	87.0	966.0	10676.0	5.867
190555	42.088407	82.614093	87.0	966.0	10676.0	0.533
190615	42.0911	82.55186	87.0	966.6	10676.0	0.0
190635	42.093847	82.487553	87.0	967.533333	10676.0	0.0
190655	42.096713	82.419687	87.0	968.866667	10676.0	0.0
190715	42.09934	82.35752	87.0	969.6	10676.0	0.0
190735	42.101993	82.294067	87.0	970.533333	10676.0	0.0
190755	42.104727	82.227733	87.0	971.866667	10676.0	0.0
190815	42.10734	82.16254	87.0	973.8	10676.0	-4.8
190835	42.109967	82.09622	87.0	975.8	10673.867	-5.867
190855	42.112633	82.02802	87.0	977.8	10668.533	-0.533
190915	42.11506	81.9648	87.0	978.0	10672.8	4.8
190935	42.11746	81.90088	87.0	978.0	10676.0	8.0
190955	42.11986	81.83508	87.0	978.0	10676.0	8.0
191015	42.12226	81.76994	87.0	976.2	10680.2	3.2
191035	42.12466	81.704687	87.0	975.0	10681.133	-4.0
191055	42.12706	81.639153	87.0	975.0	10676.467	-14.0
191115	42.1294	81.5735	87.0	975.0	10671.2	-10.8
191135	42.13168	81.508473	87.0	975.0	10668.0	-5.867
191155	42.13388	81.444407	87.0	975.0	10668.0	-0.533
191215	42.13602	81.3789	87.6	974.4	10668.0	0.0
191235	42.138153	81.313553	88.0	973.466667	10668.0	0.0
191255	42.140287	81.248687	88.0	972.133333	10668.0	0.0
191315	42.14188	81.18418	89.2	970.2	10668.0	0.0
191335	42.142235	81.119288	91.411765	967.588235	10668.0	-3.765
191355	42.139243	81.054862	93.52381	964.690476	10665.905	-7.476
191415	42.134957	80.991338	94.47619	962.309524	10662.095	-6.524
191435	42.13047	80.92709	95.3	961.3	10660.0	-4.2
191455	42.125737	80.861957	95.966667	961.966667	10660.0	-0.2
191515	42.120813	80.79543	96.0	964.533333	10660.0	5.067
191535	42.11606	80.73117	96.0	966.0	10662.4	8.0
191555	42.111527	80.66977	96.0	966.0	10667.733	8.0
191615	42.10655	80.604127	96.0	963.466667	10668.0	2.933
191635	42.101645	80.539264	96.0	962.0	10668.0	1.909
191655	42.096858	80.475627	96.0	962.0	10668.0	6.152
191715	42.091847	80.41074	96.0	962.0	10672.267	7.533
191735	42.0868	80.34588	96.0	961.8	10676.0	4.8
191755	42.0818	80.281813	96.0	961.133333	10676.0	-5.867
191815	42.076877	80.21971	96.0	961.0	10671.871	-8.0
191835	42.071933	80.1576	96.0	961.0	10668.0	-6.667
191855	42.066867	80.094	96.0	961.0	10668.0	-1.333
191915	42.06155	80.0274	96.0	961.0	10668.0	0.0
191935	42.056183	79.960617	96.0	961.0	10668.0	0.0
191955	42.050917	79.896283	96.0	961.0	10668.0	0.0
192015	42.0457	79.83305	96.0	961.0	10668.0	0.0
192035	42.040461	79.769803	96.0	961.0	10668.0	0.0
192055	42.035106	79.705416	96.0	961.0	10668.0	0.0
192115	42.029907	79.64312	96.0	960.066667	10668.0	0.0
192135	42.02468	79.58092	96.0	958.866667	10668.0	0.0
192155	42.01908	79.51552	96.0	958.2	10668.0	0.0
192215	42.013573	79.45124	96.466667	958.0	10668.0	-3.733
192235	42.008093	79.387373	97.0	958.133333	10666.933	-6.933
192255	42.00256	79.32324	97.0	958.8	10661.6	-1.6
192315	41.997027	79.259947	97.0	959.0	10663.733	3.733
192335	41.991467	79.196707	97.0	959.266667	10668.0	6.933
192355	41.9858	79.13224	97.0	960.6	10668.0	1.6
192415	41.980087	79.0681	97.0	960.066667	10668.0	3.733
192435	41.974367	79.004327	97.0	958.866667	10669.067	8.0
192455	41.9687	78.94146	97.0	958.2	10674.4	8.0
192515	41.962845	78.876942	97.0	957.096774	10676.0	4.387
192535	41.95695	78.81232	97.0	955.8	10676.0	0.0
192555	41.951283	78.75112	97.0	954.466667	10676.0	0.0
192615	41.945573	78.689313	97.0	952.266667	10676.0	-3.467
192635	41.939781	78.626706	97.0	949.806452	10675.226	-8.677
192655	41.933652	78.561416	97.0	948.516129	10670.065	-13.194
192715	41.92776	78.49834	97.0	948.0	10664.8	-12.2
192735	41.921987	78.436453	97.0	948.0	10660.0	-7.467
192755	41.915853	78.371987	97.0	948.0	10660.0	-2.133
192815	41.9098	78.30904	97.0	948.0	10660.0	0.0
192835	41.903787	78.246984	97.0	948.129032	10660.0	0.0
192855	41.897658	78.183823	97.0	949.419355	10660.0	0.0
192915	41.891527	78.120677	97.366667	951.1	10660.0	2.933
192935	41.88539	78.057563	98.0	953.033333	10660.267	7.933
192955	41.87919	77.99483	98.0	953.7	10665.6	6.6
193015	41.871389	77.932256	99.711111	953.755556	10668.0	4.533
193035	41.862278	77.869811	102.822222	953.311111	10668.0	1.867
193055	41.85185	77.808063	106.125	951.875	10668.0	3.75
193115	41.836933	77.746767	108.333333	951.0	10670.667	9.333
193135	41.8206	77.6843	109.0	953.0	10676.0	8.0
193155	41.805067	77.625167	109.0	953.666667	10676.0	2.667
193215	41.789533	77.566267	109.333333	954.0	10676.0	0.0
193235	41.774	77.5076	110.0	954.0	10676.0	0.0
193255	41.757733	77.446667	110.0	953.333333	10676.0	0.0
193315	41.741667	77.3865	110.0	953.333333	10676.0	-2.667
193335	41.7258	77.3271	110.0	954.0	10676.0	-8.0
193355	41.710133	77.268567	110.0	954.0	10670.667	-2.667
193415	41.694133	77.208933	110.0	953.666667	10670.667	2.667
193435	41.6778	77.1482	110.0	953.0	10676.0	8.0
193455	41.661733	77.088533	110.0	951.0	10676.0	-2.667
193515	41.645533	77.028667	110.0	950.0	10673.333	-10.333
193535	41.6292	76.9686	110.0	950.0	10668.0	-15.0
193555	41.612933	76.908667	110.0	952.0	10662.667	-10.333
193615	41.596867	76.849567	110.0	953.0	10660.0	-2.667
193635	41.581	76.7913	110.0	953.0	10660.0	8.0
193655	41.565133	76.733433	110.0	953.0	10665.333	8.0
193715	41.548767	76.673933	110.0	953.0	10668.0	5.333
193735	41.5319	76.6128	110.0	953.0	10668.0	0.0
193755	41.5155	76.553467	110.0	953.666667	10668.0	0.0
193815	41.498967	76.493667	110.0	954.0	10668.0	-15.333
193835	41.4823	76.4334	110.0	954.0	10668.0	-46.0
193855	41.465833	76.374467	110.0	954.0	10637.333	-137.333
193915	41.4495	76.3159	110.0	953.666667	10576.333	-218.667
193935	41.4333	76.2577	110.0	953.0	10485.0	-290.0
193955	41.4163	76.196833	110.0	956.333333	10383.667	-294.667
194015	41.3996	76.137167	110.333333	959.0	10284.667	-294.667
194035	41.3832	76.0787	111.0	961.0	10188.0	-290.0
194055	41.3658	76.0169	111.0	961.0	10091.333	-335.333
194115	41.348867	75.9569	111.0	961.333333	9972.0	-454.667
194135	41.3324	75.8987	111.0	962.0	9830.0	-648.0
194155	41.3156	75.839567	111.0	965.333333	9540.0	-830.667
194215	41.298367	75.779067	111.0	965.0	9232.667	-937.333
194235	41.2807	75.7172	111.0	961.0	8908.0	-968.0
194255	41.262833	75.661	113.0	953.666667	8588.0	-937.333
194315	41.2446	75.604933	114.0	943.333333	8280.667	-884.0
194335	41.226	75.549	114.0	930.0	7986.0	-808.0
194355	41.206667	75.4912	114.0	914.0	7742.0	-777.333
194415	41.187633	75.434467	114.0	899.666667	7488.0	-708.667
194435	41.1689	75.3788	114.0	887.0	7224.0	-602.0
194455	41.151833	75.328133	114.0	887.0	7086.667	-342.667
194515	41.1341	75.275533	114.0	887.0	7015.333	-144.667
194535	41.1157	75.221	114.0	887.0	7010.0	-8.0
194555	41.098033	75.168867	114.0	885.0	7010.0	-2.667
194615	41.080467	75.117133	114.0	881.666667	7010.0	0.0
194635	41.063	75.0658	114.0	877.0	7010.0	0.0
194655	41.044667	75.0118	114.0	879.0	7010.0	0.0
194715	41.0267	74.959033	114.0	879.0	7010.0	0.0
194735	41.0091	74.9075	114.0	877.0	7010.0	0.0
194755	40.994852	74.8485	104.695652	885.086957	7010.0	0.0
194815	40.987896	74.7905	98.608696	886.826087	7010.0	0.0
194835	40.98156	74.73334	98.0	887.6	7010.0	-91.2
194855	40.97508	74.674407	98.0	889.866667	6969.467	-261.867
194915	40.96828	74.612673	98.0	894.533333	6868.133	-536.533
194935	40.9622	74.55748	98.0	893.8	6611.4	-673.8
194955	40.956013	74.501547	98.0	885.0	6357.4	-667.8
195015	40.949547	74.443413	98.0	865.0	6133.4	-469.8
195035	40.94344	74.3887	98.0	840.8	6042.6	-294.6
195055	40.937533	74.33554	98.0	809.466667	5976.733	-176.6
195115	40.931867	74.28414	98.0	768.133333	5926.067	-140.6
195135	40.92638	74.23568	98.6	730.4	5884.4	-137.6
195155	40.920943	74.188783	99.347826	696.173913	5838.783	-167.565
195215	40.913567	74.144556	105.833333	664.833333	5773.444	-256.333
195235	40.897239	74.108222	131.5	629.722222	5662.667	-390.444
195255	40.8724	74.08854	151.4	608.0	5518.4	-474.4
195315	40.843956	74.076851	158.955556	599.111111	5352.622	-495.289
195335	40.815693	74.065447	164.866667	592.666667	5184.4	-510.8
195355	40.78816	74.05518	164.2	596.0	5006.4	-504.8
195415	40.75932	74.04468	164.466667	592.333333	4842.867	-474.533
195435	40.730187	74.034227	165.0	585.4	4689.533	-436.933
195455	40.70212	74.02436	165.0	577.4	4552.2	-411.6
195515	40.675453	74.01468	164.533333	568.0	4418.6	-400.267
195535	40.649067	74.00488	164.0	557.466667	4286.6	-397.067
195555	40.6214	73.99428	164.0	544.8	4154.6	-402.4
195615	40.59476	73.98424	164.0	534.933333	4018.867	-332.6
195635	40.568907	73.974507	163.866667	528.133333	3902.867	-223.667
195655	40.54444	73.96504	163.2	528.8	3872.2	-87.0
195715	40.51946	73.9552	163.0	529.0	3863.0	-24.533
195735	40.4943	73.945227	163.0	528.866667	3863.0	0.0
195755	40.4693	73.93536	163.0	528.2	3863.0	0.0
195815	40.443871	73.9254	163.451613	528.0	3863.0	-9.032
195835	40.418463	73.915138	162.3125	529.875	3860.188	-47.375
195855	40.395247	73.899224	146.352941	544.588235	3816.706	-265.647
195915	40.375667	73.874467	133.333333	554.333333	3690.667	-427.0
195935	40.3578	73.8486	132.0	555.0	3528.0	-465.0
195955	40.3386	73.820267	131.333333	551.0	3380.667	-470.333
200015	40.32	73.792207	129.928571	549.357143	3222.714	-493.357
200035	40.302625	73.764325	126.25	550.5	3051.875	-538.0
200055	40.29135	73.7343	113.5	550.0	2857.25	-602.75
200115	40.281238	73.701162	111.375	536.75	2653.0	-640.5
200135	40.274747	73.666441	95.705882	532.941176	2421.0	-741.824
200155	40.2815	73.632976	62.294118	545.705882	2161.0	-762.0
200215	40.301128	73.609303	41.068966	545.689655	1912.172	-722.828
200235	40.32436	73.59105	27.0	541.0	1674.2	-677.4
200255	40.34676	73.57605	27.0	541.0	1455.533	-593.4
200315	40.370633	73.56001	27.0	541.0	1276.733	-431.833
200335	40.39515	73.54351	27.1	541.5	1140.7	-235.4
200355	40.418817	73.527577	27.766667	544.833333	1125.367	-78.067
200415	40.443003	73.511037	28.0	544.266667	1120.0	-13.033
200435	40.46739	73.49422	28.0	541.9	1120.0	0.0
200455	40.491323	73.477687	28.0	541.233333	1120.0	0.0
200515	40.51582	73.46072	28.0	539.7	1120.0	0.0
200535	40.540425	73.443944	26.5	538.5625	1120.0	0.0
200555	40.565456	73.433769	167.4375	536.625	1120.0	0.0
200615	40.591689	73.43543	354.555556	529.777778	1120.0	0.0
200635	40.616765	73.440496	351.173913	527.478261	1120.0	12.696
200655	40.642594	73.445971	351.941176	524.882353	1122.882	55.235
200715	40.668081	73.451754	349.412698	518.619048	1146.524	-231.54
200735	40.691986	73.459024	341.47619	496.714286	1034.143	-244.238
200755	40.71589	73.466294	333.539683	474.809524	921.762	-256.937
200815	40.739525	73.474088	325.875	452.5	815.0	-252.188
200835	40.757991	73.491923	323.545455	427.272727	815.0	-19.091
200855	40.7751	73.510244	317.5	413.3125	805.062	-119.25
200915	40.7844	73.531006	296.25	391.25	722.188	-313.125
200935	40.792342	73.554558	292.263158	386.684211	600.368	-304.053
200955	40.7955	73.577533	265.666667	368.333333	523.667	-118.333
201015	40.789527	73.59848	246.466667	342.733333	511.0	-25.6
201035	40.7811	73.618418	239.181818	318.454545	511.0	0.0
201055	40.773162	73.636362	239.923077	298.0	511.0	0.0
201115	40.765777	73.652977	239.153846	298.0	511.0	0.0
201135	40.7569	73.6664	218.0	295.0	511.0	0.0
201155	40.743937	73.677363	213.555556	295.0	511.0	-62.963
201215	40.730926	73.687844	211.518519	293.074074	473.926	-143.259
201235	40.718575	73.697525	211.0	281.5	409.25	-180.5
201255	40.707833	73.705937	211.0	252.62963	335.815	-111.926
201315	40.697167	73.714307	211.0	248.925926	343.963	-191.185
201335	40.686555	73.722611	211.0	247.296875	268.422	-227.641
201355	40.675961	73.730892	211.0	246.359375	164.984	-249.828
201415	40.665367	73.739173	211.0	245.421875	61.547	-272.016
