151152	33.9367	118.4117	264.0	335.0	91.0	0.0
151212	33.934525	118.431625	259.25	335.5	352.5	703.5
151232	33.9274	118.4503	236.5	357.5	544.5	428.5
151252	33.9148	118.465825	223.5	404.25	645.75	288.5
151312	33.898314	118.484286	223.0	459.0	741.286	398.286
151332	33.880167	118.504211	221.222222	499.555556	904.889	653.667
151352	33.859971	118.519953	204.294118	504.882353	1193.059	799.059
151412	33.83605	118.52415	187.0	514.0	1440.0	741.0
151432	33.81019	118.52432	179.533333	529.033333	1671.267	767.133
151452	33.78359	118.52352	178.2	537.7	1940.6	881.8
151512	33.75597	118.52272	178.566667	532.766667	2262.067	868.967
151532	33.729418	118.521171	174.058824	536.647059	2545.765	777.235
151552	33.704363	118.510013	147.625	552.125	2772.75	674.0
151612	33.687763	118.486963	116.75	559.25	2983.0	550.25
151632	33.677431	118.455008	110.538462	582.153846	3155.0	485.923
151652	33.66688	118.41974	109.4	610.8	3308.6	430.2
151712	33.6561	118.382755	109.454545	641.909091	3447.364	372.0
151732	33.6461	118.3453	104.0	671.0	3551.0	312.0
151752	33.644555	118.303755	91.272727	704.636364	3654.636	323.818
151812	33.64452	118.26228	90.0	730.2	3765.8	413.2
151832	33.644813	118.219427	89.2	748.466667	3914.333	506.667
151852	33.645347	118.174493	87.2	757.133333	4117.667	593.333
151912	33.6472	118.12932	87.0	764.6	4316.2	602.0
151932	33.649253	118.083347	87.0	771.133333	4516.333	589.733
151952	33.651387	118.036213	87.0	776.466667	4719.667	559.067
152012	33.65346	117.98962	87.0	786.6	4890.6	524.2
152032	33.655527	117.942633	87.0	796.466667	5058.2	500.867
152052	33.657593	117.894967	87.0	805.133333	5226.2	495.533
152112	33.6596	117.84736	87.0	812.0	5388.8	477.0
152132	33.66168	117.79856	87.0	820.8	5544.933	456.733
152152	33.66388	117.74796	87.0	832.8	5692.267	436.067
152212	33.66608	117.69718	87.0	841.8	5835.4	434.0
152232	33.6682	117.64702	87.0	849.4	5979.933	426.0
152252	33.6702	117.59782	87.0	855.4	6127.267	406.0
152312	33.67238	117.54478	87.0	865.0	6251.8	395.0
152332	33.674553	117.491793	87.0	873.4	6379.667	380.733
152352	33.676687	117.439527	87.0	879.4	6516.333	360.067
152412	33.6787	117.38762	87.0	889.0	6621.8	371.8
152432	33.680753	117.33442	87.0	895.8	6743.8	395.133
152452	33.682887	117.27922	87.0	897.8	6895.8	430.467
152512	33.6849	117.22636	87.0	899.8	7034.6	402.2
152532	33.6869	117.17352	87.0	902.866667	7163.667	362.6
152552	33.6889	117.12032	87.0	907.533333	7280.333	316.6
152612	33.6909	117.06574	87.6	914.6	7374.8	306.0
152632	33.693085	117.010562	87.076923	919.923077	7474.308	307.846
152652	33.696243	116.955052	83.666667	921.52381	7584.19	318.714
152712	33.706218	116.902721	70.794872	917.051282	7685.872	296.179
152732	33.726577	116.853131	66.692308	918.076923	7783.308	279.769
152752	33.74702	116.803527	63.0	919.666667	7878.667	261.067
152812	33.76822	116.753793	63.0	926.333333	7955.333	221.733
152832	33.78922	116.70474	63.0	932.6	8022.4	230.4
152852	33.810173	116.65594	63.0	938.2	8088.667	275.133
152912	33.831907	116.60534	63.0	940.2	8205.333	356.467
152932	33.85376	116.5543	63.0	938.6	8337.6	397.8
152952	33.87558	116.503233	63.0	934.6	8479.2	405.467
153012	33.89638	116.454567	63.0	930.6	8611.2	350.133
153032	33.91734	116.40538	63.0	930.2	8715.6	288.4
153052	33.93846	116.355747	63.0	932.4	8799.667	231.533
153112	33.96006	116.305213	63.0	936.4	8866.333	256.867
153132	33.98118	116.2556	63.0	937.6	8959.8	300.6
153152	34.002013	116.206513	63.0	936.533333	9072.2	349.933
153212	34.023147	116.156647	63.0	931.866667	9194.2	339.267
153232	34.04452	116.10622	63.0	929.6	9303.8	323.0
153252	34.066033	116.05544	63.0	928.733333	9405.2	305.0
153312	34.087367	116.00484	63.0	926.066667	9507.2	305.0
153332	34.10822	115.95524	63.0	925.0	9608.8	307.8
153352	34.128827	115.906147	63.0	924.733333	9710.667	310.533
153412	34.150093	115.855613	63.0	922.066667	9817.333	295.867
153432	34.17116	115.80548	63.0	921.0	9912.0	292.8
153452	34.191987	115.75584	63.0	920.333333	10001.133	296.533
153512	34.211853	115.70824	63.0	913.666667	10112.467	291.867
153532	34.23188	115.66028	63.0	911.4	10205.8	256.4
153552	34.25214	115.611767	63.0	912.466667	10284.6	204.467
153612	34.27354	115.560433	63.0	917.133333	10340.6	189.133
153632	34.2941	115.51106	63.0	920.2	10402.6	189.0
153652	34.314193	115.462747	63.066667	922.0	10468.6	198.533
153712	34.335127	115.412213	63.733333	922.0	10534.6	203.867
153732	34.35538	115.36332	63.6	920.8	10603.8	166.4
153752	34.375293	115.315247	63.066667	919.0	10668.0	99.867
153812	34.396227	115.264713	63.733333	919.0	10668.0	28.533
153832	34.4168	115.2149	64.0	917.0	10668.0	0.0
153852	34.437093	115.165633	64.0	913.8	10668.0	0.0
153912	34.457027	115.116967	64.0	911.8	10668.0	0.0
153932	34.4774	115.06726	64.0	911.0	10668.0	0.0
153952	34.498053	115.016907	64.0	911.0	10668.0	-0.533
154012	34.518587	114.966973	64.0	911.0	10668.0	-5.867
154032	34.53908	114.91676	64.0	911.0	10664.8	-4.8
154052	34.559473	114.866513	64.0	911.0	10660.533	0.533
154112	34.579207	114.817647	64.0	911.0	10665.867	5.867
154132	34.59898	114.76854	64.0	911.0	10668.0	4.8
154152	34.618747	114.71934	64.0	911.0	10668.0	0.533
154212	34.638213	114.67074	64.0	911.0	10668.0	5.867
154232	34.65784	114.62186	64.0	911.0	10671.2	8.0
154252	34.67764	114.57256	64.0	911.0	10676.0	6.933
154312	34.69804	114.52116	64.0	911.0	10676.0	-3.733
154332	34.7178	114.47152	64.0	910.2	10672.8	-8.0
154352	34.73716	114.422973	64.0	909.0	10668.0	-7.467
154412	34.75676	114.373707	64.0	909.0	10668.0	-2.133
154432	34.77636	114.32432	64.0	908.6	10668.0	3.2
154452	34.796033	114.274673	64.0	907.733333	10668.533	8.0
154512	34.816367	114.223407	64.0	905.066667	10673.867	8.0
154532	34.83582	114.17418	64.4	904.0	10676.0	4.8
154552	34.854767	114.126113	65.0	903.6	10676.0	0.0
154612	34.874433	114.076247	65.0	899.6	10676.0	0.0
154632	34.89402	114.0265	65.0	896.8	10676.0	-3.2
154652	34.91352	113.976887	65.0	894.866667	10675.467	-8.467
154712	34.93272	113.927753	65.0	893.533333	10670.133	-13.133
154732	34.95192	113.87866	65.0	893.0	10664.8	-12.2
154752	34.971113	113.8296	65.0	892.933333	10660.0	-7.467
154812	34.990247	113.7806	65.0	892.266667	10660.0	-2.133
154832	35.0091	113.73228	65.0	890.4	10660.0	0.0
154852	35.027787	113.68434	65.0	888.266667	10660.0	0.0
154912	35.046653	113.63574	65.0	890.933333	10660.0	0.0
154932	35.06568	113.58666	65.0	892.4	10660.0	0.0
154952	35.084784	113.537335	65.0	893.129032	10660.0	0.0
155012	35.103623	113.48869	65.0	894.419355	10660.0	0.0
155032	35.12255	113.439703	65.0	895.366667	10660.0	2.933
155052	35.141553	113.39042	65.0	896.133333	10660.267	8.0
155112	35.16062	113.34082	65.0	898.8	10665.6	8.0
155132	35.179613	113.29144	65.0	901.466667	10668.0	8.0
155152	35.198573	113.242163	65.0	904.066667	10668.267	8.233
155212	35.21804	113.19143	65.0	905.4	10673.6	12.9
155232	35.237323	113.141173	65.0	906.733333	10678.567	9.5
155252	35.256481	113.091228	65.0	908.03125	10682.781	-0.219
155312	35.276106	113.039791	65.0	908.65625	10678.406	-4.594
155332	35.295348	112.989261	65.0	908.709677	10676.0	-4.968
155352	35.314123	112.939842	65.0	908.064516	10676.0	-0.452
155412	35.333303	112.889319	65.0	908.0	10676.0	0.0
155432	35.35266	112.838293	65.0	908.0	10676.0	0.0
155452	35.37226	112.78656	65.0	908.0	10676.0	0.0
155512	35.390727	112.737717	65.0	908.0	10676.0	0.0
155532	35.409483	112.68803	65.0	908.0	10676.0	-1.867
155552	35.42915	112.63583	65.0	908.0	10676.0	-7.2
155612	35.448193	112.585103	65.0	906.866667	10671.467	-11.967
155632	35.467026	112.534913	65.0	906.451613	10666.194	-13.419
155652	35.485671	112.485235	65.0	907.741935	10661.032	-8.903
155712	35.504387	112.435247	65.0	908.0	10660.0	-3.733
155732	35.5233	112.38474	65.0	908.0	10660.0	0.0
155752	35.542633	112.333207	65.0	908.0	10660.0	0.0
155812	35.5609	112.28418	65.533333	908.533333	10660.0	4.267
155832	35.5792	112.23496	66.0	909.0	10661.6	8.0
155852	35.5982	112.183827	66.0	909.0	10666.933	8.0
155912	35.617573	112.131627	66.0	910.066667	10668.0	3.733
155932	35.63668	112.08012	66.0	911.0	10668.0	0.0
155952	35.654947	112.030853	66.0	911.0	10668.0	0.0
160012	35.673693	111.980093	66.0	911.533333	10668.0	4.267
160032	35.69259	111.928835	66.0	912.0	10669.548	6.452
160052	35.711558	111.877287	66.0	912.0	10674.71	1.29
160112	35.73	111.8271	66.0	913.0	10672.0	-4.0
160132	35.7482	111.777517	66.0	913.666667	10668.0	-6.667
160152	35.7662	111.728383	66.0	912.333333	10668.0	-1.333
160212	35.7852	111.67635	66.0	913.0	10668.0	0.0
160232	35.804417	111.623717	66.0	914.0	10668.0	0.0
160252	35.823283	111.572183	66.0	914.0	10668.0	0.0
160312	35.84215	111.52025	66.0	914.0	10668.0	0.0
160332	35.861083	111.468017	66.0	914.5	10668.0	0.0
160352	35.880217	111.415283	66.0	916.5	10668.0	0.0
160412	35.8985	111.364745	66.0	915.548387	10668.0	3.871
160432	35.916487	111.31494	66.0	913.733333	10669.067	8.0
160452	35.93442	111.26514	66.0	912.4	10674.4	8.0
160512	35.953193	111.213053	66.0	910.133333	10676.0	4.267
160532	35.97202	111.160787	66.0	907.733333	10676.0	0.0
160552	35.98962	111.11172	66.0	906.4	10676.0	0.0
160612	36.007733	111.06116	66.0	905.066667	10676.0	-3.733
160632	36.02604	111.010013	66.0	903.466667	10674.933	-8.933
160652	36.04424	110.95908	66.0	900.8	10669.6	-13.6
160712	36.062207	110.908567	66.0	899.066667	10664.267	-11.733
160732	36.080167	110.858047	66.0	897.733333	10660.0	-6.933
160752	36.0985	110.80678	66.0	896.4	10660.0	-1.6
160812	36.116507	110.756027	66.0	895.533333	10660.0	0.0
160832	36.134347	110.7056	66.133333	894.733333	10660.0	0.0
160852	36.15208	110.6556	66.8	893.4	10660.0	0.0
160912	36.17	110.6049	67.0	893.0	10660.0	0.0
160932	36.187933	110.55406	67.0	893.0	10660.0	1.067
160952	36.2056	110.50386	67.0	893.0	10660.0	6.4
161012	36.223407	110.453147	67.0	892.533333	10663.733	4.267
161032	36.241171	110.402516	67.0	892.129032	10666.968	0.0
161052	36.258526	110.353097	67.0	892.774194	10661.806	0.0
161112	36.276083	110.302953	67.0	893.0	10663.467	3.467
161132	36.29378	110.25232	67.0	893.0	10668.0	8.0
161152	36.311647	110.20112	67.0	893.0	10668.0	8.0
161212	36.329432	110.150029	67.0	893.0	10671.355	10.935
161232	36.347097	110.099197	67.0	892.612903	10676.452	14.548
161252	36.364065	110.050165	67.0	888.741935	10680.968	10.032
161312	36.381307	110.000343	67.0	885.166667	10683.0	2.133
161332	36.398767	109.949897	67.0	881.833333	10682.767	-8.233
161352	36.4161	109.89983	67.0	878.5	10678.1	-12.9
161412	36.43347	109.84936	67.0	876.266667	10673.067	-15.0
161432	36.450887	109.798517	67.0	874.966667	10667.733	-14.767
161452	36.46862	109.74685	67.0	874.3	10662.4	-10.1
161512	36.485583	109.69742	67.0	873.266667	10660.0	-5.067
161532	36.501961	109.649684	67.0	872.0	10660.0	0.258
161552	36.519187	109.599361	67.0	872.0	10660.0	5.419
161612	36.5361	109.549833	67.0	872.0	10662.667	8.0
161632	36.5527	109.5011	67.0	872.0	10668.0	8.0
161652	36.569633	109.451433	67.0	871.333333	10668.0	2.667
161712	36.586733	109.4011	67.0	871.0	10668.0	0.0
161732	36.604	109.3501	67.0	871.0	10668.0	0.0
161752	36.621267	109.299167	67.0	869.666667	10668.0	0.0
161812	36.637965	109.249829	67.0	867.387097	10668.0	2.581
161832	36.654094	109.202087	67.0	864.16129	10668.0	7.742
161852	36.670353	109.153783	67.0	863.366667	10673.067	8.0
161912	36.68683	109.10479	67.3	862.4	10676.0	5.6
161932	36.703563	109.05499	67.966667	861.066667	10676.0	0.267
161952	36.71998	109.005823	68.0	857.833333	10676.0	-9.5
162012	36.736694	108.955748	68.0	856.0	10671.355	-15.0
162032	36.75379	108.904523	68.0	856.0	10661.032	-15.0
162052	36.769844	108.856425	68.0	855.4375	10660.0	-6.562
162112	36.78582	108.80846	68.0	855.0	10660.0	0.0
162132	36.801887	108.759993	68.0	855.0	10660.0	0.0
162152	36.81822	108.710833	68.0	855.0	10660.0	-4.267
162212	36.8346	108.6615	68.0	855.2	10658.6	-6.4
162232	36.850933	108.612167	68.0	855.866667	10653.933	-1.067
162252	36.867373	108.56246	68.0	857.066667	10656.733	11.733
162312	36.883644	108.513144	68.0	858.1875	10663.0	20.688
162332	36.899456	108.464956	68.0	858.8125	10673.0	16.312
162352	36.91582	108.41508	68.0	859.933333	10676.0	4.267
162412	36.932339	108.364677	68.0	861.387097	10674.968	-8.0
162432	36.948532	108.315065	68.0	863.322581	10669.806	-8.0
162452	36.964687	108.265417	68.0	864.0	10668.0	-4.533
162512	36.98087	108.21565	68.0	864.3	10668.0	0.0
162532	36.997337	108.165317	68.0	866.3	10668.0	0.0
162552	37.013543	108.115677	68.0	867.866667	10668.0	0.0
162612	37.02967	108.06617	68.0	869.3	10668.0	0.0
162632	37.046137	108.015303	68.0	871.3	10668.0	0.0
162652	37.06295	107.96331	68.0	873.3	10668.0	0.0
162712	37.079732	107.911332	68.0	875.483871	10668.0	0.774
162732	37.095281	107.862881	68.0	878.709677	10668.0	5.935
162752	37.1113	107.81314	68.0	880.8	10671.2	10.8
162812	37.127647	107.76246	68.0	882.133333	10676.467	14.533
162832	37.144113	107.71106	68.0	883.466667	10681.133	9.867
162852	37.16066	107.65954	68.0	883.2	10683.0	1.6
162912	37.177227	107.607973	68.0	882.0	10682.533	-8.0
162932	37.193493	107.556707	68.0	882.0	10677.867	-8.0
162952	37.20968	107.50564	68.0	881.2	10676.0	-1.6
163012	37.225897	107.454458	68.0	879.483871	10676.452	6.968
163032	37.242865	107.401039	68.0	874.322581	10680.968	-3.355
163052	37.25908	107.34983	68.0	871.633333	10677.5	-13.5
163112	37.274671	107.300458	68.0	871.0	10667.742	-22.742
163132	37.29009	107.251619	68.0	871.0	10662.581	-17.581
163152	37.305767	107.2019	68.333333	871.0	10657.667	-12.667
163212	37.3217	107.1513	69.0	871.0	10653.0	-8.0
163232	37.3377	107.100367	68.333333	871.666667	10653.0	2.667
163252	37.353767	107.049133	68.333333	872.666667	10655.333	8.0
163312	37.3699	106.9976	69.0	874.0	10660.0	8.0
163332	37.3857	106.9468	69.0	874.0	10660.0	8.0
163352	37.4016	106.895767	69.0	874.0	10662.667	10.333
163412	37.4176	106.8445	69.0	874.0	10668.0	15.0
163432	37.4332	106.794167	69.0	872.666667	10673.333	5.0
163452	37.448967	106.743233	69.0	872.666667	10673.333	-2.667
163512	37.4649	106.6917	69.0	874.0	10668.0	-8.0
163532	37.480513	106.641184	69.0	874.0	10668.0	-2.839
163552	37.49642	106.58961	69.0	874.0	10668.0	0.0
163612	37.512687	106.536743	69.0	874.0	10668.0	0.0
163632	37.528271	106.485987	69.0	874.0	10668.0	4.29
163652	37.543665	106.435806	69.0	873.225806	10670.065	5.194
163712	37.558826	106.386323	69.0	871.290323	10675.226	0.677
163732	37.5747	106.334133	69.0	871.566667	10671.467	-8.5
163752	37.590656	106.281612	69.0	872.0	10666.25	-11.719
163812	37.606531	106.229363	69.0	872.0	10661.25	-2.344
163832	37.621726	106.179381	69.0	872.0	10663.871	3.871
163852	37.636793	106.129747	69.0	872.266667	10668.0	6.933
163912	37.65226	106.07848	69.0	873.6	10668.0	1.6
163932	37.66768	106.027307	69.0	873.066667	10668.0	0.0
163952	37.68312	105.97604	69.0	872.266667	10668.0	0.0
164012	37.69872	105.92424	69.0	873.6	10668.0	0.0
164032	37.714273	105.872627	69.0	874.466667	10668.0	0.0
164052	37.729687	105.821387	69.0	875.0	10668.0	0.0
164112	37.74462	105.77132	69.0	875.0	10668.0	0.0
164132	37.7603	105.718827	69.466667	875.933333	10668.0	3.733
164152	37.776233	105.66548	70.0	877.0	10669.067	8.0
164212	37.7919	105.61288	70.0	877.0	10674.4	8.0
164232	37.80738	105.560513	70.0	877.0	10676.0	0.533
164252	37.822647	105.50882	70.0	877.0	10674.933	-8.0
164312	37.83738	105.45942	70.0	877.0	10669.6	-8.0
164332	37.852487	105.408293	70.0	877.0	10668.0	-4.267
164352	37.867793	105.356267	70.0	877.4	10668.0	0.0
164412	37.88326	105.3036	70.0	879.4	10668.0	0.0
164432	37.898648	105.251219	70.0	880.0	10668.0	0.0
164452	37.91397	105.19908	70.0	880.0	10668.0	0.0
164512	37.929103	105.147613	70.0	880.0	10668.0	0.0
164532	37.944548	105.094752	70.0	880.83871	10668.0	0.0
164552	37.960113	105.04132	70.0	882.133333	10668.0	0.0
164612	37.975247	104.98952	70.0	883.466667	10668.0	0.0
164632	37.9903	104.93764	70.0	884.0	10668.0	3.2
164652	38.005327	104.885593	70.0	883.866667	10668.533	7.467
164712	38.020593	104.832527	70.0	882.533333	10673.867	2.133
164732	38.03574	104.77994	70.0	882.0	10672.8	-6.0
164752	38.050793	104.727693	70.0	882.133333	10667.467	-14.0
164812	38.065727	104.675627	70.0	883.466667	10662.133	-4.0
164832	38.08098	104.62248	70.0	884.4	10663.2	3.2
164852	38.096353	104.568913	70.0	885.0	10668.0	8.0
164912	38.110887	104.518047	70.0	885.0	10668.0	8.0
164932	38.12562	104.46646	70.0	884.6	10671.2	8.0
164952	38.140507	104.414273	70.0	883.866667	10676.0	7.467
165012	38.155573	104.361007	70.0	882.533333	10676.0	2.133
165032	38.17056	104.30798	70.0	881.2	10676.0	0.0
165052	38.185467	104.255213	70.0	879.8	10676.0	-1.0
165112	38.200133	104.203347	70.0	877.8	10676.0	-11.0
165132	38.215019	104.150626	70.0	877.0	10669.806	-15.0
165152	38.23	104.097506	70.032258	876.935484	10660.0	-14.516
165212	38.244	104.047635	70.677419	875.645161	10660.0	-4.839
165232	38.2584	103.996233	70.666667	875.0	10660.0	0.0
165252	38.2732	103.9433	70.0	875.0	10660.0	0.0
165312	38.287867	103.890633	70.666667	875.0	10660.0	0.0
165332	38.3022	103.839267	71.0	875.0	10660.0	0.0
165352	38.3162	103.7892	71.0	875.0	10660.0	0.0
165412	38.3316	103.7334	71.0	876.333333	10660.0	0.0
165432	38.346333	103.68	71.0	878.666667	10660.0	2.667
165452	38.3604	103.629	71.0	882.0	10660.0	8.0
165512	38.375333	103.575267	71.0	883.333333	10665.333	8.0
165532	38.39	103.522167	71.0	884.333333	10668.0	8.0
165552	38.4044	103.4697	71.0	885.0	10668.0	8.0
165612	38.418533	103.417833	71.0	886.333333	10673.333	8.0
165632	38.433267	103.363867	71.0	887.0	10676.0	5.333
165652	38.4486	103.3078	71.0	887.0	10676.0	0.0
165712	38.463133	103.254667	71.0	887.666667	10676.0	-5.333
165732	38.477667	103.201267	71.0	889.333333	10673.333	-8.0
165752	38.4922	103.1476	71.0	892.0	10668.0	-8.0
165812	38.505933	103.096533	71.0	892.666667	10668.0	-2.667
165832	38.520367	103.043	71.0	893.0	10668.0	0.0
165852	38.5355	102.987	71.0	893.0	10668.0	0.0
165912	38.5501	102.932667	71.0	894.333333	10668.0	0.0
165932	38.564567	102.8787	71.0	895.333333	10668.0	2.667
165952	38.5789	102.8251	71.0	896.0	10668.0	8.0
170012	38.593367	102.771233	71.0	896.0	10673.333	8.0
170032	38.607733	102.717467	71.0	896.0	10676.0	5.333
170052	38.622	102.6638	71.0	896.0	10676.0	0.0
170112	38.6362	102.6104	71.0	895.333333	10676.0	-5.333
170132	38.650558	102.556216	71.0	895.0	10673.419	-10.258
170152	38.665074	102.501248	71.0	895.0	10668.258	-14.774
170212	38.678783	102.44948	71.0	895.0	10662.933	-10.567
170232	38.69293	102.39587	71.0	895.0	10660.0	-5.6
170252	38.707663	102.339803	71.0	895.0	10660.0	-0.267
170312	38.721516	102.286681	71.612903	895.612903	10660.0	0.0
170332	38.735587	102.232793	72.0	896.533333	10660.0	2.133
170352	38.750053	102.177527	72.0	897.866667	10660.0	7.467
170412	38.76434	102.12244	72.0	898.0	10664.8	8.0
170432	38.7785	102.067853	72.0	898.533333	10668.0	5.867
170452	38.7925	102.013987	72.0	899.866667	10668.0	0.533
170512	38.80686	101.95856	72.0	898.8	10668.0	0.0
170532	38.820997	101.903781	72.0	898.516129	10668.0	0.0
170552	38.834739	101.850232	72.0	899.806452	10668.0	0.0
170612	38.848757	101.795677	72.0	900.0	10668.0	0.0
170632	38.862753	101.7412	72.0	900.233333	10668.0	0.0
170652	38.87662	101.6872	72.0	900.9	10668.0	0.0
170712	38.890713	101.631897	72.0	901.0	10668.0	0.0
170732	38.904847	101.576317	72.0	901.0	10668.0	0.0
170752	38.91898	101.52065	72.0	901.0	10668.0	0.0
170812	38.93283	101.46623	72.0	901.0	10668.0	4.533
170832	38.946497	101.412394	72.0	901.0	10669.806	6.194
170852	38.959916	101.359232	72.0	901.0	10674.968	1.032
170912	38.973587	101.30492	72.0	900.466667	10671.733	-4.267
170932	38.98742	101.2499	72.0	900.0	10668.0	-6.4
170952	39.001487	101.1939	72.0	900.0	10668.0	-1.067
171012	39.015287	101.1387	72.0	900.0	10668.0	0.0
171032	39.0288	101.08454	72.0	900.0	10668.0	1.6
171052	39.0418	101.03234	72.0	900.0	10668.0	6.933
171112	39.055973	100.97534	72.0	898.933333	10672.267	3.733
171132	39.069932	100.919097	72.193548	898.0	10674.452	-1.548
171152	39.082706	100.867419	72.83871	898.0	10669.29	-6.71
171212	39.0964	100.81185	73.0	898.0	10668.0	0.0
171232	39.110206	100.755781	73.0	897.516129	10669.29	8.0
171252	39.123432	100.702103	73.0	895.580645	10674.452	8.0
171312	39.13678	100.64764	73.0	894.066667	10676.0	-2.733
171332	39.150275	100.592425	73.0	893.0	10674.0	-15.0
171352	39.16415	100.53555	73.0	893.0	10664.0	-15.0
171412	39.17778	100.47956	73.0	893.0	10660.0	-9.0
171432	39.19122	100.424247	73.0	893.0	10660.0	0.0
171452	39.20442	100.369713	73.0	893.0	10660.0	0.0
171512	39.2173	100.31654	73.0	893.8	10660.0	3.2
171532	39.230068	100.263835	73.0	894.806452	10660.516	8.0
171552	39.243745	100.20719	73.0	892.870968	10665.677	8.0
171612	39.256867	100.152513	73.0	892.0	10668.0	5.067
171632	39.269571	100.0993	73.0	892.0	10668.0	0.258
171652	39.28299	100.0433	73.0	892.0	10668.0	5.419
171712	39.296267	99.9878	73.0	892.0	10670.667	8.0
171732	39.3094	99.9328	73.0	892.0	10676.0	8.0
171752	39.322467	99.8778	73.0	889.333333	10676.0	2.667
171812	39.3353	99.823567	73.0	888.0	10676.0	-2.667
171832	39.3479	99.7701	73.0	888.0	10676.0	-8.0
171852	39.361033	99.7143	73.0	886.0	10670.667	-8.0
171912	39.374067	99.658933	73.0	885.0	10668.0	-8.0
171932	39.387	99.604	73.0	885.0	10668.0	-8.0
171952	39.399733	99.549733	73.0	884.333333	10662.667	-2.667
172012	39.412433	99.4953	73.0	883.333333	10662.667	2.667
172032	39.4251	99.4407	73.0	882.0	10668.0	8.0
172052	39.4377	99.386233	73.0	880.666667	10668.0	2.667
172112	39.4501	99.332567	73.0	880.0	10668.0	-2.667
172132	39.4623	99.2797	73.0	880.0	10668.0	-8.0
172152	39.4751	99.2243	73.666667	880.0	10662.667	-8.0
172212	39.4878	99.169167	74.0	880.666667	10660.0	-5.333
172232	39.5004	99.1143	74.0	882.0	10660.0	0.0
172252	39.512723	99.060881	74.0	882.0	10660.0	5.161
172312	39.52508	99.00696	74.0	881.4	10662.4	8.0
172332	39.53748	98.952427	74.0	880.066667	10667.733	8.0
172352	39.550133	98.896943	74.0	881.266667	10668.0	2.933
172412	39.56265	98.8418	74.0	882.6	10668.0	0.0
172432	39.574983	98.787133	74.0	883.933333	10668.0	0.0
172452	39.587253	98.73272	74.0	884.633333	10668.0	5.067
172512	39.59961	98.67793	74.0	884.7	10670.4	8.0
172532	39.612077	98.622663	74.0	884.033333	10675.733	8.0
172552	39.624417	98.567777	74.0	884.0	10676.0	2.933
172612	39.63636	98.51429	74.0	884.0	10676.0	0.0
172632	39.647827	98.46249	74.0	884.0	10676.0	0.0
172652	39.660045	98.407497	74.0	882.774194	10676.0	-4.903
172712	39.672333	98.352107	74.0	882.0	10673.867	-8.0
172732	39.684667	98.296373	74.0	882.0	10668.533	-8.0
172752	39.6967	98.24191	74.0	883.16129	10668.0	-3.355
172812	39.708723	98.187373	74.0	884.0	10668.0	0.0
172832	39.72079	98.13244	74.0	884.0	10668.0	0.0
172852	39.73246	98.079093	74.0	884.566667	10668.0	0.0
172912	39.74434	98.024673	74.0	884.766667	10668.0	0.0
172932	39.75674	97.96774	74.0	884.1	10668.0	0.0
172952	39.769083	97.911203	74.0	884.0	10668.0	0.0
173012	39.78116	97.855693	74.0	884.0	10668.0	1.867
173032	39.79276	97.80196	74.0	884.0	10668.0	7.2
173052	39.80487	97.746187	74.0	881.733333	10672.533	8.0
173112	39.816813	97.690987	74.233333	878.833333	10676.0	4.267
173132	39.82828	97.63752	74.9	875.5	10676.0	-6.4
173152	39.839747	97.583657	75.0	875.0	10671.467	-8.0
173212	39.851447	97.528743	75.0	874.766667	10668.0	-8.0
173232	39.86358	97.47201	75.0	874.1	10668.0	-8.0
173252	39.875033	97.41811	75.0	874.0	10663.467	-8.0
173312	39.88646	97.364313	75.0	874.0	10660.0	-6.133
173332	39.89806	97.30978	75.0	874.0	10660.0	-0.8
173352	39.909603	97.254963	75.0	874.566667	10660.0	0.0
173412	39.92109	97.200307	75.0	875.466667	10660.0	0.0
173432	39.93249	97.14604	75.0	876.8	10660.0	0.0
173452	39.944117	97.090753	75.0	878.7	10660.0	4.533
173512	39.95576	97.035287	75.0	880.466667	10661.867	8.0
173532	39.96736	96.97982	75.0	881.8	10667.2	8.0
173552	39.978677	96.92526	75.0	882.0	10668.0	8.0
173612	39.99006	96.870253	75.0	882.0	10669.867	8.0
173632	40.00166	96.81412	75.0	882.0	10675.2	8.0
173652	40.01326	96.757647	75.0	882.0	10676.0	3.467
173712	40.024774	96.701594	75.0	882.0	10676.0	1.806
173732	40.036129	96.646432	75.0	882.0	10676.0	6.968
173752	40.047467	96.590867	75.0	880.933333	10679.733	3.733
173812	40.058632	96.536048	75.0	879.419355	10681.645	-1.548
173832	40.069406	96.48321	75.0	877.483871	10677.129	-6.71
173852	40.0808	96.4271	75.0	875.5	10676.0	-8.0
173912	40.092233	96.37065	75.0	874.0	10674.667	-8.0
173932	40.103167	96.31645	75.0	874.0	10669.333	-8.0
173952	40.1141	96.26205	75.5	872.5	10668.0	-8.0
174012	40.125042	96.207442	75.83871	870.677419	10666.71	-8.0
174032	40.13601	96.15241	75.193548	869.387097	10661.548	-8.0
174052	40.146767	96.09866	75.466667	868.066667	10660.0	-4.267
174112	40.157513	96.044927	76.0	867.0	10660.0	0.0
174132	40.16858	95.98906	76.0	867.0	10660.0	0.0
174152	40.17946	95.934173	76.0	867.0	10660.0	0.0
174212	40.19034	95.87924	76.0	867.0	10660.0	0.0
174232	40.20154	95.82244	76.0	867.0	10660.0	0.0
174252	40.211993	95.768907	76.0	867.933333	10660.0	0.0
174312	40.22234	95.71576	76.0	869.266667	10660.0	0.0
174332	40.23354	95.65856	76.0	870.6	10660.0	0.0
174352	40.244133	95.604533	76.0	871.466667	10660.0	3.733
174412	40.254503	95.55151	76.0	872.387097	10661.032	8.903
174432	40.265019	95.497058	76.0	874.322581	10666.194	13.419
174452	40.275677	95.44212	76.0	875.0	10671.467	15.0
174512	40.2864	95.38684	76.0	874.9	10676.7	13.5
174532	40.297067	95.331107	76.0	874.233333	10681.367	3.5
174552	40.30769	95.275763	76.0	873.133333	10679.967	-3.467
174612	40.31822	95.22084	76.0	869.3	10676.0	-8.0
174632	40.328353	95.167107	76.0	851.3	10676.0	-8.0
174652	40.338487	95.113243	76.0	847.6	10672.533	-8.0
174712	40.34863	95.05937	76.0	852.0	10668.0	-7.2
174732	40.35883	95.005837	76.0	858.666667	10668.0	-1.867
174752	40.36929	94.950787	76.0	863.6	10668.0	0.0
174812	40.37983	94.89513	76.0	866.2	10668.0	0.0
174832	40.39003	94.840663	76.0	860.866667	10668.0	0.0
174852	40.400317	94.785373	76.0	858.566667	10668.0	0.0
174912	40.4106	94.72994	76.1	857.8	10668.0	-0.8
174932	40.4206	94.676207	76.766667	856.466667	10668.0	-6.133
174952	40.430513	94.62243	77.0	855.566667	10664.533	-8.0
175012	40.4404	94.56858	76.9	855.0	10660.0	-7.2
175032	40.4504	94.514447	76.233333	855.0	10660.0	-1.867
175052	40.460747	94.45832	76.0	855.0	10660.0	0.0
175112	40.47107	94.40221	76.1	855.1	10660.0	0.0
175132	40.480203	94.352277	76.766667	855.766667	10660.0	0.0
175152	40.490073	94.298183	77.0	856.866667	10660.0	3.467
175212	40.5003	94.24204	77.0	858.1	10660.8	8.7
175232	40.5103	94.186973	77.0	858.766667	10666.133	13.367
175252	40.520387	94.13117	77.0	859.866667	10671.467	11.967
175312	40.530442	94.075368	77.0	861.0	10676.0	7.226
175332	40.540055	94.021819	77.0	861.0	10676.0	2.065
175352	40.54958	93.9686	77.0	861.8	10676.0	-3.2
175412	40.559133	93.91514	77.0	863.0	10675.467	-7.467
175432	40.569467	93.85754	77.0	863.0	10670.133	-2.133
175452	40.57932	93.80222	77.0	862.2	10671.2	0.0
175512	40.58886	93.74834	77.0	860.6	10675.467	-0.533
175532	40.59846	93.69374	77.0	856.6	10670.133	-5.867
175552	40.60798	93.63934	77.0	850.2	10668.0	-4.8
175612	40.617447	93.585133	77.0	842.8	10668.0	0.0
175632	40.626913	93.531467	77.0	840.8	10668.0	0.0
175652	40.63626	93.47816	77.0	839.2	10668.0	0.0
175712	40.64554	93.42492	77.0	837.8	10668.0	0.0
175732	40.65494	93.37012	77.0	835.8	10668.0	0.0
175752	40.66402	93.31704	77.0	833.8	10668.0	-6.0
175812	40.672947	93.264793	77.0	831.866667	10667.0	-15.0
175832	40.682413	93.209727	77.0	830.533333	10657.0	-15.0
175852	40.69164	93.15598	77.0	830.0	10653.0	-5.8
175912	40.7007	93.103133	77.066667	830.0	10653.467	8.467
175932	40.7097	93.050467	77.733333	830.0	10658.133	13.133
175952	40.7187	92.99744	77.6	828.8	10663.2	12.2
180012	40.727684	92.944313	77.0	826.677419	10668.0	7.484
180032	40.736523	92.892442	77.0	823.451613	10668.0	2.323
180052	40.745413	92.83984	77.366667	820.9	10668.0	0.0
180112	40.754347	92.786613	78.0	819.1	10668.0	0.0
180132	40.76328	92.73288	78.0	821.1	10668.0	0.0
180152	40.772103	92.680027	78.0	822.0	10668.0	0.0
180212	40.780837	92.627837	78.0	822.066667	10668.0	0.0
180232	40.78957	92.57457	78.0	823.4	10668.0	0.0
180252	40.798193	92.52222	78.0	824.0	10668.0	0.0
180312	40.806743	92.47052	78.0	824.066667	10668.0	0.0
180332	40.81561	92.41692	78.0	825.4	10668.0	0.0
180352	40.824403	92.36299	78.0	826.0	10668.0	2.933
180412	40.833142	92.3088	78.0	826.0	10668.258	7.742
180432	40.841981	92.2548	78.0	826.0	10673.419	2.581
180452	40.850567	92.202267	78.0	826.0	10673.333	-2.667
180512	40.8589	92.1512	78.0	826.0	10668.0	-8.0
180532	40.867545	92.097587	78.0	826.0	10668.0	-2.839
180552	40.87605	92.04467	78.0	826.3	10668.0	-2.4
180612	40.884383	91.992603	78.0	826.966667	10668.0	-7.733
180632	40.893033	91.938383	78.633333	828.9	10662.933	-89.7
180652	40.9017	91.88369	78.7	827.3	10621.3	-173.6
180712	40.910367	91.828557	78.033333	821.3	10535.3	-254.933
180732	40.918273	91.77868	78.0	809.6	10448.667	-273.567
180752	40.92638	91.7274	78.0	800.6	10355.4	-282.0
180812	40.93478	91.674067	78.0	795.266667	10254.067	-282.0
180832	40.942673	91.623837	78.0	803.233333	10166.667	-224.367
180852	40.95066	91.57293	78.0	811.3	10100.7	-151.7
180912	40.958793	91.520997	78.0	818.633333	10060.033	-64.367
180932	40.966984	91.468081	78.612903	822.064516	10058.0	-23.226
180952	40.97526	91.414673	78.733333	823.466667	10058.0	0.0
181012	40.98366	91.360607	78.066667	822.133333	10058.0	0.0
181032	40.99218	91.3057	78.0	822.0	10058.0	0.0
181052	41.000527	91.251607	78.266667	823.066667	10058.0	2.133
181112	41.008593	91.198873	78.933333	825.733333	10058.0	7.467
181132	41.0166	91.14596	79.0	826.0	10062.8	12.2
181152	41.02452	91.09364	79.0	826.266667	10068.133	11.0
181212	41.03232	91.04224	79.0	826.933333	10073.467	1.0
181232	41.0406	90.98724	79.0	826.4	10069.2	-4.8
181252	41.048667	90.933573	79.0	826.0	10066.0	-8.0
181312	41.056333	90.882507	79.0	826.0	10066.0	-8.0
181332	41.0643	90.828916	79.0	824.83871	10061.355	-8.0
181352	41.07237	90.774697	79.0	824.0	10058.0	-8.0
181412	41.08057	90.71983	79.0	824.0	10058.0	-8.0
181432	41.0886	90.665261	79.0	824.0	10054.161	-8.0
181452	41.0964	90.61204	79.0	824.0	10051.0	-4.8
181512	41.103733	90.56184	79.0	824.0	10051.0	5.867
181532	41.1116	90.50844	79.0	825.066667	10054.733	3.733
181552	41.11952	90.45464	79.0	826.2	10056.6	-1.6
181612	41.127253	90.401773	79.0	826.866667	10051.933	-6.933
181632	41.135307	90.345867	79.0	827.0	10051.0	0.533
181652	41.14328	90.29026	79.0	827.6	10052.4	6.4
181712	41.15088	90.237127	79.0	829.6	10057.067	1.067
181732	41.158427	90.184687	79.0	831.066667	10054.267	0.0
181752	41.166	90.13208	79.0	832.0	10052.4	1.6
181812	41.173667	90.07868	79.0	832.0	10057.067	6.933
181832	41.18144	90.023787	79.0	833.066667	10058.0	8.0
181852	41.18926	89.96842	79.2	834.0	10059.6	8.0
181912	41.197127	89.91282	79.866667	834.0	10064.933	8.0
181932	41.204887	89.857487	80.0	834.0	10066.0	3.733
181952	41.21246	89.80334	80.0	833.2	10066.0	-1.6
182012	41.21966	89.751807	80.0	830.533333	10066.0	-6.933
182032	41.227242	89.696906	80.0	830.0	10061.871	-8.0
182052	41.234783	89.64205	80.0	830.0	10058.0	-6.667
182112	41.241917	89.58985	80.0	830.0	10058.0	-1.333
182132	41.24925	89.5367	80.0	828.5	10058.0	-4.0
182152	41.25665	89.482983	80.0	827.833333	10056.833	-8.0
182212	41.26405	89.428517	80.0	831.166667	10052.167	-8.0
182232	41.27135	89.37505	80.0	833.0	10051.0	-4.0
182252	41.2786	89.321767	80.0	834.0	10051.0	1.333
182312	41.2858	89.268033	80.0	834.0	10051.0	6.667
182332	41.2933	89.2124	80.0	834.5	10054.5	8.0
182352	41.30055	89.156567	80.5	835.0	10058.0	6.667
182412	41.30675	89.102033	82.5	835.0	10058.0	1.333
182432	41.3123	89.04765	83.0	835.0	10058.0	0.0
182452	41.31765	88.99315	83.0	835.5	10058.0	0.0
182512	41.32305	88.93815	83.0	837.5	10058.0	0.0
182532	41.3284	88.88375	83.0	838.0	10058.0	-4.0
182552	41.333717	88.82925	83.0	838.833333	10056.833	-6.667
182612	41.338983	88.77385	83.0	842.166667	10052.167	-1.333
182632	41.3443	88.71845	83.0	843.0	10054.5	7.5
182652	41.349617	88.6632	83.0	843.0	10059.333	13.833
182712	41.354883	88.6084	83.0	843.0	10064.667	9.167
182732	41.3602	88.5523	83.0	844.0	10066.0	0.0
182752	41.365533	88.4955	83.0	845.0	10064.667	-9.167
182812	41.370867	88.4379	83.0	845.0	10059.333	-13.833
182832	41.3761	88.3816	83.0	845.0	10054.5	-11.5
182852	41.381267	88.325883	83.0	845.333333	10051.0	-5.333
182912	41.386333	88.270617	83.0	846.666667	10051.0	5.333
182932	41.3912	88.21735	83.0	847.5	10054.5	8.0
182952	41.396133	88.163167	83.0	848.333333	10058.0	6.667
183012	41.401467	88.104233	83.0	849.666667	10058.0	1.333
183032	41.40655	88.0477	83.0	850.5	10058.0	0.0
183052	41.411533	87.992167	83.0	851.0	10058.0	1.333
183112	41.416467	87.937233	83.0	851.0	10058.0	6.667
183132	41.42145	87.8805	83.0	851.0	10062.0	4.0
183152	41.42645	87.823333	83.0	851.0	10064.667	-1.333
183212	41.43145	87.766667	83.0	851.0	10059.333	-6.667
183232	41.4362	87.71185	83.0	853.0	10058.0	-4.0
183252	41.44095	87.6569	83.0	855.166667	10058.0	0.0
183312	41.44595	87.5997	83.0	855.833333	10058.0	0.0
183332	41.4507	87.5437	83.5	857.0	10058.0	0.0
183352	41.455417	87.487567	84.0	858.0	10058.0	0.0
183412	41.460283	87.429833	84.0	858.0	10058.0	0.0
183432	41.46495	87.37465	84.0	858.5	10058.0	0.0
183452	41.469633	87.319117	84.0	859.333333	10058.0	0.0
183512	41.474567	87.259983	84.0	860.666667	10058.0	0.0
183532	41.4793	87.2026	84.0	865.0	10058.0	0.0
183552	41.483967	87.145583	84.0	870.0	10058.0	0.0
183612	41.488633	87.087917	84.0	874.0	10058.0	0.0
183632	41.4934	87.02935	84.0	874.5	10058.0	0.0
183652	41.4981	86.971583	84.0	874.0	10058.0	0.0
183712	41.5025	86.917117	84.0	874.0	10058.0	0.0
183732	41.50715	86.8583	84.0	874.5	10058.0	-4.0
183752	41.5118	86.798983	84.0	875.0	10056.833	-6.667
183812	41.5162	86.742517	84.0	875.0	10052.167	-1.333
183832	41.52075	86.68405	84.0	878.5	10054.5	4.0
183852	41.525317	86.625233	84.0	882.0	10058.0	8.0
183912	41.529783	86.567367	84.0	882.0	10058.0	8.0
183932	41.5342	86.5095	84.0	882.0	10062.0	8.0
183952	41.538617	86.451217	84.0	882.333333	10066.0	5.333
184012	41.543083	86.391683	84.0	883.666667	10066.0	-5.333
184032	41.54745	86.3333	84.0	884.5	10062.0	-8.0
184052	41.55175	86.275383	84.0	885.333333	10058.0	-6.667
184112	41.55595	86.217717	84.0	886.666667	10058.0	-1.333
184132	41.5603	86.15855	84.0	889.5	10058.0	0.0
184152	41.564683	86.09895	84.166667	892.166667	10058.0	0.0
184212	41.569017	86.03955	84.833333	892.833333	10058.0	0.0
184232	41.5732	85.9815	85.0	894.0	10058.0	4.0
184252	41.577383	85.922933	85.0	895.0	10059.333	8.0
184312	41.581717	85.861467	85.0	895.0	10064.667	8.0
184332	41.58575	85.803	85.0	895.0	10066.0	0.0
184352	41.589767	85.744433	85.0	895.0	10064.667	-8.0
184412	41.594033	85.682567	85.0	895.0	10059.333	-8.0
184432	41.598	85.62525	85.0	895.5	10058.0	-4.0
184452	41.601967	85.567783	85.0	895.833333	10058.0	0.0
184512	41.606233	85.505317	85.0	895.166667	10058.0	0.0
184532	41.61025	85.4448	85.0	894.0	10058.0	0.0
184552	41.614152	85.38561	85.0	893.0	10058.0	0.0
184612	41.617958	85.328448	85.0	893.0	10058.0	0.0
184632	41.621807	85.269813	85.0	892.533333	10058.0	-3.733
184652	41.625647	85.210907	85.0	892.0	10057.067	-6.933
184712	41.62938	85.15344	85.0	892.0	10052.4	-1.6
184732	41.633207	85.093267	85.0	890.133333	10054.267	3.733
184752	41.637033	85.032667	85.0	888.0	10058.0	6.933
184812	41.6407	84.975	85.0	888.0	10058.0	1.6
184832	41.644413	84.915187	85.0	887.533333	10058.0	0.0
184852	41.648093	84.855187	85.0	887.0	10058.0	0.0
184912	41.65156	84.79812	85.0	887.0	10058.0	0.0
184932	41.65512	84.73984	85.0	887.0	10058.0	-3.733
184952	41.658707	84.680867	85.0	887.0	10057.067	-8.0
185012	41.66224	84.6212	85.0	887.0	10052.4	-8.0
185032	41.665727	84.562467	85.466667	886.066667	10051.0	-0.533
185052	41.66918	84.50396	86.0	885.266667	10051.933	8.0
185112	41.67258	84.44476	86.0	886.6	10056.6	8.0
185132	41.67598	84.386213	86.0	887.466667	10058.0	0.533
185152	41.679353	84.328	86.0	888.533333	10057.067	-6.933
185212	41.68262	84.27	86.0	891.2	10052.4	-1.6
185232	41.686027	84.209573	86.0	892.466667	10054.267	3.733
185252	41.689453	84.148413	86.0	893.266667	10058.0	6.933
185312	41.69272	84.08848	86.0	894.6	10058.0	1.6
185332	41.695987	84.02794	86.0	895.466667	10058.0	3.733
185352	41.6992	83.967913	86.0	896.0	10059.067	8.0
185412	41.7022	83.91098	86.0	896.0	10064.4	8.0
185432	41.70534	83.852413	86.0	896.0	10066.0	0.533
185452	41.708527	83.792787	86.0	896.0	10064.933	-8.0
185512	41.71166	83.73172	86.0	896.0	10059.6	-8.0
185532	41.7147	83.67294	86.0	896.0	10058.0	-4.267
185552	41.717706	83.614623	86.0	896.0	10058.0	0.0
185612	41.720739	83.554235	86.0	896.0	10058.0	0.0
185632	41.72375	83.494273	86.0	896.0	10058.0	0.0
185652	41.72672	83.43468	86.0	896.0	10058.0	0.0
185712	41.72952	83.37588	86.0	896.0	10058.0	0.0
185732	41.732407	83.315693	86.0	896.866667	10058.0	0.0
185752	41.73532	83.255	86.1	898.2	10058.0	0.0
185812	41.73812	83.195667	86.766667	899.533333	10058.0	0.0
185832	41.74092	83.135683	86.566667	900.0	10058.0	0.0
185852	41.7437	83.0756	86.1	900.0	10058.0	0.0
185912	41.746367	83.016933	86.766667	900.0	10058.0	0.0
185932	41.74912	82.95597	87.0	900.433333	10058.0	3.467
185952	41.7519	82.89424	87.0	900.9	10058.8	7.2
190012	41.754567	82.835173	87.0	900.233333	10064.133	1.867
190032	41.757147	82.77511	87.0	900.0	10062.533	-3.467
190052	41.75968	82.71477	87.0	900.0	10058.0	-7.2
190112	41.762213	82.655903	87.0	900.0	10058.0	-1.867
190132	41.764747	82.59617	87.0	900.0	10058.0	-3.467
190152	41.76726	82.53616	87.0	900.0	10057.3	-8.0
190212	41.76966	82.477227	87.0	900.0	10052.633	-8.0
190232	41.77206	82.417297	87.0	900.0	10051.0	-4.533
190252	41.77445	82.35712	87.0	900.1	10051.0	0.0
190312	41.776783	82.298587	87.0	900.766667	10051.0	0.0
190332	41.779117	82.23884	87.0	902.3	10051.0	3.467
190352	41.78145	82.17829	87.0	904.0	10051.7	8.0
190412	41.783783	82.11689	87.0	904.0	10056.367	8.0
190432	41.78603	82.05614	87.0	904.866667	10058.0	4.533
190452	41.78823	81.99581	87.0	906.0	10058.0	0.8
190512	41.79043	81.935877	87.0	906.0	10058.0	6.133
190532	41.79263	81.87486	87.0	906.0	10061.467	4.533
190552	41.7948	81.8137	87.0	906.0	10065.2	-0.8
190612	41.7968	81.755033	87.0	906.0	10059.867	-6.133
190632	41.798887	81.694417	87.0	905.133333	10058.0	-4.533
190652	41.80099	81.6331	87.1	904.0	10058.0	0.0
190712	41.802923	81.573767	87.766667	904.0	10058.0	0.0
190732	41.8049	81.512743	88.0	902.7	10058.0	-3.467
190752	41.80687	81.45145	88.0	901.5	10057.3	-7.2
190812	41.80867	81.393783	88.0	904.833333	10052.633	-1.867
190832	41.810513	81.334297	88.0	905.133333	10054.033	3.467
190852	41.81238	81.27345	88.0	903.7	10058.0	7.2
190912	41.814247	81.21045	88.0	901.7	10058.0	1.867
190932	41.815983	81.151263	88.0	901.0	10058.0	0.0
190952	41.81735	81.09369	88.4	901.0	10058.0	0.0
191012	41.817017	81.033623	91.066667	901.0	10058.0	0.0
191032	41.816163	80.972993	91.566667	901.0	10058.0	0.0
191052	41.81502	80.91211	91.1	900.9	10058.0	0.8
191112	41.81382	80.85151	91.766667	900.233333	10058.0	6.133
191132	41.812577	80.791517	92.0	898.266667	10061.467	8.0
191152	41.81131	80.7319	92.0	895.9	10066.0	7.2
191212	41.810043	80.672567	92.0	895.233333	10066.0	1.867
191232	41.808647	80.612063	92.0	891.966667	10066.0	-3.467
191252	41.80722	80.55168	92.0	887.9	10065.2	-8.0
191312	41.80602	80.495547	92.0	887.233333	10059.867	-8.0
191332	41.804647	80.435557	92.0	886.133333	10058.0	-8.0
191352	41.80318	80.37398	92.0	884.9	10057.3	-8.0
191412	41.801713	80.31518	92.0	884.233333	10052.633	-8.0
191432	41.800203	80.256467	92.0	883.133333	10051.0	-4.533
191452	41.79867	80.19803	92.0	882.0	10051.0	0.0
191512	41.797137	80.140897	92.0	882.0	10051.0	0.0
191532	41.79556	80.082897	92.0	881.133333	10051.0	0.0
191552	41.793948	80.02419	92.0	880.193548	10051.0	0.0
191612	41.792271	79.964126	92.0	881.483871	10051.0	0.0
191632	41.79056	79.90274	92.0	882.8	10051.0	3.2
191652	41.788833	79.840953	92.0	884.066667	10051.467	8.0
191712	41.787167	79.783487	92.0	884.733333	10056.133	8.0
191732	41.78542	79.7255	92.0	885.8	10058.0	8.0
191752	41.783627	79.667213	92.0	887.0	10058.533	8.0
191812	41.781893	79.609347	92.0	887.0	10063.867	8.0
191832	41.78004	79.55044	92.4	887.0	10066.0	4.8
191852	41.778107	79.490867	93.0	886.866667	10066.0	0.0
191912	41.776173	79.431533	93.0	885.533333	10066.0	0.0
191932	41.77424	79.37248	93.0	885.0	10066.0	-3.2
191952	41.7723	79.313533	93.0	885.0	10065.467	-8.467
192012	41.7703	79.253867	93.0	885.0	10060.133	-13.133
192032	41.7683	79.19572	93.0	885.8	10055.2	-12.2
192052	41.766287	79.138233	93.0	887.066667	10051.0	-6.933
192112	41.764153	79.077567	93.0	887.733333	10051.0	3.733
192132	41.762023	79.018229	93.0	889.548387	10053.71	8.0
192152	41.75989	78.95976	93.0	892.033333	10058.0	7.733
192212	41.75769	78.90096	93.0	892.7	10058.0	2.4
192232	41.755417	78.841243	93.0	893.733333	10058.0	2.933
192252	41.753083	78.780773	93.0	895.0	10058.267	7.733
192312	41.75075	78.72024	93.0	895.0	10063.6	2.4
192332	41.748417	78.66066	93.0	895.0	10063.067	0.0
192352	41.746083	78.601887	93.0	895.0	10058.267	0.267
192412	41.74375	78.54362	93.0	895.0	10063.6	5.6
192432	41.741343	78.484767	93.0	895.0	10066.0	2.133
192452	41.738873	78.42535	93.0	895.0	10065.733	-8.0
192512	41.73634	78.36435	93.0	895.0	10060.4	-8.0
192532	41.733807	78.30423	93.0	895.0	10058.0	-5.067
192552	41.731273	78.24489	93.0	894.933333	10058.0	0.0
192612	41.72874	78.18669	93.0	893.6	10058.0	0.0
192632	41.726133	78.127133	93.366667	893.0	10058.0	0.0
192652	41.723471	78.066619	94.0	893.0	10058.0	0.0
192712	41.72089	78.009006	94.0	893.0	10058.0	0.0
192732	41.718267	77.9509	94.0	892.666667	10058.0	0.0
192752	41.7156	77.8923	94.0	892.0	10058.0	0.0
192812	41.712733	77.830833	94.0	892.0	10058.0	0.0
192832	41.709881	77.770197	94.0	890.709677	10058.0	0.0
192852	41.707042	77.71039	94.0	888.129032	10058.0	0.0
192912	41.70424	77.652047	94.0	888.0	10058.0	-5.067
192932	41.70141	77.59309	94.0	888.0	10055.9	-8.0
192952	41.698543	77.53329	94.0	888.0	10051.233	-8.0
193012	41.695613	77.47577	94.0	890.533333	10051.0	2.133
193032	41.69262	77.41696	94.0	890.8	10053.1	8.0
193052	41.689553	77.356427	94.0	888.133333	10057.767	8.0
193112	41.68655	77.297413	94.0	890.533333	10058.0	2.933
193132	41.682355	77.23859	95.862069	892.0	10058.0	0.0
193152	41.6767	77.1799	100.0	892.0	10058.0	0.0
193212	41.667085	77.123438	103.846154	888.923077	10058.0	0.0
193232	41.654213	77.065853	107.333333	888.0	10058.0	0.0
193252	41.6398	77.008347	110.0	887.866667	10058.0	0.0
193312	41.6248	76.95308	110.0	887.2	10058.0	0.0
193332	41.609847	76.897953	110.0	887.466667	10058.0	-3.733
193352	41.59486	76.842753	110.0	888.0	10057.067	-8.0
193412	41.57966	76.78702	110.0	888.0	10052.4	-8.0
193432	41.564273	76.730727	110.0	889.866667	10051.0	-0.533
193452	41.548887	76.67458	110.0	892.4	10051.933	8.0
193512	41.53382	76.61998	110.0	894.4	10056.6	8.0
193532	41.51838	76.563887	110.0	895.0	10058.0	8.0
193552	41.502753	76.507127	110.0	894.733333	10059.067	8.0
193612	41.48702	76.45026	110.0	893.4	10064.4	8.0
193632	41.471427	76.394047	110.0	893.0	10066.0	4.267
193652	41.455933	76.338327	110.0	892.866667	10066.0	0.0
193712	41.4406	76.28346	110.0	892.2	10066.0	0.0
193732	41.42522	76.22836	110.0	890.133333	10066.0	-10.733
193752	41.4099	76.173533	110.133333	887.866667	10062.933	-41.267
193812	41.3949	76.1202	110.8	887.2	10047.6	-132.6
193832	41.379713	76.06626	111.0	882.333333	9979.067	-245.4
193852	41.364393	76.011913	111.0	876.6	9878.533	-374.467
193912	41.34886	75.95698	111.0	874.6	9741.2	-531.8
193932	41.333653	75.903353	111.0	872.6	9525.933	-635.933
193952	41.318467	75.84982	111.0	869.0	9283.267	-693.933
194012	41.3028	75.79442	111.0	859.0	9064.6	-658.6
194032	41.287927	75.742193	111.0	847.133333	8849.667	-655.0
194052	41.27298	75.691327	111.4	835.0	8633.267	-666.067
194112	41.25638	75.64046	113.4	825.0	8404.6	-681.4
194132	41.23964	75.589873	114.0	816.4	8175.933	-682.267
194152	41.22288	75.539607	114.0	808.4	7948.333	-674.0
194212	41.20628	75.49014	114.0	800.4	7725.0	-654.0
194232	41.1908	75.44394	114.0	792.866667	7512.4	-622.8
194252	41.175573	75.398487	114.0	785.266667	7308.4	-559.467
194312	41.15944	75.35042	114.0	776.6	7120.4	-386.8
194332	41.143213	75.302353	114.0	780.066667	7038.8	-203.4
194352	41.127133	75.254833	114.0	786.733333	7010.0	-45.933
194412	41.1118	75.2095	114.0	785.4	7010.0	-10.6
194432	41.095533	75.161507	114.0	785.0	7010.0	0.0
194452	41.078867	75.112373	114.0	785.0	7010.0	-26.4
194512	41.0622	75.06324	114.0	785.0	7010.0	-158.4
194532	41.04642	75.016953	114.0	790.6	6917.6	-386.533
194552	41.03086	74.97142	114.0	797.133333	6758.133	-615.733
194612	41.01466	74.92402	114.0	797.8	6488.8	-684.4
194632	40.999378	74.871378	108.555556	787.111111	6283.556	-348.0
194652	40.991867	74.822133	103.0	768.888889	6220.889	-179.778
194712	40.9862	74.7743	98.0	750.0	6187.0	-97.0
194732	40.980667	74.7251	98.0	748.666667	6157.0	-93.0
194752	40.975233	74.676267	98.0	748.0	6126.667	-88.667
194812	40.9699	74.6278	98.0	748.0	6096.0	-84.0
194832	40.964567	74.5798	98.0	750.666667	6070.667	-88.667
194852	40.9592	74.5314	98.0	752.333333	6040.333	-93.667
194912	40.9538	74.4826	98.0	753.0	6005.0	-99.0
194932	40.948333	74.4336	98.0	752.333333	5974.333	-93.667
194952	40.9428	74.3838	98.0	752.0	5943.667	-91.0
195012	40.9372	74.3332	98.0	752.0	5913.0	-91.0
195032	40.9316	74.283867	98.666667	752.0	5882.333	-106.333
195052	40.926267	74.236433	99.0	738.333333	5844.333	-106.333
195112	40.9212	74.1909	99.0	711.0	5799.0	-91.0
195132	40.9115	74.1462	116.0	671.0	5791.0	-11.0
195152	40.893065	74.11107	125.565217	655.347826	5791.0	-129.261
195212	40.873357	74.075823	127.0	649.6	5717.9	-279.6
195232	40.853587	74.041023	127.0	646.3	5603.2	-400.6
195252	40.83412	74.00709	127.0	644.3	5435.2	-456.6
195312	40.81454	73.972363	127.0	638.333333	5289.3	-443.467
195332	40.795337	73.93829	127.0	629.8	5147.067	-421.633
195352	40.77687	73.90569	127.0	617.8	5004.4	-406.3
195412	40.759593	73.875187	127.0	608.066667	4875.333	-473.133
195432	40.74234	73.844587	126.766667	596.633333	4714.833	-568.933
195452	40.72474	73.81312	126.1	581.3	4491.5	-691.6
195512	40.707468	73.782839	128.428571	571.107143	4244.893	-767.679
195532	40.6878	73.75735	143.5	564.0	3973.5	-813.0
195552	40.662656	73.743222	159.682927	559.317073	3694.854	-807.854
195612	40.635485	73.733807	164.560976	554.439024	3430.951	-783.951
195632	40.609253	73.725629	170.529412	550.235294	3178.412	-735.529
195652	40.582014	73.724562	181.666667	536.0	2942.952	-684.0
195712	40.555167	73.728333	188.333333	519.333333	2722.667	-629.333
195732	40.529433	73.733207	188.533333	521.066667	2520.4	-501.733
195752	40.503555	73.738173	188.363636	528.181818	2356.545	-340.0
195812	40.477225	73.744375	192.75	528.625	2322.5	-210.0
195832	40.456533	73.762167	222.333333	523.0	2187.333	-577.0
195852	40.444333	73.791567	249.666667	519.666667	1945.111	-767.667
195912	40.4384	73.82495	258.5	523.0	1676.5	-735.0
195932	40.433482	73.858182	259.0	514.818182	1452.636	-585.364
195952	40.430532	73.890989	268.684211	497.0	1287.947	-443.842
200012	40.435363	73.921606	294.9375	475.875	1161.25	-314.875
200032	40.448282	73.946995	306.181818	452.045455	1073.636	-267.955
200052	40.461165	73.968806	312.823529	432.588235	982.294	-271.294
200112	40.47866	73.98317	341.9	412.6	894.2	-165.6
200132	40.4965	73.983611	95.555556	395.888889	874.444	-105.222
200152	40.5143	73.972833	28.222222	388.555556	815.556	-172.111
200212	40.53014	73.96086	30.8	364.0	762.4	-205.0
200232	40.545153	73.949113	32.0	344.0	693.333	-223.133
200252	40.559287	73.937647	32.0	334.0	596.667	-228.467
200312	40.57396	73.92576	32.0	333.0	536.6	-137.2
200332	40.588587	73.913933	32.0	335.666667	505.133	-63.733
200352	40.603053	73.902267	32.0	342.333333	510.467	-33.067
200412	40.61734	73.89066	32.0	337.0	487.6	-21.0
200432	40.63106	73.87978	31.2	319.0	482.4	-101.4
200452	40.642152	73.869011	36.095238	292.285714	454.063	-240.905
200512	40.650533	73.856789	51.333333	278.0	344.222	-265.667
200532	40.658914	73.844567	66.571429	263.714286	234.381	-290.429
200552	40.665575	73.831369	80.5	251.75	132.938	-284.0
200612	40.665781	73.814794	96.125	247.3125	56.688	-229.0
