152745	33.9353	118.4219	262.0	323.0	198.0	0.0
152805	33.933175	118.441825	262.25	340.0	402.0	457.25
152825	33.92765	118.46225	246.0	383.0	510.5	307.5
152845	33.91635	118.48185	231.25	429.75	601.75	318.25
152905	33.8972	118.498	201.0	475.0	732.0	661.0
152925	33.8727	118.5016	185.0	480.0	1013.0	823.0
152945	33.849967	118.504	185.666667	484.0	1282.333	787.667
153005	33.8262	118.506567	185.666667	491.333333	1539.0	763.333
153025	33.8014	118.5093	185.0	502.0	1783.0	750.0
153045	33.776	118.512	184.0	507.0	2042.0	673.0
153105	33.752174	118.503463	152.684211	515.631579	2236.684	656.368
153125	33.732768	118.480859	128.545455	521.409091	2473.227	622.864
153145	33.71693	118.45543	127.1	537.8	2662.3	465.8
153205	33.700463	118.42963	127.766667	569.8	2784.3	464.467
153225	33.682876	118.40209	127.071429	591.833333	2942.452	461.833
153245	33.664686	118.373614	125.642857	608.5	3120.071	458.5
153305	33.650189	118.341579	112.263158	624.684211	3253.263	408.368
153325	33.645424	118.305005	99.195122	641.829268	3374.537	414.561
153345	33.645132	118.267346	92.853659	659.878049	3512.098	483.829
153405	33.644963	118.227447	90.0	673.866667	3693.9	538.467
153425	33.644897	118.185717	90.0	684.466667	3909.4	574.933
153445	33.64483	118.14405	90.0	693.8	4077.4	493.6
153505	33.644763	118.102237	90.0	706.433333	4228.533	406.767
153525	33.644697	118.060183	90.0	722.166667	4362.8	319.733
153545	33.64463	118.01585	90.0	745.5	4438.8	314.4
153605	33.644563	117.971077	90.0	763.7	4545.6	351.233
153625	33.64449	117.92573	90.0	777.533333	4678.367	418.767
153645	33.64429	117.87633	90.0	788.2	4825.7	414.1
153705	33.64441	117.830267	88.428571	795.095238	4960.095	408.333
153725	33.648035	117.784426	82.652174	791.782609	5094.609	435.435
153745	33.655603	117.736713	77.0	786.866667	5247.8	470.8
153805	33.66447	117.69018	77.0	792.2	5415.8	458.8
153825	33.67328	117.643987	77.0	798.666667	5557.167	426.967
153845	33.682243	117.59713	77.0	806.033333	5692.433	389.767
153905	33.69151	117.54893	77.0	814.7	5825.1	349.1
153925	33.700437	117.502033	77.0	826.2	5926.6	347.533
153945	33.709537	117.454153	77.0	836.1	6037.067	361.5
154005	33.71907	117.40402	77.0	842.1	6174.4	391.5
154025	33.728433	117.354623	77.0	847.533333	6303.233	390.333
154045	33.7377	117.3048	78.0	855.5	6431.5	391.0
154105	33.746843	117.253943	80.857143	868.357143	6561.5	405.286
154125	33.750307	117.202413	88.2	881.2	6699.667	336.133
154145	33.749373	117.148547	90.2	893.2	6796.333	297.467
154205	33.74836	117.09512	91.0	902.4	6889.8	306.4
154225	33.747287	117.041893	91.066667	909.0	6985.733	345.0
154245	33.746153	116.987827	91.733333	909.0	7123.067	365.0
154305	33.74494	116.93184	92.0	911.0	7245.2	394.6
154325	33.743673	116.87502	92.0	913.333333	7363.267	430.0
154345	33.742407	116.82222	92.0	906.666667	7535.933	460.0
154405	33.74118	116.76838	92.0	900.8	7690.2	472.0
154425	33.73998	116.71414	92.0	895.266667	7835.267	467.467
154445	33.73878	116.66254	92.0	887.933333	8007.933	422.133
154505	33.73754	116.61038	92.0	883.0	8135.0	303.2
154525	33.73626	116.557773	92.0	879.6	8222.533	142.4
154545	33.73486	116.504507	92.0	875.6	8227.867	46.4
154605	33.7335	116.45108	92.0	874.4	8230.0	4.8
154625	33.732167	116.39774	92.0	875.0	8230.0	0.0
154645	33.730833	116.34614	92.0	875.0	8230.0	0.0
154705	33.72942	116.29346	92.0	875.8	8230.0	0.0
154725	33.727953	116.240193	92.0	877.2	8230.0	0.0
154745	33.726487	116.188127	92.0	879.2	8230.0	0.0
154805	33.725955	116.1349	89.272727	874.0	8230.0	0.0
154825	33.728591	116.083673	83.363636	859.0	8230.0	0.0
154845	33.736205	116.034011	76.052632	839.842105	8230.0	0.0
154905	33.74828	115.98452	72.0	831.2	8230.0	-2.4
154925	33.761347	115.937453	72.0	833.866667	8230.0	-7.733
154945	33.774097	115.891337	72.0	835.9	8224.933	-2.933
155005	33.78698	115.84479	72.0	837.3	8224.4	4.5
155025	33.800047	115.797657	72.0	837.966667	8229.733	14.5
155045	33.813937	115.74723	72.0	838.0	8234.433	10.567
155105	33.827435	115.698148	72.0	838.0	8237.0	8.0
155125	33.840403	115.650923	72.0	838.0	8237.0	8.0
155145	33.85334	115.60384	72.0	838.0	8241.8	3.2
155205	33.866193	115.55688	72.0	837.733333	8242.867	-2.133
155225	33.878927	115.51008	72.0	837.066667	8237.533	-7.467
155245	33.89178	115.46304	72.0	835.2	8237.0	-3.2
155305	33.904673	115.415813	72.0	832.933333	8237.0	-2.133
155325	33.917607	115.368347	72.0	830.266667	8237.0	-7.467
155345	33.930571	115.32069	72.0	830.0	8232.935	-12.065
155405	33.943573	115.272807	72.0	830.0	8228.133	-13.367
155425	33.95664	115.22454	72.0	830.0	8222.8	-8.7
155445	33.969537	115.17684	72.0	830.0	8222.0	1.067
155505	33.982473	115.12896	72.0	830.0	8223.867	8.0
155525	33.99554	115.08056	72.0	830.0	8229.2	8.0
155545	34.00787	115.034823	72.0	828.3	8230.0	3.467
155605	34.020257	114.988717	72.0	826.766667	8230.0	0.0
155625	34.03299	114.94105	72.0	826.1	8230.0	0.0
155645	34.045327	114.8948	72.0	824.866667	8230.0	4.533
155705	34.057967	114.8474	72.0	823.3	8231.633	6.133
155725	34.0713	114.7974	72.0	821.3	8236.3	0.8
155745	34.08339	114.752116	72.0	818.258065	8233.161	-8.226
155805	34.095397	114.707219	72.0	815.419355	8228.452	-13.645
155825	34.107719	114.661284	72.0	813.483871	8223.29	-9.129
155845	34.12095	114.6145	71.5	811.5	8222.0	-4.0
155905	34.134342	114.567765	71.0	809.677419	8222.0	0.0
155925	34.14731	114.522023	71.0	808.387097	8222.0	0.0
155945	34.160448	114.475464	71.0	808.848485	8222.0	-2.97
160005	34.173663	114.428537	71.0	810.033333	8221.733	-7.033
160025	34.18693	114.38127	71.0	810.7	8216.4	-7.7
160045	34.200087	114.33437	71.0	811.733333	8214.0	-2.133
160105	34.21315	114.287777	71.033333	813.1	8214.267	8.5
160125	34.22615	114.24131	71.7	815.1	8219.6	18.5
160145	34.238893	114.195687	72.0	817.1	8227.5	23.0
160205	34.251437	114.150703	72.0	819.0	8237.267	22.5
160225	34.26417	114.10477	72.0	819.0	8242.6	12.5
160245	34.27716	114.058067	72.0	817.9	8245.0	5.067
160305	34.29032	114.010843	72.0	815.9	8245.0	-0.5
160325	34.30272	113.96571	72.0	813.9	8245.0	-10.5
160345	34.315707	113.918597	72.0	808.233333	8239.5	-15.0
160405	34.32914	113.869983	72.0	799.933333	8230.0	-13.733
160425	34.34194	113.82365	72.0	798.6	8230.0	11.6
160445	34.3543	113.77871	72.0	794.7	8238.067	76.167
160505	34.366333	113.73478	72.0	789.2	8256.833	172.8
160525	34.379	113.68838	72.0	793.2	8353.5	268.8
160545	34.391667	113.642127	72.0	795.0	8458.6	306.5
160605	34.404287	113.596143	72.0	795.066667	8569.3	296.6
160625	34.41602	113.55301	72.0	796.4	8655.3	288.6
160645	34.428432	113.507413	72.0	797.354839	8750.774	298.129
160705	34.4414	113.4598	72.0	798.0	8854.0	322.0
160725	34.453133	113.4164	72.0	796.0	8966.0	356.0
160745	34.465333	113.371333	72.0	791.333333	9090.667	380.667
160805	34.478	113.3246	72.0	784.0	9228.0	396.0
160825	34.4898	113.280667	72.0	777.333333	9354.667	376.0
160845	34.501867	113.235833	72.0	770.666667	9476.667	358.333
160905	34.5142	113.1901	72.0	764.0	9594.0	343.0
160925	34.526	113.145967	72.0	762.0	9705.333	358.333
160945	34.537633	113.1025	72.0	757.333333	9827.0	343.0
161005	34.5491	113.0597	72.0	750.0	9959.0	297.0
161025	34.560833	113.016167	72.0	752.0	10025.0	165.0
161045	34.5724	112.972933	72.0	753.0	10058.0	66.0
161105	34.5838	112.93	72.0	753.0	10058.0	0.0
161125	34.595267	112.8872	72.0	755.0	10058.0	0.0
161145	34.6069	112.843567	72.0	755.0	10058.0	0.0
161205	34.6187	112.7991	72.0	753.0	10058.0	0.0
161225	34.629633	112.757833	72.0	756.333333	10058.0	0.0
161245	34.640906	112.715361	72.0	758.967742	10058.0	2.581
161305	34.652519	112.671684	72.0	760.903226	10058.0	7.742
161325	34.66393	112.628143	72.0	764.166667	10063.067	2.933
161345	34.67551	112.5838	72.3	759.7	10063.6	-11.7
161405	34.68731	112.538467	72.966667	745.7	10058.267	-37.7
161425	34.697489	112.494556	75.444444	748.888889	10025.778	-203.222
161445	34.704726	112.448989	79.526316	756.842105	9928.0	-259.737
161505	34.709358	112.402937	82.157895	761.052632	9848.0	-253.421
161525	34.71384	112.35742	84.0	763.2	9766.0	-249.4
161545	34.717973	112.313153	84.0	760.533333	9679.333	-250.733
161605	34.722053	112.268887	84.0	756.266667	9596.933	-230.733
161625	34.72616	112.22392	84.0	752.4	9521.8	-188.6
161645	34.73036	112.17732	84.0	750.4	9461.133	-107.267
161705	34.73456	112.13104	84.0	753.2	9449.0	-42.467
161725	34.73876	112.0849	84.0	757.4	9449.0	0.0
161745	34.74296	112.0389	84.0	762.066667	9449.0	0.0
161805	34.747107	111.992367	84.0	767.266667	9449.0	0.0
161825	34.7512	111.94602	84.0	770.0	9449.0	0.0
161845	34.7552	111.90042	84.0	766.666667	9449.0	0.0
161905	34.7592	111.854607	84.0	764.4	9449.0	-4.267
161925	34.763239	111.808448	84.0	762.419355	9447.452	-9.355
161945	34.767368	111.76161	84.0	760.483871	9442.29	-13.871
162005	34.771352	111.715787	84.0	759.032258	9437.613	-11.613
162025	34.775287	111.670213	84.0	757.733333	9434.0	-5.867
162045	34.77922	111.62428	84.0	756.4	9434.0	4.8
162105	34.78306	111.579233	84.0	756.933333	9437.267	11.267
162125	34.786873	111.5345	84.0	759.866667	9442.067	14.067
162145	34.79074	111.4895	84.0	769.2	9447.4	9.4
162205	34.7947	111.442727	84.0	774.333333	9449.0	4.267
162225	34.798713	111.39502	84.0	777.266667	9449.0	0.0
162245	34.80278	111.34662	84.0	778.6	9449.0	0.0
162305	34.8068	111.299107	84.0	785.533333	9449.0	0.0
162325	34.810773	111.25196	84.0	794.333333	9449.0	1.067
162345	34.81464	111.20476	84.0	801.0	9449.0	6.4
162405	34.8186	111.155927	84.466667	807.666667	9452.267	8.0
162425	34.822573	111.106687	84.866667	814.066667	9456.0	6.933
162445	34.82644	111.05862	84.2	819.4	9456.0	1.6
162505	34.830447	111.00906	84.466667	823.333333	9456.0	3.733
162525	34.834513	110.958767	84.866667	826.533333	9457.067	5.867
162545	34.83858	110.9081	84.2	829.2	9462.4	-4.8
162605	34.84246	110.859253	84.466667	830.933333	9457.0	-11.267
162625	34.846313	110.810373	85.0	832.666667	9449.0	-13.0
162645	34.85038	110.75824	85.0	836.0	9449.0	-3.0
162705	34.8544	110.706923	84.548387	841.967742	9449.0	0.0
162725	34.8584	110.656013	84.096774	848.774194	9449.0	0.0
162745	34.8624	110.605432	84.741935	853.935484	9449.0	0.0
162805	34.86644	110.5538	85.0	860.4	9449.0	6.0
162825	34.870487	110.5016	85.0	867.333333	9450.0	15.0
162845	34.874353	110.4506	85.0	870.666667	9460.0	15.0
162905	34.87834	110.39736	85.0	874.0	9464.0	5.8
162925	34.882387	110.34288	85.0	877.333333	9463.467	-8.467
162945	34.886253	110.29068	85.0	880.666667	9458.133	-13.133
163005	34.890239	110.236471	85.0	878.903226	9453.29	-15.0
163025	34.89429	110.181133	85.0	874.0	9448.733	-14.5
163045	34.89809	110.1298	85.0	874.0	9443.4	-4.5
163105	34.901963	110.07722	85.0	869.233333	9443.933	2.933
163125	34.905893	110.023713	85.0	861.2	9449.0	7.733
163145	34.90976	109.97198	85.0	865.2	9449.0	2.4
163205	34.91359	109.919733	85.0	870.666667	9449.0	0.0
163225	34.917381	109.867081	85.0	877.16129	9449.0	0.258
163245	34.920994	109.814694	85.0	880.387097	9449.0	5.419
163305	34.924633	109.7622	85.0	879.666667	9451.333	8.0
163325	34.9283	109.7096	85.0	875.0	9456.0	8.0
163345	34.9321	109.6552	85.0	872.333333	9456.0	-12.667
163405	34.935733	109.6028	85.0	871.0	9448.667	-23.0
163425	34.9392	109.5524	85.0	871.0	9434.0	-23.0
163445	34.942748	109.500077	85.0	871.645161	9434.0	-8.161
163505	34.946336	109.447245	85.0	872.545455	9434.0	3.818
163525	34.949973	109.393791	85.0	873.757576	9434.0	12.303
163545	34.953539	109.340726	85.0	878.129032	9441.742	14.0
163605	34.957124	109.287121	85.0	882.30303	9449.0	11.879
163625	34.960821	109.231606	85.0	883.515152	9449.0	3.394
163645	34.96434	109.17752	85.4	884.0	9449.0	0.0
163705	34.967607	109.124327	86.133333	884.0	9449.0	-1.0
163725	34.969673	109.070593	87.466667	884.0	9449.0	-11.0
163745	34.97174	109.01838	87.6	883.2	9443.0	-15.0
163805	34.973807	108.967	87.0	882.2	9434.0	-14.0
163825	34.975873	108.914	87.0	884.2	9434.0	-4.0
163845	34.97806	108.85944	87.0	886.2	9434.0	6.0
163905	34.980313	108.804103	87.0	889.032258	9434.968	15.0
163925	34.982442	108.751135	87.0	899.354839	9444.645	15.0
163945	34.984672	108.696019	87.0	907.4375	9449.0	9.844
164005	34.986984	108.639144	87.0	913.6875	9449.0	0.469
164025	34.989119	108.583278	87.0	916.96875	9449.0	0.0
164045	34.991178	108.527816	87.0	917.90625	9449.0	0.0
164105	34.993116	108.473003	87.0	914.78125	9449.0	0.0
164125	34.9952	108.4176	87.5	915.5	9449.0	-4.0
164145	34.997283	108.361967	88.0	916.5	9447.667	-6.667
164205	34.999217	108.306233	88.0	914.5	9442.333	-1.333
164225	35.0012	108.25085	87.5	914.0	9445.0	4.0
164245	35.0032	108.195383	87.166667	913.5	9449.0	6.667
164305	35.0052	108.139317	87.833333	911.5	9449.0	1.333
164325	35.007	108.08645	88.0	911.0	9449.0	0.0
164345	35.008768	108.033181	88.0	912.290323	9449.0	0.0
164405	35.010639	107.975503	88.0	917.451613	9449.0	0.0
164425	35.01246	107.920073	88.0	925.066667	9449.0	0.0
164445	35.014287	107.864887	88.0	930.666667	9449.0	0.0
164505	35.01622	107.80682	88.0	924.0	9449.0	0.0
164525	35.018013	107.750013	88.0	922.933333	9449.0	0.0
164545	35.019747	107.69368	88.0	924.133333	9449.0	0.0
164605	35.02148	107.63708	88.0	924.8	9449.0	0.0
164625	35.023167	107.581507	88.0	926.866667	9449.0	3.733
164645	35.024833	107.526107	88.0	929.533333	9449.933	6.933
164705	35.0265	107.46964	88.0	932.2	9454.6	1.6
164725	35.02826	107.412473	88.0	931.133333	9452.733	0.0
164745	35.030007	107.355193	88.0	928.066667	9449.933	-1.067
164805	35.03154	107.29866	88.0	923.4	9454.6	-6.4
164825	35.032994	107.242635	88.0	932.387097	9449.226	-10.71
164845	35.034436	107.1862	88.0	946.454545	9441.0	-12.091
164905	35.036012	107.1262	88.0	956.151515	9441.0	0.636
164925	35.03755	107.067012	88.0	960.375	9443.5	9.188
164945	35.03905	107.008637	88.0	959.125	9448.5	13.562
165005	35.04055	106.95015	88.0	950.0	9452.938	6.125
165025	35.042026	106.892187	88.0	942.612903	9454.645	-1.161
165045	35.043445	106.835477	88.0	941.322581	9450.129	-5.032
165105	35.046084	106.779402	87.318182	938.954545	9449.0	-8.045
165125	35.04913	106.723539	86.409091	936.227273	9449.0	-10.773
165145	35.05226	106.6676	86.0	933.9	9443.5	-13.1
165205	35.05545	106.611417	86.0	932.033333	9434.0	-14.233
165225	35.05845	106.55175	86.0	932.7	9434.0	1.1
165245	35.061377	106.494467	86.0	935.933333	9436.567	10.567
165305	35.06426	106.439003	86.0	940.733333	9441.267	14.733
165325	35.06746	106.38107	86.0	935.4	9446.6	9.4
165345	35.070516	106.323788	86.34375	934.71875	9449.0	2.188
165405	35.073453	106.267038	86.96875	937.84375	9449.0	-6.562
165425	35.07645	106.209227	86.366667	944.333333	9443.933	2.5
165445	35.07939	106.15271	86.3	945.9	9445.5	8.0
165505	35.082257	106.097843	86.966667	941.233333	9455.5	8.0
165525	35.085123	106.04114	87.0	942.266667	9451.567	-1.5
165545	35.08795	105.9836	87.0	945.75	9449.0	-5.25
165605	35.090728	105.925156	87.0	951.861111	9449.0	-1.361
165625	35.093473	105.866527	87.0	958.727273	9449.0	0.0
165645	35.0962	105.8078	87.0	966.0	9449.0	0.0
165705	35.099067	105.750133	87.0	971.333333	9449.0	10.0
165725	35.101969	105.690019	87.0	976.5	9453.688	15.0
165745	35.104906	105.627456	87.0	981.5	9463.062	15.0
165805	35.107639	105.56929	87.0	984.903226	9464.0	6.29
165825	35.110333	105.510637	87.0	987.0	9464.0	-3.267
165845	35.113	105.45017	87.0	987.0	9464.0	-12.6
165905	35.1156	105.39255	87.0	982.5	9456.5	-13.5
165925	35.118197	105.334895	87.0	976.702703	9449.0	-11.946
165945	35.120846	105.274192	87.0	968.054054	9449.0	-4.919
170005	35.123416	105.214726	87.0	961.419355	9449.0	0.0
170025	35.125803	105.158145	87.0	959.483871	9449.0	0.0
170045	35.1282	105.1009	87.0	954.5	9449.0	0.0
170105	35.1306	105.043183	87.0	949.666667	9449.0	-1.333
170125	35.133	104.984717	87.0	948.333333	9449.0	-6.667
170145	35.1354	104.92625	87.0	948.0	9445.0	-4.0
170205	35.137783	104.868183	87.0	948.0	9442.333	1.333
170225	35.140117	104.811317	87.0	948.0	9447.667	6.667
170245	35.1424	104.7525	87.0	948.0	9449.0	4.0
170305	35.14465	104.69355	87.0	948.0	9449.0	1.167
170325	35.14685	104.63615	87.0	948.0	9449.0	5.833
170345	35.149032	104.578829	87.0	946.676471	9452.088	10.088
170405	35.15121	104.521574	87.0	944.870968	9456.258	13.548
170425	35.153403	104.465058	87.0	942.290323	9461.419	4.516
170445	35.1555	104.4086	87.0	939.666667	9461.333	-2.667
170505	35.1575	104.3522	87.0	937.0	9456.0	-8.0
170525	35.159567	104.294067	87.666667	933.666667	9456.0	-17.333
170545	35.1616	104.235969	88.0	932.3125	9449.125	-22.0
170605	35.1636	104.177906	88.0	932.9375	9435.375	-22.0
170625	35.1656	104.12212	88.0	933.0	9434.0	-4.0
170645	35.167547	104.066853	88.0	932.2	9435.867	9.867
170705	35.169413	104.011987	88.0	930.2	9440.533	14.533
170725	35.17128	103.95526	88.0	930.0	9445.8	6.0
170745	35.17312	103.898167	88.0	930.0	9446.867	-2.133
170805	35.17492	103.840833	88.0	930.0	9441.533	-7.467
170825	35.17666	103.7844	88.0	931.8	9441.0	-3.2
170845	35.178393	103.727667	88.0	934.066667	9441.0	0.0
170905	35.180127	103.670333	88.0	936.733333	9441.0	0.0
170925	35.181782	103.613035	88.0	940.176471	9441.0	0.0
170945	35.183513	103.555853	87.866667	943.933333	9441.0	2.0
171005	35.18558	103.49912	87.2	948.6	9441.0	12.0
171025	35.187647	103.44178	87.466667	951.4	9448.0	15.0
171045	35.1897	103.38402	88.0	953.133333	9456.0	13.0
171105	35.1917	103.32562	88.0	953.8	9456.0	3.0
171125	35.193607	103.26778	88.0	956.333333	9456.0	3.733
171145	35.195473	103.209647	88.0	959.266667	9457.067	8.0
171205	35.19734	103.14938	88.0	960.6	9462.4	8.0
171225	35.199165	103.091648	88.0	961.0	9464.0	-2.387
171245	35.20097	103.03473	88.0	960.5	9462.5	-15.0
171305	35.20277	102.976263	88.0	957.166667	9452.5	-15.0
171325	35.204613	102.918057	88.0	951.666667	9449.0	-8.5
171345	35.20644	102.86012	88.0	946.4	9449.0	-0.8
171405	35.20804	102.80292	88.0	949.066667	9449.0	-6.133
171425	35.209597	102.745503	88.0	952.6	9445.533	-4.533
171445	35.21116	102.6876	88.0	955.4	9441.8	0.0
171505	35.212893	102.6276	88.0	951.4	9447.133	0.0
171525	35.214506	102.570242	88.0	949.16129	9445.645	-6.29
171545	35.216047	102.5141	88.0	948.0	9440.533	-14.533
171605	35.217513	102.4561	88.0	948.0	9435.867	-9.867
171625	35.21902	102.39778	88.0	948.0	9434.0	-4.8
171645	35.22054	102.33926	88.0	948.133333	9434.0	0.0
171705	35.22194	102.28086	88.0	949.466667	9434.0	0.0
171725	35.22334	102.22258	88.0	951.2	9434.0	3.2
171745	35.224729	102.164555	88.0	953.193548	9434.452	8.452
171805	35.226019	102.108103	88.0	955.129032	9438.968	12.968
171825	35.227391	102.049356	88.0	956.0	9443.75	15.0
171845	35.228828	101.988731	88.0	956.0	9448.75	15.0
171905	35.230126	101.930539	88.0	957.225806	9453.29	5.806
171925	35.231407	101.87266	88.266667	958.266667	9454.133	-2.133
171945	35.232673	101.81506	88.933333	958.933333	9449.467	-7.467
172005	35.23382	101.75704	89.0	960.8	9449.0	-8.0
172025	35.235247	101.69876	88.2	965.466667	9446.867	-5.867
172045	35.237113	101.64016	86.2	974.133333	9441.533	-0.533
172105	35.24012	101.58108	86.6	979.2	9445.8	9.0
172125	35.243173	101.521067	87.0	982.0	9450.867	13.133
172145	35.246107	101.459733	87.0	982.0	9455.533	8.467
172205	35.248723	101.400413	87.0	982.580645	9456.0	8.0
172225	35.25159	101.340977	86.066667	986.5	9457.867	8.0
172245	35.25499	101.28091	83.4	996.5	9463.2	8.0
172305	35.265448	101.218885	76.074074	1020.037037	9464.0	-6.481
172325	35.282148	101.158912	68.969697	1037.545455	9459.455	-15.0
172345	35.303845	101.101336	62.909091	1046.636364	9450.364	-15.0
172405	35.32784	101.044533	62.0	1045.166667	9449.0	-6.5
172425	35.35217	100.98789	62.0	1043.7	9449.0	0.0
172445	35.37637	100.93129	62.0	1045.7	9449.0	0.0
172505	35.40074	100.874463	62.0	1047.133333	9449.0	0.0
172525	35.42507	100.81769	62.0	1047.533333	9449.0	0.0
172545	35.44927	100.76109	62.0	1046.2	9449.0	0.0
172605	35.472916	100.705768	62.0	1044.903226	9449.0	-4.387
172625	35.49666	100.65016	62.2	1044.0	9447.4	-6.4
172645	35.52086	100.59336	62.866667	1044.0	9442.067	-1.067
172705	35.54522	100.535973	63.0	1045.066667	9445.267	4.267
172725	35.56952	100.47872	63.0	1045.6	9449.0	6.4
172745	35.593587	100.42212	63.0	1044.266667	9449.0	1.067
172805	35.61735	100.3659	63.0	1045.0	9449.0	-3.5
172825	35.641258	100.30923	63.0	1046.0	9448.03	-5.303
172845	35.666045	100.250382	63.0	1046.0	9443.182	3.182
172905	35.690368	100.192421	63.0	1045.029412	9445.853	9.265
172925	35.714309	100.135185	63.0	1043.264706	9454.676	13.382
172945	35.738455	100.077712	63.0	1043.0	9456.0	6.788
173005	35.762277	100.020977	63.0	1042.741935	9456.0	-1.032
173025	35.784665	99.967365	63.0	1041.451613	9456.0	-6.194
173045	35.807623	99.912287	63.0	1040.566667	9452.967	31.867
173105	35.83093	99.8563	63.0	1040.4	9458.1	96.9
173125	35.854463	99.799633	63.0	1043.066667	9518.767	182.9
173145	35.878517	99.74184	62.566667	1048.333333	9592.867	223.833
173205	35.90325	99.68435	60.666667	1057.0	9673.5	233.833
173225	35.933298	99.633183	52.333333	1073.309524	9748.262	214.429
173245	35.972488	99.585517	45.666667	1078.547619	9817.31	220.143
173305	36.011811	99.538011	40.777778	1082.444444	9888.667	221.778
173325	36.051885	99.491419	45.962963	1078.740741	9973.111	200.296
173345	36.085666	99.439507	52.517241	1079.103448	10027.517	177.793
173405	36.115726	99.385896	58.296296	1079.481481	10079.778	203.963
173425	36.1418	99.3316	62.0	1078.0	10142.0	321.0
173445	36.166133	99.271467	63.333333	1066.666667	10289.333	366.333
173505	36.1902	99.212	64.0	1059.333333	10419.0	343.0
173525	36.214	99.1532	64.0	1056.0	10531.0	251.0
173545	36.237733	99.0942	64.0	1061.333333	10587.0	175.0
173605	36.2612	99.035833	64.0	1064.333333	10632.667	109.0
173625	36.2844	98.9781	64.0	1065.0	10668.0	53.0
173645	36.307867	98.9195	64.0	1059.666667	10668.0	17.667
173705	36.331533	98.860167	64.0	1057.666667	10668.0	0.0
173725	36.3554	98.8001	64.0	1059.0	10668.0	0.0
173745	36.378267	98.742567	64.0	1060.333333	10668.0	0.0
173805	36.401833	98.683067	64.0	1063.0	10668.0	0.0
173825	36.4261	98.6216	64.0	1067.0	10668.0	0.0
173845	36.448833	98.563933	64.0	1071.0	10668.0	0.0
173905	36.471767	98.5057	64.0	1074.333333	10668.0	0.0
173925	36.4949	98.4469	64.0	1077.0	10668.0	0.0
173945	36.519287	98.384513	64.0	1077.645161	10668.0	0.0
174005	36.54284	98.32422	64.0	1077.7	10668.0	0.0
174025	36.565373	98.266487	64.0	1077.033333	10668.0	0.0
174045	36.5893	98.20508	64.0	1072.566667	10668.0	0.0
174105	36.61261	98.14513	64.0	1070.0	10668.0	0.0
174125	36.635077	98.087197	64.0	1070.0	10668.0	0.0
174145	36.65957	98.024197	64.0	1070.0	10668.0	0.0
174205	36.68297	97.96384	64.3	1069.1	10668.0	-2.4
174225	36.704903	97.90704	64.966667	1067.1	10668.0	-7.733
174245	36.72842	97.845743	64.366667	1065.733333	10662.933	-12.433
174305	36.75145	97.7858	64.3	1065.0	10657.9	-12.9
174325	36.773783	97.7278	64.966667	1065.0	10653.233	-8.233
174345	36.797455	97.665939	65.0	1065.0	10653.0	1.806
174405	36.820607	97.605393	65.0	1064.733333	10654.867	8.0
174425	36.842873	97.547127	65.0	1064.066667	10659.533	8.0
174445	36.8652	97.48844	65.0	1064.6	10660.0	3.2
174505	36.88788	97.4288	65.0	1066.066667	10660.0	4.0
174525	36.91108	97.3678	65.0	1068.733333	10660.0	14.0
174545	36.933374	97.308687	65.0	1069.580645	10669.29	19.645
174605	36.955943	97.248817	65.0	1070.0	10677.633	19.5
174625	36.97921	97.18715	65.0	1070.0	10682.3	9.5
174645	37.001627	97.127523	65.0	1071.133333	10683.0	3.467
174705	37.02401	97.067977	65.0	1071.533333	10683.0	-1.867
174725	37.04661	97.00791	65.0	1070.2	10683.0	-7.2
174745	37.069577	96.946474	65.0	1069.451613	10679.161	-11.839
174805	37.092261	96.885629	65.0	1069.0	10674.452	-13.645
174825	37.114132	96.826726	65.0	1069.0	10669.29	-9.129
174845	37.13635	96.76685	65.0	1068.0	10668.0	-4.0
174905	37.15885	96.706183	65.0	1067.0	10668.0	0.0
174925	37.18185	96.644117	65.0	1067.0	10668.0	0.0
174945	37.205	96.58155	65.0	1067.0	10668.0	0.0
175005	37.227717	96.5201	65.0	1067.0	10668.0	0.0
175025	37.248983	96.4625	65.0	1067.0	10668.0	0.0
175045	37.27135	96.40165	65.0	1068.0	10668.0	0.0
175105	37.293833	96.340383	65.0	1068.666667	10668.0	0.0
175125	37.315567	96.281117	65.0	1067.333333	10668.0	0.0
175145	37.3375	96.22115	65.0	1066.0	10668.0	4.0
175205	37.359617	96.16055	65.166667	1064.833333	10669.333	6.667
175225	37.382083	96.09875	65.833333	1064.166667	10674.667	1.333
175245	37.4038	96.03885	66.0	1064.0	10672.0	-4.0
175305	37.4256	95.978717	66.0	1064.0	10668.0	-6.667
175325	37.4484	95.915983	66.0	1064.0	10668.0	-1.333
175345	37.4702	95.85565	66.0	1064.0	10668.0	0.0
175405	37.4917	95.795933	66.0	1064.0	10668.0	0.0
175425	37.5133	95.735667	66.0	1064.0	10668.0	0.0
175445	37.53555	95.67365	66.0	1064.0	10668.0	0.0
175505	37.558	95.611067	66.0	1064.0	10668.0	0.0
175525	37.5804	95.548533	66.0	1064.0	10668.0	0.0
175545	37.60185	95.4883	66.0	1062.5	10668.0	0.0
175605	37.6231	95.42855	66.0	1061.5	10668.0	0.0
175625	37.6447	95.36795	66.0	1063.5	10668.0	0.0
175645	37.66635	95.30705	66.0	1064.0	10668.0	0.0
175705	37.687933	95.246167	66.0	1063.5	10668.0	0.0
175725	37.709267	95.185633	66.0	1061.5	10668.0	0.0
175745	37.73035	95.12575	66.0	1061.0	10668.0	0.0
175805	37.751632	95.065194	66.0	1061.0	10668.0	-1.29
175825	37.773761	95.001968	66.0	1061.0	10668.0	-6.452
175845	37.795427	94.940113	66.0	1061.0	10664.267	-8.0
175905	37.8168	94.8791	66.0	1060.733333	10660.0	-5.867
175925	37.8378	94.8191	66.0	1059.4	10660.0	4.8
175945	37.859453	94.756813	66.0	1059.0	10663.733	8.0
180005	37.881347	94.693653	66.0	1059.666667	10668.0	6.933
180025	37.90308	94.63092	66.0	1063.0	10668.0	1.6
180045	37.924113	94.570147	66.0	1064.0	10668.0	3.733
180105	37.94474	94.510507	66.133333	1064.133333	10669.067	8.0
180125	37.96494	94.45204	66.8	1064.8	10674.4	8.0
180145	37.986073	94.39068	67.0	1065.933333	10676.0	4.267
180205	38.007473	94.328387	67.0	1066.733333	10676.0	0.0
180225	38.02834	94.26732	67.0	1065.4	10676.0	0.0
180245	38.04972	94.204713	67.0	1065.0	10676.0	0.0
180305	38.0712	94.141767	67.0	1065.0	10676.0	-1.067
180325	38.0922	94.0801	67.0	1065.0	10676.0	-6.4
180345	38.113153	94.018387	67.0	1064.533333	10672.267	-8.0
180405	38.134073	93.9566	67.0	1064.0	10668.0	-6.933
180425	38.15494	93.8946	67.0	1064.0	10668.0	-1.6
180445	38.175807	93.832973	67.0	1062.6	10668.0	0.0
180505	38.196633	93.771413	67.0	1061.0	10668.0	0.0
180525	38.2173	93.70948	67.0	1061.0	10668.0	0.0
180545	38.23806	93.64736	67.0	1060.066667	10668.0	0.0
180605	38.25882	93.585253	67.0	1059.0	10668.0	0.0
180625	38.27942	93.52352	67.0	1059.0	10668.0	0.0
180645	38.30002	93.461693	67.0	1059.0	10668.0	0.0
180705	38.32062	93.399773	67.0	1059.0	10668.0	1.067
180725	38.34122	93.33764	67.0	1059.0	10668.0	6.4
180745	38.361773	93.275927	67.0	1058.066667	10671.733	8.0
180805	38.382227	93.214433	67.0	1056.466667	10676.0	5.867
180825	38.40236	93.1531	67.0	1053.8	10676.0	-4.8
180845	38.422913	93.09046	67.0	1053.0	10672.267	-11.267
180905	38.443397	93.027939	67.129032	1053.0	10666.968	-15.0
180925	38.462881	92.968132	67.774194	1053.0	10661.806	-15.0
180945	38.482917	92.906597	68.0	1053.433333	10656.967	-8.5
181005	38.50316	92.84443	68.0	1054.5	10653.7	1.5
181025	38.522893	92.783963	68.0	1057.833333	10658.367	11.5
181045	38.543017	92.72211	68.0	1059.866667	10663.467	11.967
181105	38.56333	92.65954	68.0	1061.0	10668.0	7.2
181125	38.58353	92.59714	68.0	1061.0	10668.0	1.867
181145	38.603513	92.535217	68.0	1062.3	10668.0	-3.467
181205	38.623565	92.472958	68.0	1064.483871	10667.226	-7.226
181225	38.644661	92.407345	68.0	1067.709677	10662.065	-2.065
181245	38.665064	92.343682	68.0	1070.090909	10662.909	5.455
181305	38.685003	92.281318	68.0	1071.909091	10667.758	14.545
181325	38.705063	92.218603	68.0	1075.166667	10673.067	15.0
181345	38.72507	92.15572	68.0	1077.0	10678.1	8.1
181405	38.745003	92.092653	68.0	1077.0	10682.767	-7.233
181425	38.765253	92.02851	68.0	1077.0	10673.5	-12.433
181445	38.78537	91.96479	68.0	1073.1	10668.0	-12.9
181505	38.805303	91.901657	68.0	1064.433333	10668.0	-8.233
181525	38.825047	91.838903	68.0	1057.666667	10662.933	-12.433
181545	38.84466	91.77638	68.0	1051.6	10657.9	-12.9
181605	38.864127	91.714113	68.0	1046.266667	10653.233	-8.233
181625	38.883657	91.651467	68.0	1044.1	10653.0	6.567
181645	38.90295	91.58952	68.0	1046.3	10657.5	15.0
181705	38.92195	91.528453	68.0	1053.633333	10667.5	15.0
181725	38.941722	91.464956	68.0	1055.1875	10668.0	6.094
181745	38.961437	91.401457	68.0	1056.0	10668.0	0.0
181805	38.98097	91.33819	68.0	1056.0	10668.0	0.0
181825	39.000957	91.273507	68.566667	1054.3	10668.0	0.0
181845	39.020463	91.21016	69.0	1053.0	10668.0	0.0
181905	39.03893	91.14976	69.0	1053.0	10668.0	0.0
181925	39.05819	91.086923	69.0	1053.566667	10668.0	0.0
181945	39.077543	91.02368	69.0	1054.0	10668.0	-1.867
182005	39.09681	90.96048	69.0	1054.0	10668.0	-7.2
182025	39.11568	90.898357	69.0	1055.7	10663.467	-3.467
182045	39.134719	90.835632	69.0	1057.903226	10661.806	3.387
182105	39.154203	90.771439	69.0	1060.483871	10666.968	13.065
182125	39.173193	90.708467	69.0	1062.6	10672.267	11.267
182145	39.19214	90.64546	69.0	1063.4	10676.0	6.4
182205	39.211273	90.58166	69.0	1061.4	10676.0	1.067
182225	39.230033	90.519087	69.0	1063.133333	10676.0	0.0
182245	39.24884	90.4563	69.0	1064.8	10676.0	0.0
182305	39.267973	90.3923	69.0	1064.133333	10676.0	0.0
182325	39.28748	90.326753	69.0	1064.0	10676.0	0.0
182345	39.30692	90.26122	69.0	1063.0	10676.0	-1.6
182405	39.325987	90.19662	69.0	1059.666667	10676.0	-6.933
182425	39.344253	90.1349	69.0	1057.4	10671.733	-8.0
182445	39.36252	90.07306	69.0	1053.6	10668.0	-9.4
182505	39.381253	90.00926	69.0	1045.6	10668.0	-14.067
182525	39.400277	89.944268	69.0	1041.935484	10660.258	-15.0
182545	39.41905	89.880067	69.0	1039.166667	10653.0	-10.0
182605	39.43685	89.819133	69.0	1035.833333	10653.0	10.0
182625	39.4545	89.75855	69.0	1035.5	10660.5	15.0
182645	39.472267	89.697483	69.166667	1038.0	10668.0	12.5
182705	39.490533	89.634617	69.833333	1046.0	10668.0	2.5
182725	39.50915	89.5703	70.0	1050.5	10668.0	0.0
182745	39.527767	89.505833	70.0	1051.333333	10668.0	0.0
182805	39.546033	89.442367	70.0	1044.666667	10668.0	0.0
182825	39.56375	89.3806	70.0	1041.5	10668.0	0.0
182845	39.5815	89.318667	70.0	1039.166667	10668.0	0.0
182905	39.5999	89.254533	70.0	1035.833333	10668.0	0.0
182925	39.61755	89.19265	70.0	1034.0	10668.0	-4.0
182945	39.6352	89.130567	70.0	1032.833333	10666.667	-8.0
183005	39.6536	89.065633	70.0	1032.166667	10661.333	-8.0
183025	39.6715	89.0025	70.0	1032.0	10660.0	-4.0
183045	39.689067	88.940433	70.0	1032.0	10660.0	1.333
183105	39.706133	88.879767	70.0	1032.0	10660.0	6.667
183125	39.72365	88.81745	70.0	1032.0	10664.0	8.0
183145	39.74135	88.754467	70.0	1032.0	10668.0	6.667
183205	39.75915	88.691133	70.0	1032.0	10668.0	1.333
183225	39.7765	88.62885	70.0	1032.0	10668.0	0.0
183245	39.7938	88.56655	70.0	1031.666667	10668.0	0.0
183305	39.8114	88.50315	70.0	1030.333333	10668.0	0.0
183325	39.82945	88.4381	70.0	1030.0	10668.0	0.0
183345	39.847267	88.373717	70.0	1030.333333	10668.0	0.0
183405	39.863933	88.312983	70.0	1031.666667	10668.0	0.0
183425	39.8809	88.2513	70.0	1032.0	10668.0	4.0
183445	39.89805	88.188867	70.166667	1032.0	10669.333	6.667
183505	39.91545	88.125133	70.833333	1032.0	10674.667	1.333
183525	39.933	88.0608	71.0	1032.5	10672.0	-4.0
183545	39.950467	87.9967	71.0	1033.0	10668.0	-6.667
183605	39.967533	87.9339	71.0	1033.0	10668.0	-1.333
183625	39.9844	87.87165	71.0	1034.0	10668.0	4.0
183645	40.0013	87.80915	71.0	1035.0	10669.333	8.0
183705	40.0185	87.74535	71.0	1035.0	10674.667	8.0
183725	40.03575	87.6811	71.0	1034.0	10676.0	4.0
183745	40.052867	87.617217	71.0	1033.0	10676.0	-1.333
183805	40.069533	87.554883	71.0	1033.0	10676.0	-6.667
183825	40.0865	87.49145	71.0	1032.5	10672.0	-8.0
183845	40.103517	87.427667	71.0	1032.0	10668.0	-6.667
183905	40.120383	87.363933	71.0	1032.0	10668.0	-1.333
183925	40.13695	87.3012	71.0	1030.0	10668.0	-4.0
183945	40.153467	87.238567	71.0	1028.333333	10666.667	-8.0
184005	40.170133	87.175233	71.0	1029.666667	10661.333	-8.0
184025	40.18665	87.11245	71.0	1031.0	10660.0	-4.0
184045	40.2032	87.049467	71.0	1032.166667	10660.0	1.333
184105	40.22	86.985333	71.0	1032.833333	10660.0	6.667
184125	40.2369	86.9204	71.0	1033.0	10664.0	8.0
184145	40.253767	86.8555	71.0	1033.5	10668.0	6.667
184205	40.270433	86.7915	71.0	1035.5	10668.0	1.333
184225	40.28695	86.72755	71.0	1036.0	10668.0	0.0
184245	40.3035	86.663183	71.166667	1036.833333	10668.0	0.0
184305	40.3203	86.597517	71.833333	1040.166667	10668.0	0.0
184325	40.33675	86.5332	72.0	1042.0	10668.0	4.0
184345	40.353067	86.469433	72.0	1043.0	10669.333	8.0
184405	40.369333	86.405967	72.0	1043.0	10674.667	8.0
184425	40.38625	86.3394	72.0	1043.5	10676.0	8.0
184445	40.403033	86.273317	72.0	1043.5	10677.167	5.333
184505	40.418767	86.211783	72.0	1041.5	10681.833	-5.333
184525	40.4348	86.1483	72.0	1038.0	10675.5	-15.5
184545	40.450933	86.08415	72.0	1034.166667	10666.667	-21.667
184605	40.467067	86.01995	72.0	1030.833333	10661.333	-16.333
184625	40.48315	85.95565	72.0	1027.0	10656.5	-11.5
184645	40.4992	85.891317	72.0	1023.333333	10653.0	-6.667
184705	40.5152	85.826983	72.0	1020.666667	10653.0	-1.333
184725	40.5306	85.76485	72.0	1020.0	10653.0	7.5
184745	40.546017	85.702583	72.0	1020.0	10655.5	15.0
184805	40.562083	85.637717	72.0	1020.0	10665.5	15.0
184825	40.57795	85.57315	72.0	1022.0	10668.0	11.5
184845	40.593667	85.5092	72.0	1024.0	10669.333	8.0
184905	40.609133	85.4468	72.0	1024.0	10674.667	8.0
184925	40.62475	85.38295	72.0	1024.0	10676.0	8.0
184945	40.64035	85.318917	72.0	1024.5	10677.167	8.0
185005	40.65575	85.255783	72.0	1026.5	10681.833	8.0
185025	40.67175	85.1899	72.0	1025.5	10683.0	4.0
185045	40.68765	85.1242	72.166667	1023.666667	10683.0	-1.333
185105	40.70265	85.0618	72.833333	1022.333333	10683.0	-6.667
185125	40.7178	84.9989	73.0	1022.0	10679.5	-11.5
185145	40.733083	84.935283	73.0	1022.0	10674.667	-15.0
185205	40.748617	84.870017	73.0	1022.0	10669.333	-15.0
185225	40.764113	84.805216	73.0	1024.419355	10664.129	-7.742
185245	40.77962	84.7403	73.0	1027.133333	10661.067	1.067
185305	40.79522	84.6743	73.0	1027.8	10666.4	6.4
185325	40.810073	84.611333	73.0	1028.0	10668.0	8.0
185345	40.824753	84.54904	73.0	1028.266667	10669.067	8.0
185405	40.84002	84.48424	73.0	1029.6	10674.4	8.0
185425	40.855473	84.418507	73.0	1030.0	10676.0	8.0
185445	40.870807	84.35304	73.0	1029.6	10676.933	5.867
185505	40.88534	84.29024	73.0	1027.6	10681.6	-4.8
185525	40.900153	84.22646	73.0	1023.733333	10676.0	-11.267
185545	40.915087	84.162233	73.0	1018.933333	10668.0	-14.067
185605	40.93002	84.0979	73.0	1013.6	10668.0	-9.4
185625	40.944627	84.0345	73.0	1009.666667	10664.267	-11.267
185645	40.959147	83.971247	73.0	1006.6	10659.067	-14.067
185705	40.97388	83.90698	73.0	1004.6	10654.4	-9.4
185725	40.988506	83.842945	73.0	1003.548387	10653.0	2.387
185745	41.00306	83.77912	73.0	1002.6	10654.5	15.0
185805	41.01746	83.71592	73.0	999.933333	10664.5	15.0
185825	41.03186	83.652373	73.0	999.0	10668.0	8.5
185845	41.04623	83.58879	73.0	999.4	10668.0	0.8
185905	41.06043	83.526057	73.0	1002.066667	10668.0	6.133
185925	41.074717	83.4625	73.433333	1001.266667	10671.467	8.0
185945	41.08902	83.3986	74.0	999.0	10676.0	7.2
190005	41.103153	83.335267	74.0	999.0	10676.0	1.867
190025	41.117113	83.272497	74.0	1000.733333	10676.0	-3.467
190045	41.131	83.209994	74.0	1003.096774	10675.226	-7.226
190105	41.145	83.147284	74.0	1003.741935	10670.065	-2.065
190125	41.1594	83.0822	74.0	1004.0	10671.2	3.2
190145	41.17394	83.01608	74.0	1004.133333	10676.0	7.467
190205	41.18734	82.95488	74.0	1005.466667	10676.0	2.133
190225	41.20046	82.89032	75.6	1008.0	10676.0	0.0
190245	41.213067	82.8239	78.055556	1010.888889	10676.0	0.0
190305	41.222733	82.7609	78.611111	1009.777778	10676.0	0.0
190325	41.2326	82.69662	79.0	1009.4	10676.0	0.0
190345	41.242933	82.629353	79.0	1010.733333	10676.0	0.0
190405	41.25284	82.563633	79.0	1009.933333	10676.0	0.0
190425	41.2626	82.4987	79.0	1009.0	10676.0	0.0
190445	41.272267	82.4347	79.0	1009.0	10676.0	0.0
190505	41.282147	82.36926	79.0	1009.0	10676.0	-4.267
190525	41.29196	82.30398	79.0	1008.4	10674.4	-8.0
190545	41.301493	82.239913	79.0	1006.4	10669.067	-8.0
190605	41.311507	82.172593	79.0	1006.0	10668.0	-3.733
190625	41.32142	82.10574	79.0	1006.0	10668.0	0.0
190645	41.33082	82.041873	79.0	1006.0	10668.0	0.0
190705	41.340593	81.975127	79.0	1006.0	10668.0	0.0
190725	41.3503	81.90856	79.0	1006.0	10668.0	0.0
190745	41.359633	81.844093	79.0	1006.0	10668.0	0.0
190805	41.36909	81.778277	79.0	1006.0	10668.0	0.0
190825	41.378577	81.712123	79.0	1006.0	10668.0	0.0
190845	41.387763	81.64797	79.0	1004.866667	10668.0	0.0
190905	41.39706	81.583097	79.0	1004.0	10668.0	0.0
190925	41.40666	81.51623	79.0	1004.0	10668.0	0.0
190945	41.41592	81.450497	79.566667	1003.433333	10668.0	0.0
191005	41.425061	81.385432	79.774194	1003.0	10668.0	0.0
191025	41.434094	81.321239	79.129032	1003.0	10668.0	0.0
191045	41.442993	81.257573	79.533333	1003.0	10668.0	0.0
191105	41.45198	81.1931	80.0	1002.2	10668.0	0.0
191125	41.461247	81.126433	80.0	999.533333	10668.0	0.0
191145	41.470407	81.0603	80.0	998.466667	10668.0	0.0
191205	41.47944	80.99486	80.0	998.0	10668.0	1.6
191225	41.48824	80.930727	80.0	998.0	10668.0	6.933
191245	41.496987	80.866593	80.0	996.4	10672.267	8.0
191305	41.50572	80.80208	80.0	994.0	10676.0	4.8
191325	41.514453	80.73668	80.0	990.666667	10676.0	-5.867
191345	41.523027	80.672453	80.0	988.4	10671.733	-11.733
191405	41.53164	80.6079	80.0	987.0	10666.4	-13.6
191425	41.54044	80.5419	80.0	987.0	10661.067	-8.933
191445	41.548973	80.47798	80.0	987.0	10660.0	-3.733
191505	41.55748	80.41388	80.0	987.0	10660.0	1.6
191525	41.56608	80.348147	80.0	987.0	10660.0	6.933
191545	41.574467	80.283907	80.0	987.0	10664.267	8.0
191605	41.58286	80.21956	80.0	987.0	10668.0	6.4
191625	41.591393	80.154093	80.0	987.0	10668.0	1.067
191645	41.59982	80.08852	80.0	987.0	10668.0	4.8
191705	41.607761	80.023687	81.043478	987.782609	10670.087	6.652
191725	41.6141	79.95997	84.4	990.1	10675.2	0.0
191745	41.617433	79.892437	87.066667	990.766667	10669.867	0.0
191805	41.62003	79.8259	87.566667	991.0	10671.467	0.0
191825	41.62222	79.76034	87.0	991.0	10675.2	-0.8
191845	41.624353	79.697273	87.0	991.0	10669.867	-6.133
191905	41.626487	79.631607	87.433333	991.0	10668.0	-4.533
191925	41.6286	79.56478	88.0	991.0	10668.0	0.0
191945	41.6306	79.499313	88.0	991.0	10668.0	0.0
192005	41.632642	79.433374	88.0	991.0	10668.0	0.0
192025	41.634693	79.367207	88.0	990.733333	10668.0	0.533
192045	41.636627	79.301273	88.0	988.066667	10668.0	5.867
192105	41.63852	79.2357	88.0	986.2	10671.2	8.0
192125	41.64038	79.17034	88.0	984.866667	10676.0	7.467
192145	41.64218	79.10474	88.0	983.533333	10676.0	2.133
192205	41.64394	79.0377	88.0	982.6	10676.0	-3.2
192225	41.645661	78.970306	88.0	981.870968	10675.484	-8.452
192245	41.647274	78.908371	88.0	980.580645	10670.323	-12.968
192305	41.648917	78.84486	88.0	980.733333	10665.067	-12.433
192325	41.650577	78.78007	88.0	982.033333	10660.0	-7.467
192345	41.65211	78.71547	88.0	982.7	10660.0	3.2
192405	41.653643	78.650283	88.0	982.633333	10662.933	8.0
192425	41.655173	78.58464	88.0	982.0	10668.0	7.733
192445	41.65664	78.51944	88.0	982.0	10668.0	2.4
192505	41.658143	78.453397	88.0	982.0	10668.0	0.0
192525	41.659667	78.386573	88.033333	982.0	10668.0	0.267
192545	41.661	78.31804	88.7	982.0	10668.0	5.6
192605	41.66226	78.25288	89.0	981.266667	10670.933	8.0
192625	41.663463	78.190333	89.0	979.933333	10676.0	7.467
192645	41.66473	78.125	89.0	978.6	10676.0	-3.2
192705	41.665997	78.059263	89.0	978.0	10673.067	-5.067
192725	41.667253	77.99333	89.0	977.9	10668.267	0.267
192745	41.66832	77.92993	89.0	975.9	10673.6	5.6
192805	41.669387	77.86554	89.0	974.633333	10676.0	5.067
192825	41.670453	77.80035	89.0	973.866667	10676.0	-0.267
192845	41.67152	77.73535	89.0	971.2	10676.0	-5.6
192905	41.672513	77.67112	89.0	969.633333	10673.067	-8.0
192925	41.673443	77.607373	89.0	969.0	10668.0	-7.733
192945	41.67431	77.54084	89.0	969.0	10668.0	-2.4
193005	41.67514	77.476397	89.0	968.266667	10668.0	0.0
193025	41.675933	77.413517	89.033333	967.0	10668.0	-0.233
193045	41.6766	77.34785	89.7	967.0	10668.0	-4.9
193105	41.675333	77.283567	92.0	967.666667	10665.333	-20.0
193125	41.672485	77.220415	95.636364	968.878788	10660.485	-43.636
193145	41.665813	77.155233	99.166667	958.7	10625.933	-196.467
193205	41.65608	77.0939	102.5	952.7	10544.6	-245.8
193225	41.643607	77.031061	105.964286	947.25	10454.179	-274.286
193245	41.62881	76.96819	109.1	942.8	10357.3	-283.8
193305	41.613543	76.912123	109.766667	941.466667	10265.967	-282.467
193325	41.59767	76.853587	110.0	936.233333	10171.167	-235.633
193345	41.58154	76.79407	110.0	929.5	10085.9	-160.5
193405	41.565807	76.736537	110.0	926.166667	10065.233	-63.833
193425	41.549813	76.678007	110.0	926.733333	10058.0	-17.0
193445	41.53372	76.61919	110.0	929.0	10058.0	0.0
193505	41.517853	76.56179	110.0	929.0	10058.0	0.0
193525	41.50216	76.505083	110.0	927.266667	10058.0	0.0
193545	41.48653	76.44872	110.0	924.9	10058.0	0.0
193605	41.47073	76.392187	110.0	924.233333	10058.0	0.0
193625	41.45454	76.33392	110.0	923.133333	10058.0	0.0
193645	41.43813	76.27476	110.1	922.7	10058.0	0.0
193705	41.421663	76.215827	110.766667	927.366667	10058.0	0.0
193725	41.405587	76.158627	111.0	925.533333	10058.0	-46.367
193745	41.38965	76.10211	111.0	919.5	10047.4	-140.5
193805	41.373317	76.044177	111.0	909.5	9976.733	-363.833
193825	41.35785	75.989233	110.566667	906.866667	9806.4	-570.7
193845	41.34269	75.93536	110.1	908.0	9575.7	-747.4
193905	41.326623	75.878427	110.766667	908.0	9307.033	-803.4
193925	41.3106	75.822143	111.0	908.0	9031.0	-796.567
193945	41.2946	75.76625	111.1	906.7	8758.8	-753.7
194005	41.2786	75.710583	111.766667	898.033333	8530.8	-698.367
194025	41.261047	75.655061	112.722222	888.5	8305.111	-671.417
194045	41.242658	75.599617	113.833333	878.5	8080.667	-659.75
194105	41.225053	75.546533	114.0	871.333333	7865.667	-639.3
194125	41.207797	75.494683	114.0	862.566667	7655.833	-626.633
194145	41.19093	75.44435	114.0	849.9	7452.5	-631.3
194205	41.17395	75.393733	114.0	840.066667	7236.133	-511.3
194225	41.157113	75.343533	114.0	834.7	7072.767	-341.067
194245	41.14058	75.2942	114.0	836.7	7012.1	-118.4
194305	41.123034	75.242424	114.0	820.0	7007.103	-30.483
194325	41.10592	75.192033	114.0	806.133333	7010.0	5.867
194345	41.08972	75.144367	114.0	801.466667	7010.0	0.533
194405	41.07394	75.0979	114.0	801.0	7010.0	0.0
194425	41.057833	75.050553	114.0	801.0	7010.0	0.0
194445	41.041167	75.001687	114.0	801.0	7010.0	0.0
194505	41.02456	74.95312	114.0	802.2	7010.0	0.0
194525	41.008435	74.904471	112.588235	806.294118	7010.0	0.0
194545	40.996	74.853228	104.277778	807.555556	7010.0	0.0
194605	40.988786	74.800911	99.257143	806.742857	7010.0	0.0
194625	40.983071	74.749083	98.114286	807.885714	7010.0	0.0
194645	40.9774	74.69746	98.0	806.8	7010.0	-74.4
194705	40.971655	74.645038	98.0	803.793103	6976.345	-207.31
194725	40.965793	74.591383	98.0	798.275862	6892.207	-415.586
194745	40.960117	74.539743	98.0	787.866667	6699.9	-537.467
194805	40.95448	74.48881	98.0	778.1	6499.8	-600.2
194825	40.94888	74.43861	98.0	769.433333	6297.133	-596.2
194845	40.943387	74.389233	98.487179	760.717949	6101.385	-515.615
194905	40.9379	74.3399	99.0	752.0	5906.0	-431.0
194925	40.932433	74.2917	99.0	724.666667	5829.333	-211.0
194945	40.927121	74.244784	99.0	696.263158	5791.0	-74.421
195005	40.921963	74.199153	99.0	666.789474	5791.0	-21.263
195025	40.916833	74.1577	101.666667	649.666667	5791.0	0.0
195045	40.903895	74.120934	111.195122	648.02439	5791.0	-31.756
195105	40.887602	74.084983	122.902439	649.487805	5791.0	-77.122
195125	40.868809	74.049695	127.0	648.186047	5752.0	-153.767
195145	40.84867	74.014765	127.0	645.395349	5692.0	-247.256
195205	40.828867	73.980033	126.666667	641.666667	5585.667	-356.0
195225	40.8094	73.9455	126.0	637.0	5433.0	-480.0
195245	40.790733	73.911767	126.0	633.0	5265.667	-476.0
195305	40.772977	73.878862	125.230769	629.846154	5108.538	-464.385
195325	40.755993	73.8462	123.866667	626.666667	4960.6	-445.267
195345	40.73846	73.8112	123.2	620.0	4808.6	-426.6
195405	40.721467	73.779233	129.666667	605.333333	4676.333	-445.0
195425	40.697833	73.754272	151.777778	589.611111	4511.667	-509.0
195445	40.670538	73.740608	160.538462	584.076923	4336.154	-509.0
195505	40.643256	73.729685	162.589744	581.512821	4164.359	-482.333
195525	40.615613	73.718913	163.533333	577.8	4016.4	-446.067
195545	40.58804	73.70828	164.0	572.6	3875.8	-417.4
195605	40.56084	73.69788	164.0	564.6	3738.467	-412.067
195625	40.53316	73.687693	164.533333	557.133333	3601.133	-411.0
195645	40.5061	73.67784	165.0	550.4	3463.8	-417.2
195705	40.480767	73.66864	165.0	545.066667	3326.467	-437.867
195725	40.454473	73.659173	164.466667	542.4	3173.133	-441.467
195745	40.428233	73.649656	164.666667	538.333333	3022.333	-435.444
195805	40.402678	73.640174	166.888889	529.444444	2886.778	-416.926
195825	40.377067	73.642078	196.222222	510.555556	2744.556	-419.778
195845	40.353333	73.655843	206.0	499.0	2606.524	-442.952
195905	40.331783	73.669817	207.166667	498.5	2451.5	-486.0
195925	40.310731	73.687525	221.75	496.0	2281.188	-512.25
195945	40.298906	73.714781	250.5625	496.0	2109.938	-499.25
200005	40.29351	73.74604	258.433333	496.0	1947.733	-428.067
200025	40.28888	73.77772	259.1	495.2	1802.5	-330.2
200045	40.28408	73.809853	259.766667	489.866667	1725.833	-191.533
200105	40.283989	73.841611	278.055556	492.333333	1699.0	-39.722
200125	40.2961	73.868917	310.833333	500.666667	1699.0	-54.167
200145	40.3168	73.8828	348.0	489.0	1661.0	-242.0
200205	40.341484	73.883953	303.315789	471.210526	1547.632	-317.842
200225	40.363413	73.883607	1.0	447.933333	1448.6	-329.533
200245	40.38548	73.88314	1.0	432.6	1336.6	-392.2
200305	40.40701	73.88293	0.3	428.0	1180.5	-467.7
200325	40.42775	73.88283	0.0	428.0	1020.9	-433.2
200345	40.448833	73.882852	186.666667	421.259259	888.407	-361.852
200405	40.470006	73.882244	207.3125	407.5625	781.312	-272.188
200425	40.488816	73.875284	19.36	385.68	710.04	-221.24
200445	40.50554	73.86382	30.2	365.8	637.0	-230.6
200505	40.52134	73.851553	30.866667	351.8	550.333	-222.6
200525	40.535967	73.840247	31.0	348.466667	484.467	-237.0
200545	40.55038	73.82906	31.0	341.8	410.0	-217.6
200605	40.56498	73.817593	31.0	321.133333	303.333	-106.267
