161408	33.9369	118.4089	263.0	320.0	76.0	0.0
161428	33.9331	118.42655	251.0	315.0	331.25	757.25
161448	33.92315	118.44095	225.0	323.5	556.5	486.0
161508	33.910875	118.4546	222.25	358.25	667.0	289.75
161528	33.8959	118.4706	221.0	406.0	754.0	222.0
161548	33.8797	118.48744	221.033333	465.7	827.2	531.733
161608	33.8617	118.50624	221.7	479.7	1071.2	726.4
161628	33.843645	118.52526	220.9	483.25	1353.15	869.0
161648	33.822235	118.5405	202.529412	485.529412	1656.412	782.647
161708	33.79825	118.54245	181.0	502.5	1886.0	678.5
161728	33.77348	118.53886	169.0	522.0	2095.6	656.0
161748	33.746747	118.532393	169.0	538.666667	2324.267	689.333
161808	33.719	118.5247	163.0	554.0	2560.0	665.0
161828	33.6978	118.506133	132.0	582.5	2766.333	602.5
161848	33.6838	118.475197	111.74359	605.25641	2961.077	529.359
161908	33.6738	118.440787	110.717949	626.282051	3133.385	466.795
161928	33.663286	118.404979	109.785714	653.0	3283.357	386.357
161948	33.651571	118.365907	109.071429	693.0	3381.214	264.214
162008	33.646029	118.322743	91.857143	728.714286	3449.286	294.0
162028	33.65397	118.282965	66.05	739.1	3576.3	452.3
162048	33.675738	118.247795	49.857143	739.190476	3750.81	563.19
162108	33.700713	118.214713	47.533333	745.933333	3949.667	613.4
162128	33.72584	118.18202	48.0	752.2	4159.0	634.0
162148	33.75064	118.14942	48.0	752.866667	4382.333	614.0
162208	33.776293	118.1157	48.0	762.6	4573.667	577.467
162228	33.80228	118.08156	48.0	773.6	4756.8	547.4
162248	33.828547	118.047093	48.0	782.266667	4939.467	542.067
162308	33.85508	118.0122	48.0	788.8	5118.4	527.133
162328	33.882065	117.976829	47.294118	795.470588	5291.353	508.647
162348	33.910953	117.942553	41.764706	797.352941	5456.765	481.118
162408	33.94244	117.912	37.6	801.0	5613.0	469.0
162428	33.97474	117.882427	37.0	810.266667	5761.8	473.533
162448	34.00614	117.853693	37.0	812.933333	5929.8	488.867
162508	34.03842	117.82412	37.4	817.2	6094.6	465.4
162528	34.07097	117.79371	38.9	824.5	6251.6	417.5
162548	34.100389	117.760158	47.210526	847.631579	6361.053	387.632
162608	34.127284	117.720737	49.315789	853.947368	6501.579	403.947
162628	34.154387	117.680947	51.0	860.066667	6641.467	413.267
162648	34.18232	117.63968	51.0	865.4	6778.8	394.6
162708	34.209833	117.598927	51.0	871.666667	6905.4	396.0
162728	34.237113	117.55846	51.0	877.933333	7032.467	402.0
162748	34.26418	117.51826	51.0	882.6	7179.8	392.0
162808	34.29204	117.476753	51.0	888.2	7301.933	378.267
162828	34.320107	117.434873	51.0	893.666667	7417.533	364.0
162848	34.34764	117.39374	51.0	897.0	7550.2	354.0
162908	34.376947	117.3499	51.0	901.733333	7660.933	343.533
162928	34.406667	117.305407	51.0	906.4	7766.4	338.067
162948	34.435	117.26294	51.0	908.4	7888.4	353.4
163008	34.46366	117.21982	51.0	909.933333	8006.667	329.533
163028	34.492367	117.176567	51.0	912.333333	8116.267	293.0
163048	34.5207	117.1339	51.0	919.0	8197.6	273.0
163108	34.550013	117.09016	50.533333	924.733333	8289.667	281.0
163128	34.57968	117.04632	50.0	929.4	8387.267	291.933
163148	34.60908	117.00392	50.0	931.4	8488.6	266.6
163208	34.638527	116.961147	50.0	937.133333	8568.933	273.467
163228	34.668167	116.917947	50.0	942.2	8650.4	297.067
163248	34.6985	116.87368	50.0	938.2	8772.4	332.4
163308	34.727853	116.83072	50.466667	937.0	8883.667	321.533
163328	34.75676	116.78832	50.866667	937.133333	8987.267	298.067
163348	34.78556	116.74592	50.2	937.8	9078.6	303.4
163408	34.816553	116.700393	50.0	937.533333	9184.4	272.8
163428	34.84806	116.654727	49.733333	938.466667	9283.067	234.0
163448	34.87786	116.61386	48.4	945.8	9328.4	224.0
163508	34.909153	116.571687	48.0	944.733333	9413.4	313.4
163528	34.94102	116.529033	48.0	938.333333	9530.467	402.733
163548	34.97262	116.4867	48.0	925.0	9707.8	321.4
163608	35.0038	116.44488	48.0	926.133333	9775.467	236.8
163628	35.034773	116.40332	48.0	931.6	9810.267	181.2
163648	35.06564	116.36192	48.0	929.6	9901.6	247.2
163708	35.096413	116.320473	48.0	923.4	9989.2	203.067
163728	35.12716	116.278993	48.0	916.6	10058.0	112.667
163748	35.15796	116.23746	48.0	914.6	10058.0	26.0
163808	35.188836	116.195727	48.0	917.393939	10058.0	0.0
163828	35.219769	116.153891	48.0	922.25	10058.0	0.0
163848	35.251144	116.111703	48.0	927.25	10058.0	0.0
163908	35.2825	116.06936	48.0	932.1	10058.0	2.4
163928	35.313833	116.026827	48.0	936.766667	10058.0	7.733
163948	35.344819	115.984739	48.0	939.451613	10062.903	12.29
164008	35.376475	115.941725	48.0	942.0	10068.0	13.0
164028	35.409163	115.897288	48.0	944.5	10073.0	8.0
164048	35.440287	115.854373	49.066667	947.666667	10074.0	3.267
164108	35.470255	115.810309	51.909091	952.181818	10074.0	-4.636
164128	35.49729	115.761877	58.032258	957.483871	10071.935	-16.742
164148	35.519742	115.710265	63.193548	954.903226	10061.613	-15.452
164208	35.540383	115.659267	65.0	952.266667	10058.0	-5.033
164228	35.56011	115.608439	65.0	949.516129	10058.774	6.452
164248	35.580174	115.556697	65.0	946.290323	10063.935	-3.871
164308	35.60056	115.50412	65.0	946.2	10060.0	-16.8
164328	35.621152	115.451003	65.0	948.0	10050.032	-28.581
164348	35.641668	115.398035	65.0	948.0	10040.355	-14.387
164408	35.662157	115.344793	65.0	948.0	10038.567	3.0
164428	35.6826	115.291387	65.0	948.15625	10043.469	21.719
164448	35.7026	115.239137	65.0	951.28125	10052.844	16.094
164508	35.722531	115.186954	65.0	953.230769	10058.0	10.0
164528	35.742377	115.134851	65.0	953.74359	10058.0	3.333
164548	35.7624	115.082433	65.0	956.333333	10058.0	0.0
164608	35.7826	115.0297	65.0	961.0	10058.0	0.0
164628	35.803467	114.974433	65.0	965.0	10058.0	-5.333
164648	35.824233	114.919533	65.0	968.666667	10055.667	-2.667
164708	35.8449	114.865	65.0	972.0	10051.0	8.0
164728	35.865233	114.8112	65.0	973.333333	10061.0	17.333
164748	35.885369	114.757831	65.0	974.3125	10068.5	17.312
164808	35.905306	114.704894	65.0	974.9375	10073.5	7.938
164828	35.925845	114.650291	65.0	974.454545	10074.0	3.182
164848	35.946417	114.59545	65.0	974.0	10074.0	-1.333
164908	35.966883	114.54045	65.0	974.0	10074.0	-6.667
164928	35.98735	114.48585	65.0	974.0	10070.0	-15.5
164948	36.007683	114.43165	65.0	974.166667	10063.5	-21.667
165008	36.027617	114.37825	65.0	974.833333	10053.5	-16.333
165028	36.0481	114.3231	65.0	974.5	10051.0	-7.5
165048	36.0686	114.267833	65.0	974.166667	10051.0	1.333
165108	36.0886	114.213967	65.0	974.833333	10051.0	6.667
165128	36.1092	114.15835	65.5	973.5	10054.5	8.0
165148	36.129517	114.10345	66.0	972.0	10058.0	5.333
165208	36.148383	114.05245	66.0	972.0	10058.0	-5.333
165228	36.1685	113.99785	66.0	972.0	10054.5	-8.0
165248	36.189033	113.941983	66.0	971.666667	10051.0	-6.667
165308	36.209567	113.885917	66.0	970.333333	10051.0	-1.333
165328	36.2294	113.83175	66.0	971.0	10051.0	0.0
165348	36.2491	113.7779	66.0	971.666667	10051.0	0.0
165408	36.2691	113.7231	66.0	970.333333	10051.0	0.0
165428	36.2889	113.66875	66.0	970.0	10051.0	4.0
165448	36.308783	113.614133	66.0	970.0	10052.167	8.0
165508	36.329117	113.558267	66.0	970.0	10056.833	8.0
165528	36.3492	113.5029	66.0	971.0	10058.0	4.0
165548	36.369064	113.44803	66.0	972.30303	10058.0	0.0
165608	36.388518	113.394152	66.0	973.515152	10058.0	0.0
165628	36.40826	113.33936	66.0	974.0	10058.0	0.0
165648	36.42816	113.28406	66.0	974.0	10058.0	0.0
165708	36.44776	113.22966	66.0	974.0	10058.0	0.0
165728	36.46756	113.17454	66.0	974.0	10058.0	0.0
165748	36.487507	113.11888	66.0	974.066667	10058.0	0.0
165808	36.507573	113.06268	66.0	974.733333	10058.0	0.0
165828	36.5274	113.00716	66.0	975.0	10058.0	0.0
165848	36.547027	112.952167	66.0	975.0	10058.0	-0.467
165908	36.566293	112.897833	66.0	975.0	10058.0	-5.133
165928	36.586037	112.842087	66.0	974.625	10055.375	-4.375
165948	36.6061	112.7854	66.0	974.0	10051.0	0.0
170008	36.625412	112.730775	66.0	976.5	10055.375	4.375
170028	36.644845	112.675703	66.0	979.032258	10058.0	7.258
170048	36.664458	112.619961	66.0	981.612903	10058.0	7.903
170108	36.683833	112.564737	66.566667	982.566667	10062.533	7.433
170128	36.703315	112.509173	67.0	983.424242	10066.0	5.515
170148	36.723073	112.452809	67.0	984.636364	10066.0	1.273
170208	36.743093	112.39558	67.0	985.0	10066.0	0.0
170228	36.76312	112.33822	67.0	984.733333	10066.0	0.933
170248	36.78272	112.28182	67.0	983.4	10066.0	5.6
170308	36.802106	112.226112	67.0	981.764706	10069.294	4.118
170328	36.8214	112.1707	67.0	980.0	10074.0	0.0
170348	36.8404	112.115767	67.0	980.0	10068.667	-5.333
170408	36.859167	112.0614	67.0	979.333333	10066.0	-7.667
170428	36.8777	112.0076	67.0	978.0	10066.0	-7.0
170448	36.898064	111.94857	67.0	975.575758	10061.152	-7.0
170508	36.917803	111.891255	67.0	973.548387	10058.0	-7.226
170528	36.936384	111.837126	67.0	972.258065	10058.0	-7.871
170548	36.955247	111.782033	67.0	970.4	10054.267	-8.0
170608	36.97426	111.7264	67.0	968.6	10051.0	-6.4
170628	36.99346	111.670067	67.0	967.266667	10051.0	-1.067
170648	37.012447	111.614533	67.0	964.333333	10051.0	-3.733
170708	37.031408	111.558984	67.0	962.0	10049.703	-7.0
170728	37.050435	111.50293	67.0	962.0	10045.378	-7.0
170748	37.068916	111.448419	67.0	963.125	10043.0	-3.062
170808	37.086728	111.395794	67.0	965.625	10043.0	5.688
170828	37.10555	111.340017	67.0	966.566667	10047.533	10.967
170848	37.124786	111.282949	67.0	967.567568	10052.324	15.135
170908	37.144462	111.224516	67.0	969.189189	10056.108	18.378
170928	37.163233	111.168467	67.0	971.333333	10063.333	18.333
170948	37.1811	111.1148	67.0	974.0	10074.0	15.0
171008	37.199616	111.059832	67.0	974.0	10074.0	5.323
171028	37.21874	111.00269	67.0	974.3	10074.0	-2.4
171048	37.238607	110.94289	67.0	974.966667	10074.0	-7.733
171108	37.25746	110.88632	67.633333	975.0	10068.933	-12.433
171128	37.27587	110.83091	68.0	975.0	10063.6	-15.0
171148	37.293803	110.77671	68.0	975.0	10058.267	-15.0
171208	37.31199	110.721813	68.0	975.0	10053.567	-10.567
171228	37.330681	110.66521	68.0	975.0	10051.0	-5.677
171248	37.349971	110.606565	68.0	975.0	10051.0	-0.516
171308	37.36864	110.5497	68.0	975.0	10051.0	0.0
171328	37.386947	110.493913	68.0	975.0	10051.0	0.0
171348	37.404813	110.439447	68.0	975.0	10051.0	0.0
171408	37.423753	110.381429	68.0	974.470588	10051.0	0.0
171428	37.442667	110.323433	68.0	974.0	10051.0	0.0
171448	37.461	110.2671	68.0	974.0	10051.0	0.0
171508	37.479567	110.209833	68.0	974.0	10051.0	0.0
171528	37.498073	110.152673	68.0	974.0	10051.0	0.0
171548	37.51594	110.09754	68.0	974.0	10051.0	0.0
171608	37.5339	110.041845	68.0	974.0	10051.0	3.613
171628	37.55201	109.98557	68.0	974.0	10051.7	8.0
171648	37.570743	109.92737	68.0	974.0	10056.367	8.0
171708	37.589043	109.870253	68.0	973.133333	10058.0	4.533
171728	37.60715	109.81358	68.0	972.2	10058.0	0.8
171748	37.625483	109.756113	68.0	973.533333	10058.0	6.133
171808	37.643383	109.69999	68.0	974.0	10061.467	8.0
171828	37.66109	109.64445	68.0	974.0	10066.0	6.4
171848	37.679023	109.588117	68.0	974.0	10066.0	-4.267
171908	37.69713	109.531047	68.0	972.266667	10062.533	-8.0
171928	37.715271	109.473752	68.0	970.193548	10058.0	-7.226
171948	37.733077	109.417429	68.0	971.483871	10058.0	-2.065
172008	37.75112	109.36022	68.0	972.0	10058.0	3.2
172028	37.76922	109.30272	68.0	972.0	10058.533	7.467
172048	37.78642	109.24792	68.0	972.0	10063.867	2.133
172108	37.80386	109.19224	68.4	971.2	10062.8	-3.2
172128	37.82148	109.135887	69.0	970.133333	10058.0	-8.0
172148	37.83928	109.078753	69.0	971.466667	10058.0	-8.0
172208	37.857665	109.019784	69.0	972.0	10055.29	-8.0
172228	37.876387	108.959743	69.0	972.0	10051.0	-7.467
172248	37.89412	108.90261	69.0	972.0	10051.0	3.2
172308	37.91145	108.846613	69.0	972.0	10053.567	8.0
172328	37.92848	108.791433	69.0	972.066667	10058.0	7.733
172348	37.94608	108.7341	69.0	973.4	10058.0	2.4
172408	37.963643	108.67695	69.0	974.0	10058.0	0.0
172428	37.98118	108.61992	69.0	973.933333	10058.0	0.0
172448	37.99878	108.56232	69.0	972.6	10058.0	0.0
172508	38.01605	108.505893	69.0	972.0	10058.0	2.933
172528	38.033087	108.450284	69.0	972.0	10058.258	8.0
172548	38.050829	108.391961	69.0	972.0	10063.419	8.0
172608	38.068433	108.334133	69.0	972.0	10066.0	3.0
172628	38.0859	108.2768	69.0	972.0	10066.0	-7.0
172648	38.103838	108.217425	69.0	970.75	10061.0	-7.0
172708	38.121507	108.158893	69.0	969.2	10058.0	-5.133
172728	38.138773	108.101627	69.0	967.2	10058.0	-0.467
172748	38.15598	108.04436	69.0	968.2	10058.0	0.0
172808	38.1731	107.987307	69.0	968.2	10058.0	2.133
172828	38.1901	107.930573	69.0	966.2	10058.0	7.467
172848	38.20722	107.87324	69.0	967.8	10062.8	3.2
172908	38.22438	107.815787	69.0	968.466667	10063.867	-4.0
172928	38.24158	107.758253	69.0	967.133333	10058.533	-14.0
172948	38.25824	107.70204	69.0	964.0	10053.8	-10.8
173008	38.275013	107.645406	69.0	962.0	10051.0	-5.935
173028	38.292045	107.587923	69.0	962.0	10051.0	-0.774
173048	38.308767	107.531303	69.566667	962.0	10051.0	0.0
173108	38.325363	107.474953	70.0	962.0	10051.0	1.867
173128	38.34183	107.41882	70.0	962.0	10051.0	7.2
173148	38.359317	107.359287	70.0	962.0	10054.967	8.0
173208	38.37654	107.300437	70.0	962.0	10058.0	6.133
173228	38.39294	107.24397	70.0	962.0	10058.0	0.8
173248	38.409283	107.187843	70.0	962.0	10058.0	4.533
173308	38.42578	107.130913	70.233333	961.766667	10059.867	6.133
173328	38.44258	107.07238	70.9	961.1	10065.2	0.8
173348	38.456377	107.013337	73.833333	961.566667	10061.467	-4.533
173408	38.46913	106.954203	76.0	962.0	10058.0	-6.133
173428	38.48093	106.89507	76.0	962.0	10058.0	-0.8
173448	38.492447	106.837297	76.0	962.0	10058.0	0.0
173508	38.504053	106.778993	76.0	962.0	10058.0	0.0
173528	38.51592	106.71926	76.0	962.0	10058.0	0.0
173548	38.527617	106.660037	76.0	964.266667	10058.0	0.0
173608	38.53933	106.600483	76.0	966.0	10058.0	0.0
173628	38.55113	106.54015	76.0	966.0	10058.0	0.0
173648	38.563043	106.479193	76.0	966.566667	10058.0	4.533
173708	38.57465	106.41962	76.0	965.6	10059.867	8.0
173728	38.58565	106.36282	76.0	961.6	10065.2	8.0
173748	38.597217	106.303357	76.0	959.866667	10066.0	8.0
173808	38.608697	106.24417	76.0	958.766667	10067.867	6.133
173828	38.61983	106.18637	76.0	958.1	10073.2	0.8
173848	38.631247	106.126473	76.0	958.0	10069.467	-8.5
173908	38.642667	106.066627	76.0	957.533333	10064.133	-13.367
173928	38.654	106.00756	76.0	956.2	10058.8	-8.7
173948	38.665277	105.94804	76.0	954.866667	10058.0	-3.467
174008	38.676567	105.888347	76.233333	954.0	10058.0	0.0
174028	38.6879	105.82848	76.9	954.0	10058.0	0.0
174048	38.699063	105.76901	77.0	950.6	10058.0	0.0
174108	38.710057	105.710427	77.0	947.533333	10058.0	0.0
174128	38.72079	105.65336	77.0	946.2	10058.0	0.0
174148	38.73192	105.593913	77.0	945.433333	10058.0	-4.533
174208	38.742933	105.534863	77.0	944.533333	10056.367	-9.633
174228	38.7536	105.47733	77.0	943.2	10051.7	-14.3
174248	38.764437	105.418947	77.0	944.133333	10046.467	-11.033
174308	38.77528	105.36018	77.0	944.533333	10043.0	-6.133
174328	38.78608	105.30098	77.0	943.2	10043.0	-0.8
174348	38.797023	105.241429	77.0	944.096774	10043.0	0.0
174408	38.80802	105.18158	77.0	945.2	10043.0	1.6
174428	38.819087	105.12118	77.0	945.866667	10043.0	6.933
174448	38.829727	105.062807	77.0	946.0	10047.267	16.0
174508	38.84024	105.00488	77.0	947.6	10054.0	23.0
174528	38.850707	104.946813	77.0	952.933333	10064.0	23.0
174548	38.86128	104.888	77.0	954.0	10070.267	15.0
174608	38.871816	104.8293	77.0	953.806452	10074.0	2.0
174628	38.882203	104.7713	77.0	953.16129	10074.0	-18.0
174648	38.89295	104.71115	77.0	953.5	10062.5	-23.0
174708	38.903717	104.65075	77.0	953.833333	10051.0	-19.167
174728	38.914183	104.59175	77.0	953.166667	10051.0	-3.833
174748	38.92455	104.5329	77.0	949.0	10051.0	0.0
174808	38.9349	104.474083	77.0	945.0	10051.0	-1.333
174828	38.9453	104.415217	77.0	945.0	10051.0	-6.667
174848	38.95575	104.35545	77.5	946.5	10047.0	-4.0
174908	38.966133	104.2957	78.0	948.333333	10044.333	3.833
174928	38.976267	104.2369	78.0	949.666667	10049.667	19.167
174948	38.986735	104.175942	78.0	951.935484	10058.258	22.516
175008	38.997265	104.114613	78.0	953.870968	10067.032	20.194
175028	39.007587	104.054677	78.0	953.225806	10072.194	11.161
175048	39.017527	103.996953	78.0	953.0	10074.0	1.067
175108	39.02732	103.93999	78.0	952.7	10073.2	-8.0
175128	39.037453	103.88059	78.0	950.7	10067.867	-8.0
175148	39.04763	103.820843	78.0	950.0	10066.0	-8.0
175208	39.05786	103.76065	78.0	950.0	10065.2	-8.0
175228	39.06826	103.698983	78.0	950.0	10059.867	-8.0
175248	39.07814	103.640307	78.0	950.0	10058.0	-8.0
175308	39.087858	103.582481	78.0	949.612903	10057.323	-8.0
175328	39.098245	103.520352	78.0	947.032258	10052.806	-8.0
175348	39.10816	103.46094	78.0	946.0	10051.0	-4.8
175408	39.11782	103.402927	78.0	946.0	10051.0	0.0
175428	39.12802	103.341193	78.0	946.0	10051.0	0.0
175448	39.13786	103.28166	78.0	946.8	10051.0	0.0
175508	39.147493	103.2233	78.0	948.0	10051.0	0.0
175528	39.157427	103.1623	78.0	948.0	10051.0	0.0
175548	39.16712	103.10282	78.0	948.0	10051.0	3.2
175608	39.176627	103.04448	78.0	948.133333	10051.467	8.467
175628	39.185893	102.98728	78.0	949.466667	10056.133	13.133
175648	39.19536	102.9286	78.0	949.2	10061.2	12.2
175708	39.204955	102.868965	78.0	948.0	10066.0	7.484
175728	39.214503	102.80961	78.0	948.0	10066.0	2.323
175748	39.224263	102.748837	78.0	947.266667	10066.0	0.0
175808	39.23416	102.687107	78.033333	946.0	10066.0	0.267
175828	39.24336	102.62924	78.7	946.0	10066.0	5.6
175848	39.25267	102.570347	79.0	945.633333	10068.933	5.067
175908	39.262063	102.51068	79.0	944.933333	10073.733	-0.5
175928	39.27133	102.45228	79.0	943.6	10068.4	-10.5
175948	39.28056	102.393367	79.0	942.266667	10063.067	-15.0
180008	39.289767	102.334023	79.0	940.9	10057.767	-15.0
180028	39.2991	102.27449	79.0	938.9	10053.1	-15.0
180048	39.30836	102.214883	79.0	938.0	10048.067	-12.433
180108	39.31756	102.155227	79.0	938.166667	10043.0	-7.233
180128	39.32676	102.09576	79.0	941.5	10043.0	8.1
180148	39.33607	102.035193	79.0	943.0	10048.5	17.933
180208	39.34543	101.97397	79.0	943.0	10058.267	22.5
180228	39.35403	101.91737	79.0	943.0	10063.6	12.5
180248	39.362777	101.85967	79.0	941.166667	10066.0	5.067
180308	39.371674	101.800848	79.0	937.967742	10066.0	0.0
180328	39.381158	101.737816	79.0	937.322581	10066.0	0.0
180348	39.390604	101.677411	78.259259	936.259259	10066.0	0.0
180408	39.40017	101.6195	77.0	934.7	10066.0	-0.8
180428	39.410637	101.560833	77.0	932.7	10066.0	-6.133
180448	39.420887	101.502297	77.433333	932.0	10062.533	-11.033
180508	39.43099	101.44379	78.0	932.0	10057.3	-14.3
180528	39.440923	101.385057	78.0	932.0	10052.633	-9.633
180548	39.4509	101.326323	78.0	931.133333	10051.0	-4.533
180608	39.4609	101.26751	78.0	930.0	10051.0	0.0
180628	39.4709	101.208243	78.0	930.0	10051.0	0.0
180648	39.480727	101.15006	78.0	929.566667	10051.0	3.467
180708	39.49043	101.09257	78.0	928.6	10051.7	8.0
180728	39.499963	101.035703	78.0	925.933333	10056.367	8.0
180748	39.509887	100.97615	78.0	925.0	10058.0	8.0
180808	39.51988	100.91597	78.0	925.0	10058.8	8.0
180828	39.52908	100.860437	78.0	925.0	10064.133	8.0
180848	39.53867	100.802347	78.0	925.0	10066.0	1.067
180908	39.5485	100.74272	78.0	924.9	10065.2	-8.0
180928	39.5585	100.682187	78.0	924.233333	10059.867	-8.0
180948	39.568067	100.623993	78.0	924.0	10058.0	-4.533
181008	39.577384	100.567055	78.0	923.806452	10058.0	0.0
181028	39.58661	100.510087	78.0	922.516129	10058.0	0.0
181048	39.59606	100.4517	78.0	922.0	10058.0	0.0
181108	39.60564	100.392487	78.0	921.933333	10058.0	0.0
181128	39.61504	100.334353	78.0	921.266667	10058.0	0.0
181148	39.62424	100.27726	78.0	920.2	10058.0	0.0
181208	39.633327	100.22068	78.0	919.0	10058.0	0.0
181228	39.642593	100.16248	78.0	919.0	10058.0	0.0
181248	39.65194	100.10344	78.0	919.8	10058.0	0.0
181308	39.66132	100.043947	78.066667	920.866667	10058.0	0.0
181328	39.67052	99.985413	78.733333	919.533333	10058.0	0.0
181348	39.6798	99.9264	79.0	919.0	10058.0	3.2
181408	39.689116	99.867155	79.0	918.870968	10058.516	8.0
181428	39.698277	99.808703	79.0	917.580645	10063.677	8.0
181448	39.707093	99.752223	79.0	915.9	10066.0	2.133
181508	39.71565	99.697187	79.0	914.0	10065.733	-8.0
181528	39.72465	99.63892	79.0	914.0	10060.4	-8.0
181548	39.733833	99.5797	79.0	913.266667	10058.0	-5.067
181608	39.743133	99.519867	79.0	911.9	10058.0	0.0
181628	39.7518	99.4632	79.0	909.9	10058.0	0.0
181648	39.76043	99.40657	79.0	909.0	10058.0	0.0
181708	39.76905	99.34981	79.0	909.0	10058.0	-0.267
181728	39.77805	99.29001	79.0	909.0	10058.0	-5.6
181748	39.78683	99.23153	79.0	909.0	10055.433	-8.0
181808	39.795443	99.174083	79.0	909.066667	10051.0	-7.467
181828	39.80431	99.11575	79.0	910.4	10051.0	3.2
181848	39.812993	99.057783	79.0	911.366667	10053.567	8.0
181908	39.821523	99.000117	79.0	912.0	10058.0	7.733
181928	39.82999	98.94245	79.0	912.0	10058.0	2.4
181948	39.838661	98.883855	79.0	912.709677	10058.0	0.0
182008	39.8475	98.8245	79.0	914.0	10058.0	0.0
182028	39.855633	98.768833	79.0	914.0	10058.0	5.333
182048	39.863967	98.711567	79.0	914.0	10060.667	10.333
182108	39.8725	98.6527	79.0	914.0	10066.0	15.0
182128	39.8809	98.5947	79.0	912.666667	10071.333	5.0
182148	39.889267	98.536733	79.333333	912.0	10071.333	-5.0
182208	39.8976	98.4788	80.0	912.0	10066.0	-15.0
182228	39.9062	98.419267	79.333333	911.333333	10060.667	-5.0
182248	39.914567	98.361067	79.333333	910.333333	10060.667	0.0
182308	39.9227	98.3042	80.0	909.0	10066.0	0.0
182328	39.9309	98.245933	80.0	908.333333	10060.667	-10.0
182348	39.939067	98.187667	80.0	907.333333	10055.667	-12.667
182408	39.9472	98.1294	80.0	906.0	10051.0	-8.0
182428	39.955467	98.0702	80.0	906.0	10051.0	-2.667
182448	39.963667	98.0117	80.0	906.0	10051.0	0.0
182508	39.9718	97.9539	80.0	906.0	10051.0	0.0
182528	39.9796	97.8973	80.0	904.666667	10051.0	10.0
182548	39.987629	97.839032	80.0	904.0	10055.839	48.871
182608	39.995887	97.779097	80.0	904.0	10065.516	116.613
182628	40.003773	97.721633	80.0	906.533333	10133.767	167.5
182648	40.01141	97.665655	80.0	909.16129	10199.419	186.29
182708	40.018765	97.611332	80.0	911.741935	10258.129	166.935
182728	40.02688	97.55094	80.0	918.0	10309.6	175.8
182748	40.035	97.490487	80.0	922.0	10368.533	189.133
182808	40.043	97.430953	80.0	922.0	10439.867	204.467
182828	40.051	97.37088	80.0	923.8	10506.4	197.0
182848	40.05892	97.311547	80.0	926.866667	10570.533	172.6
182908	40.06672	97.253413	80.0	931.533333	10631.867	126.6
182928	40.07452	97.19504	80.0	932.6	10656.0	66.8
182948	40.082373	97.13576	80.0	932.733333	10668.0	22.0
183008	40.090307	97.07516	80.0	932.066667	10668.0	2.0
183028	40.09794	97.01624	80.6	930.8	10668.0	0.0
183048	40.10554	96.957133	80.733333	928.4	10668.0	0.0
183108	40.11314	96.897467	80.066667	924.4	10668.0	0.0
183128	40.12092	96.83768	80.0	924.0	10668.0	0.0
183148	40.12864	96.778227	80.0	924.0	10668.0	0.0
183208	40.13624	96.719293	80.0	924.0	10668.0	0.0
183228	40.14376	96.66012	80.4	926.4	10668.0	2.4
183248	40.151271	96.60092	80.844444	929.066667	10668.0	5.067
183308	40.158848	96.540781	81.0	930.0	10671.355	6.839
183328	40.166447	96.480293	81.0	929.933333	10676.0	8.0
183348	40.173913	96.421227	81.0	929.266667	10676.0	8.0
183408	40.18142	96.36128	81.0	929.0	10678.8	4.8
183428	40.188827	96.300793	81.266667	929.066667	10682.533	-0.533
183448	40.195093	96.240727	83.933333	929.733333	10677.867	-5.867
183508	40.19864	96.18082	87.0	930.8	10676.0	-4.8
183528	40.200173	96.120967	90.0	931.866667	10676.0	-0.533
183548	40.199907	96.060633	90.0	930.533333	10676.0	-5.867
183608	40.19968	95.9997	90.0	929.6	10672.8	-8.0
183628	40.199473	95.938633	90.066667	928.733333	10668.0	-8.0
183648	40.199207	95.879967	90.733333	926.066667	10668.0	-8.0
183708	40.198868	95.820268	91.0	925.0	10664.903	-8.0
183728	40.19848	95.759737	91.0	924.966667	10660.0	-7.733
183748	40.19808	95.69647	91.0	924.3	10660.0	-2.4
183808	40.197643	95.636467	91.0	924.0	10660.0	2.933
183828	40.19718	95.578987	91.0	924.0	10660.267	8.0
183848	40.19678	95.51872	91.0	924.0	10665.6	8.0
183908	40.196307	95.45783	91.0	924.0	10668.0	5.067
183928	40.195767	95.396477	91.0	924.0	10668.0	0.0
183948	40.1951	95.33601	91.0	924.0	10668.0	0.0
184008	40.194433	95.27591	91.0	924.0	10668.0	0.0
184028	40.193767	95.216083	91.0	924.033333	10668.0	-0.267
184048	40.1931	95.15575	91.0	924.7	10668.0	-5.6
184108	40.192397	95.095563	91.0	926.466667	10665.067	-8.0
184128	40.191663	95.03547	91.0	929.033333	10660.0	-7.467
184148	40.19093	94.97487	91.0	929.7	10660.0	3.2
184208	40.190123	94.91405	91.0	931.1	10662.933	8.0
184228	40.189257	94.85308	91.0	933.066667	10668.0	8.0
184248	40.18839	94.79268	91.0	934.4	10668.0	8.0
184308	40.187487	94.731913	91.0	935.0	10670.933	8.0
184328	40.186548	94.670781	91.0	935.064516	10676.0	7.742
184348	40.185516	94.608394	91.0	936.354839	10676.0	2.581
184408	40.184467	94.547867	91.333333	937.0	10676.0	0.0
184428	40.1834	94.4892	92.0	937.0	10676.0	0.0
184448	40.182333	94.4282	91.333333	937.666667	10676.0	0.0
184508	40.1813	94.367133	91.0	938.0	10676.0	-3.0
184528	40.1803	94.306	91.0	938.0	10676.0	-9.0
184548	40.181517	94.246348	87.521739	937.130435	10669.043	-9.0
184608	40.184137	94.18538	87.0	937.0	10668.0	-3.9
184628	40.18691	94.124367	87.0	937.0	10668.0	1.867
184648	40.18951	94.0637	87.0	937.0	10668.0	7.2
184708	40.192148	94.002558	87.0	935.903226	10672.387	8.0
184728	40.19478	93.94142	87.0	934.6	10676.0	4.8
184748	40.19738	93.880487	87.0	933.266667	10676.0	-5.867
184808	40.20014	93.818593	87.0	933.0	10671.733	-8.0
184828	40.20284	93.75682	87.0	933.0	10668.0	-8.0
184848	40.205307	93.695887	87.0	933.0	10668.0	-8.0
184908	40.20772	93.635593	87.0	932.466667	10663.733	-8.0
184928	40.2101	93.57554	87.0	932.0	10660.0	-8.0
184948	40.212433	93.515673	87.0	932.0	10660.0	-8.0
185008	40.214767	93.45474	87.0	933.6	10656.267	-3.733
185028	40.21708	93.39346	87.0	935.0	10654.4	1.6
185048	40.219347	93.331993	87.0	935.0	10659.067	6.933
185108	40.22156	93.271807	87.0	936.6	10660.0	8.0
185128	40.22382	93.21158	87.0	938.6	10661.6	8.0
185148	40.22622	93.150513	87.0	940.6	10666.933	8.0
185208	40.22846	93.08886	87.0	941.0	10668.0	3.733
185228	40.23062	93.02734	87.2	941.4	10668.0	1.6
185248	40.232687	92.966473	87.866667	942.733333	10668.0	6.933
185308	40.2347	92.90406	88.0	944.6	10672.267	8.0
185328	40.23672	92.84232	88.0	946.0	10676.0	8.0
185348	40.238787	92.783053	88.0	946.0	10676.0	8.0
185408	40.24096	92.720853	87.466667	945.466667	10679.733	8.0
185428	40.24308	92.65832	87.2	944.6	10683.0	4.8
185448	40.245013	92.59672	87.866667	943.266667	10683.0	-5.867
185508	40.246893	92.535387	88.0	941.933333	10679.267	-11.733
185528	40.24874	92.47398	88.0	941.0	10674.4	-15.0
185548	40.25054	92.412247	88.0	941.0	10669.067	-15.0
185608	40.252345	92.351435	88.0	941.0	10663.871	-7.258
185628	40.254133	92.2906	88.0	941.0	10661.333	1.333
185648	40.255867	92.229	88.0	941.0	10666.667	6.667
185708	40.25755	92.16765	88.0	941.0	10668.0	4.0
185728	40.259217	92.106633	88.0	940.5	10668.0	-1.333
185748	40.260883	92.046367	88.0	938.5	10668.0	-6.667
185808	40.26251	91.985042	88.0	939.451613	10664.129	-8.0
185828	40.264093	91.923393	88.0	941.0	10660.0	-5.867
185848	40.26556	91.86186	88.0	941.0	10660.0	4.8
185908	40.267073	91.800887	88.0	939.6	10663.733	32.733
185928	40.268593	91.740327	88.0	937.333333	10675.067	66.067
185948	40.27006	91.68046	88.0	934.0	10710.4	91.4
190008	40.271573	91.61882	88.0	937.666667	10742.467	102.733
190028	40.273067	91.556447	88.0	943.933333	10775.133	112.067
190048	40.2744	91.49418	88.0	948.6	10815.8	137.4
190108	40.275733	91.430747	88.0	951.866667	10867.2	187.467
190128	40.277067	91.366867	88.133333	953.2	10932.267	237.067
190148	40.2784	91.3032	88.8	949.2	11033.6	242.4
190208	40.279547	91.24336	89.0	948.0	11106.933	215.533
190228	40.280653	91.1846	89.0	948.0	11168.133	174.867
190248	40.28192	91.1236	89.0	948.0	11228.8	134.2
190308	40.283047	91.061573	89.0	951.733333	11261.467	79.067
190328	40.284127	90.998747	89.0	956.266667	11278.0	26.0
190348	40.28526	90.93448	89.0	957.6	11278.0	6.0
190408	40.286393	90.87236	89.0	958.466667	11278.0	0.0
190428	40.2875	90.810453	89.0	959.266667	11278.0	0.0
190448	40.2885	90.74572	89.0	960.6	11278.0	0.0
190508	40.289432	90.684345	89.0	961.451613	11278.0	0.0
190528	40.29032	90.62352	89.0	961.9	11278.0	0.0
190548	40.29112	90.557653	89.0	961.233333	11278.0	0.0
190608	40.29192	90.495037	89.0	961.433333	11278.0	0.0
190628	40.292716	90.433835	89.0	961.903226	11278.0	0.0
190648	40.29349	90.370739	89.0	961.258065	11278.0	0.0
190708	40.29428	90.30954	89.0	961.0	11278.0	0.0
190728	40.295067	90.249207	89.0	960.866667	11278.0	0.533
190748	40.295733	90.185273	89.0	959.533333	11278.0	5.867
190808	40.2964	90.12166	89.0	959.0	11280.8	4.8
190828	40.297058	90.05831	89.0	959.0	11284.548	-0.968
190848	40.297639	89.995406	89.0	959.0	11280.032	-10.645
190908	40.29812	89.932927	89.366667	959.733333	11275.067	-9.5
190928	40.29852	89.870727	89.966667	960.933333	11270.267	0.267
190948	40.29892	89.80726	89.3	959.6	11275.6	5.6
191008	40.299393	89.74339	89.0	959.0	11278.0	-0.433
191028	40.299923	89.679503	89.0	959.066667	11277.467	-14.767
191048	40.30039	89.62157	89.0	960.4	11266.8	-10.1
191108	40.300783	89.559237	89.366667	961.366667	11264.933	3.367
191128	40.30111	89.493483	90.0	961.966667	11270.5	23.0
191148	40.30131	89.43115	90.0	961.3	11280.5	23.0
191208	40.301547	89.367717	90.0	959.9	11287.933	17.5
191228	40.301807	89.30355	90.0	957.833333	11293.0	7.233
191248	40.30194	89.24255	90.0	954.5	11293.0	-8.1
191308	40.302037	89.18067	90.0	948.6	11287.5	-15.0
191328	40.302107	89.118177	90.0	940.8	11278.0	-14.5
191348	40.30224	89.05771	90.0	936.8	11278.0	-4.5
191408	40.302337	88.997647	90.0	935.733333	11278.0	2.933
191428	40.302397	88.937847	90.0	937.033333	11278.233	7.733
191448	40.30233	88.87678	90.0	937.7	11282.9	2.4
191508	40.3023	88.814797	90.0	939.1	11282.433	-2.933
191528	40.302292	88.752192	90.0	941.08	11278.0	-7.68
191548	40.302132	88.692032	90.0	942.68	11278.0	-1.28
191608	40.301993	88.630987	90.0	944.066667	11278.0	0.0
191628	40.30182	88.56956	90.0	945.2	11278.0	1.6
191648	40.301553	88.50776	90.0	945.866667	11278.0	6.933
191708	40.301287	88.445853	90.0	947.066667	11281.733	3.733
191728	40.301	88.38362	90.0	949.0	11283.6	0.0
191748	40.300667	88.320687	90.0	952.333333	11278.933	0.0
191808	40.300333	88.258767	90.0	953.0	11281.733	4.267
191828	40.3	88.19738	90.2	953.2	11285.0	6.4
191848	40.299667	88.136647	90.866667	953.866667	11285.0	1.067
191908	40.299173	88.07314	91.0	954.0	11285.0	0.0
191928	40.29862	88.0098	91.0	954.4	11285.0	1.6
191948	40.29802	87.948467	91.0	955.733333	11285.0	6.933
192008	40.29742	87.886227	91.0	954.933333	11289.267	3.733
192028	40.29682	87.82394	91.0	953.8	11291.4	-1.6
192048	40.29622	87.762073	91.0	953.133333	11286.067	-6.933
192108	40.29562	87.699567	91.0	953.0	11285.0	-16.0
192128	40.29498	87.6366	91.0	953.2	11280.4	-23.0
192148	40.294247	87.572933	91.0	953.866667	11265.067	-23.0
192208	40.29346	87.510227	91.0	955.066667	11262.0	-10.733
192228	40.29262	87.44858	91.0	956.6	11262.0	1.6
192248	40.291687	87.388847	91.0	958.6	11262.0	6.933
192308	40.290807	87.326447	91.0	960.066667	11266.267	8.0
192328	40.28998	87.2637	91.0	962.2	11270.0	6.4
192348	40.289247	87.2017	91.0	966.2	11270.0	1.067
192408	40.2883	87.13842	91.0	968.6	11270.0	4.267
192428	40.28732	87.07484	91.0	970.8	11271.6	8.0
192448	40.286387	87.011307	91.0	973.466667	11276.933	8.0
192508	40.285453	86.94708	91.0	976.133333	11278.0	11.733
192528	40.28442	86.88274	91.2	978.4	11281.0	15.0
192548	40.283153	86.81854	91.866667	979.733333	11291.0	15.0
192608	40.281833	86.754127	92.0	980.0	11293.0	7.0
192628	40.28048	86.69004	92.0	980.0	11293.0	-3.0
192648	40.27908	86.62684	92.0	980.0	11293.0	-13.0
192708	40.277787	86.5646	92.0	980.0	11285.0	-11.267
192728	40.27648	86.50132	92.0	978.8	11279.4	-4.8
192748	40.27508	86.435053	92.0	974.8	11284.067	5.867
192808	40.27368	86.37092	92.0	971.333333	11285.0	-0.533
192828	40.272255	86.307335	92.0	968.419355	11283.645	-9.355
192848	40.270771	86.243787	92.0	966.483871	11279.129	-13.871
192908	40.26935	86.18275	92.0	963.5	11274.0	-11.5
192928	40.2679	86.121283	92.0	960.166667	11270.0	-8.0
192948	40.2663	86.056017	92.0	956.833333	11270.0	-8.0
193008	40.26475	85.99445	92.0	955.0	11266.0	-8.0
193028	40.2632	85.933567	92.0	953.333333	11262.0	-6.667
193048	40.2616	85.871033	92.0	950.666667	11262.0	-1.333
193108	40.25995	85.8101	92.0	948.0	11262.0	4.0
193128	40.258267	85.748767	92.0	945.833333	11263.333	6.667
193148	40.256533	85.684633	92.0	945.166667	11268.667	1.333
193208	40.25475	85.6223	92.0	945.0	11266.0	-4.0
193228	40.252967	85.561117	92.0	945.0	11262.0	-6.667
193248	40.251233	85.501583	92.0	945.0	11262.0	-1.333
193308	40.24935	85.44045	92.5	946.5	11262.0	0.0
193328	40.2474	85.378797	92.83871	948.0	11262.0	1.29
193348	40.2454	85.317184	92.193548	948.0	11262.0	6.452
193408	40.243447	85.25418	92.466667	950.8	11265.733	11.267
193428	40.241513	85.191233	92.866667	954.0	11271.067	15.0
193448	40.23958	85.1309	92.2	954.0	11276.4	15.0
193508	40.2376	85.069867	92.466667	955.866667	11281.267	15.0
193528	40.235573	85.008093	93.0	958.0	11286.067	14.067
193548	40.23344	84.94456	93.0	958.0	11291.4	9.4
193608	40.231307	84.881913	93.0	958.466667	11293.0	4.267
193628	40.229133	84.819567	93.0	958.866667	11293.0	0.0
193648	40.2268	84.7569	93.0	958.2	11293.0	0.0
193708	40.224513	84.695027	93.0	957.066667	11293.0	0.0
193728	40.222233	84.633293	93.0	955.6	11293.0	-2.0
193748	40.2199	84.57076	93.0	953.6	11293.0	-12.0
193808	40.217567	84.50874	93.0	953.0	11286.0	-18.733
193828	40.215193	84.4467	93.0	953.0	11276.933	-21.0
193848	40.21266	84.3837	93.0	953.0	11271.6	-11.0
193908	40.210127	84.32098	93.0	953.0	11270.0	-4.267
193928	40.2079	84.259375	92.0	954.25	11270.0	0.0
193948	40.209526	84.19913	85.521739	959.391304	11270.0	0.0
194008	40.216638	84.136781	76.8125	963.5625	11270.0	0.0
194028	40.23096	84.07874	71.1	967.0	11270.0	2.4
194048	40.248427	84.019273	69.1	967.0	11270.0	7.733
194108	40.265767	83.959997	69.0	968.266667	11275.067	8.0
194128	40.28295	83.90124	69.0	969.3	11278.0	5.6
194148	40.29995	83.843107	69.0	969.966667	11278.0	0.267
194208	40.31695	83.7851	69.0	970.0	11278.0	5.067
194228	40.3341	83.72647	69.0	970.6	11280.1	8.0
194248	40.351433	83.66707	69.0	971.933333	11284.767	8.0
194308	40.369277	83.605813	69.0	970.774194	11285.0	3.097
194328	40.387147	83.54428	69.0	970.0	11285.0	0.0
194348	40.405013	83.48248	69.0	970.0	11285.0	0.0
194408	40.421374	83.4259	69.0	969.419355	11285.0	-4.645
194428	40.437967	83.368523	69.0	969.0	11283.367	-9.633
194448	40.4553	83.30859	69.0	969.0	11278.7	-14.3
194508	40.47235	83.249053	69.0	969.0	11273.467	-11.033
194528	40.489187	83.190193	69.233333	969.0	11270.0	-8.0
194548	40.50572	83.13246	69.9	969.0	11270.0	-8.0
194608	40.52299	83.07195	70.0	969.566667	11265.467	-8.0
194628	40.540297	83.011277	70.0	970.933333	11262.0	-4.267
194648	40.55743	82.95121	70.0	973.6	11262.0	6.4
194708	40.574507	82.89137	70.0	976.266667	11266.533	8.0
194728	40.59148	82.83164	70.0	978.933333	11270.0	8.0
194748	40.60828	82.77204	70.0	981.6	11270.0	8.0
194808	40.624967	82.712553	70.0	982.566667	11274.533	16.5
194828	40.641727	82.652783	70.0	983.466667	11281.5	21.133
194848	40.65866	82.59245	70.0	984.8	11291.5	15.8
194908	40.675933	82.530757	70.0	982.166667	11293.0	-2.0
194928	40.692953	82.469784	70.0	976.9375	11289.719	-15.0
194948	40.709391	82.410597	70.0	968.1875	11280.344	-15.0
195008	40.7259	82.3512	70.0	962.0	11278.0	-7.5
195028	40.742461	82.291487	70.0	958.16129	11278.0	0.0
195048	40.759106	82.231035	70.0	958.806452	11278.0	0.0
195108	40.775347	82.17216	70.0	962.733333	11278.0	0.0
195128	40.791507	82.1136	70.0	967.666667	11278.0	1.067
195148	40.80804	82.0536	70.0	971.0	11278.0	6.4
195208	40.824387	81.993927	70.0	972.0	11281.267	11.267
195228	40.84068	81.9343	70.0	972.266667	11286.067	14.067
195248	40.85708	81.8743	70.0	973.6	11291.4	9.4
195308	40.87362	81.813413	70.0	974.466667	11293.0	4.267
195328	40.8901	81.752547	70.0	974.6	11293.0	-1.067
195348	40.9061	81.69328	70.0	972.6	11293.0	-6.4
195408	40.922427	81.632893	70.466667	971.066667	11289.267	-11.267
195428	40.938973	81.57164	71.0	970.0	11284.067	-15.0
195448	40.95584	81.50884	71.0	970.0	11279.4	-15.0
195508	40.971913	81.448747	71.0	969.533333	11274.267	-15.0
195528	40.987593	81.390027	71.0	969.133333	11268.933	-14.067
195548	41.00306	81.33216	71.0	969.8	11263.6	-9.4
195608	41.01918	81.2714	71.0	970.0	11262.0	-0.533
195628	41.035447	81.209893	71.0	969.866667	11263.067	8.0
195648	41.05118	81.15036	71.0	969.2	11268.4	8.0
195708	41.06724	81.089753	71.0	969.466667	11270.0	4.267
195728	41.083467	81.028487	71.0	970.266667	11270.0	1.067
195748	41.0998	80.96642	71.0	971.6	11270.0	6.4
195808	41.11548	80.90664	71.0	972.0	11273.733	8.0
195828	41.13092	80.847587	71.0	972.266667	11278.0	6.933
195848	41.14652	80.78752	71.0	973.6	11278.0	1.6
195908	41.162633	80.725447	71.0	974.0	11278.0	0.0
195928	41.178807	80.6631	71.0	974.0	11278.0	0.0
195948	41.19434	80.6031	71.0	974.0	11278.0	0.0
200008	41.21006	80.542073	71.0	974.0	11278.0	0.0
200028	41.225807	80.48082	71.0	974.533333	11278.0	0.0
200048	41.24134	80.42042	71.0	977.2	11278.0	0.0
200108	41.257247	80.358573	71.0	978.0	11278.0	0.0
200128	41.273207	80.29636	71.133333	978.0	11278.0	0.0
200148	41.28874	80.23516	71.8	978.0	11278.0	0.0
200208	41.304367	80.173493	71.533333	978.933333	11278.0	0.0
200228	41.319927	80.11208	71.133333	980.0	11278.0	0.0
200248	41.33506	80.05248	71.8	980.0	11278.0	0.0
200308	41.3508	79.990033	72.0	980.0	11278.0	0.0
200328	41.36664	79.927007	72.0	980.0	11278.0	-1.067
200348	41.38184	79.86654	72.0	980.0	11278.0	-6.4
200408	41.397553	79.803693	72.0	980.0	11274.267	-8.0
200428	41.41326	79.74072	72.0	980.266667	11270.0	-6.933
200448	41.42806	79.68132	72.0	981.6	11270.0	-1.6
200508	41.44328	79.619867	72.0	983.4	11270.0	7.0
200528	41.4586	79.557973	72.0	985.0	11272.0	15.0
200548	41.4736	79.49784	72.0	985.0	11282.0	15.0
200608	41.4893	79.434113	72.0	985.0	11285.0	8.0
200628	41.505087	79.369687	72.0	985.0	11285.0	0.0
200648	41.52002	79.30862	72.0	985.0	11285.0	0.0
200708	41.535093	79.24704	72.0	985.0	11285.0	0.0
200728	41.5502	79.185293	72.0	984.733333	11285.0	-2.0
200748	41.5652	79.12376	72.0	983.4	11285.0	-12.0
200808	41.580433	79.061013	72.0	983.933333	11278.0	-11.733
200828	41.595807	78.99744	72.0	984.733333	11271.067	-5.867
200848	41.61134	78.93264	72.0	983.4	11276.4	4.8
200908	41.625893	78.871573	72.933333	982.533333	11278.0	4.267
200928	41.639356	78.811378	75.333333	979.777778	11278.0	5.556
200948	41.648467	78.7473	82.333333	966.666667	11283.0	23.0
201008	41.652213	78.68278	87.266667	953.333333	11293.0	9.933
201028	41.653747	78.62098	87.933333	946.666667	11293.0	-12.733
201048	41.6554	78.55708	88.0	946.0	11284.0	-15.0
201108	41.65696	78.494173	88.0	943.866667	11278.0	-13.133
201128	41.65836	78.433107	88.0	938.533333	11278.0	-8.467
201148	41.65976	78.37012	88.0	938.0	11273.2	-12.2
201208	41.661133	78.306973	88.0	937.2	11267.867	-13.133
201228	41.662467	78.243907	88.0	935.2	11262.533	-8.467
201248	41.66368	78.1809	88.6	936.2	11262.0	1.6
201308	41.66488	78.11862	89.0	937.266667	11264.133	5.867
201328	41.66608	78.05742	89.0	937.933333	11269.467	0.533
201348	41.667245	77.993584	89.0	939.741935	11265.355	0.0
201408	41.668373	77.92964	89.0	941.466667	11263.867	3.5
201428	41.66944	77.86604	89.0	942.8	11269.2	13.5
201448	41.67045	77.805953	89.0	944.133333	11274.533	11.033
201508	41.67145	77.745297	89.0	945.233333	11278.0	8.0
201528	41.67245	77.68243	89.0	945.9	11278.0	8.0
201548	41.673393	77.619053	89.0	947.133333	11281.967	11.967
201608	41.674327	77.55533	89.0	948.0	11286.867	13.367
201628	41.67526	77.49113	89.0	948.0	11292.2	8.7
201648	41.676023	77.429423	89.0	946.3	11293.0	3.467
201708	41.676687	77.36748	89.466667	943.366667	11293.0	-4.2
201728	41.67722	77.30428	90.8	938.7	11293.0	-16.2
201748	41.675005	77.23785	94.4	932.9	11280.25	-2.7
201808	41.669387	77.17765	97.833333	921.8	11286.5	10.2
201828	41.6619	77.11809	101.4	909.1	11293.0	7.5
201848	41.651016	77.058253	105.105263	897.421053	11290.053	-14.947
201908	41.638014	77.002429	107.857143	889.857143	11283.0	-16.571
201928	41.6243	76.9505	110.0	882.0	11278.0	-8.0
201948	41.6085	76.892433	110.0	878.666667	11278.0	-12.667
202008	41.593471	76.837271	110.0	877.0	11272.839	-15.0
202028	41.579213	76.785013	110.0	877.0	11262.516	-15.0
202048	41.564187	76.72977	110.0	875.733333	11262.0	4.0
202108	41.54918	76.67476	110.0	876.5	11266.8	15.0
202128	41.534247	76.620227	110.0	879.833333	11277.467	15.0
202148	41.51849	76.563413	110.0	883.166667	11278.0	5.5
202208	41.50302	76.50753	110.0	885.9	11278.0	-13.8
202228	41.487953	76.45293	110.0	887.9	11278.0	-44.467
202248	41.472823	76.398203	110.0	891.166667	11248.867	-137.833
202308	41.45757	76.34326	110.0	893.0	11188.5	-263.9
202328	41.44217	76.28806	110.0	893.0	11091.833	-425.9
202348	41.425883	76.230453	110.633333	898.066667	10903.967	-636.667
202408	41.41012	76.17437	110.7	904.9	10658.5	-808.9
202428	41.395053	76.120303	110.033333	913.566667	10348.5	-930.9
202448	41.378847	76.062563	110.0	919.066667	10033.433	-927.5
202508	41.3624	76.00412	110.3	914.8	9725.3	-901.3
202528	41.345733	75.945053	110.966667	898.8	9425.967	-855.3
202548	41.329953	75.889407	111.0	891.666667	9155.133	-727.6
202608	41.3147	75.83562	111.0	879.9	8931.4	-625.3
202628	41.300033	75.783887	111.0	861.9	8763.4	-559.3
202648	41.285113	75.731647	111.0	847.7	8562.467	-575.633
202708	41.26985	75.68112	111.9	832.2	8366.4	-587.0
202728	41.254183	75.63272	113.9	814.866667	8178.4	-587.0
202748	41.236807	75.58071	114.0	801.966667	7975.833	-572.433
202808	41.22045	75.53184	114.0	789.6	7786.3	-559.5
202828	41.20545	75.48704	114.0	777.6	7613.633	-549.5
202848	41.189563	75.43939	114.0	764.966667	7421.333	-538.867
202908	41.17399	75.39279	114.0	753.2	7241.8	-464.6
202928	41.158857	75.347657	114.0	742.533333	7079.133	-312.6
202948	41.143343	75.302143	114.0	762.266667	7032.367	-150.467
203008	41.12736	75.25514	114.0	777.3	7010.0	-42.7
203028	41.110827	75.20634	114.0	784.633333	7010.0	-2.033
203048	41.09537	75.16039	114.0	783.1	7010.0	0.0
203108	41.07946	75.11336	114.0	782.0	7010.0	-21.3
203128	41.062927	75.064827	114.0	782.0	7010.0	-68.633
203148	41.047549	75.01972	114.0	779.682927	6971.537	-208.171
203208	41.032232	74.974793	114.0	777.243902	6931.049	-352.561
203228	41.01618	74.92752	113.4	781.2	6716.4	-440.8
203248	41.002116	74.878488	108.84	791.04	6544.32	-394.32
203308	40.99193	74.82701	99.8	806.2	6469.4	-187.1
203328	40.98613	74.77441	98.466667	807.533333	6418.733	-161.1
203348	40.980157	74.72025	98.0	808.866667	6368.067	-152.0
203408	40.97415	74.66579	98.0	809.3	6317.3	-152.8
203428	40.968483	74.61439	98.0	804.633333	6265.967	-158.133
203448	40.962773	74.562297	98.0	801.7	6212.033	-156.533
203508	40.95704	74.50995	98.0	799.5	6158.1	-152.0
203528	40.951307	74.458283	98.0	796.166667	6112.1	-152.0
203548	40.945443	74.405923	98.433333	794.133333	6059.6	-155.467
203608	40.93956	74.3536	98.9	792.1	6004.4	-160.0
203628	40.93396	74.3036	98.233333	786.1	5953.733	-160.0
203648	40.928403	74.253817	98.0	765.8	5899.6	-163.033
203708	40.922868	74.204318	98.136364	737.772727	5843.682	-157.318
203728	40.91705	74.156137	99.9375	707.125	5791.0	-109.562
203748	40.904654	74.116529	115.097561	643.878049	5754.78	-339.22
203808	40.888068	74.081846	119.487805	623.390244	5609.902	-444.098
203828	40.87168	74.047727	123.0	606.6	5450.267	-544.933
203848	40.85608	74.01586	123.0	604.6	5231.6	-629.6
203908	40.839593	73.982127	123.0	596.066667	5013.4	-658.733
203928	40.823087	73.948313	123.0	585.8	4794.2	-652.867
203948	40.80802	73.91738	123.0	579.8	4570.2	-602.2
204008	40.791927	73.88556	123.933333	576.6	4385.867	-530.067
204028	40.775433	73.853613	125.0	573.666667	4223.6	-437.533
204048	40.7591	73.82268	125.0	567.0	4081.6	-300.2
204108	40.742907	73.79212	125.0	563.6	4017.533	-196.0
204128	40.726356	73.763178	129.666667	552.0	3981.222	-182.889
204148	40.706536	73.742745	149.272727	512.636364	3883.818	-435.091
204208	40.682886	73.728943	158.0	501.857143	3697.0	-551.429
204228	40.658814	73.716657	158.0	506.142857	3512.0	-518.571
204248	40.635813	73.704333	157.466667	495.8	3349.133	-528.533
204308	40.613367	73.692133	157.0	486.0	3172.667	-555.667
204328	40.5915	73.68028	157.266667	487.333333	2969.067	-564.2
204348	40.5695	73.66848	157.933333	490.666667	2791.733	-522.2
204408	40.5472	73.65686	158.6	491.6	2622.8	-399.2
204428	40.52404	73.64518	159.266667	493.866667	2503.867	-255.467
204448	40.49964	73.63338	159.933333	498.533333	2458.533	-94.133
204508	40.477243	73.622965	163.130435	491.173913	2454.0	-16.957
204528	40.451759	73.618106	178.117647	472.235294	2454.0	-130.588
204548	40.4302	73.61834	181.8	465.5	2371.2	-372.1
204608	40.406708	73.619231	182.0	466.384615	2214.538	-474.538
204628	40.3832	73.623667	195.333333	460.333333	2042.333	-502.333
204648	40.361877	73.6341	203.615385	454.307692	1878.077	-534.0
204708	40.341835	73.648124	214.882353	457.176471	1689.824	-523.059
204728	40.326424	73.669303	230.931034	458.827586	1521.276	-393.172
204748	40.31436	73.693773	238.933333	450.2	1411.467	-250.0
204808	40.30296	73.717507	238.266667	432.2	1356.133	-190.0
204828	40.2924	73.741612	246.470588	417.235294	1301.529	-156.118
204848	40.289968	73.7672	267.727273	407.181818	1251.182	-130.864
204908	40.291493	73.79397	276.962963	397.740741	1212.333	-108.963
204928	40.294788	73.8193	284.0	390.25	1180.375	-97.5
204948	40.302475	73.842113	298.375	385.25	1146.625	-91.25
205008	40.313363	73.861137	314.125	369.0	1121.875	-44.0
205028	40.32701	73.8772	319.6	336.4	1113.7	-36.2
205048	40.3406	73.8875	348.0	327.0	1097.0	-27.0
205108	40.357125	73.888175	0.0	333.75	1095.25	-20.25
205128	40.373058	73.8881	151.578947	335.578947	1083.263	-37.737
205148	40.389911	73.888147	189.473684	327.894737	1070.684	-32.211
205208	40.405833	73.888267	119.666667	320.0	1062.0	-27.667
205228	40.4221	73.8884	359.0	320.0	1052.0	-27.0
205248	40.438195	73.888495	359.0	320.0	1044.381	-19.381
205308	40.453707	73.888781	359.0	308.037037	1038.37	-13.37
205328	40.4689	73.887925	101.0	303.75	1036.0	-57.5
205348	40.482986	73.880171	23.571429	305.714286	1005.714	-143.857
205408	40.496527	73.870627	30.0	301.133333	946.467	-215.667
205428	40.509593	73.860693	30.0	286.466667	855.133	-262.333
205448	40.52152	73.85148	30.6	279.0	768.0	-262.2
205508	40.533293	73.842347	31.0	277.133333	681.6	-259.0
205528	40.545027	73.833213	31.0	282.466667	595.6	-259.0
205548	40.55688	73.82384	31.6	274.6	509.0	-263.2
205608	40.568686	73.8146	31.428571	259.857143	419.857	-241.429
205628	40.579582	73.806152	30.787879	251.30303	342.788	-219.818
205648	40.590127	73.797939	30.484848	248.878788	272.485	-215.273
205708	40.600673	73.789727	30.181818	246.454545	202.182	-210.727
205728	40.6113	73.78145	30.5	245.0	133.5	-218.5
205748	40.6222	73.772925	30.25	243.5	55.25	-175.0
205808	40.6321	73.7652	30.0	232.0	23.0	-57.0
