161647	33.9361	118.4171	263.0	328.0	160.0	0.0
161707	33.932925	118.43675	255.25	345.0	377.25	560.75
161727	33.92265	118.45425	227.5	377.5	529.5	407.5
161747	33.908775	118.470175	222.25	416.0	653.25	396.0
161807	33.891256	118.486611	209.555556	460.222222	793.556	532.889
161827	33.868035	118.49416	187.95	486.4	1010.95	734.85
161847	33.844655	118.49738	187.05	493.85	1272.25	848.05
161907	33.819713	118.501013	188.0	491.533333	1576.467	886.4
161927	33.79398	118.50528	188.0	502.2	1865.8	874.4
161947	33.76898	118.5094	188.366667	507.733333	2155.5	854.7
162007	33.744516	118.513305	188.473684	509.210526	2443.842	825.316
162027	33.718989	118.514122	175.555556	514.666667	2698.667	736.333
162047	33.696225	118.50025	140.25	533.5	2933.75	640.5
162107	33.683751	118.470939	113.292683	563.268293	3121.537	447.049
162127	33.678629	118.437037	104.02439	596.439024	3247.878	402.171
162147	33.67362	118.40184	98.233333	628.966667	3372.7	403.8
162207	33.66882	118.36424	98.9	660.3	3494.7	491.8
162227	33.663756	118.323844	96.481481	675.074074	3700.0	595.667
162247	33.662638	118.28415	83.75	686.0	3915.0	676.5
162307	33.675276	118.244765	57.235294	695.588235	4153.412	653.471
162327	33.698331	118.212297	50.384615	704.846154	4360.564	635.41
162347	33.722485	118.181118	47.307692	714.076923	4560.051	624.128
162407	33.74632	118.15058	47.0	719.8	4776.2	642.2
162427	33.770467	118.119607	47.0	724.066667	4994.467	636.867
162447	33.795133	118.087873	47.0	726.733333	5213.133	591.533
162507	33.8198	118.05614	47.0	736.0	5390.4	531.8
162527	33.8454	118.023207	47.0	746.266667	5556.933	494.2
162547	33.8724	117.988473	47.0	756.933333	5714.267	492.2
162607	33.898657	117.95573	43.869565	766.608696	5884.957	531.913
162627	33.9277	117.9263	40.0	769.0	6069.0	565.0
162647	33.957767	117.898067	37.0	768.5	6260.833	569.167
162707	33.988033	117.870333	37.0	766.5	6464.167	497.833
162727	34.01835	117.84255	37.0	775.5	6602.5	426.0
162747	34.0496	117.813867	37.555556	787.222222	6723.889	373.944
162807	34.081409	117.782148	41.73913	796.043478	6853.696	376.565
162827	34.108667	117.748707	48.4	804.466667	6974.467	369.267
162847	34.134	117.71124	50.4	811.8	7101.8	360.6
162907	34.159333	117.67368	51.0	820.066667	7218.4	354.733
162927	34.18488	117.635747	51.0	828.333333	7332.267	355.0
162947	34.21128	117.59648	51.0	835.0	7453.6	375.0
163007	34.237587	117.557447	51.0	838.4	7582.867	370.267
163027	34.264027	117.518193	51.0	841.333333	7710.333	351.867
163047	34.29116	117.47766	51.0	848.0	7817.0	321.2
163107	34.318527	117.436847	51.0	855.133333	7919.933	308.733
163127	34.34574	117.39626	51.0	862.066667	8021.267	309.0
163147	34.37194	117.35706	51.0	867.4	8122.6	329.0
163207	34.399027	117.316507	51.0	869.933333	8238.4	328.0
163227	34.4264	117.275493	51.0	871.8	8354.267	314.933
163247	34.4534	117.23496	51.0	875.8	8445.6	289.6
163307	34.480867	117.193587	51.0	879.333333	8540.667	289.0
163327	34.508413	117.152027	51.0	882.4	8638.4	297.0
163347	34.53548	117.11116	51.0	884.4	8740.4	297.0
163407	34.564133	117.069033	50.533333	886.4	8838.2	275.533
163427	34.593187	117.026807	50.0	888.933333	8929.267	248.067
163447	34.62112	116.98634	50.0	893.6	9000.6	233.4
163507	34.64924	116.94536	50.0	896.4	9078.933	229.0
163527	34.677573	116.903987	50.133333	899.066667	9158.267	234.067
163547	34.70644	116.86192	50.8	904.4	9229.6	259.4
163607	34.73554	116.819293	50.533333	905.066667	9325.667	278.667
163627	34.764616	116.776613	50.129032	904.258065	9428.677	291.097
163647	34.793197	116.734677	50.774194	905.548387	9517.065	286.581
163707	34.821313	116.693393	50.566667	903.833333	9613.867	290.2
163727	34.84964	116.65228	49.8	900.7	9714.5	297.8
163747	34.880573	116.610147	48.466667	898.7	9811.167	303.133
163807	34.910597	116.569703	48.0	896.7	9914.333	328.833
163827	34.940326	116.529887	48.0	893.935484	10024.935	357.774
163847	34.971165	116.488468	48.0	886.83871	10157.839	342.935
163907	35.0009	116.44854	48.0	881.2	10265.8	311.8
163927	35.02992	116.40958	48.0	876.866667	10357.133	272.0
163947	35.05912	116.37038	48.0	875.533333	10448.467	252.0
164007	35.08856	116.33074	48.0	874.6	10527.8	218.4
164027	35.118077	116.290935	48.0	874.0	10596.903	173.226
164047	35.146852	116.25229	48.0	874.0	10645.935	105.484
164107	35.176373	116.212533	48.0	872.9	10668.0	47.5
164127	35.20641	116.171993	48.0	871.0	10668.0	0.0
164147	35.23461	116.13386	48.0	871.0	10668.0	0.0
164207	35.263543	116.0947	48.0	871.366667	10668.0	0.0
164227	35.293045	116.054739	48.0	872.096774	10668.0	0.0
164247	35.321948	116.015513	48.0	874.032258	10668.0	0.0
164307	35.350933	115.976167	48.0	876.666667	10668.0	2.667
164327	35.38	115.9367	48.0	880.0	10668.0	8.0
164347	35.41	115.895767	48.0	881.333333	10673.333	8.0
164407	35.439767	115.855167	48.0	882.666667	10676.0	5.333
164427	35.4693	115.8149	48.0	884.0	10676.0	0.0
164447	35.498233	115.775433	48.0	886.0	10676.0	0.0
164507	35.527567	115.735333	48.0	887.0	10676.0	0.0
164527	35.5573	115.6946	48.0	887.0	10676.0	0.0
164547	35.5875	115.6532	48.0	887.666667	10676.0	0.0
164607	35.6171	115.612567	48.0	888.0	10676.0	-2.667
164627	35.6461	115.5727	48.0	888.0	10676.0	-8.0
164647	35.6761	115.531433	48.0	888.0	10670.667	-8.0
164707	35.7059	115.4904	48.0	888.0	10668.0	-5.333
164727	35.7355	115.4496	48.0	888.0	10668.0	0.0
164747	35.7647	115.4092	48.666667	887.333333	10668.0	0.0
164807	35.793833	115.368867	49.0	887.0	10668.0	0.0
164827	35.8229	115.3286	49.0	887.0	10668.0	0.0
164847	35.851868	115.288342	49.0	885.709677	10668.0	0.0
164907	35.88124	115.2476	49.0	885.0	10668.0	-2.4
164927	35.911107	115.206267	49.0	885.0	10668.0	-7.733
164947	35.940847	115.16487	49.0	885.0	10662.933	-8.0
165007	35.97058	115.12341	49.0	884.7	10660.0	-5.6
165027	36.000313	115.081877	49.0	884.033333	10660.0	-0.267
165047	36.02802	115.04313	49.0	884.0	10660.0	0.0
165107	36.05691	115.00273	49.0	884.0	10660.0	0.0
165127	36.087377	114.96013	49.0	884.0	10660.0	0.0
165147	36.11493	114.920127	50.9	885.9	10660.0	0.0
165207	36.14215	114.87741	53.8	887.45	10660.0	4.05
165227	36.16693	114.83142	57.8	890.1	10662.4	8.7
165247	36.188997	114.785687	61.8	894.766667	10667.733	8.033
165307	36.208023	114.7359	65.8	895.633333	10668.0	2.933
165327	36.22575	114.68452	68.3	896.6	10668.0	0.0
165347	36.242083	114.631453	68.966667	897.933333	10668.0	0.0
165407	36.258037	114.5794	69.0	898.0	10668.0	0.0
165427	36.27379	114.52779	69.3	898.6	10668.0	0.0
165447	36.289323	114.476657	69.966667	899.933333	10668.0	0.0
165507	36.304793	114.425523	70.0	900.633333	10668.0	0.0
165527	36.32065	114.37307	70.0	901.9	10668.0	0.0
165547	36.336983	114.319003	70.0	903.9	10668.0	0.0
165607	36.353063	114.265507	70.0	904.0	10668.0	0.0
165627	36.36901	114.21246	70.0	904.6	10668.0	2.4
165647	36.38481	114.159927	70.0	905.933333	10668.0	7.733
165707	36.399913	114.10942	70.0	906.0	10673.067	2.933
165727	36.41528	114.05818	70.0	906.0	10673.6	-2.4
165747	36.431013	114.005913	70.0	906.0	10668.267	-7.733
165807	36.44662	113.95314	70.0	906.0	10668.0	-2.933
165827	36.46255	113.89941	70.0	906.0	10668.0	2.4
165847	36.478883	113.844543	70.0	906.0	10668.0	7.733
165907	36.49376	113.794617	70.0	904.733333	10673.067	2.933
165927	36.50928	113.74225	70.0	904.0	10673.6	-2.4
165947	36.52568	113.686583	70.0	904.0	10668.267	-7.733
170007	36.54132	113.633323	70.0	904.0	10668.0	-2.933
170027	36.55683	113.58058	70.0	904.0	10668.0	0.0
170047	36.57223	113.528313	70.0	904.0	10668.0	0.0
170107	36.587313	113.476807	70.0	902.1	10668.0	-5.067
170127	36.6022	113.42585	70.0	901.0	10665.6	-8.0
170147	36.616867	113.375517	70.0	901.0	10660.267	-8.0
170207	36.632103	113.323157	70.0	901.0	10660.0	-2.933
170227	36.64773	113.26943	70.0	901.9	10660.0	2.4
170247	36.663797	113.214163	70.0	903.9	10660.0	7.733
170307	36.678153	113.164407	70.0	904.0	10665.067	8.0
170327	36.6932	113.11233	70.0	904.0	10668.0	5.6
170347	36.7092	113.057063	70.0	904.0	10668.0	0.267
170407	36.724567	113.003507	70.0	904.0	10668.0	0.0
170427	36.73996	112.9498	70.0	904.0	10668.0	2.4
170447	36.755427	112.8958	70.0	904.0	10668.0	7.733
170507	36.77045	112.843447	70.0	904.0	10673.067	2.933
170527	36.785394	112.791216	70.28125	904.5625	10673.75	-1.969
170547	36.800269	112.739028	70.90625	905.8125	10668.75	-6.344
170607	36.815193	112.686207	71.0	907.133333	10668.0	-3.033
170627	36.830103	112.63339	71.0	908.0	10668.0	0.0
170647	36.84497	112.58079	71.0	908.0	10668.0	0.0
170707	36.860233	112.52666	71.0	908.0	10668.0	0.0
170727	36.87545	112.47268	71.0	908.0	10668.0	0.0
170747	36.89045	112.41948	71.0	908.0	10668.0	0.0
170807	36.905167	112.36696	71.0	908.566667	10668.0	0.0
170827	36.919927	112.314187	71.0	908.766667	10668.0	0.0
170847	36.93486	112.26072	71.0	908.1	10668.0	0.0
170907	36.95019	112.205723	71.0	908.0	10668.0	0.0
170927	36.96538	112.151227	71.0	908.0	10668.0	0.0
170947	36.98018	112.09816	71.0	908.0	10668.0	0.0
171007	36.994519	112.046658	71.0	908.0	10668.0	0.0
171027	37.00902	111.99452	71.0	908.2	10668.0	0.0
171047	37.024087	111.940253	71.0	908.866667	10668.0	0.0
171107	37.038727	111.887267	71.0	909.0	10668.0	0.0
171127	37.05334	111.83424	71.0	909.0	10668.0	0.0
171147	37.06814	111.780373	71.0	909.0	10668.0	0.0
171207	37.082833	111.726933	71.0	909.0	10668.0	0.0
171227	37.097523	111.673417	71.0	909.0	10668.0	0.0
171247	37.112266	111.619474	71.0	909.0	10668.0	0.0
171307	37.126893	111.565903	71.0	909.0	10668.0	0.0
171327	37.141422	111.512631	71.0	909.0625	10668.0	0.0
171347	37.155859	111.459256	71.0	910.3125	10668.0	0.0
171407	37.170739	111.404265	71.0	911.0	10668.0	0.0
171427	37.186158	111.347297	71.0	911.0	10668.0	0.0
171447	37.20036	111.29486	71.0	911.6	10668.0	4.8
171507	37.214667	111.241967	71.0	911.733333	10670.133	8.0
171527	37.229333	111.187633	71.0	911.066667	10675.467	8.0
171547	37.24406	111.13276	71.6	911.0	10676.0	-1.6
171607	37.258713	111.077907	72.0	911.0	10673.867	-8.0
171627	37.273247	111.023173	72.0	911.0	10668.533	-8.0
171647	37.28748	110.96964	72.0	909.8	10668.0	-3.2
171707	37.301652	110.916361	72.0	909.0	10668.0	0.0
171727	37.315781	110.863265	72.0	909.0	10668.0	0.0
171747	37.33014	110.808947	72.0	910.133333	10668.0	0.0
171807	37.344517	110.75446	72.0	911.0	10668.0	0.0
171827	37.35885	110.70006	72.0	911.0	10668.0	0.0
171847	37.37324	110.645377	72.0	911.566667	10668.0	0.0
171907	37.38757	110.59076	72.0	912.0	10668.0	0.0
171927	37.40177	110.53636	72.0	912.0	10668.0	0.0
171947	37.41597	110.482243	72.0	912.0	10668.0	0.0
172007	37.4301	110.428363	72.0	912.0	10668.0	0.0
172027	37.4441	110.37483	72.0	912.0	10668.0	0.0
172047	37.4581	110.32107	72.0	912.0	10668.0	0.0
172107	37.47217	110.266873	72.0	912.466667	10668.0	0.0
172127	37.48637	110.21194	72.0	913.8	10668.0	0.0
172147	37.500457	110.157063	72.0	915.7	10668.0	0.0
172207	37.514523	110.102407	72.0	917.0	10668.0	0.0
172227	37.52859	110.04814	72.0	917.0	10668.0	0.0
172247	37.542713	109.993023	72.0	917.0	10668.0	0.0
172307	37.556847	109.93764	72.0	917.466667	10668.0	1.867
172327	37.57098	109.88204	72.0	918.8	10668.0	7.2
172347	37.58483	109.827687	72.0	917.866667	10672.533	3.467
172407	37.59863	109.77346	72.0	917.0	10674.133	0.0
172427	37.61243	109.71906	72.0	917.0	10668.8	0.0
172447	37.6264	109.663923	72.0	915.3	10672.533	4.533
172507	37.640377	109.608657	72.0	913.533333	10676.0	4.267
172527	37.65431	109.55339	72.0	912.2	10676.0	-6.4
172547	37.667697	109.500132	72.0	912.0	10671.613	-8.0
172607	37.68128	109.44612	72.2	912.0	10668.0	-6.4
172627	37.695547	109.38952	72.866667	912.0	10668.0	-1.067
172647	37.709387	109.3342	73.0	912.0	10668.0	0.0
172707	37.72306	109.27936	73.0	911.8	10668.0	0.0
172727	37.736593	109.224893	73.0	911.133333	10668.0	0.0
172747	37.750233	109.169893	73.0	911.0	10668.0	-4.267
172807	37.76388	109.11478	73.0	911.0	10666.4	-6.4
172827	37.77748	109.059713	73.0	911.0	10661.067	-1.067
172847	37.790813	109.005447	73.0	911.0	10664.267	3.2
172907	37.803672	108.951595	73.27907	911.139535	10668.0	5.163
172927	37.815579	108.898247	74.209302	911.604651	10668.0	2.372
172947	37.827519	108.844432	75.0	912.0	10668.0	0.0
173007	37.839648	108.787981	75.0	912.0	10668.0	0.0
173027	37.851773	108.731327	75.0	912.727273	10668.0	0.0
173047	37.863894	108.674539	75.0	913.939394	10668.0	0.0
173107	37.8759	108.617867	75.0	912.733333	10668.0	0.0
173127	37.88778	108.56177	75.0	912.6	10668.0	0.0
173147	37.899513	108.50637	75.0	913.933333	10668.0	0.0
173207	37.911183	108.451033	75.0	915.9	10668.0	0.0
173227	37.92297	108.39495	75.0	917.0	10668.0	0.0
173247	37.934903	108.33795	75.0	917.0	10668.0	0.0
173307	37.94633	108.283547	75.0	915.1	10668.0	0.0
173327	37.957768	108.22879	75.0	914.870968	10668.0	0.0
173347	37.969252	108.173435	75.0	916.806452	10668.0	0.0
173407	37.98084	108.11798	75.0	917.0	10668.0	0.0
173427	37.99252	108.061713	75.0	917.533333	10668.0	0.0
173447	38.00432	108.004247	75.0	918.866667	10668.0	0.0
173507	38.016	107.94774	75.0	919.0	10668.0	0.0
173527	38.027507	107.891873	75.266667	919.533333	10668.0	0.0
173547	38.038773	107.836807	75.933333	920.866667	10668.0	0.0
173607	38.0504	107.77994	76.0	921.0	10668.0	0.0
173627	38.061987	107.723167	76.0	921.0	10668.0	0.0
173647	38.073453	107.666833	76.0	921.0	10668.0	0.0
173707	38.08492	107.61014	76.0	921.0	10668.0	0.0
173727	38.096307	107.553727	76.0	921.0	10668.0	0.0
173747	38.107573	107.497793	76.0	921.0	10668.0	0.0
173807	38.118544	107.443375	76.0	919.875	10668.0	-3.938
173827	38.12951	107.388852	76.0	919.0	10666.452	-7.0
173847	38.140542	107.33369	76.0	919.0	10661.29	-7.0
173907	38.152203	107.275239	76.0	919.967742	10660.0	-0.226
173927	38.163894	107.216594	76.0	921.129032	10661.032	7.129
173947	38.174861	107.161561	76.0	921.774194	10666.194	7.774
174007	38.186153	107.104557	76.0	922.866667	10668.0	4.533
174027	38.19756	107.04682	76.0	924.0	10668.0	0.8
174047	38.208627	106.990953	76.0	924.0	10668.0	6.133
174107	38.219693	106.93461	76.0	924.0	10671.467	8.0
174127	38.23075	106.87809	76.0	924.1	10676.0	7.2
174147	38.24175	106.822023	76.0	924.766667	10676.0	1.867
174207	38.252923	106.764657	76.0	923.7	10676.0	0.0
174227	38.26414	106.70684	76.0	922.0	10676.0	-0.8
174247	38.275073	106.65044	76.0	922.0	10676.0	-6.133
174307	38.286093	106.59365	76.0	922.0	10672.533	-8.0
174327	38.29711	106.53675	76.0	921.9	10668.0	-7.2
174347	38.307843	106.480417	76.0	921.233333	10668.0	-1.867
174407	38.318707	106.42352	76.0	919.266667	10668.0	0.0
174427	38.32964	106.36627	76.0	917.2	10668.0	0.8
174447	38.340573	106.308737	76.0	918.533333	10668.0	6.133
174507	38.351333	106.252243	76.433333	919.0	10671.467	4.533
174527	38.36199	106.19628	77.0	918.8	10675.2	-0.8
174547	38.37259	106.140147	77.0	917.466667	10669.867	-6.133
174607	38.383233	106.083537	77.0	914.833333	10668.0	-4.533
174627	38.39389	106.02667	77.0	911.9	10668.0	-0.8
174647	38.40449	105.969803	77.0	911.233333	10668.0	-6.133
174707	38.415177	105.912677	77.0	911.433333	10664.533	-8.0
174727	38.42585	105.85567	77.0	911.9	10660.0	-6.4
174747	38.436183	105.800137	77.0	911.233333	10660.0	4.267
174807	38.446603	105.743997	77.0	911.0	10663.467	4.533
174827	38.457029	105.687706	77.0	911.096774	10667.226	0.0
174847	38.467223	105.632416	77.0	911.741935	10662.065	0.0
174907	38.47758	105.57598	77.0	912.8	10663.2	0.0
174927	38.488	105.518993	77.0	914.0	10667.467	0.533
174947	38.498	105.463927	77.0	914.0	10662.133	5.867
175007	38.50852	105.40618	77.0	914.0	10666.4	10.8
175027	38.519267	105.347233	77.0	913.8	10676.0	14.0
175047	38.528933	105.293567	77.0	911.8	10676.0	4.0
175107	38.53892	105.2381	77.0	911.0	10676.0	-3.2
175127	38.549165	105.181152	77.0	911.0	10675.484	-8.0
175147	38.55981	105.121668	77.0	911.0	10670.323	-8.0
175207	38.5701	105.0641	77.0	911.0	10668.0	-5.067
175227	38.58008	105.00818	77.0	911.033333	10668.0	0.0
175247	38.58968	104.95378	77.0	911.7	10668.0	0.0
175307	38.59972	104.89707	77.0	911.633333	10668.0	2.933
175327	38.61011	104.838517	77.0	911.0	10668.267	7.733
175347	38.62031	104.78085	77.0	911.0	10673.6	2.4
175407	38.630253	104.724137	77.366667	911.0	10673.067	-2.933
175427	38.63999	104.66819	77.966667	911.0	10668.0	-7.733
175447	38.64979	104.61199	77.3	911.0	10668.0	-2.4
175507	38.659553	104.55568	77.366667	911.0	10668.0	0.0
175527	38.669297	104.499233	78.0	911.033333	10668.0	0.0
175547	38.67923	104.4419	78.0	911.7	10668.0	0.0
175607	38.68876	104.386363	78.0	912.0	10668.0	2.933
175627	38.698003	104.332093	78.0	911.966667	10668.267	7.733
175647	38.70807	104.27396	78.0	911.3	10673.6	2.4
175707	38.718027	104.216157	78.0	911.0	10673.067	0.0
175727	38.727887	104.158627	78.0	910.933333	10668.267	0.267
175747	38.73762	104.10116	78.0	909.6	10673.6	5.6
175807	38.74717	104.04472	78.0	909.0	10676.0	2.133
175827	38.75657	103.989093	78.0	909.0	10675.733	-8.0
175847	38.76597	103.93296	78.0	909.0	10670.4	-8.0
175907	38.77537	103.876643	78.0	909.0	10668.0	-5.067
175927	38.784777	103.82013	78.0	908.966667	10668.0	0.0
175947	38.79431	103.76273	78.0	908.3	10668.0	0.0
180007	38.803871	103.705733	77.541667	908.0	10668.0	0.0
180027	38.814603	103.649323	75.6	907.533333	10668.0	0.0
180047	38.82747	103.59339	71.6	906.2	10668.0	0.0
180107	38.843	103.53995	69.866667	904.866667	10668.0	4.533
180127	38.859117	103.486787	69.0	903.3	10669.867	6.133
180147	38.87545	103.43332	69.0	901.3	10675.2	0.8
180207	38.892463	103.37702	69.0	900.433333	10671.467	-4.533
180227	38.909247	103.32141	69.0	899.533333	10668.0	-7.767
180247	38.92538	103.26801	69.0	898.2	10668.0	-7.1
180307	38.941658	103.213945	69.0	896.969697	10663.879	-7.0
180327	38.957913	103.15996	69.0	896.266667	10660.0	-6.067
180347	38.97398	103.10676	69.0	897.6	10660.0	-1.4
180407	38.989767	103.054167	69.0	897.066667	10660.0	0.0
180427	39.005407	103.001873	69.0	896.266667	10660.0	0.0
180447	39.02094	102.94974	69.0	897.6	10660.0	0.0
180507	39.036893	102.8963	69.0	899.4	10660.0	3.733
180527	39.053065	102.842094	69.0	901.0	10661.032	8.903
180547	39.069387	102.787061	69.0	901.0	10666.194	13.419
180607	39.085327	102.733437	69.0	901.0	10671.467	11.967
180627	39.101139	102.680245	69.0	901.290323	10676.0	7.226
180647	39.117397	102.625213	69.0	903.225806	10676.0	2.065
180707	39.13322	102.57156	69.0	904.0	10676.0	0.0
180727	39.148867	102.518427	69.0	904.133333	10676.0	0.0
180747	39.165533	102.461693	69.0	905.466667	10676.0	0.0
180807	39.18156	102.40692	69.4	905.2	10676.0	0.0
180827	39.19722	102.35326	70.0	904.133333	10676.0	0.0
180847	39.21342	102.29786	70.0	905.466667	10676.0	0.0
180907	39.2291	102.24394	70.0	905.2	10676.0	-3.2
180927	39.244467	102.190893	70.0	904.0	10675.467	-8.0
180947	39.260133	102.136827	70.0	904.0	10670.133	-8.0
181007	39.2758	102.08276	70.0	904.8	10668.0	-4.8
181027	39.291487	102.0286	70.0	906.0	10668.0	0.0
181047	39.307353	101.9736	70.0	906.0	10668.0	0.0
181107	39.323184	101.918658	70.0	906.0	10668.0	0.0
181127	39.338957	101.863847	70.0	906.066667	10668.0	0.0
181147	39.35409	101.81078	70.0	907.4	10668.0	0.0
181207	39.37014	101.75489	69.633333	908.0	10668.0	0.0
181227	39.386927	101.697107	68.9	907.933333	10668.0	0.0
181247	39.40346	101.64724	66.9	906.6	10668.0	0.0
181307	39.4208	101.59543	66.366667	906.733333	10668.0	0.0
181327	39.438852	101.541871	67.0	908.032258	10668.0	0.258
181347	39.457884	101.48529	67.0	908.677419	10668.0	5.419
181407	39.4763	101.430567	67.0	908.666667	10670.667	8.0
181427	39.4941	101.3777	67.0	908.0	10676.0	8.0
181447	39.5111	101.3267	67.0	908.0	10676.0	-2.667
181507	39.528794	101.273748	67.0	908.0	10673.419	-5.419
181527	39.547181	101.218845	67.0	908.0	10668.258	-0.258
181547	39.565506	101.164003	67.0	906.774194	10672.903	0.0
181607	39.583675	101.109425	67.0	905.5	10674.0	-1.75
181627	39.601613	101.055238	67.0	904.25	10669.0	-6.125
181647	39.619813	101.00024	67.0	904.0	10668.0	-7.533
181707	39.63758	100.94652	67.0	904.0	10666.4	-6.4
181727	39.65418	100.896253	67.0	904.0	10661.067	-1.067
181747	39.671473	100.843587	67.0	904.0	10664.267	0.0
181807	39.68922	100.78946	67.0	904.0	10666.4	0.0
181827	39.70762	100.733327	67.0	904.0	10661.067	0.0
181847	39.7257	100.678153	67.0	904.0	10664.267	4.267
181907	39.743565	100.623519	67.0	903.419355	10668.0	6.452
181927	39.761113	100.569584	67.0	901.483871	10668.0	1.29
181947	39.7778	100.5182	67.0	902.5	10668.0	0.0
182007	39.7945	100.4668	67.0	904.0	10668.0	0.0
182027	39.8121	100.4128	67.0	904.0	10668.0	0.0
182047	39.8304	100.35635	67.0	904.0	10668.0	0.0
182107	39.848583	100.3001	67.0	904.0	10668.0	0.0
182127	39.865717	100.2469	67.0	904.0	10668.0	0.0
182147	39.882968	100.1931	67.0	904.967742	10668.0	0.0
182207	39.900219	100.139203	67.0	906.258065	10668.0	0.0
182227	39.917316	100.085719	67.0	907.548387	10668.0	0.0
182247	39.93487	100.030947	67.0	908.0	10668.0	0.0
182307	39.95259	99.97564	67.1	908.1	10668.0	0.8
182327	39.969857	99.92124	67.766667	908.766667	10668.0	6.133
182347	39.986777	99.867923	68.0	908.566667	10671.467	7.567
182407	40.003644	99.814756	68.0	908.0	10676.0	6.344
182427	40.021269	99.759131	68.0	908.0	10676.0	1.969
182447	40.038477	99.70473	68.0	908.0	10676.0	0.0
182507	40.055355	99.65129	68.0	907.935484	10676.0	-0.258
182527	40.072452	99.597097	68.0	906.645161	10676.0	-5.419
182547	40.089567	99.5426	68.0	905.333333	10673.333	-8.0
182607	40.1067	99.4878	68.0	904.0	10668.0	-8.0
182627	40.123833	99.433133	68.0	904.0	10668.0	-2.667
182647	40.1409	99.378533	68.0	904.0	10668.0	0.0
182707	40.1579	99.324	68.0	904.0	10668.0	0.0
182727	40.174833	99.269467	68.0	904.0	10668.0	-5.333
182747	40.1918	99.2148	68.0	904.0	10665.333	-5.333
182807	40.2088	99.16	68.0	904.0	10660.0	0.0
182827	40.225733	99.105067	68.0	904.0	10665.333	5.333
182847	40.242232	99.051568	68.0	904.0	10668.0	5.419
182907	40.258297	98.999503	68.0	904.0	10668.0	0.258
182927	40.27525	98.944333	68.0	904.0	10668.0	0.0
182947	40.29252	98.88798	68.0	904.0	10668.0	0.0
183007	40.31012	98.83038	68.0	904.0	10668.0	0.0
183027	40.326453	98.776897	68.0	904.0	10668.0	0.0
183047	40.34289	98.722923	68.0	904.0	10668.0	0.0
183107	40.359535	98.668084	68.0	904.0	10668.0	0.0
183127	40.375948	98.614232	68.0	904.0	10668.0	0.0
183147	40.392667	98.55921	68.233333	904.0	10668.0	0.0
183207	40.41	98.50181	68.9	904.0	10668.0	0.0
183227	40.426937	98.4456	69.0	904.0	10668.0	0.0
183247	40.443593	98.390253	69.0	904.0	10668.0	0.0
183307	40.45986	98.33612	69.0	904.0	10668.0	0.0
183327	40.476261	98.281688	69.0	905.030303	10668.0	0.0
183347	40.492733	98.2269	69.0	906.266667	10668.0	0.0
183407	40.5094	98.1709	69.0	907.6	10668.0	0.0
183427	40.5256	98.11644	69.0	908.0	10668.0	0.0
183447	40.541813	98.061907	69.0	908.0	10668.0	0.0
183507	40.55888	98.00444	69.0	908.0	10668.0	0.0
183527	40.5752	97.949213	69.0	908.0	10668.0	0.0
183547	40.591226	97.894884	69.0	908.129032	10668.0	0.0
183607	40.607355	97.840303	69.0	908.774194	10668.0	0.0
183627	40.6234	97.78571	69.0	909.866667	10668.0	0.0
183647	40.6396	97.73043	69.0	911.1	10668.0	0.0
183707	40.656933	97.671297	69.0	911.766667	10668.0	0.0
183727	40.67353	97.61459	69.0	912.0	10668.0	3.467
183747	40.68969	97.55928	69.0	912.2	10668.8	8.0
183807	40.705623	97.50448	69.0	913.533333	10674.133	8.0
183827	40.721817	97.44851	69.0	912.7	10676.0	4.533
183847	40.73813	97.39198	69.0	911.0	10676.0	0.0
183907	40.75433	97.335847	69.0	911.0	10676.0	0.0
183927	40.77053	97.279887	69.0	909.7	10676.0	0.0
183947	40.78667	97.22416	69.0	908.0	10676.0	0.0
184007	40.80247	97.169227	69.0	908.0	10676.0	0.0
184027	40.818573	97.11308	69.0	904.966667	10676.0	-6.5
184047	40.83475	97.05657	69.0	901.0	10674.4	-15.8
184107	40.850417	97.001703	69.0	901.0	10663.733	-21.133
184127	40.865607	96.948137	69.433333	901.0	10656.967	-16.5
184147	40.88061	96.89504	70.0	901.0	10653.0	-7.2
184207	40.89601	96.84064	70.0	901.0	10653.0	-1.867
184227	40.911511	96.78325	72.166667	906.055556	10653.0	8.667
184247	40.9244	96.724357	75.857143	908.0	10658.0	16.286
184307	40.9343	96.663953	78.4	909.4	10663.733	13.333
184327	40.9431	96.60346	80.0	910.733333	10668.0	8.0
184347	40.9511	96.54526	80.0	909.4	10668.0	8.0
184407	40.9591	96.48734	80.0	909.0	10671.733	4.267
184427	40.96706	96.42966	80.0	908.866667	10674.933	-1.067
184447	40.97486	96.37246	80.0	908.2	10669.6	-6.4
184507	40.983116	96.3119	80.0	908.451613	10668.0	-4.387
184527	40.99145	96.2506	80.0	909.0	10668.0	-0.8
184547	40.999117	96.193267	80.0	909.0	10668.0	-6.133
184607	41.007	96.133767	80.0	909.0	10664.533	-4.533
184627	41.01493	96.07368	80.0	909.3	10660.8	0.8
184647	41.022463	96.01688	80.0	911.3	10666.133	6.133
184707	41.03043	95.95709	80.0	911.566667	10668.0	8.0
184727	41.03858	95.89607	80.0	911.1	10668.8	8.0
184747	41.046447	95.837203	80.0	911.766667	10674.133	8.0
184807	41.054097	95.778813	80.0	912.866667	10676.0	1.067
184827	41.06165	95.72045	80.0	914.3	10675.2	-7.2
184847	41.069317	95.660783	80.0	916.3	10669.867	-1.867
184907	41.077027	95.60116	80.0	915.7	10671.467	3.467
184927	41.08475	95.54168	80.0	914.0	10676.0	7.2
184947	41.092417	95.48288	80.0	914.0	10676.0	1.867
185007	41.099953	95.42395	80.0	913.133333	10676.0	0.0
185027	41.107461	95.364665	80.0	912.0	10676.0	-0.774
185047	41.115203	95.303761	80.0	912.0	10676.0	-5.935
185107	41.1227	95.24456	80.4	911.6	10672.8	-8.0
185127	41.130033	95.186287	81.0	910.8	10668.0	-7.467
185147	41.137367	95.126153	81.0	908.8	10668.0	-2.133
185207	41.14474	95.06646	81.0	908.0	10668.0	0.0
185227	41.152127	95.0071	81.0	907.866667	10668.0	-0.533
185247	41.159393	94.9481	81.0	906.533333	10668.0	-5.867
185307	41.16662	94.88934	81.0	905.2	10664.8	-8.0
185327	41.173833	94.830587	81.0	903.8	10660.0	-7.467
185347	41.181167	94.770453	81.0	901.8	10660.0	-2.133
185407	41.18834	94.7114	81.0	901.0	10660.0	3.2
185427	41.1954	94.653027	81.0	901.0	10660.533	8.0
185447	41.2024	94.594293	81.0	901.0	10665.867	8.0
185507	41.2094	94.5354	81.0	901.0	10668.0	4.8
185527	41.216413	94.47628	81.0	901.0	10668.0	0.0
185547	41.223547	94.41608	81.0	901.0	10668.0	0.0
185607	41.23044	94.35768	81.0	901.0	10668.0	0.0
185627	41.23718	94.300367	81.0	901.2	10668.0	0.0
185647	41.24398	94.242033	81.0	903.2	10668.0	0.0
185707	41.25082	94.18294	81.0	902.8	10668.0	0.0
185727	41.257713	94.123193	81.0	901.2	10668.0	0.0
185747	41.264847	94.062127	81.0	903.2	10668.0	0.0
185807	41.2717	94.00234	81.0	904.8	10668.0	0.0
185827	41.27836	93.943467	81.066667	906.0	10668.0	0.0
185847	41.28496	93.885133	81.733333	906.0	10668.0	0.0
185907	41.29152	93.82664	82.0	906.0	10668.0	3.2
185927	41.298073	93.7679	81.933333	906.133333	10668.533	8.0
185947	41.304807	93.7079	81.266667	907.466667	10673.867	8.0
190007	41.31142	93.64882	81.4	907.2	10676.0	4.8
190027	41.317973	93.590107	82.0	906.0	10676.0	-0.533
190047	41.324707	93.529173	82.0	906.0	10676.0	-5.867
190107	41.3318	93.46896	81.2	905.2	10672.8	-8.0
190127	41.33912	93.409413	80.066667	903.733333	10668.0	-7.467
190147	41.34632	93.351547	80.733333	901.066667	10668.0	-2.133
190207	41.35356	93.293	81.0	900.4	10668.0	0.0
190227	41.360829	93.233861	81.0	901.0	10668.0	0.0
190247	41.368119	93.173474	81.0	901.0	10668.0	0.0
190307	41.37525	93.114473	81.0	901.0	10668.0	0.0
190327	41.382243	93.056623	81.0	901.1	10668.0	0.0
190347	41.38911	92.99909	81.0	903.1	10668.0	0.0
190407	41.395997	92.941123	81.0	904.0	10668.0	0.0
190427	41.4029	92.8828	81.0	904.0	10668.0	0.0
190447	41.410033	92.822467	81.0	904.0	10668.0	5.333
190507	41.417	92.763067	81.0	904.0	10670.667	8.0
190527	41.4238	92.7046	81.0	904.0	10676.0	8.0
190547	41.430867	92.643667	81.0	904.0	10676.0	2.667
190607	41.4378	92.5838	81.0	904.0	10676.0	-2.667
190627	41.4446	92.525	81.0	904.0	10676.0	-8.0
190647	41.4514	92.465733	81.666667	902.0	10670.667	-12.667
190707	41.458067	92.406867	82.0	900.666667	10665.333	-12.667
190727	41.4646	92.3484	82.0	900.0	10660.0	-8.0
190747	41.471267	92.288867	82.0	900.0	10660.0	-2.667
190807	41.477867	92.230167	81.666667	900.333333	10660.0	2.667
190827	41.4844	92.1723	81.0	901.0	10660.0	8.0
190847	41.491133	92.112833	81.666667	900.333333	10665.333	8.0
190907	41.4977	92.0538	82.0	900.333333	10668.0	5.333
190927	41.5041	91.9952	82.0	901.0	10668.0	0.0
190947	41.510633	91.9354	82.0	901.0	10668.0	0.0
191007	41.5172	91.875367	82.0	901.0	10668.0	0.0
191027	41.5238	91.8151	82.0	901.0	10668.0	0.0
191047	41.5302	91.755833	82.0	901.0	10668.0	0.0
191107	41.536567	91.696767	82.0	901.0	10668.0	0.0
191127	41.5429	91.6379	82.0	901.0	10668.0	0.0
191147	41.549433	91.5769	82.0	901.0	10668.0	0.0
191207	41.555833	91.516967	82.0	901.0	10668.0	2.667
191227	41.5621	91.4581	82.0	901.0	10668.0	8.0
191247	41.5681	91.400233	82.0	900.333333	10673.333	2.667
191307	41.5742	91.341267	82.0	899.333333	10673.333	0.0
191327	41.5804	91.2812	82.0	898.0	10668.0	0.0
191347	41.5868	91.2204	82.0	898.0	10673.333	5.333
191407	41.5929	91.1616	82.0	897.0	10676.0	2.667
191427	41.5987	91.1048	82.0	895.0	10676.0	-8.0
191447	41.604633	91.046067	82.0	893.666667	10670.667	-8.0
191507	41.610567	90.987267	82.0	892.666667	10668.0	-5.333
191527	41.6165	90.9284	82.0	892.0	10668.0	0.0
191547	41.622633	90.867467	82.0	892.0	10668.0	0.0
191607	41.6286	90.808167	82.333333	890.666667	10668.0	-2.667
191627	41.6344	90.7505	83.0	888.0	10668.0	-8.0
191647	41.639933	90.6941	83.0	888.0	10662.667	-12.667
191707	41.645633	90.635933	83.0	888.0	10657.667	-12.667
191727	41.6515	90.576	83.0	888.0	10653.0	-8.0
191747	41.657233	90.516133	83.0	890.666667	10653.0	2.667
191807	41.662933	90.456767	83.0	893.0	10655.333	9.0
191827	41.6686	90.3979	83.0	895.0	10660.0	11.0
191847	41.674223	90.33873	83.0	896.132075	10663.019	11.0
191907	41.679845	90.27956	83.0	897.264151	10666.038	11.0
191927	41.685553	90.219563	83.0	898.466667	10669.867	10.3
191947	41.69142	90.15803	83.0	899.8	10675.2	8.3
192007	41.69689	90.100237	83.0	900.566667	10676.0	3.467
192027	41.70236	90.04175	83.0	901.7	10676.0	0.0
192047	41.70796	89.98075	83.0	903.7	10676.0	0.0
192107	41.713503	89.920883	83.0	904.0	10676.0	0.0
192127	41.718943	89.861497	83.0	904.466667	10676.0	0.0
192147	41.72421	89.80263	83.0	905.8	10676.0	0.0
192207	41.729477	89.743423	83.0	906.0	10676.0	0.0
192227	41.734825	89.683244	83.0	906.0	10676.0	0.0
192247	41.740221	89.622552	83.0	906.0	10676.0	0.0
192307	41.745553	89.562593	83.0	905.866667	10676.0	-0.533
192327	41.751087	89.500527	83.0	904.533333	10676.0	-5.867
192347	41.7563	89.44114	83.0	904.0	10672.8	-8.0
192407	41.761313	89.3833	83.066667	904.0	10668.0	-7.467
192427	41.766447	89.3233	83.733333	904.0	10668.0	-2.133
192447	41.77158	89.26318	84.0	902.8	10668.0	0.0
192507	41.776687	89.203253	84.0	901.0	10668.0	-0.533
192527	41.781553	89.145787	84.0	901.0	10668.0	-5.867
192547	41.78666	89.0856	84.0	901.0	10664.8	-4.8
192607	41.791893	89.02386	84.0	901.2	10660.533	0.533
192627	41.796827	88.96446	84.0	903.2	10665.867	5.867
192647	41.80184	88.90438	84.0	904.0	10668.0	4.8
192707	41.806873	88.844	84.0	904.133333	10668.0	0.0
192727	41.811607	88.785	84.0	905.466667	10668.0	0.0
192747	41.81642	88.72532	84.0	906.0	10668.0	0.0
192807	41.821273	88.665253	84.0	906.133333	10668.0	0.0
192827	41.826007	88.605787	84.0	907.466667	10668.0	0.0
192847	41.83086	88.54492	84.0	908.0	10668.0	0.0
192907	41.835787	88.48322	84.0	908.066667	10668.0	0.0
192927	41.840653	88.42242	84.0	908.733333	10668.0	0.0
192947	41.84532	88.36262	84.0	909.0	10668.0	0.0
193007	41.84986	88.3034	84.0	909.0	10668.0	0.0
193027	41.85446	88.2434	84.0	909.0	10668.0	0.0
193047	41.85914	88.18208	84.0	909.8	10668.0	0.0
193107	41.863853	88.120147	84.0	910.866667	10668.0	0.0
193127	41.868387	88.060613	84.0	909.533333	10668.0	0.0
193147	41.872794	88.001381	84.0	909.774194	10668.0	0.0
193207	41.877127	87.942203	84.0	911.033333	10668.0	0.0
193227	41.88166	87.88027	84.0	911.7	10668.0	0.0
193247	41.886193	87.818263	84.0	912.0	10668.0	0.0
193307	41.890713	87.75637	84.033333	912.066667	10668.0	0.0
193327	41.89498	87.69777	84.7	913.4	10668.0	0.0
193347	41.899357	87.63664	85.0	915.1	10668.0	2.933
193407	41.903813	87.573533	85.0	917.0	10668.267	8.0
193427	41.90808	87.5122	85.0	917.0	10673.6	8.0
193447	41.912273	87.451417	85.0	915.9	10676.0	5.067
193507	41.91642	87.39097	85.0	914.0	10676.0	-0.267
193527	41.92082	87.32837	85.0	914.0	10676.0	-5.6
193547	41.925	87.267457	85.0	913.266667	10673.067	-8.0
193607	41.929003	87.20791	85.0	912.0	10668.0	-8.0
193627	41.93307	87.14811	85.0	912.0	10668.0	-8.0
193647	41.937137	87.08688	85.0	911.633333	10665.067	-8.0
193707	41.9412	87.024567	85.0	911.1	10660.0	-7.733
193727	41.9452	86.9639	85.0	913.1	10660.0	-2.4
193747	41.949163	86.903197	85.0	914.0	10660.0	2.933
193807	41.953083	86.842597	85.0	914.0	10660.267	7.733
193827	41.95675	86.78453	85.0	914.0	10665.6	2.4
193847	41.960637	86.72364	85.0	915.1	10665.067	0.0
193907	41.96469	86.66047	85.0	917.0	10660.267	0.267
193927	41.96849	86.59787	85.0	917.0	10665.6	5.6
193947	41.972327	86.536957	85.0	917.0	10668.0	5.067
194007	41.976187	86.47735	85.033333	917.066667	10668.0	0.0
194027	41.97992	86.41635	85.7	918.4	10668.0	0.0
194047	41.983543	86.355167	86.0	919.0	10668.0	2.933
194107	41.987083	86.29378	86.0	919.0	10668.267	8.0
194127	41.99075	86.23138	86.0	919.0	10673.6	8.0
194147	41.994307	86.171473	86.0	919.0	10676.0	5.067
194207	41.99778	86.113347	86.0	918.933333	10676.0	0.0
194227	42.00138	86.05028	86.0	917.6	10676.0	0.0
194247	42.004833	85.989267	86.0	915.9	10676.0	0.0
194307	42.008177	85.929743	86.0	913.9	10676.0	0.0
194327	42.01171	85.86661	86.0	911.9	10676.0	0.0
194347	42.015097	85.805383	86.0	910.266667	10676.0	-2.933
194407	42.01837	85.745543	86.0	908.966667	10675.733	-8.233
194427	42.02177	85.68241	86.0	908.3	10670.4	-12.9
194447	42.025023	85.621183	86.0	907.266667	10665.067	-12.433
194507	42.02815	85.56163	86.0	905.933333	10660.0	-7.733
194527	42.03115	85.50423	86.0	904.6	10660.0	-2.4
194547	42.03431	85.443803	86.0	904.0	10660.0	0.0
194607	42.0376	85.3809	86.0	904.0	10660.0	0.0
194627	42.040733	85.320833	86.0	905.333333	10660.0	0.0
194647	42.0438	85.2604	86.0	906.666667	10660.0	2.667
194707	42.0468	85.1996	86.0	908.0	10660.0	8.0
194727	42.049933	85.137267	86.0	908.0	10665.333	8.0
194747	42.052933	85.077133	86.0	908.333333	10668.0	5.333
194807	42.0558	85.0192	86.0	909.0	10668.0	0.0
194827	42.058933	84.955067	86.0	910.333333	10668.0	0.0
194847	42.061833	84.893833	86.333333	911.333333	10668.0	0.0
194907	42.0645	84.8355	87.0	912.0	10668.0	0.0
194927	42.067367	84.7729	86.333333	915.333333	10668.0	0.0
194947	42.0701	84.7128	86.333333	917.666667	10668.0	5.0
195007	42.0727	84.6552	87.0	919.0	10668.0	15.0
195027	42.075567	84.591	87.0	919.0	10678.0	15.0
195047	42.078367	84.5282	87.0	919.666667	10683.0	10.0
195107	42.0811	84.4668	87.0	921.0	10683.0	0.0
195127	42.0837	84.404267	87.0	919.666667	10683.0	-5.333
195147	42.086267	84.343567	87.0	918.333333	10680.667	-8.0
195207	42.0888	84.2847	87.0	917.0	10676.0	-8.0
195227	42.091333	84.222567	87.0	917.0	10676.0	-8.0
195247	42.093867	84.1611	87.0	916.0	10673.333	-10.333
195307	42.0964	84.1003	87.0	914.0	10668.0	-15.0
195327	42.099	84.038633	87.0	914.0	10662.667	-10.333
195347	42.101433	83.9774	87.0	914.0	10660.0	-5.333
195407	42.1037	83.9166	87.0	914.0	10660.0	0.0
195427	42.106033	83.853467	87.0	916.0	10660.0	0.0
195447	42.108333	83.7923	87.0	917.666667	10660.0	2.667
195507	42.1106	83.7331	87.0	919.0	10660.0	8.0
195527	42.112867	83.671033	87.0	919.0	10665.333	8.0
195547	42.115133	83.609167	87.0	919.666667	10668.0	5.333
195607	42.1174	83.5475	87.0	921.0	10668.0	0.0
195627	42.1196	83.483567	87.0	921.0	10668.0	0.0
195647	42.121733	83.421733	87.333333	922.0	10668.0	0.0
195707	42.1238	83.362	88.0	924.0	10668.0	0.0
195727	42.1258	83.301067	88.0	924.0	10668.0	0.0
195747	42.127833	83.239467	88.0	924.333333	10668.0	2.667
195807	42.1299	83.1772	88.0	925.0	10668.0	8.0
195827	42.131833	83.116	88.0	924.333333	10673.333	2.667
195847	42.133767	83.054367	88.0	924.0	10673.333	-2.667
195907	42.1357	82.9923	88.0	924.0	10668.0	-8.0
195927	42.137633	82.9271	88.0	924.666667	10668.0	-2.667
195947	42.139467	82.864233	88.0	926.333333	10668.0	0.0
200007	42.1412	82.8037	88.0	929.0	10668.0	0.0
200027	42.142867	82.742233	88.0	929.666667	10668.0	0.0
200047	42.1446	82.680367	88.0	930.0	10668.0	0.0
200107	42.1464	82.6181	88.0	930.0	10668.0	0.0
200127	42.1482	82.553767	88.0	931.333333	10668.0	0.0
200147	42.149867	82.491267	88.0	932.0	10668.0	2.667
200207	42.1514	82.4306	88.0	932.0	10668.0	8.0
200227	42.153067	82.366533	88.0	932.0	10673.333	2.667
200247	42.154633	82.303567	88.0	932.0	10673.333	0.0
200307	42.1561	82.2417	88.0	932.0	10668.0	0.0
200327	42.1575	82.179967	88.0	932.0	10673.333	0.0
200347	42.158933	82.1169	88.0	932.0	10673.333	-2.667
200407	42.1604	82.0525	88.0	932.0	10668.0	-8.0
200427	42.1618	81.988833	88.0	930.666667	10668.0	-2.667
200447	42.163167	81.9257	88.0	930.0	10668.0	0.0
200507	42.1645	81.8631	88.0	930.0	10668.0	0.0
200527	42.165833	81.802967	88.0	930.0	10668.0	0.0
200547	42.167133	81.7414	88.333333	930.0	10668.0	0.0
200607	42.1684	81.6784	89.0	930.0	10668.0	0.0
200627	42.1694	81.617933	89.0	930.0	10668.0	0.0
200647	42.170467	81.5553	89.0	929.666667	10668.0	0.0
200707	42.1716	81.4905	89.0	929.0	10668.0	0.0
200727	42.172733	81.429433	89.0	929.0	10668.0	0.0
200747	42.173767	81.368133	89.0	929.0	10668.0	0.0
200807	42.1747	81.3066	89.0	929.0	10668.0	0.0
200827	42.175633	81.2466	89.0	926.333333	10668.0	0.0
200847	42.176567	81.183733	89.0	926.333333	10668.0	0.0
200907	42.1775	81.118	89.0	929.0	10668.0	0.0
200927	42.178367	81.055667	89.0	926.333333	10668.0	0.0
200947	42.1792	80.993567	89.0	925.0	10668.0	0.0
201007	42.18	80.9317	89.0	925.0	10668.0	0.0
201027	42.1808	80.868033	89.0	925.0	10668.0	-5.333
201047	42.181567	80.806467	89.0	925.0	10665.333	-5.333
201107	42.1823	80.747	89.0	925.0	10660.0	0.0
201127	42.1829	80.684667	89.0	925.0	10665.333	5.333
201147	42.183533	80.623533	89.0	925.0	10668.0	5.333
201207	42.1842	80.5636	89.0	925.0	10668.0	0.0
201227	42.184733	80.501267	89.0	925.0	10668.0	-5.333
201247	42.184556	80.437952	90.851852	926.481481	10665.037	-5.037
201307	42.18293	80.37404	94.5	928.6	10660.8	0.6
201327	42.17713	80.312307	97.833333	925.933333	10666.133	4.6
201347	42.170353	80.250158	99.0	926.209302	10668.0	6.0
201407	42.163051	80.187786	99.0	928.069767	10668.0	6.0
201427	42.155833	80.126067	99.0	929.0	10670.667	6.667
201447	42.1487	80.065	99.0	929.0	10676.0	8.0
201507	42.141668	80.005258	99.0	929.0	10676.0	2.839
201527	42.1345	79.94492	99.0	929.0	10676.0	0.0
201547	42.127167	79.883853	99.0	929.0	10676.0	0.0
201607	42.119707	79.8219	99.0	929.0	10676.0	-5.067
201627	42.11221	79.75978	99.0	927.8	10673.6	-8.0
201647	42.104677	79.697513	99.0	925.133333	10668.267	-8.0
201707	42.097207	79.636007	99.0	927.533333	10668.0	-2.933
201727	42.089674	79.574358	99.0	929.0	10668.0	-2.323
201747	42.082061	79.512487	99.0	929.0	10668.0	-7.484
201807	42.07446	79.4505	99.0	929.6	10663.2	-3.2
201827	42.066807	79.388207	99.266667	930.0	10662.133	2.133
201847	42.059073	79.325473	99.933333	930.0	10667.467	7.467
201907	42.0517	79.26748	100.0	930.0	10668.0	3.2
201927	42.044074	79.207142	100.0	930.516129	10668.0	0.0
201947	42.03601	79.142497	100.0	931.806452	10668.0	0.0
202007	42.02811	79.079661	100.0	943.516129	10668.0	0.0
202027	42.02012	79.01672	100.0	953.6	10668.0	0.0
202047	42.011853	78.952787	100.0	955.6	10668.0	0.0
202107	42.003907	78.890453	100.0	954.4	10668.0	0.0
202127	41.99596	78.82836	100.0	952.4	10668.0	0.0
202147	41.987827	78.765893	100.0	950.4	10668.0	0.0
202207	41.979747	78.70412	100.0	948.933333	10668.0	0.0
202227	41.97162	78.64224	100.0	947.6	10668.0	0.0
202247	41.963353	78.579707	100.0	946.266667	10668.0	0.0
202307	41.955197	78.518271	100.0	945.483871	10668.0	-4.129
202327	41.94695	78.456333	100.0	945.0	10666.667	-8.0
202347	41.93835	78.392067	100.0	945.0	10661.333	-8.0
202407	41.9299	78.32905	100.0	945.0	10660.0	-8.0
202427	41.92155	78.266883	100.0	945.5	10658.833	-6.667
202447	41.91335	78.206017	100.0	947.5	10654.167	-1.333
202507	41.905	78.1443	100.5	949.0	10656.5	7.5
202527	41.896617	78.082633	100.833333	950.5	10661.333	15.0
202547	41.888283	78.021967	100.166667	952.5	10666.667	15.0
202607	41.8796	77.9588	100.5	953.5	10672.0	11.0
202627	41.869958	77.895522	101.972222	954.0	10676.0	7.0
202647	41.857792	77.834411	105.861111	954.0	10676.0	7.0
202707	41.84381	77.77293	108.3	952.8	10678.1	4.9
202727	41.82761	77.710997	108.966667	950.133333	10682.767	0.233
202747	41.81236	77.653053	109.0	951.9	10678.567	-5.067
202807	41.79683	77.59406	109.3	953.0	10676.0	-8.0
202827	41.780897	77.533527	109.966667	953.0	10676.0	-8.0
202847	41.7649	77.47312	110.0	953.0	10670.933	-8.0
202907	41.74905	77.41359	110.0	953.0	10668.0	-3.2
202927	41.733383	77.355123	110.0	953.0	10668.0	7.467
202947	41.717273	77.295073	110.0	951.1	10673.067	8.0
203007	41.70123	77.23527	110.0	948.8	10676.0	3.2
203027	41.685297	77.17587	110.0	946.133333	10676.0	-7.467
203047	41.669427	77.116787	110.0	946.0	10670.933	-8.0
203107	41.65335	77.05727	110.0	946.0	10668.0	-8.0
203127	41.637017	76.997203	110.0	946.0	10668.0	-8.0
203147	41.621	76.93834	110.0	947.266667	10662.933	-8.0
203207	41.60482	76.87891	110.0	948.0	10660.0	-5.6
203227	41.58842	76.81871	110.0	948.0	10660.0	-0.267
203247	41.5724	76.76022	110.0	948.0	10660.0	0.0
203307	41.55643	76.702	110.0	948.6	10660.0	2.4
203327	41.540497	76.644	110.0	949.933333	10660.0	7.733
203347	41.52412	76.584227	110.0	948.733333	10665.067	8.0
203407	41.507755	76.52459	110.0	948.580645	10668.0	-11.742
203427	41.491432	76.465235	110.0	949.870968	10668.0	-55.613
203447	41.47504	76.4068	110.6	948.8	10631.4	-147.6
203507	41.45848	76.347747	110.733333	948.0	10568.333	-228.4
203527	41.44168	76.287613	110.066667	948.0	10471.667	-284.4
203547	41.425	76.22784	110.0	949.2	10375.0	-285.2
203607	41.408573	76.16904	110.266667	948.933333	10280.467	-326.8
203627	41.392507	76.11164	110.933333	946.266667	10189.133	-438.8
203647	41.3759	76.05268	111.0	950.2	9992.8	-628.2
203707	41.359233	75.9936	111.0	953.0	9752.267	-767.267
203727	41.342567	75.9346	111.0	953.0	9462.933	-817.933
203747	41.32596	75.87584	111.0	945.8	9200.6	-745.0
203807	41.30936	75.81748	111.0	936.733333	8963.667	-682.067
203827	41.29276	75.75968	111.0	926.066667	8760.333	-654.733
203847	41.2758	75.701325	111.75	916.75	8528.5	-677.5
203907	41.258147	75.645813	112.933333	906.533333	8301.667	-679.0
203927	41.24028	75.591853	114.0	896.133333	8078.333	-669.933
203947	41.22268	75.53912	114.0	886.8	7855.0	-664.6
204007	41.204473	75.484707	114.0	877.0	7634.933	-659.267
204027	41.18614	75.429987	114.0	867.266667	7416.267	-627.667
204047	41.16834	75.37692	114.0	858.6	7197.6	-491.0
204107	41.1518	75.327587	114.0	856.933333	7075.067	-296.933
204127	41.135467	75.27896	114.0	857.066667	7010.0	-105.733
204147	41.1178	75.22676	114.0	852.4	7010.0	-24.4
204207	41.100087	75.17442	114.0	850.533333	7010.0	0.0
204227	41.082473	75.122447	114.0	849.733333	7010.0	0.0
204247	41.06534	75.07218	114.0	848.4	7010.0	0.0
204307	41.047693	75.020373	114.0	848.933333	7010.0	0.0
204327	41.029867	74.968013	113.733333	850.133333	7010.0	-7.867
204347	41.0122	74.91608	112.4	850.8	7010.0	-47.2
204407	40.998908	74.864858	105.583333	851.0	6979.083	-154.083
204427	40.990176	74.811829	100.285714	849.095238	6911.762	-237.238
204447	40.984129	74.756686	98.857143	845.285714	6821.286	-267.714
204507	40.978047	74.701413	98.0	840.866667	6726.2	-291.067
204527	40.971913	74.645947	98.0	835.533333	6624.2	-303.733
204547	40.96584	74.59138	98.0	829.6	6522.8	-300.2
204607	40.959933	74.538033	98.0	824.933333	6423.333	-299.133
204627	40.954267	74.486367	98.0	822.266667	6326.667	-304.467
204647	40.94824	74.43188	98.0	821.4	6221.0	-305.0
204707	40.9422	74.377507	98.0	821.0	6118.333	-305.0
204727	40.9362	74.323773	98.0	821.0	6021.667	-305.0
204747	40.93014	74.26974	98.6	810.2	5916.0	-254.6
204807	40.924233	74.2177	99.266667	789.4	5835.733	-206.333
204827	40.918567	74.1687	99.933333	755.4	5795.067	-169.667
204847	40.907613	74.123237	116.184211	725.921053	5717.368	-309.632
204907	40.887876	74.081974	119.868421	704.342105	5604.737	-342.263
204927	40.86857	74.0417	123.0	685.0	5488.5	-376.7
204947	40.851703	74.007033	123.0	678.333333	5351.833	-421.367
205007	40.833287	73.970606	126.25	673.5625	5198.375	-497.125
205027	40.806789	73.940917	149.666667	638.055556	5022.889	-613.0
205047	40.778368	73.931943	159.636364	614.409091	4806.727	-621.159
205107	40.749914	73.923989	168.727273	591.681818	4588.545	-623.432
205127	40.7214	73.9176	171.0	588.5	4389.0	-548.0
205147	40.692767	73.91175	171.0	588.5	4213.5	-456.833
205207	40.663833	73.90595	171.0	578.5	4091.5	-396.167
205227	40.6353	73.90035	171.5	569.5	3962.0	-305.0
205247	40.606967	73.894867	172.0	564.666667	3858.0	-201.0
205307	40.578833	73.889533	172.0	571.333333	3838.0	-89.0
205327	40.5506	73.88415	172.0	567.5	3817.5	-194.5
205347	40.5228	73.87885	172.0	559.333333	3752.5	-386.333
205407	40.4964	73.87385	172.0	548.666667	3554.5	-619.667
205427	40.46895	73.8686	171.5	542.0	3314.5	-735.0
205447	40.441333	73.86325	171.166667	538.0	3055.5	-799.167
205507	40.414267	73.85785	171.833333	538.0	2781.5	-827.833
205527	40.388281	73.851062	161.6875	541.75	2498.312	-753.438
205547	40.366318	73.833882	143.818182	552.636364	2281.636	-605.727
205607	40.3435	73.8107	142.0	539.0	2088.0	-563.0
205627	40.322833	73.789967	142.666667	532.333333	1905.333	-539.0
205647	40.3025	73.767225	133.0	531.5	1732.75	-467.0
205707	40.288247	73.738947	118.157895	533.0	1594.105	-388.263
205727	40.27725	73.70815	114.5	526.5	1470.5	-392.0
205747	40.268516	73.676221	106.368421	519.473684	1339.0	-419.684
205807	40.270087	73.64275	72.25	510.875	1186.875	-358.5
205827	40.2855	73.61815	40.5	496.5	1108.5	-131.5
205847	40.305889	73.601405	29.473684	495.052632	1093.316	-27.0
205907	40.327333	73.58561	29.366667	493.433333	1090.0	-5.7
205927	40.348647	73.569803	30.0	488.966667	1090.0	0.0
205947	40.36958	73.55387	30.0	488.3	1090.0	0.0
210007	40.391247	73.53724	30.366667	489.1	1090.0	0.0
210027	40.413417	73.520113	31.0	490.833333	1090.0	0.0
210047	40.43375	73.50438	31.0	487.5	1090.0	0.0
210107	40.45445	73.488243	31.0	486.0	1090.0	0.0
210127	40.4754	73.47182	31.0	486.066667	1090.0	0.0
210147	40.4954	73.45622	31.0	487.4	1090.0	0.0
210207	40.51639	73.439777	31.0	488.366667	1090.0	0.0
210227	40.53812	73.422697	31.0	489.1	1090.0	-0.633
210247	40.55852	73.40663	31.0	491.1	1090.0	-13.3
210307	40.580032	73.391237	23.473684	486.789474	1080.737	-58.368
210327	40.6034	73.385033	240.666667	465.666667	1048.667	-142.333
210347	40.625328	73.388092	352.0	435.16	989.52	-186.24
210407	40.645986	73.392529	351.571429	408.571429	923.429	-74.714
210427	40.665244	73.396778	350.888889	395.666667	963.667	-99.667
210447	40.684229	73.401	350.571429	394.714286	899.857	-118.714
210507	40.703213	73.405222	350.253968	393.761905	836.048	-137.762
210527	40.72225	73.4095	350.0	393.25	785.0	-114.75
210547	40.74175	73.41415	350.0	396.0	785.0	0.0
210607	40.76155	73.419025	349.25	396.5	785.0	0.0
210627	40.7816	73.4241	349.0	394.0	785.0	0.0
210647	40.79985	73.42945	344.25	394.75	785.0	0.0
210707	40.8156	73.442863	315.684211	387.526316	785.0	0.0
210727	40.825722	73.46483	294.043478	393.73913	785.0	0.0
210747	40.83207	73.48822	285.9	393.5	785.0	0.0
210807	40.83444	73.51322	273.8	382.4	785.0	0.0
210827	40.835573	73.53962	273.133333	380.4	785.0	0.0
210847	40.835047	73.563065	256.058824	384.705882	785.0	-24.471
210907	40.825368	73.584714	232.863636	392.772727	765.136	-184.818
210927	40.812732	73.604986	230.136364	388.227273	667.864	-221.182
210947	40.80025	73.624287	230.625	368.0	618.375	-173.0
211007	40.787759	73.641135	222.705882	350.470588	547.647	-187.765
211027	40.774233	73.653267	212.333333	344.666667	495.333	-91.333
211047	40.759427	73.66536	211.0	345.6	480.0	-26.4
211107	40.744693	73.67696	211.0	341.6	480.0	-50.4
211127	40.730504	73.68807	211.521739	333.217391	452.348	-134.087
211147	40.717095	73.698545	212.0	313.95	385.6	-156.1
211207	40.70415	73.708712	211.625	288.25	341.75	-154.0
