031900	33.9373	118.4058	263.0	322.0	46.0	0.0
031920	33.935075	118.425875	260.0	331.5	297.25	739.0
031940	33.92935	118.4437	238.0	340.0	522.0	550.0
032000	33.9174	118.458975	223.5	365.75	672.5	436.0
032020	33.9025	118.4745	216.0	401.0	815.0	357.0
032040	33.88216	118.481513	191.0	442.2	930.533	506.867
032100	33.85796	118.48658	191.0	478.2	1123.2	656.2
032120	33.833527	118.49188	190.533333	496.0	1373.267	718.733
032140	33.808927	118.497253	190.0	507.6	1636.6	735.533
032200	33.78406	118.50252	190.0	525.6	1854.6	718.2
032220	33.757145	118.508059	189.517241	539.689655	2100.552	733.276
032240	33.729476	118.511624	182.235294	549.294118	2354.294	744.118
032300	33.704833	118.503778	152.666667	547.333333	2594.111	730.0
032320	33.6875	118.480941	120.705882	545.176471	2843.0	697.941
032340	33.680975	118.450331	87.25	552.5	3051.0	504.938
032400	33.69114	118.41952	66.36	573.72	3197.68	404.08
032420	33.70546	118.3878	59.8	604.2	3320.8	373.6
032440	33.721093	118.35518	61.066667	638.8	3434.733	389.8
032500	33.737027	118.31998	61.733333	666.8	3572.067	557.8
032520	33.75272	118.28526	62.0	676.0	3794.6	768.2
032540	33.768247	118.25086	62.0	670.6	4083.6	968.267
032600	33.783713	118.21646	62.0	646.6	4459.6	820.933
032620	33.79914	118.1823	61.6	648.6	4689.2	628.0
032640	33.814593	118.14816	61.066667	667.533333	4823.267	434.067
032700	33.830527	118.11276	61.733333	682.866667	4975.933	504.733
032720	33.84706	118.07604	62.0	692.6	5159.0	551.4
032740	33.864027	118.038373	62.0	698.866667	5360.267	574.067
032800	33.881293	118.000107	62.0	707.533333	5542.933	524.733
032820	33.898867	117.9636	56.666667	716.333333	5702.0	507.0
032840	33.92352	117.933587	49.022222	719.0	5870.689	531.956
032900	33.95112	117.905853	41.911111	719.0	6050.244	566.178
032920	33.97875	117.87908	38.0	717.8	6247.4	601.5
032940	34.006417	117.85348	38.0	715.133333	6466.067	638.167
033000	34.035603	117.82674	37.366667	710.566667	6674.6	585.533
033020	34.063686	117.800586	38.636364	709.227273	6857.727	495.5
033040	34.090372	117.772394	44.5	717.222222	6998.611	398.556
033100	34.115283	117.73888	50.257143	730.085714	7122.629	388.257
033120	34.137911	117.70528	50.828571	736.942857	7252.914	408.829
033140	34.16094	117.67126	51.0	741.8	7395.133	423.867
033200	34.184167	117.636967	51.0	745.0	7541.533	430.0
033220	34.2075	117.6023	51.0	745.0	7684.2	410.0
033240	34.2313	117.566887	51.0	745.933333	7815.667	389.533
033300	34.25522	117.531273	51.0	747.133333	7941.4	365.933
033320	34.27882	117.49614	51.0	747.8	8063.4	330.6
033340	34.302233	117.46124	51.0	752.666667	8163.933	316.267
033400	34.325593	117.42636	51.0	758.4	8260.333	314.133
033420	34.34906	117.39116	51.0	760.4	8377.0	324.8
033440	34.37234	117.356333	51.0	762.4	8483.4	335.0
033500	34.395807	117.321267	51.0	764.0	8590.333	345.0
033520	34.42034	117.2846	51.0	764.0	8717.0	355.0
033540	34.44422	117.248727	51.0	764.0	8833.4	351.0
033600	34.467967	117.212967	51.0	764.0	8946.333	339.933
033620	34.4923	117.1763	51.0	764.0	9063.0	324.6
033640	34.51654	117.139727	51.0	766.333333	9165.667	306.0
033700	34.540713	117.10338	50.866667	768.6	9262.333	278.8
033720	34.56478	117.06778	50.2	766.6	9359.0	222.8
033740	34.58978	117.031527	50.0	773.466667	9416.467	138.333
033800	34.61494	116.99522	50.0	782.933333	9449.0	52.867
033820	34.63914	116.95982	50.0	787.6	9449.0	12.2
033840	34.664367	116.922973	50.0	789.466667	9449.0	0.0
033900	34.68994	116.885627	50.0	789.866667	9449.0	0.0
033920	34.71514	116.84876	50.0	789.2	9449.0	0.0
033940	34.740433	116.811753	50.0	789.0	9449.0	-3.733
034000	34.76566	116.774833	50.133333	788.733333	9447.933	-8.0
034020	34.79046	116.7385	50.8	787.4	9442.6	-8.0
034040	34.814607	116.70296	50.533333	787.933333	9441.0	-4.267
034100	34.839106	116.667239	49.741935	788.741935	9441.0	0.0
034120	34.866139	116.629432	48.451613	787.451613	9441.0	0.0
034140	34.89263	116.59358	48.0	787.866667	9441.0	3.467
034200	34.91883	116.55872	48.0	789.4	9441.8	8.7
034220	34.94503	116.52352	48.0	792.066667	9447.133	13.367
034240	34.97149	116.48806	48.0	794.733333	9452.033	11.967
034300	34.99816	116.45236	48.0	797.0	9456.0	7.2
034320	35.025227	116.416093	48.0	797.0	9456.0	1.867
034340	35.052163	116.37987	48.0	797.0	9456.0	0.0
034400	35.07902	116.3437	48.0	797.1	9456.0	0.0
034420	35.10582	116.3077	48.0	797.766667	9456.0	0.0
034440	35.13249	116.271743	48.0	798.0	9456.0	-3.467
034500	35.15914	116.23576	48.0	798.0	9455.3	-8.0
034520	35.186073	116.199493	48.0	798.0	9450.633	-8.0
034540	35.21266	116.163573	48.0	798.0	9449.0	-4.533
034600	35.23931	116.1275	48.0	798.0	9449.0	0.0
034620	35.267377	116.0895	48.0	798.0	9449.0	0.0
034640	35.294057	116.053407	48.0	798.0	9449.0	0.0
034700	35.32007	116.01821	48.0	798.0	9449.0	0.0
034720	35.346537	115.982277	48.0	798.0	9449.0	0.0
034740	35.373003	115.946343	48.0	798.0	9449.0	-3.467
034800	35.39949	115.91036	48.0	798.0	9448.2	-5.7
034820	35.42609	115.874093	48.0	798.0	9442.867	9.633
034840	35.45217	115.838477	48.0	798.0	9450.967	64.833
034900	35.47821	115.80289	48.0	799.0	9474.7	139.9
034920	35.50561	115.76549	48.0	805.666667	9546.033	205.9
034940	35.533833	115.726877	48.0	809.3	9623.867	225.533
035000	35.56189	115.68842	48.0	811.8	9702.9	218.7
035020	35.58649	115.654553	48.0	817.133333	9768.9	203.367
035040	35.613083	115.617697	48.866667	822.033333	9834.9	214.9
035100	35.640432	115.578332	51.227273	827.090909	9905.455	241.5
035120	35.665623	115.533855	59.318182	834.272727	10001.182	270.5
035140	35.684077	115.488945	65.681818	839.727273	10084.818	280.5
035200	35.701023	115.44224	66.0	838.733333	10185.267	267.067
035220	35.71783	115.39568	66.0	839.5	10273.1	236.2
035240	35.734563	115.349413	66.0	842.833333	10344.433	185.533
035300	35.751297	115.302703	66.0	844.266667	10396.133	192.5
035320	35.76827	115.25534	66.0	844.4	10460.6	209.4
035340	35.785537	115.207207	66.0	843.066667	10541.933	234.733
035400	35.802487	115.159707	66.0	841.1	10618.2	163.8
035420	35.81948	115.11215	66.0	840.9	10662.4	87.8
035440	35.836547	115.064483	66.0	842.9	10667.733	11.8
035500	35.85317	115.017577	66.0	843.0	10668.0	2.933
035520	35.87016	114.96966	66.3	844.2	10668.0	0.0
035540	35.887627	114.92046	66.966667	846.866667	10668.0	0.0
035600	35.904207	114.873667	67.0	845.733333	10668.0	0.0
035620	35.92116	114.82574	67.0	845.6	10668.0	2.4
035640	35.938627	114.776273	67.0	846.933333	10668.0	7.733
035700	35.955333	114.728707	67.0	848.9	10673.067	8.0
035720	35.97179	114.68184	67.0	850.0	10676.0	5.6
035740	35.98799	114.635707	67.0	850.0	10676.0	0.267
035800	36.00533	114.586407	67.0	850.633333	10676.0	0.0
035820	36.02249	114.53748	67.0	850.7	10676.0	0.0
035840	36.039357	114.489213	67.0	850.033333	10676.0	0.0
035900	36.05559	114.442783	67.0	853.166667	10676.0	-5.067
035920	36.07218	114.39519	67.0	855.0	10673.6	-8.0
035940	36.089247	114.346057	67.0	855.0	10668.267	-8.0
040000	36.10644	114.296797	67.0	852.466667	10668.0	-2.933
040020	36.12328	114.24837	67.0	851.0	10668.0	0.0
040040	36.13968	114.20097	67.0	851.0	10668.0	0.0
040100	36.156397	114.152683	67.0	853.533333	10668.0	5.067
040120	36.17343	114.10348	67.0	855.0	10670.4	8.0
040140	36.19083	114.053213	67.0	855.0	10675.733	8.0
040200	36.2069	114.00643	67.0	852.466667	10676.0	2.933
040220	36.22338	113.95842	67.0	850.7	10676.0	-2.1
040240	36.240447	113.908687	67.0	850.033333	10676.0	-6.767
040300	36.256322	113.862203	67.0	848.8125	10671.25	-7.0
040320	36.272363	113.81523	67.0	847.766667	10668.0	-7.0
040340	36.28883	113.76703	67.0	847.1	10668.0	-7.0
040400	36.30575	113.717406	67.0	847.0	10663.75	-7.0
040420	36.32235	113.668633	67.0	847.0	10660.0	-5.833
040440	36.33775	113.623167	67.0	847.0	10660.0	-1.167
040500	36.3543	113.5743	67.0	847.0	10660.0	3.5
040520	36.371078	113.524769	67.0	847.0	10661.25	7.0
040540	36.387391	113.476644	67.0	847.0	10666.25	7.0
040600	36.403803	113.42795	67.0	847.433333	10668.0	3.967
040620	36.42018	113.37921	67.1	848.2	10668.0	0.8
040640	36.436047	113.331943	67.766667	849.533333	10668.0	6.133
040700	36.452477	113.283073	67.566667	850.0	10671.467	8.0
040720	36.46901	113.2339	67.1	850.0	10676.0	6.4
040740	36.48441	113.1879	67.766667	850.0	10676.0	-4.267
040800	36.500937	113.138347	68.0	848.7	10672.533	-8.0
040820	36.517881	113.087448	68.0	847.0	10668.0	-8.0
040840	36.533752	113.039771	68.0	847.0	10668.0	-8.0
040900	36.54986	112.99142	68.0	847.4	10664.8	-4.8
040920	36.56612	112.942627	68.0	848.0	10660.533	0.533
040940	36.58232	112.893893	68.0	848.0	10665.867	5.867
041000	36.59848	112.84512	68.0	848.0	10668.0	4.8
041020	36.614573	112.796413	68.0	848.133333	10668.0	0.0
041040	36.630307	112.748547	68.0	849.466667	10668.0	0.0
041100	36.6464	112.69952	68.0	850.0	10668.0	0.0
041120	36.662693	112.649847	68.0	850.066667	10668.0	0.0
041140	36.678627	112.601313	68.0	850.733333	10668.0	0.0
041200	36.694252	112.553758	68.0	851.0	10668.0	0.0
041220	36.709703	112.506743	68.0	851.133333	10668.0	0.267
041240	36.72577	112.45761	68.0	853.8	10668.0	5.6
041300	36.741653	112.409027	68.0	855.366667	10670.933	5.067
041320	36.75743	112.360737	68.0	856.066667	10675.733	-0.267
041340	36.77403	112.30947	68.0	857.4	10670.4	-5.6
041400	36.79041	112.258973	68.0	858.366667	10668.0	-5.067
041420	36.806613	112.20909	68.0	859.0	10668.0	0.0
041440	36.82288	112.15889	68.0	859.0	10668.0	0.0
041500	36.838817	112.10946	68.0	859.0	10668.0	2.933
041520	36.8545	112.060617	68.0	859.0	10668.267	8.0
041540	36.8705	112.01095	68.0	859.0	10673.6	8.0
041600	36.8865	111.961173	68.0	859.0	10676.0	2.133
041620	36.902494	111.911339	68.0	858.967742	10675.742	-8.0
041640	36.918365	111.862113	68.0	858.322581	10670.581	-8.0
041700	36.934167	111.812833	68.0	859.0	10668.0	-5.333
041720	36.9499	111.7635	68.0	861.0	10668.0	0.0
041740	36.96615	111.712437	68.0	859.75	10668.0	-4.375
041800	36.98222	111.661827	68.266667	859.0	10665.867	-9.133
041820	36.99802	111.611893	68.933333	859.0	10660.533	-14.467
041840	37.01364	111.56262	68.4	861.4	10655.8	-6.0
041900	37.029453	111.512647	68.266667	863.266667	10654.867	2.133
041920	37.045587	111.461513	68.933333	863.933333	10659.533	7.467
041940	37.06118	111.41194	69.0	868.2	10660.0	12.2
042000	37.076975	111.3617	69.0	871.25	10664.0	16.75
042020	37.093163	111.3102	69.0	871.875	10674.0	21.125
042040	37.10904	111.25974	69.0	872.0	10679.733	14.533
042100	37.12484	111.20942	69.0	872.0	10683.0	4.8
042120	37.14064	111.15882	69.0	872.0	10683.0	-5.867
042140	37.1566	111.107633	69.0	872.0	10679.267	-8.0
042200	37.17248	111.05666	69.0	872.0	10676.0	-6.4
042220	37.18808	111.006527	69.0	872.0	10676.0	-1.067
042240	37.203627	110.956393	69.0	872.0	10676.0	-4.267
042300	37.21926	110.90586	69.0	871.8	10674.4	-8.0
042320	37.235127	110.854393	69.0	871.133333	10669.067	-8.0
042340	37.250887	110.80314	69.0	869.933333	10668.0	-3.733
042400	37.26646	110.75244	69.0	869.0	10668.0	0.0
042420	37.28166	110.702907	69.0	869.0	10668.0	0.0
042440	37.297393	110.65156	69.0	867.933333	10668.0	0.0
042500	37.313068	110.600377	69.0	866.419355	10668.0	0.0
042520	37.328294	110.550635	69.0	864.483871	10668.0	0.0
042540	37.34365	110.50035	69.0	863.5	10668.0	0.0
042600	37.358983	110.450017	69.0	862.333333	10668.0	-1.333
042620	37.374117	110.400083	69.0	859.666667	10668.0	-6.667
042640	37.3898	110.3484	69.0	859.0	10664.0	-4.0
042700	37.405433	110.2968	69.0	858.833333	10661.333	1.333
042720	37.420367	110.2472	69.0	858.166667	10666.667	6.667
042740	37.43575	110.19635	69.0	858.0	10668.0	4.0
042800	37.45115	110.1454	69.0	857.666667	10668.0	-1.333
042820	37.46615	110.0954	69.0	856.333333	10668.0	-6.667
042840	37.48095	110.04615	69.0	857.0	10664.0	-4.0
042900	37.495833	109.9966	69.166667	857.666667	10661.333	0.0
042920	37.511167	109.9454	69.833333	856.333333	10666.667	0.0
042940	37.52635	109.89455	70.0	856.0	10664.0	0.0
043000	37.541433	109.843933	70.0	856.333333	10661.333	0.0
043020	37.556367	109.793667	70.0	857.666667	10666.667	0.0
043040	37.5708	109.74505	70.0	858.0	10664.0	-4.0
043100	37.585383	109.695867	70.0	858.5	10660.0	-6.667
043120	37.600917	109.643333	70.0	860.5	10660.0	-1.333
043140	37.6163	109.5916	70.0	861.0	10660.0	4.0
043200	37.63135	109.540933	70.0	861.5	10661.333	9.167
043220	37.64555	109.492667	70.0	863.5	10666.667	13.833
043240	37.6601	109.443	70.0	865.5	10672.0	11.5
043300	37.675	109.392117	70.0	867.333333	10676.0	5.333
043320	37.6906	109.338983	70.0	868.666667	10676.0	-5.333
043340	37.7056	109.28755	70.0	869.0	10672.0	-8.0
043400	37.72045	109.236517	70.0	869.0	10668.0	-6.667
043420	37.73545	109.184983	70.0	869.0	10668.0	-1.333
043440	37.74995	109.13505	70.0	870.0	10668.0	0.0
043500	37.764583	109.08465	70.0	871.166667	10668.0	0.0
043520	37.780117	109.03125	70.0	871.833333	10668.0	0.0
043540	37.79455	108.98075	70.5	873.5	10668.0	3.0
043600	37.808175	108.92985	71.5	875.625	10669.0	5.25
043620	37.820475	108.87485	73.5	878.125	10673.0	2.25
043640	37.832567	108.820283	75.0	880.333333	10674.667	-1.333
043700	37.844033	108.767017	75.0	881.666667	10669.333	-6.667
043720	37.8555	108.71365	75.0	882.0	10668.0	0.0
043740	37.866867	108.660533	75.0	882.0	10669.333	8.0
043800	37.877933	108.608267	75.0	882.0	10674.667	8.0
043820	37.8896	108.553	75.0	882.0	10676.0	4.0
043840	37.901267	108.497733	75.0	881.666667	10676.0	0.0
043900	37.912333	108.445467	75.0	880.333333	10676.0	0.0
043920	37.9237	108.39135	75.0	878.5	10676.0	-4.0
043940	37.934994	108.33751	75.0	877.0	10674.71	-8.0
044000	37.945768	108.286348	75.0	877.0	10669.548	-8.0
044020	37.956747	108.23362	75.0	875.6	10668.0	-4.267
044040	37.967853	108.180033	75.0	874.0	10668.0	0.0
044100	37.97912	108.1257	75.0	874.0	10668.0	0.0
044120	37.990293	108.07188	75.0	873.066667	10668.0	0.0
044140	38.00136	108.018507	75.0	871.6	10668.0	0.0
044200	38.01216	107.96604	75.0	869.6	10668.0	0.0
044220	38.023147	107.912547	75.0	868.066667	10668.0	-3.733
044240	38.034133	107.859013	75.133333	867.0	10666.933	-6.933
044300	38.0448	107.80708	75.8	867.0	10661.6	-1.6
044320	38.055653	107.753747	76.0	865.6	10663.733	3.733
044340	38.066533	107.700067	76.0	863.6	10668.0	6.933
044400	38.0772	107.6474	76.0	861.6	10668.0	1.6
044420	38.087773	107.595247	76.0	861.0	10668.0	0.0
044440	38.098373	107.542913	76.0	861.0	10668.0	-1.067
044500	38.10924	107.48898	76.0	861.0	10668.0	-6.4
044520	38.11978	107.43682	76.0	861.0	10664.267	-8.0
044540	38.13026	107.38494	76.0	860.733333	10660.0	-5.867
044600	38.14106	107.33114	76.0	859.4	10660.0	4.8
044620	38.15158	107.278413	76.0	859.0	10663.733	11.267
044640	38.162007	107.225973	76.0	858.866667	10669.067	14.067
044700	38.17254	107.17284	76.0	858.2	10674.4	9.4
044720	38.18298	107.120127	76.0	857.066667	10676.0	4.267
044740	38.19338	107.067593	76.0	856.0	10676.0	-1.067
044800	38.20378	107.01506	76.0	856.0	10676.0	-6.4
044820	38.214133	106.96234	76.0	855.533333	10672.267	-8.0
044840	38.224373	106.90998	76.0	855.133333	10668.0	-6.933
044900	38.23424	106.85938	76.0	855.8	10668.0	-1.6
044920	38.244335	106.80771	76.0	856.0	10668.0	0.0
044940	38.25455	106.75537	76.0	856.0	10668.0	0.0
045000	38.264883	106.701837	76.0	856.0	10668.0	0.0
045020	38.27539	106.64761	76.0	856.0	10668.0	0.0
045040	38.2859	106.59342	76.0	856.0	10668.0	0.8
045100	38.2959	106.541553	76.0	856.0	10668.0	6.133
045120	38.30616	106.488257	76.0	856.0	10671.467	4.533
045140	38.3165	106.43445	76.0	855.9	10675.2	-0.8
045200	38.3265	106.382117	76.0	855.233333	10669.867	-6.133
045220	38.33663	106.329437	76.433333	855.433333	10668.0	-4.533
045240	38.34675	106.27681	76.9	856.0	10668.0	-1.5
045300	38.356417	106.225543	76.233333	856.0	10668.0	-11.5
045320	38.366213	106.173757	76.433333	856.866667	10661.5	-11.967
045340	38.37608	106.12156	77.0	858.1	10653.7	-5.7
045400	38.385947	106.068627	77.0	858.766667	10658.367	9.633
045420	38.395857	106.01539	77.0	859.866667	10663.467	15.0
045440	38.40583	105.96187	77.0	861.2	10668.8	15.0
045500	38.41603	105.90767	77.0	862.533333	10674.133	15.0
045520	38.426013	105.854293	77.0	863.0	10679.033	11.967
045540	38.43587	105.80134	77.0	862.8	10683.0	5.7
045600	38.44567	105.748273	77.0	861.466667	10683.0	-9.633
045620	38.45547	105.695077	77.0	861.0	10676.5	-18.467
045640	38.4653	105.64158	77.0	861.2	10667.2	-20.7
045700	38.4753	105.58678	77.0	862.533333	10661.867	-5.367
045720	38.484997	105.53367	77.0	863.0	10663.467	6.5
045740	38.49451	105.48154	77.0	863.0	10668.8	14.3
045800	38.50391	105.429807	77.0	863.0	10674.133	9.633
045820	38.51357	105.37686	77.0	863.433333	10676.0	-1.967
045840	38.52338	105.32313	77.0	864.3	10674.4	-15.0
045900	38.533247	105.268663	77.0	866.3	10663.733	-15.0
045920	38.54294	105.21489	77.0	867.866667	10660.0	-8.5
045940	38.55252	105.16159	77.0	869.3	10660.0	0.0
050000	38.561987	105.108857	77.0	871.3	10660.0	0.0
050020	38.57167	105.05465	77.0	872.866667	10660.0	3.467
050040	38.58141	104.99988	77.0	874.3	10660.8	7.2
050100	38.59081	104.946413	77.0	876.3	10666.133	1.867
050120	38.600557	104.891473	77.0	879.166667	10664.533	0.0
050140	38.61052	104.83549	77.0	882.2	10660.8	0.8
050200	38.620653	104.77809	77.0	883.533333	10666.133	6.133
050220	38.630353	104.723073	77.0	885.733333	10668.0	4.533
050240	38.6398	104.66931	77.1	888.4	10668.0	0.8
050300	38.649133	104.615377	77.766667	891.066667	10668.0	6.133
050320	38.65877	104.559883	77.566667	893.3	10671.467	8.0
050340	38.66851	104.50382	77.1	895.1	10676.0	8.0
050400	38.67791	104.449287	77.766667	895.766667	10676.0	8.0
050420	38.687448	104.393632	78.0	896.83871	10678.935	4.645
050440	38.6971	104.337206	78.0	898.129032	10682.548	-0.516
050500	38.7071	104.279271	78.0	899.419355	10678.032	-5.677
050520	38.71677	104.222657	78.0	900.0	10676.0	-8.0
050540	38.726171	104.1671	78.0	899.870968	10675.742	-8.0
050600	38.73559	104.1111	78.0	897.290323	10670.581	-8.0
050620	38.745067	104.055167	78.0	893.0	10668.0	-5.333
050640	38.7546	103.9993	78.0	887.0	10668.0	0.0
050700	38.7638	103.944367	78.0	891.0	10668.0	0.0
050720	38.773033	103.889367	78.0	894.0	10668.0	0.0
050740	38.7823	103.8343	78.0	896.0	10668.0	0.0
050800	38.791567	103.778633	78.0	898.666667	10668.0	0.0
050820	38.801067	103.721967	77.666667	900.0	10668.0	0.0
050840	38.8108	103.6643	77.0	900.0	10668.0	0.0
050900	38.823133	103.611367	73.0	900.0	10668.0	0.0
050920	38.837458	103.557795	69.947368	900.526316	10668.0	0.0
050940	38.853632	103.504218	69.0	901.0	10668.0	2.265
051000	38.869691	103.451159	69.0	901.0	10668.0	6.382
051020	38.886922	103.394272	69.0	901.0	10672.25	3.281
051040	38.903983	103.337917	69.0	901.0	10674.667	-1.333
051100	38.919917	103.285183	69.0	901.0	10669.333	-6.667
051120	38.9363	103.23095	69.0	902.5	10668.0	-8.0
051140	38.952523	103.17719	69.0	904.0	10666.71	-6.71
051200	38.967813	103.126352	69.0	904.0	10661.548	-1.548
051220	38.984037	103.072337	69.0	904.0	10663.5	0.0
051240	39.000653	103.016973	69.0	904.0	10667.467	0.0
051300	39.017187	102.961707	69.0	904.0	10662.133	0.0
051320	39.0332	102.90816	69.0	904.0	10663.2	3.2
051340	39.048887	102.85568	69.0	904.0	10668.0	7.467
051400	39.064753	102.80248	69.0	904.0	10668.0	2.133
051420	39.0811	102.74748	69.0	904.0	10668.0	2.4
051440	39.097648	102.691636	69.0	903.84	10668.32	6.0
051500	39.113128	102.638996	69.0	902.24	10671.52	6.0
051520	39.128608	102.586356	69.0	900.64	10674.72	6.0
051540	39.145	102.53066	69.0	900.0	10676.0	-2.4
051600	39.161767	102.47372	69.0	900.0	10674.933	-15.0
051620	39.176433	102.42392	69.0	900.0	10664.267	-15.0
051640	39.192191	102.370255	69.0	900.363636	10660.0	-9.545
051700	39.208676	102.314012	69.0	900.969697	10660.0	-0.455
051720	39.223877	102.261673	69.633333	900.366667	10660.0	5.067
051740	39.2394	102.20825	70.0	900.0	10662.4	8.0
051800	39.2554	102.15325	70.0	900.0	10667.733	8.0
051820	39.271273	102.098377	70.0	900.0	10668.0	2.933
051840	39.28699	102.04399	70.0	900.0	10668.0	0.0
051900	39.302523	101.99019	70.0	900.0	10668.0	0.0
051920	39.31831	101.93525	70.0	900.633333	10668.0	0.0
051940	39.33408	101.88025	70.0	901.0	10668.0	0.0
052000	39.349813	101.82525	70.0	901.0	10668.0	0.0
052020	39.365103	101.771833	70.0	901.0	10668.0	0.0
052040	39.380025	101.716625	71.8	901.0	10668.0	0.0
052100	39.392587	101.660148	75.16129	901.0	10668.0	0.0
052120	39.402781	101.604923	77.741935	901.0	10668.0	0.0
052140	39.412849	101.547103	77.513514	902.459459	10668.0	-3.405
052200	39.4229	101.489007	77.033333	904.066667	10667.733	-6.767
052220	39.4329	101.43114	77.7	905.4	10662.4	-2.1
052240	39.44246	101.375143	78.0	906.733333	10662.933	2.933
052300	39.451693	101.320503	78.0	908.033333	10668.0	7.733
052320	39.46156	101.26257	78.0	908.7	10668.0	2.4
052340	39.471207	101.205627	78.0	909.733333	10668.0	2.933
052400	39.480687	101.14941	78.0	911.0	10668.267	8.0
052420	39.49042	101.09161	78.0	911.0	10673.6	8.0
052440	39.500227	101.033297	78.0	911.366667	10676.0	2.133
052500	39.51008	100.97463	78.0	912.166667	10675.733	-8.0
052520	39.51968	100.91723	78.0	915.5	10670.4	-8.0
052540	39.529358	100.858897	78.0	917.709677	10668.0	-2.323
052600	39.5391	100.7998	78.0	919.0	10668.0	8.0
052620	39.548367	100.7436	78.0	919.0	10673.333	2.667
052640	39.55771	100.686855	78.0	919.0	10673.419	-2.581
052700	39.567129	100.629565	78.0	919.0	10668.258	-7.742
052720	39.576593	100.571283	78.0	920.266667	10668.0	-2.933
052740	39.58603	100.51316	78.0	921.3	10668.0	0.0
052800	39.59543	100.455293	78.0	921.966667	10668.0	0.0
052820	39.604893	100.396983	78.0	923.266667	10668.0	0.0
052840	39.6143	100.33874	78.0	925.5	10668.0	0.0
052900	39.623633	100.280607	78.0	928.833333	10668.0	0.0
052920	39.633537	100.218927	78.0	929.0	10668.0	0.0
052940	39.643006	100.159613	78.0	929.0	10668.0	0.0
053000	39.65191	100.103419	78.0	929.0	10668.0	0.0
053020	39.6612	100.04506	78.0	930.8	10668.0	0.0
053040	39.67048	99.98662	78.0	932.266667	10668.0	0.0
053100	39.67968	99.92842	78.0	932.933333	10668.0	0.0
053120	39.68888	99.86974	78.6	934.2	10668.0	0.0
053140	39.698213	99.8097	79.0	935.533333	10668.0	0.0
053200	39.707747	99.7477	79.0	936.866667	10668.0	0.0
053220	39.7171	99.68744	79.0	937.6	10668.0	4.8
053240	39.726327	99.627827	79.0	938.0	10670.133	8.0
053300	39.735393	99.568893	79.0	938.0	10675.467	8.0
053320	39.7447	99.50834	79.0	939.8	10676.0	3.2
053340	39.7539	99.448167	79.0	941.0	10676.0	-2.133
053400	39.7629	99.388833	79.0	941.0	10676.0	-7.467
053420	39.77166	99.3313	79.0	939.2	10671.2	-8.0
053440	39.780553	99.27258	79.0	938.0	10668.0	-5.867
053500	39.789687	99.21178	79.0	938.0	10668.0	-0.533
053520	39.79852	99.15314	79.0	938.0	10668.0	0.0
053540	39.80748	99.093247	79.0	937.733333	10668.0	0.0
053600	39.81668	99.031113	79.0	937.066667	10668.0	0.0
053620	39.82558	98.9715	79.0	937.0	10668.0	0.0
053640	39.83434	98.912567	79.0	937.0	10668.0	0.0
053700	39.84294	98.854233	79.0	937.0	10668.0	0.0
053720	39.851639	98.794632	79.0	937.0	10668.0	0.0
053740	39.860333	98.735173	79.0	937.0	10668.0	0.0
053800	39.869	98.67624	79.0	937.0	10668.0	0.0
053820	39.87795	98.614643	79.0	935.866667	10668.0	-4.533
053840	39.886713	98.553955	79.0	935.0	10666.194	-8.0
053900	39.895035	98.495826	79.0	935.0	10661.032	-8.0
053920	39.903473	98.437213	79.533333	935.0	10660.0	0.533
053940	39.91196	98.37802	80.0	935.0	10661.6	8.0
054000	39.920493	98.317753	80.0	935.0	10666.933	8.0
054020	39.928867	98.258233	80.0	933.933333	10668.0	3.733
054040	39.93726	98.19858	80.0	933.0	10668.0	0.0
054100	39.945793	98.13818	80.0	933.0	10668.0	0.0
054120	39.954113	98.079007	80.0	933.0	10668.0	0.0
054140	39.96242	98.01976	80.0	933.0	10668.0	0.0
054200	39.97082	97.959627	80.0	933.0	10668.0	0.0
054220	39.97906	97.90024	80.0	933.0	10668.0	0.0
054240	39.98728	97.84076	80.0	932.8	10668.0	0.0
054300	39.995547	97.780627	80.0	932.133333	10668.0	0.0
054320	40.003653	97.72124	80.0	932.0	10668.0	0.0
054340	40.01182	97.6613	80.0	932.2	10668.0	0.0
054400	40.02022	97.599633	80.0	932.866667	10668.0	0.0
054420	40.028033	97.542287	80.0	933.0	10668.0	0.0
054440	40.035819	97.484784	80.0	932.806452	10668.0	0.0
054500	40.043884	97.424397	80.0	932.16129	10668.0	0.0
054520	40.0519	97.3642	80.0	932.5	10668.0	0.0
054540	40.059933	97.303833	80.0	933.0	10668.0	0.0
054600	40.068067	97.242767	80.0	933.0	10668.0	0.0
054620	40.076	97.18245	80.0	933.0	10668.0	0.0
054640	40.083767	97.123217	80.0	933.0	10668.0	0.0
054700	40.091233	97.066483	80.0	933.0	10668.0	0.0
054720	40.0992	97.0059	80.0	934.0	10668.0	0.0
054740	40.10725	96.94435	80.0	935.0	10668.0	0.0
054800	40.11505	96.88375	80.0	935.0	10668.0	0.0
054820	40.1226	96.8248	80.5	935.0	10668.0	0.0
054840	40.130217	96.76515	81.0	935.0	10668.0	0.0
054900	40.138283	96.70175	81.0	935.0	10668.0	0.0
054920	40.145768	96.643271	81.0	935.0	10668.0	0.0
054940	40.15311	96.585787	81.0	935.0	10668.0	0.0
055000	40.160658	96.525723	81.0	935.0	10668.0	0.0
055020	40.16824	96.46531	81.0	935.0	10668.0	0.0
055040	40.17585	96.40456	81.0	934.8	10668.0	0.0
055100	40.183517	96.34296	81.0	933.466667	10668.0	0.0
055120	40.190923	96.283223	81.0	933.0	10668.0	0.0
055140	40.1986	96.224455	80.516129	933.0	10668.0	0.0
055200	40.2086	96.165487	77.290323	933.0	10668.0	0.0
055220	40.21924	96.10634	76.0	933.0	10668.0	0.0
055240	40.2303	96.047073	76.0	933.0	10668.0	0.0
055300	40.2413	95.987807	76.0	933.0	10668.0	0.0
055320	40.25226	95.92858	76.4	933.8	10668.0	0.0
055340	40.263177	95.869423	77.0	935.129032	10668.0	0.0
055400	40.273952	95.810648	77.0	936.419355	10668.0	0.0
055420	40.284813	95.751383	77.0	937.0	10668.0	2.933
055440	40.295743	95.691717	77.0	937.0	10668.267	8.0
055500	40.30661	95.63205	77.0	937.0	10673.6	8.0
055520	40.317477	95.57242	77.0	937.0	10676.0	5.067
055540	40.328343	95.51279	77.0	937.0	10676.0	0.0
055600	40.33921	95.45259	77.0	937.0	10676.0	0.0
055620	40.349967	95.392977	77.0	936.266667	10676.0	-2.933
055640	40.360633	95.333817	77.0	935.0	10675.733	-8.0
055700	40.3713	95.27415	77.0	935.0	10670.4	-8.0
055720	40.381857	95.214923	77.0	934.266667	10668.0	-5.067
055740	40.392337	95.15598	77.0	933.0	10668.0	-0.233
055800	40.40307	95.09558	77.0	933.0	10668.0	-4.9
055820	40.413503	95.036603	77.0	933.0	10665.25	-4.594
055840	40.423691	94.978791	77.0	933.0	10660.25	-0.219
055900	40.434017	94.919913	77.0	934.266667	10665.067	5.067
055920	40.44435	94.86089	77.0	935.0	10668.0	5.6
055940	40.454683	94.801757	77.0	935.0	10668.0	0.267
060000	40.46565	94.738823	77.0	936.266667	10668.0	0.0
060020	40.47605	94.67869	77.0	936.4	10668.0	0.0
060040	40.485717	94.622223	77.0	935.066667	10668.0	0.0
060100	40.496374	94.560561	77.0	935.0	10668.0	0.0
060120	40.506933	94.499347	77.0	935.533333	10668.0	0.0
060140	40.517267	94.439213	77.0	936.866667	10668.0	0.0
060200	40.52742	94.37956	77.0	937.0	10668.0	0.0
060220	40.537633	94.31964	77.0	937.0	10668.0	2.133
060240	40.547967	94.25924	77.0	937.0	10668.0	7.467
060300	40.55782	94.20088	77.6	937.0	10672.8	3.2
060320	40.567727	94.141973	78.0	937.0	10673.867	-2.133
060340	40.577793	94.081907	78.0	937.0	10668.533	-7.467
060400	40.58762	94.02298	78.0	937.0	10668.0	-3.2
060420	40.59726	93.963647	78.266667	937.0	10668.0	0.0
060440	40.60666	93.903513	78.933333	937.0	10668.0	0.0
060500	40.61564	93.84176	79.0	935.8	10668.0	0.0
060520	40.624413	93.781213	79.0	935.0	10668.0	0.0
060540	40.632947	93.722747	79.0	935.0	10668.0	0.0
060600	40.64172	93.66266	79.0	935.0	10668.0	0.0
060620	40.650573	93.602047	79.0	934.466667	10668.0	2.133
060640	40.659507	93.540913	79.0	933.133333	10668.0	7.467
060700	40.66838	93.47966	79.0	932.4	10672.8	3.2
060720	40.677033	93.419567	79.266667	932.0	10673.867	-2.133
060740	40.685367	93.361233	79.933333	932.0	10668.533	-7.467
060800	40.69388	93.30152	79.4	930.8	10668.0	-3.2
060820	40.702493	93.240987	79.266667	928.666667	10668.0	0.0
060840	40.711227	93.179453	79.933333	925.333333	10668.0	0.0
060900	40.7196	93.12026	79.4	924.4	10668.0	0.0
060920	40.728013	93.060313	79.266667	923.2	10668.0	0.0
060940	40.736547	92.998847	79.933333	921.2	10668.0	0.0
061000	40.74496	92.9384	80.0	919.8	10668.0	0.0
061020	40.7532	92.87908	80.0	918.466667	10668.0	-2.133
061040	40.7612	92.82128	80.0	917.133333	10668.0	-7.467
061100	40.769142	92.763242	80.0	915.258065	10663.355	-3.355
061120	40.77724	92.70415	80.0	913.533333	10661.867	1.867
061140	40.78564	92.64315	80.0	912.2	10667.2	7.2
061200	40.793473	92.58606	80.0	912.0	10668.0	-1.067
061220	40.801253	92.528913	80.0	912.0	10666.133	-6.133
061240	40.80912	92.47038	80.0	912.0	10660.8	-0.8
061300	40.8171	92.410883	80.0	910.3	10664.533	4.533
061320	40.824983	92.351987	80.0	908.766667	10668.0	8.0
061340	40.83265	92.29452	80.0	908.1	10668.0	8.0
061400	40.840317	92.236827	80.0	906.866667	10672.533	8.0
061420	40.848053	92.178207	80.0	905.533333	10676.0	4.267
061440	40.85592	92.11794	80.0	904.2	10676.0	-6.4
061500	40.863787	92.058127	80.0	901.733333	10671.467	-11.967
061520	40.871607	91.998813	80.0	900.233333	10666.133	-13.367
061540	40.87934	91.94028	80.0	900.9	10660.8	-8.7
061600	40.886677	91.883957	80.566667	901.0	10660.0	-3.467
061620	40.894153	91.825737	80.766667	901.7	10660.0	1.867
061640	40.90202	91.76327	80.1	903.7	10660.0	7.2
061700	40.909433	91.705903	80.0	904.0	10664.533	8.0
061720	40.91679	91.648923	80.233333	904.0	10668.0	6.133
061740	40.92419	91.59099	80.9	904.0	10668.0	0.8
061800	40.931647	91.53198	81.0	904.0	10668.0	0.0
061820	40.939113	91.472873	81.0	904.0	10668.0	0.0
061840	40.94658	91.41394	81.0	904.0	10668.0	0.0
061900	40.953877	91.354837	81.0	904.0	10668.0	0.0
061920	40.961143	91.29596	81.0	904.933333	10668.0	0.0
061940	40.96841	91.23756	81.0	907.6	10668.0	0.0
062000	40.975733	91.178367	81.0	908.0	10668.0	4.533
062020	40.982927	91.11971	81.0	908.0	10669.867	8.0
062040	40.98986	91.06231	81.0	908.0	10675.2	8.0
062100	40.997133	91.00219	81.0	906.866667	10676.0	3.467
062120	41.004303	90.94285	81.0	904.833333	10676.0	0.0
062140	41.01117	90.88585	81.0	901.5	10676.0	0.0
062200	41.018263	90.826583	81.0	900.433333	10676.0	0.0
062220	41.025327	90.767523	81.0	899.066667	10676.0	-1.867
062240	41.03226	90.70959	81.0	896.4	10676.0	-7.2
062300	41.039307	90.650013	81.0	895.433333	10671.467	-11.967
062320	41.04635	90.590217	81.0	894.533333	10666.133	-13.367
062340	41.05335	90.53055	81.0	893.2	10660.8	-8.7
062400	41.06018	90.472187	81.0	892.433333	10660.0	-8.0
062420	41.066863	90.414987	81.0	892.0	10658.367	-6.133
062440	41.07333	90.35952	81.0	892.0	10653.7	-0.8
062500	41.080137	90.30105	81.0	889.733333	10656.967	4.533
062520	41.08691	90.242423	81.0	888.0	10660.0	8.0
062540	41.09351	90.18449	81.0	888.0	10660.0	8.0
062600	41.100337	90.12446	81.566667	888.0	10664.533	8.0
062620	41.106947	90.066183	82.0	888.933333	10668.0	6.133
062640	41.11308	90.01185	82.0	891.6	10668.0	0.8
062700	41.119723	89.95151	82.0	892.0	10668.0	0.0
062720	41.126335	89.891887	82.0	892.0	10668.0	0.0
062740	41.132723	89.835565	82.0	892.0	10668.0	0.0
062800	41.13912	89.777633	82.0	892.533333	10668.0	0.0
062820	41.145753	89.718553	81.294118	893.0	10668.0	0.0
062840	41.15342	89.65951	79.7	893.6	10668.0	0.0
062900	41.161687	89.602643	79.033333	894.933333	10668.0	0.0
062920	41.170143	89.54432	79.0	895.633333	10668.0	0.0
062940	41.17861	89.48577	79.0	896.6	10668.0	0.0
063000	41.187077	89.427037	79.0	897.933333	10668.0	0.0
063020	41.195607	89.36805	79.0	898.0	10668.0	0.0
063040	41.20387	89.31061	79.0	898.0	10668.0	0.0
063100	41.211803	89.255077	79.0	898.0	10668.0	0.0
063120	41.220117	89.196503	79.0	899.266667	10668.0	0.0
063140	41.22842	89.13783	79.3	900.3	10668.0	0.0
063200	41.236687	89.07923	79.966667	900.966667	10668.0	0.0
063220	41.24508	89.018667	80.0	902.9	10668.0	5.067
063240	41.25336	88.95938	80.0	904.6	10670.4	8.0
063300	41.261493	88.90178	80.0	905.933333	10675.733	8.0
063320	41.269627	88.842787	80.0	906.0	10676.0	2.933
063340	41.27776	88.7836	80.0	905.4	10676.0	2.4
063400	41.285893	88.724267	80.0	904.066667	10676.0	7.733
063420	41.2939	88.666643	80.0	902.1	10680.433	2.933
063440	41.30187	88.60854	80.0	900.7	10680.9	-4.5
063500	41.309803	88.54974	80.0	900.033333	10676.233	-14.5
063520	41.317673	88.491637	80.0	900.0	10670.933	-15.0
063540	41.32554	88.43339	80.0	900.0	10665.6	-12.9
063600	41.333407	88.374923	80.0	900.0	10660.267	-8.233
063620	41.34178	88.312023	80.0	898.733333	10660.0	-2.933
063640	41.34988	88.25111	80.0	898.0	10660.0	2.4
063700	41.357613	88.19291	80.0	898.0	10660.0	7.733
063720	41.36503	88.136863	80.0	899.266667	10665.067	12.433
063740	41.37258	88.07949	80.0	899.4	10670.4	12.9
063800	41.380313	88.020357	80.0	898.066667	10675.733	8.233
063820	41.387857	87.96306	80.0	898.0	10676.0	2.933
063840	41.3956	87.9043	80.0	898.0	10676.0	0.0
063900	41.4036	87.843633	80.0	898.0	10676.0	0.0
063920	41.410903	87.786767	80.0	896.733333	10676.0	-5.067
063940	41.41832	87.72911	80.0	896.0	10673.6	-8.0
064000	41.42592	87.670243	80.0	896.0	10668.267	-8.0
064020	41.433457	87.610173	80.633333	896.0	10668.0	-8.0
064040	41.44099	87.55034	81.0	896.0	10665.6	-8.0
064100	41.448523	87.490873	81.0	896.0	10660.267	-8.0
064120	41.455803	87.432547	81.0	897.266667	10660.0	2.133
064140	41.4631	87.3741	81.0	898.0	10662.4	8.0
064200	41.470433	87.315433	81.0	898.0	10667.733	8.0
064220	41.477767	87.256703	81.0	899.266667	10668.0	2.933
064240	41.48501	87.19824	81.0	900.0	10668.0	0.0
064300	41.492143	87.140107	81.0	900.0	10668.0	0.0
064320	41.499403	87.08096	81.0	900.0	10668.0	0.0
064340	41.50664	87.02161	81.0	901.2	10668.0	0.0
064400	41.51384	86.962077	81.0	903.866667	10668.0	0.0
064420	41.52085	86.903557	81.0	904.0	10668.0	0.0
064440	41.52797	86.84449	81.0	904.6	10668.0	2.4
064500	41.535237	86.78469	81.0	905.933333	10668.0	7.733
064520	41.542377	86.724827	81.0	907.266667	10673.067	8.0
064540	41.54945	86.66538	81.0	908.0	10676.0	5.6
064600	41.55645	86.606447	81.0	908.0	10676.0	0.267
064620	41.563323	86.5484	81.0	908.633333	10676.0	-5.067
064640	41.57028	86.48905	81.0	909.0	10673.6	-8.0
064700	41.577347	86.42805	81.0	909.0	10668.267	-8.0
064720	41.584287	86.368507	81.0	910.266667	10668.0	-8.0
064740	41.59122	86.30865	81.0	911.9	10665.6	-8.0
064800	41.598153	86.248317	81.0	913.9	10660.267	-8.0
064820	41.605087	86.187793	81.0	917.166667	10660.0	2.133
064840	41.611977	86.127442	81.0	919.580645	10662.323	10.032
064900	41.618816	86.067313	81.0	920.870968	10667.484	14.548
064920	41.62568	86.00598	81.6	921.0	10672.8	15.0
064940	41.632484	85.945203	82.0	921.0	10677.806	13.194
065000	41.639194	85.885461	82.0	921.0	10682.323	8.677
065020	41.64598	85.824763	81.433333	921.0	10683.0	3.467
065040	41.65278	85.763733	81.233333	919.366667	10683.0	-1.867
065100	41.65958	85.7024	81.9	914.7	10683.0	-7.2
065120	41.666097	85.64271	82.0	912.866667	10679.033	-11.967
065140	41.672563	85.58296	82.0	911.766667	10674.133	-15.0
065200	41.67903	85.52256	82.0	911.1	10668.8	-15.0
065220	41.685553	85.462557	82.0	909.866667	10663.467	-11.033
065240	41.691947	85.4033	82.0	908.766667	10660.0	-8.0
065300	41.69808	85.3453	82.0	908.1	10660.0	-8.0
065320	41.704553	85.284183	82.0	906.866667	10656.033	-8.0
065340	41.710993	85.223333	82.0	906.466667	10653.0	-6.133
065400	41.71726	85.164	82.0	907.8	10653.0	-0.8
065420	41.723848	85.101194	82.0	909.645161	10653.0	4.387
065440	41.73026	85.03994	82.0	911.2	10654.4	8.0
065500	41.736127	84.98374	82.0	911.866667	10659.067	8.0
065520	41.742367	84.923167	82.0	913.066667	10660.0	8.0
065540	41.74868	84.86134	82.0	915.0	10661.6	9.4
065600	41.754947	84.79914	82.0	918.333333	10666.933	14.067
065620	41.761053	84.739393	82.0	920.6	10672.267	11.267
065640	41.76702	84.6802	82.4	922.0	10676.0	5.2
065700	41.772753	84.620867	83.733333	922.0	10676.0	-4.133
065720	41.776207	84.559847	85.116279	924.976744	10673.023	-3.767
065740	41.779091	84.498405	86.511628	928.697674	10669.302	-0.977
065800	41.781833	84.436123	87.0	930.0	10671.467	3.467
065820	41.78449	84.3734	87.0	930.0	10676.0	7.2
065840	41.78709	84.310733	87.0	930.0	10676.0	1.867
065900	41.789517	84.24967	87.0	930.0	10676.0	-3.467
065920	41.79186	84.1891	87.0	930.0	10675.2	-8.0
065940	41.79426	84.126433	87.0	930.0	10669.867	-8.0
070000	41.796652	84.063319	87.0	930.83871	10668.0	-4.645
070020	41.799033	84.000147	87.0	932.0	10668.0	0.0
070040	41.801367	83.938613	87.0	932.0	10668.0	0.0
070100	41.80366	83.87592	87.0	932.0	10668.0	0.0
070120	41.8059	83.812693	87.066667	932.0	10668.0	0.533
070140	41.8079	83.751627	87.733333	932.0	10668.0	5.867
070200	41.80998	83.6902	87.6	931.2	10671.2	8.0
070220	41.81212	83.628567	87.0	930.0	10676.0	6.933
070240	41.81432	83.567233	87.0	930.0	10676.0	-3.733
070300	41.81648	83.50606	87.0	930.0	10672.8	-10.8
070320	41.818613	83.444687	87.066667	930.133333	10667.467	-14.0
070340	41.820747	83.380553	87.733333	931.466667	10662.133	-4.0
070400	41.82272	83.31842	88.0	931.2	10663.2	3.2
070420	41.824593	83.257493	88.0	929.933333	10668.0	8.0
070440	41.826527	83.195427	88.0	929.266667	10668.0	8.0
070500	41.82846	83.13252	88.0	929.0	10671.2	4.8
070520	41.83038	83.069073	88.0	929.0	10675.467	-0.533
070540	41.83218	83.005807	88.0	929.0	10670.133	-5.867
070600	41.83386	82.9443	88.0	927.4	10668.0	-4.8
070620	41.835473	82.884073	88.0	925.0	10668.0	0.0
070640	41.837207	82.824807	88.0	925.0	10668.0	0.0
070700	41.8389	82.76326	88.0	924.6	10668.0	0.0
070720	41.840553	82.700387	88.0	923.866667	10668.0	-0.533
070740	41.842087	82.639253	88.0	922.533333	10668.0	-5.867
070800	41.84354	82.5788	88.0	922.0	10664.8	-8.0
070820	41.844967	82.518347	88.0	922.133333	10660.0	-7.467
070840	41.846633	82.453813	88.0	923.466667	10660.0	-2.133
070900	41.84814	82.39144	88.0	924.4	10660.0	3.2
070920	41.849533	82.330373	88.0	925.266667	10660.533	7.467
070940	41.850867	82.268107	88.0	927.933333	10665.867	2.133
071000	41.85224	82.20484	88.0	930.2	10664.8	0.0
071020	41.85362	82.14144	88.066667	932.066667	10660.533	1.0
071040	41.85482	82.08284	88.733333	932.733333	10665.867	11.0
071100	41.8561	82.02136	88.6	933.0	10671.2	12.2
071120	41.857427	81.958153	88.066667	933.133333	10676.0	7.467
071140	41.858693	81.896687	88.733333	934.466667	10676.0	2.133
071200	41.85988	81.83306	89.0	935.8	10676.0	0.0
071220	41.861007	81.768393	89.0	937.0	10676.0	0.0
071240	41.862073	81.707327	89.0	937.0	10676.0	0.0
071300	41.86314	81.6449	89.0	937.0	10676.0	0.0
071320	41.8642	81.58172	89.0	937.0	10676.0	0.0
071340	41.8652	81.51992	89.0	937.0	10676.0	0.0
071400	41.86616	81.45696	89.0	936.2	10676.0	-3.2
071420	41.867087	81.393447	89.0	935.0	10675.467	-8.467
071440	41.867953	81.331913	89.0	935.0	10670.133	-13.133
071500	41.86886	81.26918	89.0	935.0	10664.8	-12.2
071520	41.86978	81.205907	89.0	935.0	10660.0	-7.467
071540	41.87058	81.144973	89.0	935.0	10660.0	-2.133
071600	41.87138	81.08232	89.0	935.8	10660.0	0.0
071620	41.872158	81.018558	89.0	937.064516	10660.0	0.0
071640	41.872739	80.955139	89.0	937.709677	10660.0	0.0
071700	41.873355	80.892677	89.0	939.064516	10660.0	0.0
071720	41.874	80.831	89.0	941.0	10660.0	0.0
071740	41.8746	80.768067	89.0	943.666667	10660.0	5.333
071800	41.8752	80.704667	89.0	945.333333	10662.667	8.0
071820	41.8758	80.6408	89.0	946.0	10668.0	8.0
071840	41.876267	80.577133	89.0	947.333333	10668.0	2.667
071900	41.876767	80.514233	89.333333	949.666667	10668.0	2.667
071920	41.8773	80.4521	90.0	953.0	10668.0	8.0
071940	41.877633	80.386833	89.333333	953.0	10673.333	8.0
072000	41.877994	80.322265	89.322581	953.322581	10676.0	5.419
072020	41.878381	80.258394	89.967742	953.967742	10676.0	0.258
072040	41.878653	80.196553	90.0	954.0	10676.0	0.0
072100	41.87889	80.13356	90.0	954.0	10676.0	-2.4
072120	41.87909	80.069027	90.0	954.0	10676.0	-7.733
072140	41.87929	80.005697	90.0	954.0	10670.933	-8.0
072200	41.87943	79.94156	90.0	954.0	10668.0	-5.6
072220	41.879497	79.87636	90.0	954.0	10668.0	-0.267
072240	41.879247	79.812427	91.266667	954.0	10668.0	0.0
072300	41.87754	79.74919	92.9	954.0	10668.0	0.0
072320	41.874073	79.686723	94.9	954.0	10668.0	0.0
072340	41.86991	79.623117	95.0	955.266667	10668.0	0.0
072400	41.86568	79.55972	95.0	956.6	10668.0	0.0
072420	41.861413	79.496653	95.0	957.933333	10668.0	0.0
072440	41.85721	79.434727	95.0	958.0	10668.0	0.0
072500	41.8528	79.37037	95.0	958.3	10668.0	0.0
072520	41.848133	79.30297	95.0	958.966667	10668.0	0.0
072540	41.843847	79.241333	95.633333	960.266667	10668.0	0.0
072600	41.839497	79.178219	95.709677	961.0	10668.0	0.0
072620	41.835045	79.112929	95.064516	961.0	10668.0	0.0
072640	41.83046	79.04808	95.6	961.6	10668.0	4.8
072700	41.82578	78.983333	96.0	963.333333	10670.133	8.0
072720	41.82098	78.918667	96.0	966.666667	10675.467	8.0
072740	41.81642	78.85652	96.0	967.0	10676.0	3.2
072800	41.81178	78.793133	96.0	966.733333	10676.0	0.0
072820	41.80698	78.727467	96.0	966.066667	10676.0	0.0
072840	41.80224	78.66342	96.0	966.6	10676.0	-4.8
072900	41.797507	78.59958	96.0	966.733333	10673.867	-8.0
072920	41.792773	78.53578	96.0	966.066667	10668.533	-8.0
072940	41.78798	78.4721	96.0	966.0	10668.0	-8.0
073000	41.7831	78.40838	96.0	966.266667	10665.867	-8.0
073020	41.7781	78.34458	96.0	966.933333	10660.533	-8.0
073040	41.7731	78.28042	96.0	968.2	10660.0	1.6
073100	41.768073	78.21654	96.0	968.466667	10662.133	8.0
073120	41.763007	78.15314	96.0	967.133333	10667.467	8.0
073140	41.75788	78.08938	96.0	968.2	10668.0	8.0
073200	41.752667	78.0247	96.0	968.466667	10670.133	8.0
073220	41.747333	77.9587	96.0	967.133333	10675.467	8.0
073240	41.74224	77.8957	96.0	967.0	10676.0	-1.6
073300	41.737058	77.832087	96.0	967.0	10673.935	-8.0
073320	41.731703	77.767055	96.0	967.0	10668.774	-8.0
073340	41.726197	77.700803	96.0	967.0	10668.0	-3.467
073400	41.72078	77.63597	96.233333	967.0	10668.0	0.0
073420	41.71558	77.57417	96.9	967.0	10668.0	0.0
073440	41.710097	77.51016	97.0	967.0	10668.0	-4.533
073500	41.704587	77.44618	97.0	967.7	10666.133	-8.0
073520	41.69912	77.38298	97.0	969.7	10660.8	-8.0
073540	41.693597	77.318817	97.0	970.0	10660.0	-0.067
073600	41.68707	77.255007	98.139535	969.348837	10661.302	6.163
073620	41.678698	77.19217	101.395349	967.488372	10665.023	6.628
073640	41.669231	77.129377	104.769231	964.769231	10668.0	5.923
073700	41.655385	77.066762	108.615385	958.615385	10668.0	0.538
073720	41.63936	77.00638	109.6	958.0	10668.0	4.8
073740	41.623013	76.94598	110.0	957.466667	10670.133	8.0
073800	41.606547	76.88518	110.0	956.133333	10675.467	8.0
073820	41.59068	76.8272	110.0	956.0	10676.0	-1.6
073840	41.57464	76.768733	110.0	956.0	10673.867	-8.0
073900	41.55824	76.709067	110.0	956.0	10668.533	-8.0
073920	41.5413	76.64724	110.0	957.2	10668.0	-3.2
073940	41.52478	76.587093	110.0	957.466667	10668.0	-2.133
074000	41.50898	76.529827	110.0	956.133333	10668.0	-7.467
074020	41.49228	76.4692	110.0	957.8	10663.2	-8.0
074040	41.47556	76.40876	110.0	959.533333	10660.0	-5.867
074100	41.45896	76.34916	110.0	960.866667	10660.0	-0.533
074120	41.4423	76.28938	110.0	961.6	10660.0	-132.6
074140	41.425767	76.230247	110.0	961.2	10601.067	-324.733
074200	41.409433	76.172113	110.0	959.2	10453.733	-584.067
074220	41.39292	76.1132	110.6	959.0	10206.2	-706.0
074240	41.375853	76.052413	111.0	958.733333	9949.4	-763.867
074300	41.357987	75.988947	111.0	958.066667	9695.4	-748.533
074320	41.34132	75.92992	111.0	955.0	9450.4	-742.2
074340	41.32492	75.872027	111.0	951.133333	9204.533	-731.0
074400	41.30872	75.815093	111.0	946.466667	8955.867	-711.0
074420	41.29198	75.75624	111.0	938.2	8729.4	-683.8
074440	41.274719	75.698457	111.571429	928.809524	8506.619	-667.0
074500	41.256767	75.6426	113.0	918.333333	8285.667	-667.0
074520	41.23868	75.58696	114.0	908.0	8063.8	-669.2
074540	41.22028	75.531827	114.0	898.0	7839.8	-676.533
074600	41.202093	75.477493	114.0	889.6	7612.067	-670.0
074620	41.18408	75.4237	114.0	880.0	7388.0	-617.2
074640	41.166347	75.3707	114.0	866.666667	7174.667	-464.533
074700	41.14888	75.31882	114.0	859.733333	7071.2	-270.267
074720	41.131358	75.266906	114.0	856.0	7015.097	-103.968
074740	41.113552	75.214261	114.0	856.0	7005.419	-27.194
074800	41.09605	75.16265	114.0	857.5	7006.5	0.0
074820	41.0787	75.111533	114.0	859.0	7010.0	6.667
074840	41.0615	75.060867	114.0	859.0	7010.0	1.333
074900	41.04445	75.0109	114.0	858.5	7010.0	0.0
074920	41.02707	74.959933	113.814815	858.555556	7010.0	0.0
074940	41.008552	74.905267	113.074074	860.777778	7010.0	0.0
075000	40.996157	74.8548	104.428571	870.428571	7010.0	0.0
075020	40.988718	74.797105	100.763158	874.236842	7010.0	0.0
075040	40.982034	74.738053	98.131579	876.868421	7010.0	0.0
075100	40.975873	74.68152	98.0	875.733333	7010.0	-57.633
075120	40.96968	74.62503	98.0	875.0	6982.7	-184.9
075140	40.963413	74.56843	98.0	875.0	6922.033	-393.567
075200	40.95702	74.51031	98.0	868.033333	6721.4	-543.967
075220	40.95077	74.45358	98.0	858.3	6513.1	-592.9
075240	40.944703	74.398647	98.0	845.633333	6304.433	-521.567
075300	40.938637	74.344663	98.0	824.733333	6163.533	-405.9
075320	40.932672	74.292356	99.44	799.68	6049.84	-319.04
075340	40.924737	74.2421	106.631579	767.157895	5961.158	-270.947
075400	40.906955	74.196009	125.060606	726.878788	5866.788	-245.03
075420	40.884773	74.161645	129.30303	698.393939	5801.939	-277.152
075440	40.86298	74.1283	131.0	680.6	5696.8	-390.4
075500	40.841427	74.095547	130.933333	669.533333	5555.133	-557.733
075520	40.819693	74.062013	130.266667	654.866667	5326.467	-725.067
075540	40.79868	74.02968	130.4	649.0	5055.0	-816.4
075600	40.778073	73.998093	131.0	648.466667	4758.133	-848.933
075620	40.756807	73.966027	131.0	643.133333	4489.467	-808.267
075640	40.73542	73.93392	131.0	639.4	4226.4	-737.2
075700	40.71402	73.901893	131.0	635.6	3975.2	-651.467
075720	40.69322	73.870827	131.0	621.6	3797.2	-616.133
075740	40.67314	73.84096	131.4	608.4	3592.0	-650.4
075800	40.65334	73.81172	132.08	596.52	3364.76	-725.0
075820	40.63174	73.78092	132.88	591.72	3102.36	-745.0
075840	40.612237	73.753747	133.566667	584.2	2860.133	-673.767
075900	40.592683	73.726933	134.0	578.766667	2644.567	-593.667
075920	40.57235	73.6996	134.0	578.1	2471.9	-527.0
075940	40.554719	73.667494	114.625	575.1875	2298.5	-578.188
080000	40.551313	73.632963	89.625	561.125	2081.625	-653.188
080020	40.5558	73.596875	77.1875	555.875	1873.938	-533.562
080040	40.564935	73.563912	64.294118	548.117647	1720.706	-421.294
080100	40.577711	73.533447	60.157895	540.105263	1589.263	-314.211
080120	40.591843	73.501619	59.190476	517.952381	1508.476	-275.143
080140	40.607322	73.478489	35.888889	486.333333	1405.111	-334.889
080200	40.6277	73.4696	0.0	454.0	1288.0	-223.0
080220	40.6509	73.4732	281.6	422.0	1244.8	-186.2
080240	40.671305	73.476547	352.789474	403.736842	1174.0	-64.895
080300	40.69039	73.479884	352.548387	395.967742	1202.355	-31.387
080320	40.710519	73.483432	351.903226	393.064516	1174.29	-46.226
080340	40.730648	73.486981	351.258065	390.16129	1146.226	-61.065
080400	40.74785	73.495075	326.25	372.5	1135.0	-16.75
080420	40.758367	73.513478	299.333333	359.888889	1135.0	0.0
080440	40.7659	73.5327	297.0	330.0	1135.0	-98.0
080500	40.773233	73.5512	297.0	307.5	1078.333	-228.0
080520	40.779957	73.569148	295.47619	297.666667	974.048	-361.429
080540	40.786361	73.587296	292.391304	301.217391	835.435	-442.609
080600	40.788167	73.6066	263.0	320.0	675.667	-425.333
080620	40.7815	73.623887	233.25	331.5	558.5	-159.875
080640	40.7707	73.64125	231.642857	333.928571	538.714	-63.929
080700	40.759589	73.658778	229.777778	335.555556	529.111	-18.889
080720	40.746866	73.673414	221.37931	340.965517	526.0	-37.31
080740	40.732974	73.685968	211.842105	344.052632	516.368	-102.368
080800	40.718643	73.697329	211.0	318.285714	446.429	-229.429
080820	40.706357	73.706971	211.0	294.714286	353.571	-161.571
080840	40.693294	73.717267	211.0	277.363636	350.758	-235.909
080900	40.682233	73.725933	211.0	271.0	248.333	-255.0
080920	40.671173	73.7346	211.0	264.636364	145.909	-274.091
080940	40.660112	73.743267	211.0	258.272727	43.485	-293.182
