033811	33.9361	118.4169	263.0	315.0	145.0	0.0
033831	33.933175	118.43635	256.75	335.0	352.5	532.5
033851	33.92445	118.4546	231.5	369.5	495.5	371.5
033911	33.91085	118.47075	223.5	407.0	604.0	326.75
033931	33.894089	118.489005	220.473684	461.315789	715.105	393.368
033951	33.8743	118.5019	196.0	492.0	869.0	646.0
034011	33.849508	118.505896	185.88	501.36	1139.96	839.2
034031	33.824228	118.508536	185.08	503.76	1426.36	847.2
034051	33.79926	118.51084	185.0	505.8	1707.0	842.0
034111	33.773767	118.51324	185.0	509.666667	1986.733	815.333
034131	33.747433	118.51584	185.0	516.333333	2266.067	758.667
034151	33.7227	118.5167	175.0	523.0	2477.0	686.0
034211	33.699912	118.504587	143.5	503.875	2732.625	766.75
034231	33.685414	118.478729	117.714286	503.714286	2975.0	559.571
034251	33.676462	118.448824	113.428571	529.428571	3138.333	481.476
034311	33.66742	118.418647	110.0	556.666667	3290.333	405.533
034331	33.65802	118.38738	110.0	590.0	3397.0	338.2
034351	33.64785	118.350875	103.875	621.0	3502.5	480.75
034411	33.645986	118.312671	97.428571	636.0	3686.143	546.429
034431	33.645081	118.274529	91.238095	649.333333	3878.524	593.571
034451	33.644847	118.23698	90.0	656.266667	4087.667	627.0
034511	33.6448	118.19872	90.0	661.0	4302.4	640.4
034531	33.6448	118.158453	90.0	664.333333	4520.4	615.067
034551	33.6448	118.1184	90.0	671.933333	4714.4	601.467
034611	33.6448	118.0782	90.0	678.2	4908.6	595.6
034631	33.6448	118.037533	90.0	678.866667	5117.267	600.933
034651	33.644693	117.995587	90.0	683.266667	5313.133	594.0
034711	33.64458	117.95418	90.0	687.0	5507.4	579.4
034731	33.644513	117.91478	90.0	687.0	5705.4	554.067
034751	33.644447	117.873833	90.0	689.666667	5879.4	551.133
034811	33.644533	117.831433	89.0	691.333333	6060.333	539.667
034831	33.647426	117.788644	84.948718	691.641026	6248.128	494.744
034851	33.65399	117.749003	79.820513	695.74359	6400.949	449.103
034911	33.6612	117.70836	77.0	701.6	6542.0	399.7
034931	33.6692	117.666493	77.0	709.6	6668.667	345.7
034951	33.677137	117.62488	77.0	718.866667	6771.9	304.367
035011	33.68519	117.58289	77.0	729.4	6866.7	291.0
035031	33.69339	117.540423	77.0	741.4	6952.7	311.0
035051	33.701527	117.49745	77.0	747.066667	7072.9	307.567
035111	33.7099	117.45322	77.0	756.3	7176.6	291.2
035131	33.718567	117.407487	77.0	770.3	7257.933	260.533
035151	33.727043	117.363843	76.366667	779.866667	7348.767	278.0
035211	33.736484	117.318963	75.763158	788.078947	7444.237	290.658
035231	33.747116	117.272437	75.236842	794.921053	7544.763	294.342
035251	33.757767	117.225027	75.0	801.666667	7642.8	290.867
035311	33.76839	117.17708	75.0	808.266667	7738.567	282.267
035331	33.77819	117.13268	75.0	813.6	7829.9	287.6
035351	33.788357	117.086337	75.0	818.2	7927.1	278.633
035411	33.798817	117.038467	75.0	822.433333	8027.567	259.267
035431	33.80915	116.9918	75.0	831.1	8098.9	264.6
035451	33.81985	116.94286	75.0	836.833333	8189.667	261.133
035511	33.830833	116.892153	75.0	840.366667	8294.033	250.267
035531	33.8415	116.84322	75.0	847.7	8354.7	235.6
035551	33.852203	116.793993	75.366667	853.566667	8432.233	256.867
035611	33.862943	116.74449	75.966667	858.0	8524.6	304.5
035631	33.87381	116.69429	75.3	858.0	8636.6	294.5
035651	33.88442	116.645227	75.366667	860.2	8731.733	281.567
035711	33.894843	116.59696	76.0	864.1	8813.833	266.233
035731	33.90571	116.54616	76.0	866.1	8910.5	250.9
035751	33.916577	116.495213	76.0	869.933333	8990.3	227.133
035811	33.927437	116.444187	76.0	875.333333	9056.3	200.3
035831	33.93817	116.39392	76.0	882.0	9122.3	246.3
035851	33.949197	116.342113	76.0	883.9	9213.233	275.433
035911	33.96043	116.289207	76.0	881.833333	9323.067	284.667
035931	33.97103	116.23934	76.0	878.5	9404.4	178.0
035951	33.981777	116.188593	76.0	875.166667	9443.933	85.267
040011	33.992647	116.137123	76.0	872.0	9449.0	7.733
040031	34.00358	116.08559	76.0	872.0	9449.0	2.4
040051	34.014403	116.03435	76.0	872.733333	9449.0	0.0
040111	34.02511	115.98345	76.0	874.033333	9449.0	0.0
040131	34.03531	115.93445	76.0	874.7	9449.0	0.0
040151	34.045913	115.883397	76.0	876.833333	9449.0	5.5
040211	34.05685	115.830643	76.0	880.066667	9449.5	15.0
040231	34.06785	115.77751	76.0	881.4	9459.5	15.0
040251	34.07852	115.7261	76.0	881.266667	9464.0	9.5
040311	34.08894	115.67599	76.0	879.833333	9464.0	-0.467
040331	34.09974	115.62379	76.0	876.5	9464.0	-9.8
040351	34.110219	115.572889	76.0	870.243243	9459.541	-14.0
040411	34.120435	115.523051	76.0	861.594595	9451.432	-14.0
040431	34.13064	115.473333	76.0	857.6	9449.0	-7.467
040451	34.140867	115.423467	76.0	856.0	9449.0	0.0
040511	34.1512	115.3728	76.0	856.0	9449.0	0.0
040531	34.16144	115.3226	76.0	856.933333	9449.0	3.733
040551	34.171587	115.27272	76.0	857.6	9449.933	6.933
040611	34.18152	115.22332	76.0	855.6	9454.6	1.6
040631	34.191593	115.1735	76.0	853.133333	9452.733	0.0
040651	34.201713	115.1235	76.0	850.866667	9449.933	0.0
040711	34.21178	115.0735	76.0	850.2	9454.6	0.0
040731	34.22166	115.024293	76.0	848.6	9452.733	-7.0
040751	34.2315	114.975213	76.133333	847.0	9447.933	-15.0
040811	34.2415	114.92528	76.8	847.0	9442.6	-15.0
040831	34.251127	114.877027	77.0	847.0	9437.733	-8.0
040851	34.2607	114.82888	77.0	847.133333	9434.933	1.067
040911	34.2707	114.77828	77.0	847.8	9439.6	6.4
040931	34.280653	114.7281	77.0	848.0	9441.0	11.267
040951	34.2906	114.677967	77.0	847.866667	9443.0	16.067
041011	34.3006	114.6273	77.0	847.2	9453.0	21.4
041031	34.310465	114.5771	77.0	843.83871	9459.613	15.774
041051	34.320159	114.527672	77.0	839.71875	9464.0	5.688
041111	34.329222	114.481484	77.0	837.84375	9464.0	-3.062
041131	34.3388	114.432313	77.0	835.935484	9461.161	-9.839
041151	34.3488	114.3807	77.0	834.0	9456.0	-15.0
041211	34.358467	114.331167	77.0	831.333333	9451.333	-15.0
041231	34.367867	114.282667	77.0	829.0	9446.333	-12.667
041251	34.377	114.2352	77.0	827.0	9441.0	-8.0
041311	34.386467	114.1864	77.0	825.0	9441.0	-2.667
041331	34.3959	114.137733	77.0	824.0	9441.0	2.667
041351	34.4053	114.0892	77.0	824.0	9441.0	8.0
041411	34.414397	114.041781	77.0	822.064516	9446.161	46.065
041431	34.42345	113.99446	77.0	824.9	9467.3	90.4
041451	34.43245	113.94726	77.0	833.566667	9507.967	142.4
041511	34.442083	113.897147	77.0	840.966667	9563.2	164.0
041531	34.45169	113.84655	77.0	846.5	9621.3	178.6
041551	34.461223	113.79555	77.0	849.833333	9681.967	186.6
041611	34.470648	113.746052	77.0	853.677419	9745.677	168.613
041631	34.48014	113.69584	77.0	858.933333	9800.267	147.667
041651	34.48974	113.64444	77.0	866.266667	9840.933	124.333
041711	34.49928	113.59376	77.0	871.8	9881.6	131.0
041731	34.508867	113.542867	77.0	877.4	9926.267	151.4
041751	34.518533	113.491533	77.0	883.4	9976.933	187.4
041811	34.52826	113.43936	77.0	884.0	10051.0	191.0
041831	34.538073	113.386613	77.0	886.133333	10117.267	184.867
041851	34.548007	113.333147	77.0	891.466667	10167.933	169.533
041911	34.55746	113.2822	77.0	893.8	10227.6	188.4
041931	34.567126	113.229916	77.258065	894.483871	10293.419	190.387
041951	34.57719	113.175206	77.903226	893.193548	10366.968	161.355
042011	34.58652	113.124047	78.0	897.533333	10404.067	150.2
042031	34.595953	113.0723	78.0	901.7	10447.1	159.233
042051	34.60582	113.0183	78.0	903.7	10513.1	199.9
042111	34.615573	112.964923	78.0	904.0	10583.633	171.433
042131	34.62533	112.9114	78.0	905.866667	10638.867	120.033
042151	34.63513	112.8574	78.0	911.2	10664.2	48.7
042211	34.644873	112.803457	78.0	910.3	10668.0	16.467
042231	34.654591	112.749588	78.0	909.0	10668.0	0.0
042251	34.664278	112.695837	78.0	909.0	10668.0	0.0
042311	34.674006	112.641513	78.0	906.580645	10668.0	0.0
042331	34.683733	112.587167	78.0	904.0	10668.0	-1.067
042351	34.6934	112.5335	78.0	904.0	10668.0	-6.4
042411	34.703916	112.479544	76.32	901.76	10663.52	-8.0
042431	34.71521	112.42697	74.7	899.4	10660.0	-3.2
042451	34.72701	112.376237	74.033333	898.066667	10660.0	7.467
042511	34.738683	112.325567	74.633333	898.0	10665.067	8.0
042531	34.75077	112.27274	75.0	898.0	10668.0	3.2
042551	34.76337	112.217273	75.0	898.0	10668.0	-7.467
042611	34.7754	112.164657	75.0	896.733333	10662.933	-8.0
042631	34.78728	112.11255	75.0	896.0	10660.0	-3.5
042651	34.799013	112.060883	75.0	896.0	10660.0	6.5
042711	34.810762	112.008959	75.0	896.0	10664.75	7.0
042731	34.822413	111.957513	75.0	896.466667	10668.0	5.367
042751	34.83388	111.90698	75.0	897.8	10668.0	0.7
042811	34.846348	111.85169	75.0	898.0	10668.0	0.0
042831	34.85872	111.79676	75.0	898.0	10668.0	1.6
042851	34.870453	111.744627	75.0	898.0	10668.0	6.933
042911	34.88192	111.693187	75.0	898.0	10672.267	3.733
042931	34.8936	111.64078	75.0	898.0	10674.4	-1.6
042951	34.905933	111.585713	75.0	898.0	10669.067	-6.933
043011	34.91768	111.533047	75.0	898.0	10668.0	-3.733
043031	34.92924	111.4812	75.0	898.4	10668.0	0.0
043051	34.940707	111.429867	75.0	899.733333	10668.0	0.0
043111	34.952227	111.377787	75.0	900.0	10668.0	0.0
043131	34.96386	111.32496	75.0	900.0	10668.0	0.0
043151	34.975727	111.270827	75.0	900.0	10668.0	0.0
043211	34.987593	111.216907	75.0	900.0	10668.0	0.0
043231	34.99936	111.16334	75.0	900.2	10668.0	0.0
043251	35.010893	111.110473	75.0	900.866667	10668.0	0.0
043311	35.022107	111.058887	75.0	901.0	10668.0	0.0
043331	35.03342	111.00688	75.0	901.6	10668.0	0.0
043351	35.045153	110.953147	75.0	903.6	10668.0	0.0
043411	35.05646	110.900853	75.0	904.0	10668.0	4.267
043431	35.067765	110.848474	75.0	904.0	10669.548	8.0
043451	35.079313	110.795055	75.0	904.0	10674.71	8.0
043511	35.09095	110.741	75.0	904.0	10676.0	4.0
043531	35.1025	110.6872	75.166667	904.0	10676.0	-1.333
043551	35.1137	110.6348	75.833333	904.0	10676.0	-6.667
043611	35.12525	110.5806	75.5	904.0	10672.0	-8.0
043631	35.1368	110.526333	75.166667	903.5	10668.0	-6.667
043651	35.148	110.473667	75.833333	901.5	10668.0	-1.333
043711	35.15925	110.42045	76.0	902.5	10668.0	-4.0
043731	35.170367	110.367867	76.0	904.0	10666.667	-6.667
043751	35.181033	110.317733	76.0	904.0	10661.333	-1.333
043811	35.19205	110.26535	76.0	904.0	10664.0	0.0
043831	35.203217	110.21205	76.0	904.333333	10666.667	0.0
043851	35.214483	110.15825	76.0	905.666667	10661.333	0.0
043911	35.22575	110.10445	76.0	907.0	10664.0	4.0
043931	35.237	110.0507	76.0	908.166667	10668.0	6.667
043951	35.2482	109.9971	76.0	908.833333	10668.0	1.333
044011	35.259758	109.941652	76.0	910.451613	10668.0	0.0
044031	35.271255	109.886258	76.0	912.258065	10668.0	1.032
044051	35.282029	109.833548	76.0	913.548387	10668.0	6.194
044111	35.29321	109.779177	76.0	915.3	10671.467	7.567
044131	35.304531	109.724269	76.0	917.0	10676.0	6.344
044151	35.315406	109.671394	76.0	917.0	10676.0	1.969
044211	35.326591	109.616938	76.0	917.0	10676.0	-2.406
044231	35.338028	109.561188	76.0	917.0	10676.0	-6.781
044251	35.34905	109.507379	76.0	918.117647	10671.529	-7.0
044311	35.3601	109.4532	76.0	919.0	10668.0	-5.833
044331	35.3713	109.3976	76.0	919.0	10668.0	-1.167
044351	35.38235	109.34285	76.0	919.0	10668.0	4.0
044411	35.393277	109.288661	76.0	918.677419	10669.29	8.0
044431	35.403987	109.235306	76.0	917.387097	10674.452	8.0
044451	35.414807	109.181547	76.0	915.6	10676.0	0.533
044511	35.4257	109.127293	76.0	914.0	10674.933	-8.933
044531	35.4367	109.07176	76.0	914.0	10669.6	-13.6
044551	35.447226	109.018926	76.0	914.0	10664.387	-15.0
044611	35.45762	108.96685	76.0	914.0	10659.3	-14.3
044631	35.46842	108.912517	76.0	914.0	10654.633	-9.633
044651	35.481132	108.8584	73.903226	912.741935	10653.0	-2.129
044711	35.494942	108.804507	71.046512	911.046512	10653.326	6.279
044731	35.50936	108.751577	71.511628	911.511628	10656.581	9.07
044751	35.523779	108.698647	71.976744	911.976744	10659.837	11.86
044811	35.538394	108.644997	72.0	914.96875	10664.75	13.781
044831	35.552987	108.5912	72.0	917.466667	10669.867	13.367
044851	35.56752	108.5372	72.0	918.8	10675.2	8.7
044911	35.58211	108.483313	72.0	920.133333	10676.0	3.467
044931	35.596568	108.429784	72.0	921.677419	10676.0	-1.806
044951	35.610761	108.376881	72.0	923.612903	10676.0	-6.968
045011	35.624587	108.325287	72.0	924.533333	10671.733	-3.733
045031	35.63852	108.27322	72.0	925.0	10669.6	1.6
045051	35.65292	108.219287	72.0	925.0	10674.933	6.933
045111	35.667853	108.16322	72.0	927.133333	10676.0	3.733
045131	35.68264	108.1076	72.0	928.0	10676.0	0.0
045151	35.696773	108.054267	72.0	924.666667	10676.0	0.0
045211	35.71112	108.0004	72.0	922.933333	10676.0	0.0
045231	35.72546	107.9465	72.0	922.0	10676.0	-1.6
045251	35.73966	107.892833	72.0	922.0	10676.0	-6.933
045311	35.753807	107.83922	72.0	922.0	10671.733	-8.0
045331	35.76792	107.7856	72.0	921.8	10668.0	-6.4
045351	35.781987	107.731933	72.0	921.133333	10668.0	-1.067
045411	35.796206	107.677794	72.0	919.967742	10668.0	0.0
045431	35.810433	107.6236	72.0	918.666667	10668.0	0.0
045451	35.824567	107.5696	72.0	917.333333	10668.0	0.0
045511	35.83805	107.51745	72.0	915.5	10668.0	0.0
045531	35.85155	107.465083	72.0	913.666667	10668.0	-1.333
045551	35.86575	107.410217	72.0	912.333333	10668.0	-6.667
045611	35.87975	107.356	72.0	913.0	10664.0	-8.0
045631	35.8936	107.30235	72.0	914.0	10660.0	-6.667
045651	35.9072	107.24975	72.0	914.0	10660.0	-1.333
045711	35.921245	107.195132	72.0	914.0	10660.0	3.871
045731	35.93528	107.14046	72.133333	914.0	10661.067	6.933
045751	35.94868	107.08826	72.8	914.0	10666.4	1.6
045811	35.962033	107.036153	73.0	915.4	10664.267	-3.733
045831	35.975447	106.9837	73.0	917.266667	10660.0	-5.867
045851	35.98918	106.9297	73.0	918.6	10660.0	4.8
045911	36.00268	106.87654	73.0	918.066667	10663.733	11.267
045931	36.016187	106.823287	73.0	917.0	10669.067	14.067
045951	36.03012	106.76822	73.0	917.0	10674.4	9.4
050011	36.043913	106.713713	73.0	917.933333	10676.0	4.267
050031	36.05758	106.65962	73.0	918.733333	10676.0	0.0
050051	36.07098	106.60622	73.0	917.4	10676.0	0.0
050111	36.084613	106.551747	73.0	915.6	10676.0	0.0
050131	36.098293	106.49708	73.0	913.733333	10676.0	-1.067
050151	36.11176	106.44348	73.0	912.4	10676.0	-6.4
050211	36.125133	106.390067	73.0	912.0	10672.267	-8.0
050231	36.138419	106.336794	73.0	911.870968	10668.0	-6.968
050251	36.151516	106.283761	73.0	911.225806	10668.0	-1.806
050311	36.164834	106.229734	73.0	910.1875	10668.0	-2.844
050331	36.178241	106.175291	73.0	909.058824	10667.765	-7.0
050351	36.191065	106.123115	73.0	910.235294	10663.059	-7.0
050411	36.204067	106.07037	73.0	910.533333	10660.0	-5.367
050431	36.2174	106.01657	73.0	909.2	10660.0	-0.7
050451	36.231187	105.960277	73.0	909.0	10660.0	0.0
050511	36.244647	105.905159	73.0	909.411765	10660.0	-1.441
050531	36.257353	105.853041	73.0	910.588235	10660.0	-5.559
050551	36.270271	105.79991	73.0	912.258065	10657.065	-4.065
050611	36.283312	105.746175	73.0	914.4375	10653.438	0.875
050631	36.296437	105.691925	73.0	918.8125	10657.812	9.625
050651	36.309909	105.636103	73.30303	921.909091	10662.424	14.303
050711	36.323727	105.578709	73.909091	923.727273	10667.273	14.909
050731	36.336623	105.525277	73.433333	924.566667	10672.533	15.0
050751	36.349559	105.471575	73.21875	926.09375	10677.531	13.25
050811	36.362872	105.416075	73.84375	929.21875	10681.906	8.25
050831	36.375974	105.361119	74.0	930.967742	10683.0	3.613
050851	36.38904	105.306247	74.0	931.733333	10683.0	-1.067
050911	36.40224	105.25098	74.0	930.4	10683.0	-6.4
050931	36.415207	105.196273	74.0	930.0	10679.733	-8.0
050951	36.42806	105.141887	74.0	929.866667	10676.0	-8.0
051011	36.44086	105.08782	74.0	929.2	10676.0	-8.0
051031	36.454173	105.03142	74.0	929.466667	10672.267	-11.267
051051	36.467667	104.97442	73.733333	930.0	10666.933	-14.2
051111	36.481	104.91902	72.4	930.0	10661.6	-10.2
051131	36.495684	104.866221	69.052632	926.315789	10660.0	-2.368
051151	36.513636	104.813982	67.090909	925.0	10660.0	0.0
051211	36.53254	104.7615	66.0	925.0	10660.0	0.533
051231	36.55194	104.7085	66.0	925.0	10660.0	5.867
051251	36.57118	104.65578	66.0	925.0	10663.2	10.8
051311	36.590327	104.603227	66.0	925.266667	10668.533	14.533
051331	36.609593	104.550493	66.0	927.933333	10673.867	9.867
051351	36.6285	104.49848	66.0	927.4	10676.0	1.6
051411	36.64716	104.446967	66.0	925.0	10675.467	-8.0
051431	36.66576	104.395633	66.0	925.0	10670.133	-8.0
051451	36.68464	104.34358	66.0	925.0	10668.0	-4.8
051511	36.703707	104.291027	66.0	924.933333	10668.0	-0.533
051531	36.722773	104.238293	66.0	924.266667	10668.0	-5.867
051551	36.74212	104.18464	66.0	924.4	10664.8	-4.8
051611	36.76154	104.13068	66.0	925.0	10660.533	0.0
051631	36.77994	104.07948	66.0	925.0	10665.867	0.0
051651	36.79838	104.02812	66.0	925.0	10664.8	-3.2
051711	36.81688	103.976547	66.0	925.0	10660.0	-6.933
051731	36.83568	103.924013	66.0	925.0	10660.0	3.733
051751	36.85448	103.87128	66.0	926.6	10663.2	8.0
051811	36.873273	103.818427	66.0	929.066667	10668.0	7.467
051831	36.892007	103.765693	66.0	929.733333	10668.0	2.133
051851	36.9109	103.7124	66.0	930.8	10668.0	0.0
051911	36.929893	103.65876	66.0	932.066667	10668.0	0.533
051931	36.948827	103.60536	66.0	932.733333	10668.0	5.867
051951	36.967316	103.553032	66.0	933.0	10671.097	8.0
052011	36.985583	103.501207	66.0	933.0	10676.0	7.733
052031	37.00525	103.44534	66.0	933.0	10676.0	2.4
052051	37.023853	103.392407	66.366667	933.0	10676.0	0.0
052111	37.041633	103.341727	66.966667	932.9	10676.0	0.0
052131	37.0603	103.28826	66.3	930.9	10676.0	0.0
052151	37.07893	103.234757	66.366667	929.633333	10676.0	-2.933
052211	37.097563	103.181157	66.966667	928.866667	10675.733	-8.0
052231	37.11683	103.12629	66.3	926.2	10670.4	-8.0
052251	37.1354	103.073142	66.354839	924.645161	10668.0	-7.645
052311	37.1534	103.0214	67.0	924.0	10668.0	-7.0
052331	37.1714	102.969206	67.0	924.0	10662.839	-7.645
052351	37.18988	102.91572	67.0	924.0	10660.0	-5.6
052411	37.208947	102.860653	67.0	924.0	10660.0	-0.267
052431	37.22738	102.80717	67.0	924.633333	10660.0	0.0
052451	37.245436	102.7547	67.0	926.090909	10660.0	0.0
052511	37.263073	102.703367	67.0	928.515152	10660.0	0.0
052531	37.28116	102.65054	67.0	929.533333	10660.0	-59.733
052551	37.299261	102.597545	67.0	930.0	10637.935	-143.161
052611	37.317132	102.545029	67.0	930.0	10564.387	-247.032
052631	37.335777	102.490094	67.0	930.0	10464.71	-322.355
052651	37.3543	102.435473	67.0	927.2	10349.6	-381.933
052711	37.3713	102.38534	67.0	913.2	10207.6	-416.6
052731	37.389607	102.331473	67.0	901.533333	10065.6	-434.0
052751	37.408127	102.276993	67.0	891.533333	9921.467	-434.933
052811	37.42526	102.22646	67.0	884.2	9768.8	-399.6
052831	37.442393	102.175787	67.0	878.266667	9648.333	-335.333
052851	37.459487	102.125147	67.0	873.733333	9547.8	-252.667
052911	37.47642	102.07488	67.0	872.4	9471.8	-146.0
052931	37.49354	102.023773	67.0	876.666667	9449.0	-60.8
052951	37.510713	101.9724	67.0	882.0	9449.0	0.0
053011	37.52778	101.9214	67.0	882.0	9449.0	0.0
053031	37.544893	101.870073	67.0	882.0	9449.0	0.0
053051	37.561907	101.818927	67.0	882.0	9449.0	0.0
053111	37.57844	101.76906	67.0	882.0	9449.0	0.0
053131	37.595207	101.71854	67.466667	881.066667	9449.0	0.0
053151	37.612106	101.667603	68.0	880.0	9449.0	0.0
053211	37.629139	101.616119	68.0	880.0	9449.0	0.0
053231	37.64615	101.564603	68.0	880.0	9449.0	0.0
053251	37.66313	101.51313	68.0	880.2	9449.0	-0.8
053311	37.679997	101.461997	68.0	881.533333	9449.0	-6.133
053331	37.69695	101.410257	68.0	882.0	9445.533	-4.533
053351	37.71374	101.35887	68.0	882.0	9441.8	0.8
053411	37.72934	101.311337	68.0	882.0	9447.133	6.133
053431	37.746067	101.260337	68.0	882.0	9449.0	4.533
053451	37.76332	101.20765	68.0	882.0	9449.0	0.0
053511	37.78012	101.155983	68.0	882.0	9449.0	0.0
053531	37.796443	101.105747	68.0	882.0	9449.0	-3.467
053551	37.812703	101.055668	68.0	882.290323	9448.226	-8.0
053611	37.830058	101.002119	68.0	884.225806	9443.065	-8.0
053631	37.84708	100.94938	68.0	885.8	9441.0	-1.6
053651	37.863907	100.897107	68.0	887.066667	9441.533	8.0
053711	37.880973	100.844173	68.0	887.733333	9446.867	8.0
053731	37.89772	100.79212	68.0	889.6	9449.0	4.8
053751	37.914307	100.740633	67.933333	892.0	9449.0	0.0
053811	37.931373	100.688967	67.266667	892.0	9449.0	0.0
053831	37.948574	100.6383	67.0	892.387097	9449.0	0.0
053851	37.965917	100.588117	67.0	893.533333	9449.0	0.0
053911	37.98425	100.53445	67.0	904.2	9449.0	0.0
053931	38.002327	100.481223	67.0	910.833333	9449.0	0.0
053951	38.020219	100.428277	67.0	914.096774	9449.0	0.0
054011	38.038606	100.373826	67.0	916.032258	9449.0	0.0
054031	38.056477	100.320987	67.0	917.645161	9449.0	0.0
054051	38.073832	100.269761	67.0	918.935484	9449.0	0.0
054111	38.09161	100.21685	67.0	919.0	9449.0	0.0
054131	38.10971	100.16289	67.0	919.6	9449.0	0.0
054151	38.128177	100.107757	67.0	920.933333	9449.0	0.0
054211	38.144933	100.057563	67.0	921.0	9449.0	0.0
054231	38.16265	100.00451	67.0	921.0	9449.0	0.0
054251	38.18165	99.947643	67.0	921.0	9449.0	0.0
054311	38.199637	99.893437	67.0	921.633333	9449.0	5.067
054331	38.21769	99.83904	67.0	921.7	9451.1	5.6
054351	38.23589	99.78424	67.0	921.033333	9455.767	0.267
054411	38.253393	99.731213	67.0	921.633333	9451.567	-5.067
054431	38.27053	99.67933	67.0	922.0	9449.0	-7.7
054451	38.287263	99.62873	67.0	922.0	9449.0	-7.033
054511	38.305144	99.574341	67.558824	922.0	9444.529	-7.0
054531	38.323277	99.519126	67.83871	922.322581	9441.0	-5.871
054551	38.341987	99.462029	67.193548	923.612903	9441.0	-1.355
054611	38.360153	99.4064	67.0	924.466667	9441.0	0.0
054631	38.377816	99.352284	67.129032	925.516129	9441.0	1.032
054651	38.394397	99.301703	67.774194	928.096774	9441.0	6.194
054711	38.411987	99.247687	68.0	929.0	9444.467	11.033
054731	38.4301	99.19187	68.0	929.1	9449.7	15.0
054751	38.4481	99.136337	68.0	929.766667	9454.367	15.0
054811	38.465797	99.081583	68.0	929.566667	9459.467	11.967
054831	38.4834	99.027	68.0	929.0	9464.0	6.4
054851	38.5014	98.971	68.0	929.0	9464.0	-4.267
054911	38.51888	98.91643	68.0	927.266667	9460.533	-11.033
054931	38.53599	98.86293	68.0	925.0	9455.3	-13.5
054951	38.55259	98.81113	68.0	925.0	9450.633	-3.5
055011	38.56997	98.756773	68.0	923.7	9452.033	3.467
055031	38.587723	98.701135	68.0	921.903226	9456.0	7.226
055051	38.605206	98.646039	68.0	921.258065	9456.0	2.065
055111	38.62272	98.59096	68.0	918.2	9456.0	-6.0
055131	38.640113	98.536303	68.0	913.806452	9455.032	-15.387
055151	38.656242	98.485335	68.0	911.870968	9445.355	-19.258
055211	38.673271	98.431535	68.0	910.029412	9438.735	-16.471
055231	38.691035	98.375418	68.0	908.264706	9434.618	-8.235
055251	38.708309	98.320622	68.0	908.53125	9434.0	4.688
055311	38.725333	98.2665	68.0	909.333333	9436.5	15.0
055331	38.741867	98.2137	68.0	910.666667	9446.5	15.0
055351	38.7587	98.1598	68.0	912.5	9449.0	11.5
055411	38.775583	98.105683	68.0	914.5	9450.167	8.0
055431	38.792317	98.052017	68.0	916.5	9454.833	8.0
055451	38.809	97.9983	68.0	917.0	9456.0	4.0
055511	38.825767	97.944217	68.166667	917.333333	9456.0	0.0
055531	38.842833	97.889083	68.833333	918.666667	9456.0	0.0
055551	38.859729	97.834703	68.516129	919.967742	9456.0	0.0
055611	38.876533	97.78056	68.133333	921.133333	9456.0	0.0
055631	38.8932	97.72636	68.8	921.8	9456.0	0.0
055651	38.910692	97.670038	67.923077	921.461538	9456.0	0.0
055711	38.929246	97.614838	65.769231	918.846154	9456.0	0.0
055731	38.948973	97.562733	63.0	913.866667	9456.0	0.0
055751	38.969707	97.511067	63.0	912.533333	9456.0	0.0
055811	38.99056	97.4588	63.0	914.0	9456.0	-3.2
055831	39.011447	97.406253	63.0	917.0	9455.533	-8.0
055851	39.031913	97.354787	63.0	917.0	9450.867	-8.0
055911	39.05258	97.30288	63.0	917.8	9449.0	-4.8
055931	39.073433	97.250513	63.0	919.133333	9449.0	0.0
055951	39.094767	97.196647	63.0	920.466667	9449.0	0.0
060011	39.11538	97.1445	63.0	921.0	9449.0	0.0
060031	39.13562	97.093207	63.0	921.066667	9449.0	0.0
060051	39.15682	97.039273	63.0	921.733333	9449.0	0.0
060111	39.17782	96.9859	63.0	922.8	9449.0	0.0
060131	39.19872	96.932807	63.0	924.066667	9449.0	0.533
060151	39.21992	96.878873	63.0	924.733333	9449.0	5.867
060211	39.24072	96.8257	63.0	926.6	9451.8	8.0
060231	39.261253	96.773033	63.0	929.0	9456.0	6.933
060251	39.281787	96.720367	63.0	929.0	9456.0	-3.733
060311	39.30256	96.66714	63.0	929.0	9453.2	-8.0
060331	39.32354	96.613387	63.066667	929.066667	9449.0	-8.0
060351	39.34494	96.558253	63.733333	929.733333	9449.0	-8.0
060411	39.36538	96.50552	64.0	930.8	9445.8	-4.8
060431	39.385273	96.454107	64.0	932.066667	9441.533	0.533
060451	39.406007	96.400173	64.0	932.733333	9446.867	5.867
060511	39.42738	96.34476	64.0	933.8	9449.0	4.8
060531	39.448973	96.288867	64.0	935.0	9449.0	0.0
060551	39.468707	96.237533	64.0	935.0	9449.0	0.0
060611	39.489	96.18444	64.0	936.2	9449.0	0.0
060631	39.5097	96.130087	64.0	938.2	9449.0	0.0
060651	39.5307	96.074953	64.0	940.2	9449.0	0.0
060711	39.55142	96.02058	64.0	941.8	9449.0	0.0
060731	39.57204	95.96644	64.0	943.0	9449.0	0.0
060751	39.59344	95.90984	64.0	943.0	9449.0	0.0
060811	39.61396	95.85556	64.0	943.0	9449.0	0.0
060831	39.63394	95.8027	64.0	943.0	9449.0	0.0
060851	39.65434	95.7487	64.0	943.0	9449.0	0.0
060911	39.67522	95.6935	64.0	943.0	9449.0	0.0
060931	39.696387	95.63756	64.0	943.0	9449.0	0.0
060951	39.717253	95.58216	64.0	943.0	9449.0	0.0
061011	39.7378	95.52728	64.0	943.0	9449.0	3.2
061031	39.758113	95.472793	64.0	942.866667	9449.467	7.467
061051	39.778247	95.418727	64.0	941.533333	9454.133	2.133
061111	39.7989	95.36342	64.0	941.0	9453.2	-6.0
061131	39.819833	95.30744	64.0	941.0	9448.467	-14.533
061151	39.840167	95.25284	64.0	941.0	9443.133	-9.867
061211	39.86054	95.19788	64.0	941.0	9441.0	-1.6
061231	39.8809	95.142767	64.0	941.0	9441.533	8.0
061251	39.9009	95.088433	64.0	941.0	9446.867	8.0
061311	39.92074	95.03446	64.0	938.6	9449.0	8.0
061331	39.940527	94.98058	64.066667	935.0	9449.467	7.467
061351	39.960793	94.92538	64.733333	935.0	9454.133	2.133
061411	39.98014	94.8701	65.4	935.0	9453.2	0.0
061431	39.998858	94.814771	66.0	934.870968	9449.452	-0.516
061451	40.017439	94.759481	66.0	933.580645	9453.968	-5.677
061511	40.036543	94.703103	66.0	932.633333	9450.5	-10.567
061531	40.05603	94.64595	66.0	932.0	9441.0	-14.5
061551	40.07463	94.59095	66.0	932.0	9441.0	-4.5
061611	40.09334	94.53573	66.0	930.9	9441.0	0.0
061631	40.11211	94.4804	66.0	929.0	9441.0	0.0
061651	40.13031	94.4264	66.0	929.0	9441.0	0.0
061711	40.14895	94.371007	66.366667	929.0	9441.0	0.0
061731	40.16793	94.314517	67.0	929.0	9441.0	0.0
061751	40.18653	94.25885	67.0	929.0	9441.0	0.0
061811	40.205155	94.203	67.0	929.0	9441.0	2.839
061831	40.2238	94.147	67.0	929.0	9441.0	8.0
061851	40.2422	94.091533	67.0	929.0	9446.333	8.0
061911	40.260335	94.036929	67.0	929.322581	9449.0	5.419
061931	40.278206	93.983187	67.0	929.967742	9449.0	0.258
061951	40.297023	93.926413	67.0	930.0	9449.0	0.0
062011	40.31535	93.87101	67.0	929.7	9449.0	2.4
062031	40.333017	93.817477	67.0	929.033333	9449.0	7.733
062051	40.35176	93.76046	67.0	929.0	9453.433	8.0
062111	40.37032	93.70392	67.0	927.8	9456.0	5.6
062131	40.388587	93.648187	67.0	925.133333	9456.0	0.267
062151	40.406727	93.592643	67.0	925.0	9456.0	0.0
062211	40.42495	93.53687	67.0	924.7	9456.0	-2.4
062231	40.443283	93.480803	67.0	924.033333	9456.0	-7.733
062251	40.461617	93.42442	67.0	922.733333	9451.567	-8.0
062311	40.479568	93.369071	67.0	922.0	9449.0	-8.0
062331	40.497052	93.315006	67.0	922.0	9449.0	-8.0
062351	40.51506	93.25932	67.0	921.4	9444.2	-8.0
062411	40.533073	93.203507	67.0	921.266667	9441.0	-5.867
062431	40.551007	93.147773	67.0	921.933333	9441.0	-0.533
062451	40.56858	93.09282	67.0	922.0	9441.0	0.0
062511	40.586327	93.037313	67.0	922.533333	9441.0	0.0
062531	40.604393	92.980847	67.0	923.866667	9441.0	0.0
062551	40.62192	92.926	67.0	924.6	9441.0	100.8
062611	40.63968	92.870427	67.0	924.733333	9485.8	218.667
062631	40.65788	92.813493	67.0	924.066667	9597.8	345.333
062651	40.67578	92.75698	67.0	922.8	9723.0	344.2
062711	40.693433	92.70118	67.266667	922.533333	9837.667	312.6
062731	40.710767	92.64638	67.933333	923.866667	9934.333	256.6
062751	40.72876	92.58948	68.0	924.6	10008.2	168.8
062811	40.746693	92.532587	68.0	923.4	10052.867	85.733
062831	40.764427	92.476053	68.0	919.4	10057.533	15.067
062851	40.78174	92.4206	68.0	920.2	10058.0	3.2
062911	40.798873	92.36564	68.0	922.066667	10058.0	0.0
062931	40.815807	92.31124	68.0	924.733333	10058.0	0.0
062951	40.83352	92.25426	68.0	924.4	10058.0	0.0
063011	40.8514	92.196753	68.0	923.466667	10058.0	0.0
063031	40.8694	92.138887	68.0	922.133333	10058.0	0.0
063051	40.88698	92.08192	68.0	921.4	10058.0	-4.8
063111	40.904167	92.02628	68.0	921.0	10056.133	-8.0
063131	40.920833	91.97248	68.0	921.0	10051.467	-8.0
063151	40.93822	91.91586	68.0	921.6	10051.0	-3.2
063211	40.955553	91.859273	68.0	922.0	10051.0	2.133
063231	40.972687	91.803207	68.0	922.0	10051.0	7.467
063251	40.99054	91.74468	68.0	922.0	10055.2	8.0
063311	41.008047	91.687267	68.0	922.533333	10058.0	8.0
063331	41.024913	91.631933	68.0	923.866667	10058.0	8.0
063351	41.041406	91.577568	68.0	924.0	10062.645	3.355
063411	41.058213	91.522093	68.0	924.0	10064.133	-1.867
063431	41.07568	91.46436	68.0	924.0	10058.8	-7.2
063451	41.092863	91.407363	68.0	926.833333	10058.0	-8.0
063511	41.109903	91.350707	68.0	929.0	10056.367	-6.133
063531	41.12677	91.29444	68.0	929.0	10051.7	-0.8
063551	41.14409	91.236757	68.0	929.566667	10054.967	4.533
063611	41.16142	91.178893	68.0	930.466667	10058.0	8.0
063631	41.17862	91.12116	68.0	931.8	10058.0	8.0
063651	41.19582	91.063427	68.566667	932.566667	10062.533	8.0
063711	41.211923	91.005693	70.4	933.466667	10066.0	6.133
063731	41.22599	90.94796	74.4	934.8	10066.0	0.8
063751	41.236033	90.887025	77.361111	934.055556	10066.0	0.0
063811	41.245287	90.8257	80.0	933.0	10066.0	0.0
063831	41.25302	90.7677	80.0	933.0	10066.0	0.0
063851	41.261113	90.706932	80.0	933.0	10066.0	-2.839
063911	41.2695	90.6439	80.0	933.0	10066.0	-8.0
063931	41.277233	90.584967	80.0	932.333333	10060.667	-12.667
063951	41.2851	90.524733	80.0	932.333333	10055.667	-10.0
064011	41.2931	90.4632	80.0	933.0	10051.0	0.0
064031	41.300967	90.402733	80.0	933.0	10055.667	5.333
064051	41.308833	90.341933	80.0	933.0	10058.0	5.333
064111	41.3167	90.2808	80.0	933.0	10058.0	0.0
064131	41.324567	90.219333	80.0	934.333333	10058.0	-5.333
064151	41.3324	90.157867	80.0	935.666667	10055.667	-8.0
064211	41.3402	90.0964	80.0	937.0	10051.0	-8.0
064231	41.347867	90.035533	80.666667	937.666667	10051.0	-2.667
064251	41.355567	89.974233	81.0	939.666667	10051.0	5.0
064311	41.3633	89.9125	81.0	943.0	10051.0	15.0
064331	41.3709	89.851433	81.0	943.0	10061.0	15.0
064351	41.3786	89.789633	81.0	943.666667	10066.0	12.667
064411	41.3864	89.7271	81.0	945.0	10066.0	8.0
064431	41.3938	89.666567	81.0	945.0	10071.333	2.667
064451	41.401333	89.6049	81.0	944.333333	10071.333	-2.667
064511	41.409	89.5421	81.0	943.0	10066.0	-8.0
064531	41.4166	89.478967	81.0	941.666667	10066.0	-8.0
064551	41.423867	89.418333	81.0	941.0	10063.333	-10.333
064611	41.4308	89.3602	81.0	941.0	10058.0	-15.0
064631	41.4384	89.296733	81.0	941.0	10053.333	-10.333
064651	41.445867	89.233933	81.0	941.0	10051.0	-5.333
064711	41.4532	89.1718	81.0	941.0	10051.0	0.0
064731	41.4602	89.112267	81.0	941.0	10051.0	0.0
064751	41.4674	89.0507	81.0	942.333333	10051.0	0.0
064811	41.4748	88.9871	81.0	945.0	10051.0	0.0
064831	41.4818	88.927433	81.0	947.0	10051.0	60.667
064851	41.488967	88.865933	81.0	951.333333	10081.333	137.0
064911	41.4963	88.8026	81.0	958.0	10142.0	229.0
064931	41.5037	88.738333	81.0	963.333333	10233.333	279.667
064951	41.510967	88.6745	81.333333	963.666667	10335.0	307.333
065011	41.5181	88.6111	82.0	959.0	10447.0	312.0
065031	41.5251	88.548033	82.0	959.0	10543.667	251.333
065051	41.532067	88.4854	81.666667	957.333333	10617.333	172.667
065111	41.539	88.4232	81.0	954.0	10668.0	76.0
065131	41.546133	88.359133	81.666667	955.333333	10668.0	25.333
065151	41.553167	88.295567	82.0	956.0	10668.0	0.0
065211	41.5601	88.2325	82.0	956.0	10668.0	0.0
065231	41.566833	88.170433	82.0	957.333333	10668.0	0.0
065251	41.573567	88.108367	82.0	958.333333	10668.0	0.0
065311	41.5803	88.0463	82.0	959.0	10668.0	0.0
065331	41.5873	87.9807	82.0	959.0	10668.0	0.0
065351	41.594167	87.916133	82.0	959.666667	10668.0	2.667
065411	41.6009	87.8526	82.0	961.0	10668.0	8.0
065431	41.6075	87.7904	82.0	961.0	10673.333	8.0
065451	41.614033	87.728867	82.0	960.333333	10676.0	5.333
065511	41.6205	87.668	82.0	959.0	10676.0	0.0
065531	41.627433	87.6014	82.0	958.333333	10676.0	-5.333
065551	41.6341	87.5372	82.0	958.0	10673.333	-8.0
065611	41.6405	87.4754	82.0	958.0	10668.0	-8.0
065631	41.646967	87.412	82.0	958.0	10668.0	-8.0
065651	41.653267	87.349767	82.0	958.0	10665.333	-8.0
065711	41.6594	87.2887	82.0	958.0	10660.0	-8.0
065731	41.6658	87.225967	82.0	958.666667	10660.0	-2.667
065751	41.672133	87.162867	82.333333	958.666667	10660.0	0.0
065811	41.6784	87.0994	83.0	958.0	10660.0	0.0
065831	41.685	87.0324	83.0	960.0	10660.0	0.0
065851	41.691333	86.967833	83.0	961.333333	10660.0	0.0
065911	41.6974	86.9057	83.0	962.0	10660.0	0.0
065931	41.703667	86.842033	83.0	964.666667	10660.0	5.333
065951	41.709867	86.778267	83.0	966.333333	10662.667	10.333
070011	41.716	86.7144	83.0	967.0	10668.0	15.0
070031	41.722067	86.651	83.0	967.0	10673.333	10.333
070051	41.728067	86.5881	83.0	967.0	10676.0	5.333
070111	41.734	86.5257	83.0	967.0	10676.0	0.0
070131	41.740133	86.460167	83.0	967.0	10676.0	0.0
070151	41.746167	86.395433	83.0	967.0	10676.0	0.0
070211	41.7521	86.3315	83.0	967.0	10676.0	0.0
070231	41.758033	86.266433	83.0	967.0	10676.0	-5.333
070251	41.763767	86.203367	83.0	967.0	10673.333	-8.0
070311	41.7693	86.1423	83.0	967.0	10668.0	-8.0
070331	41.7753	86.0765	83.0	967.0	10668.0	-2.667
070351	41.781233	86.0112	83.0	967.666667	10668.0	-2.667
070411	41.7871	85.9464	83.0	969.0	10668.0	-8.0
070431	41.792833	85.881933	83.0	969.666667	10662.667	-8.0
070451	41.798467	85.817967	83.0	970.0	10660.0	-5.333
070511	41.804	85.7545	83.0	970.0	10660.0	0.0
070531	41.809733	85.688967	83.0	970.0	10660.0	5.333
070551	41.815367	85.624	83.0	970.666667	10662.667	8.0
070611	41.8209	85.5596	83.0	972.0	10668.0	8.0
070631	41.826233	85.496667	83.666667	972.0	10668.0	2.667
070651	41.8316	85.432767	84.0	972.0	10668.0	2.667
070711	41.837	85.3679	84.0	972.0	10668.0	8.0
070731	41.842533	85.300567	84.0	972.0	10673.333	2.667
070751	41.847967	85.234733	84.0	972.0	10673.333	-5.0
070811	41.8533	85.1704	84.0	972.0	10668.0	-15.0
070831	41.8585	85.108067	84.0	973.333333	10662.667	-10.333
070851	41.863767	85.0442	84.0	974.333333	10660.0	-5.333
070911	41.8691	84.9788	84.0	975.0	10660.0	0.0
070931	41.874367	84.913	84.0	978.333333	10660.0	0.0
070951	41.879533	84.8476	84.0	981.0	10660.0	2.667
071011	41.8846	84.7826	84.0	983.0	10660.0	8.0
071031	41.8896	84.7192	84.0	983.0	10665.333	12.667
071051	41.8946	84.6551	84.0	983.666667	10670.667	12.667
071111	41.8996	84.5903	84.0	985.0	10676.0	8.0
071131	41.904667	84.5235	84.0	985.0	10676.0	2.667
071151	41.909748	84.45581	84.0	985.645161	10676.0	-2.581
071211	41.914845	84.387229	84.0	986.935484	10676.0	-7.742
071231	41.91947	84.325027	84.0	987.0	10670.933	-2.933
071251	41.92425	84.26106	84.0	987.0	10670.4	2.4
071311	41.92925	84.194527	84.0	987.0	10675.733	7.733
071331	41.933997	84.130463	84.0	987.0	10676.0	2.933
071351	41.93879	84.06488	84.3	986.4	10676.0	-2.4
071411	41.943657	83.99728	84.966667	985.066667	10676.0	-7.733
071431	41.948333	83.932087	85.0	983.733333	10670.933	-8.0
071451	41.95294	83.86705	85.0	983.0	10668.0	-5.6
071511	41.957473	83.80205	85.0	983.0	10668.0	-0.267
071531	41.962007	83.736607	85.0	983.0	10668.0	0.0
071551	41.96657	83.6706	85.0	983.0	10668.0	0.0
071611	41.97117	83.603933	85.0	983.0	10668.0	0.0
071631	41.97558	83.539167	85.0	983.0	10668.0	0.0
071651	41.98004	83.47255	85.0	983.0	10668.0	0.0
071711	41.984573	83.40355	85.0	983.0	10668.0	0.0
071731	41.98879	83.339743	85.0	982.366667	10668.0	-5.067
071751	41.99296	83.27615	85.0	982.3	10665.6	-10.1
071811	41.997093	83.212483	85.0	982.966667	10660.267	-14.767
071831	42.00129	83.1485	85.0	984.266667	10655.567	-5.5
071851	42.00558	83.08216	85.0	985.6	10655.1	4.5
071911	42.00998	83.01296	85.0	986.933333	10659.767	14.5
071931	42.014063	82.948257	85.0	988.9	10665.067	10.567
071951	42.01813	82.88298	85.0	990.3	10668.0	8.0
072011	42.022197	82.816713	85.0	990.966667	10668.0	8.0
072031	42.026137	82.751333	85.0	992.266667	10673.067	8.0
072051	42.0301	82.68531	85.3	993.0	10676.0	8.0
072111	42.0341	82.618443	85.966667	993.0	10676.0	8.0
072131	42.038037	82.55183	86.0	993.0	10680.433	8.0
072151	42.04191	82.48565	86.0	993.0	10683.0	3.2
072211	42.04571	82.419983	86.0	993.0	10683.0	-7.467
072231	42.049573	82.351087	86.0	991.733333	10678.567	-12.433
072251	42.05344	82.28304	86.0	990.7	10673.6	-12.9
072311	42.057307	82.21624	86.0	990.033333	10668.267	-8.233
072331	42.060932	82.151916	86.0	988.16129	10668.0	-7.387
072351	42.064468	82.08829	86.0	985.967742	10665.935	-7.258
072411	42.067887	82.025516	86.0	983.387097	10660.774	-7.903
072431	42.07146	81.959377	86.0	983.0	10660.0	-3.467
072451	42.075013	81.892877	86.0	983.466667	10660.0	0.0
072511	42.07848	81.82681	86.0	984.8	10660.0	0.0
072531	42.082016	81.75899	86.0	986.096774	10660.0	0.0
072551	42.0855	81.6917	86.0	987.6	10660.0	1.6
072611	42.088833	81.626367	86.0	989.6	10660.0	6.933
072631	42.09206	81.561887	86.0	990.533333	10664.267	8.0
072651	42.09528	81.4968	86.0	991.4	10668.0	8.0
072711	42.098547	81.4298	86.0	992.733333	10668.0	8.0
072731	42.101813	81.362907	86.0	994.066667	10672.267	3.733
072751	42.10506	81.29592	86.0	995.6	10674.4	-1.6
072811	42.10826	81.228653	86.0	997.6	10669.067	-6.933
072831	42.1113	81.16416	86.533333	1000.666667	10668.0	0.533
072851	42.11434	81.09926	86.8	1003.2	10669.6	9.4
072911	42.117473	81.031793	86.133333	1003.866667	10674.933	14.067
072931	42.120607	80.963953	86.533333	1005.066667	10679.733	7.0
072951	42.12372	80.89548	87.0	1006.0	10681.6	-1.6
073011	42.126787	80.825747	87.0	1006.0	10676.933	-6.933
073031	42.129723	80.758277	87.0	1006.0	10676.0	-8.0
073051	42.132583	80.691683	87.0	1006.0	10674.667	-8.0
073111	42.135317	80.626017	87.0	1006.0	10669.333	-8.0
073131	42.13815	80.5583	87.0	1006.0	10668.0	0.0
073151	42.140983	80.4904	87.0	1005.666667	10669.333	8.0
073211	42.143717	80.424	87.0	1004.333333	10674.667	8.0
073231	42.146384	80.356013	87.0	1003.516129	10676.0	4.129
073251	42.14902	80.28748	87.0	1002.333333	10676.0	0.0
073311	42.15162	80.21888	87.0	999.0	10676.0	0.0
073331	42.154127	80.1535	87.0	997.066667	10676.0	-7.0
073351	42.156593	80.08894	87.0	995.6	10673.867	-16.067
073411	42.15906	80.02214	87.0	993.6	10663.2	-21.4
073431	42.161527	79.955527	87.0	993.0	10656.733	-12.267
073451	42.16398	79.888767	87.0	992.6	10653.933	1.067
073511	42.16638	79.8211	87.0	990.6	10658.6	6.4
073531	42.168687	79.75306	87.0	990.0	10660.0	4.267
073551	42.170927	79.686007	87.133333	989.6	10660.0	0.0
073611	42.17306	79.62354	87.8	987.6	10660.0	0.0
073631	42.175287	79.55678	88.0	987.0	10660.0	3.733
073651	42.177513	79.488847	88.0	987.0	10661.067	8.0
073711	42.17958	79.42358	88.0	987.0	10666.4	8.0
073731	42.1816	79.35836	88.0	985.133333	10668.0	4.267
073751	42.18304	79.29292	88.666667	981.533333	10668.0	0.0
073811	42.18224	79.22652	92.0	974.2	10668.0	0.0
073831	42.17822	79.160633	95.8	965.466667	10668.0	0.0
073851	42.172253	79.096147	99.705882	955.647059	10668.0	0.0
073911	42.162972	79.035133	103.166667	945.277778	10668.0	0.0
073931	42.150819	78.974345	106.16129	937.516129	10668.0	0.0
073951	42.137529	78.916668	108.741935	929.774194	10668.0	0.0
074011	42.1227	78.85744	109.0	926.6	10668.0	0.0
074031	42.10786	78.798467	109.0	925.0	10668.0	0.0
074051	42.09326	78.740133	109.0	925.0	10668.0	0.0
074111	42.07866	78.68222	109.0	927.4	10668.0	0.0
074131	42.063607	78.622727	109.0	929.0	10668.0	2.133
074151	42.047873	78.560793	109.0	929.0	10668.0	7.467
074211	42.03292	78.5018	109.0	926.6	10672.8	8.0
074231	42.01816	78.443827	109.0	924.733333	10676.0	3.733
074251	42.00356	78.386893	109.0	924.066667	10676.0	-6.933
074311	41.9883	78.32732	109.0	922.8	10671.2	-8.0
074331	41.9731	78.268147	109.0	922.0	10668.0	-5.867
074351	41.9581	78.210013	109.0	922.0	10668.0	-0.533
074411	41.94304	78.15176	109.0	922.0	10668.0	4.8
074431	41.927973	78.093547	109.0	921.733333	10670.133	5.867
074451	41.912907	78.035413	109.0	921.066667	10675.467	0.533
074511	41.8979	77.97758	109.0	919.8	10671.2	-4.8
074531	41.882927	77.920073	109.0	918.466667	10668.0	-8.0
074551	41.867993	77.863007	109.0	917.133333	10668.0	-8.0
074611	41.85252	77.80414	109.0	917.0	10663.2	-12.2
074631	41.837135	77.745603	109.0	918.032258	10658.194	-13.194
074651	41.821974	77.687861	109.0	920.612903	10653.677	-8.677
074711	41.806893	77.63058	109.566667	922.7	10653.0	1.067
074731	41.791687	77.57303	110.0	924.0	10654.633	8.0
074751	41.77622	77.51483	110.0	924.0	10659.3	8.0
074811	41.760527	77.456007	110.0	927.4	10660.0	3.467
074831	41.744957	77.397633	110.0	931.633333	10660.0	0.0
074851	41.72969	77.3403	110.0	936.3	10660.0	0.0
074911	41.7138	77.28121	110.0	940.4	10660.0	8.5
074931	41.697753	77.221717	110.0	944.166667	10663.733	16.867
074951	41.68162	77.16205	110.0	947.5	10674.4	22.2
075011	41.665317	77.101307	110.0	949.133333	10679.967	14.5
075031	41.649123	77.041073	110.0	950.0	10683.0	4.267
075051	41.63319	76.98214	110.0	950.0	10683.0	-6.4
075111	41.617143	76.92315	110.0	952.266667	10679.033	-11.967
075131	41.600983	76.863917	110.0	954.0	10674.133	-11.5
075151	41.58465	76.80425	110.0	954.0	10668.8	-1.5
075211	41.568487	76.745207	110.0	956.266667	10672.533	4.533
075231	41.552377	76.686483	110.0	958.0	10676.0	6.133
075251	41.53631	76.62815	110.0	958.0	10676.0	0.8
075311	41.519587	76.567413	110.0	955.806452	10676.0	0.0
075331	41.502613	76.505826	110.0	953.806452	10676.0	-11.613
075351	41.485323	76.443245	110.0	953.16129	10676.0	-50.323
075411	41.4696	76.38665	110.0	949.5	10645.5	-133.0
075431	41.454	76.330733	110.166667	945.5	10590.833	-222.5
075451	41.4372	76.270867	110.833333	943.5	10494.167	-288.5
075511	41.42095	76.21285	110.5	944.0	10390.0	-415.5
075531	41.404683	76.154783	110.166667	946.5	10249.0	-567.833
075551	41.387817	76.094717	110.833333	952.5	10005.0	-735.167
075611	41.37115	76.03545	111.0	956.5	9738.5	-781.0
075631	41.35445	75.976183	111.0	959.0	9470.667	-779.833
075651	41.33745	75.916117	111.0	959.0	9221.333	-759.167
075711	41.32055	75.8567	111.0	956.0	8968.5	-716.0
075731	41.303683	75.7974	111.0	950.0	8728.5	-669.167
075751	41.286817	75.7378	111.0	938.0	8530.5	-633.833
075811	41.26905	75.6798	112.5	923.0	8317.0	-625.0
075831	41.251117	75.623567	114.0	908.333333	8103.5	-621.167
075851	41.233583	75.571033	114.0	897.666667	7905.5	-605.833
075911	41.2159	75.518	114.0	883.5	7703.5	-602.0
075931	41.198183	75.464933	114.0	868.5	7501.5	-588.0
075951	41.180517	75.412267	114.0	854.5	7303.5	-532.0
080011	41.16315	75.3607	114.0	849.0	7143.5	-381.0
080031	41.145867	75.3095	114.0	847.0	7029.167	-207.167
080051	41.128533	75.2583	114.0	847.0	7013.833	-59.833
080111	41.1118	75.20865	114.0	843.5	7010.0	-11.5
080131	41.094933	75.158683	114.0	839.166667	7010.0	0.0
080151	41.077067	75.106217	114.0	835.833333	7010.0	0.0
080211	41.0601	75.05625	114.0	828.5	7010.0	0.0
080231	41.043433	75.007233	114.0	821.5	7010.0	0.0
080251	41.026767	74.958567	114.0	819.5	7010.0	0.0
080311	41.0101	74.909483	114.0	820.666667	7010.0	0.0
080331	40.996172	74.855633	104.555556	843.666667	7010.0	-38.722
080351	40.989237	74.801319	99.777778	856.259259	6988.889	-153.593
080411	40.9828	74.74476	98.0	859.8	6916.0	-239.4
080431	40.976487	74.686953	98.0	857.866667	6810.867	-296.533
080451	40.970353	74.631487	98.0	856.533333	6719.533	-291.867
080511	40.96426	74.57614	98.0	854.0	6621.8	-314.0
080531	40.958189	74.520858	98.0	850.578947	6517.211	-349.789
080551	40.952084	74.465437	98.0	846.368421	6389.316	-347.684
080611	40.946011	74.410456	98.0	838.222222	6266.667	-339.111
080631	40.940067	74.357233	98.0	814.333333	6165.0	-304.667
080651	40.934287	74.305407	98.266667	784.533333	6069.333	-279.467
080711	40.928753	74.255673	98.933333	745.866667	5982.667	-268.133
080731	40.92316	74.2063	98.4	731.2	5891.8	-241.2
080751	40.916811	74.159437	103.473684	709.684211	5817.632	-151.579
080811	40.905976	74.117515	112.588235	687.617647	5791.0	-43.794
080831	40.891035	74.077103	116.117647	682.323529	5791.0	-25.559
080851	40.87595	74.03725	117.0	679.5	5779.5	-136.0
080911	40.860817	73.997533	117.0	675.833333	5730.0	-291.667
080931	40.845683	73.957667	117.0	667.166667	5578.0	-454.333
080951	40.8312	73.91935	116.5	662.5	5406.5	-525.5
081011	40.816633	73.8807	116.166667	657.333333	5224.667	-557.333
081031	40.801167	73.8395	116.833333	646.666667	5031.333	-562.667
081051	40.785124	73.807318	132.0	609.588235	4848.882	-532.235
081111	40.762339	73.784205	139.268293	585.243902	4673.829	-536.341
081131	40.738827	73.761766	145.121951	563.292683	4499.195	-545.61
081151	40.716203	73.74106	145.433333	555.466667	4308.667	-586.667
081211	40.693667	73.72066	145.233333	552.466667	4106.7	-630.767
081231	40.671	73.70026	145.9	553.8	3888.7	-670.1
081251	40.646845	73.68544	164.4	524.175	3654.525	-652.825
081311	40.621745	73.68424	172.4	507.675	3445.025	-649.325
081331	40.596583	73.683078	179.944444	492.111111	3234.556	-643.444
081351	40.57081	73.68261	179.0	493.2	3012.6	-595.6
081411	40.54821	73.68201	179.0	487.866667	2829.933	-566.267
081431	40.52392	73.68141	179.433333	483.833333	2643.8	-572.467
081451	40.49882	73.68081	179.9	480.7	2452.8	-600.1
081511	40.474287	73.68021	179.233333	478.7	2244.8	-640.767
081531	40.4501	73.679913	179.866667	482.333333	2023.367	-628.133
081551	40.426153	73.6804	183.647059	483.588235	1807.471	-569.0
081611	40.404612	73.6877	207.625	453.625	1658.25	-411.25
081631	40.390576	73.706234	230.448276	422.482759	1534.931	-318.448
081651	40.37916	73.72827	236.966667	391.866667	1449.667	-289.867
081711	40.36836	73.74967	236.3	369.2	1343.0	-347.2
081731	40.358	73.76953	235.266667	360.833333	1216.9	-367.5
081751	40.347963	73.78815	234.0	364.033333	1077.167	-353.367
081811	40.33723	73.80715	234.0	364.7	980.5	-260.7
081831	40.328825	73.828762	256.0	364.3125	921.188	-164.0
081851	40.331171	73.849965	298.647059	356.941176	867.235	-236.059
081911	40.345987	73.863812	296.875	369.25	764.625	-326.125
081931	40.364157	73.863957	2.857143	381.785714	666.643	-173.5
081951	40.383014	73.861814	5.714286	371.071429	628.786	-58.5
082011	40.400577	73.8598	5.419355	350.258065	629.065	-19.71
082031	40.41771	73.85787	5.0	335.3	630.367	-1.867
082051	40.43431	73.85607	5.0	333.3	625.7	-7.2
082111	40.450457	73.85444	4.433333	336.966667	625.0	-3.467
082131	40.467237	73.852958	2.526316	337.421053	625.0	-15.105
082151	40.4845	73.852938	109.230769	332.076923	615.462	-82.846
082211	40.500544	73.8547	316.111111	330.555556	583.0	-179.111
082231	40.516594	73.853735	11.352941	337.588235	491.471	-157.412
082251	40.531304	73.843854	31.461538	348.692308	477.846	-32.269
082311	40.54643	73.832033	30.033333	354.766667	471.267	-35.867
082331	40.56103	73.8207	30.7	330.1	456.6	-93.2
082351	40.574752	73.809947	31.0	303.260274	383.0	-255.959
082411	40.586012	73.801179	31.0	289.561644	303.0	-250.753
082431	40.597273	73.792412	31.0	275.863014	223.0	-245.548
082451	40.608533	73.783645	31.0	262.164384	143.0	-240.342
082511	40.619994	73.774681	31.0	256.0	65.062	-188.5
082531	40.631194	73.765871	31.0	254.235294	18.647	-114.824
