160928	33.9363	118.4151	263.0	327.0	122.0	0.0
160948	33.9334	118.433	254.5	333.25	345.0	607.25
161008	33.9241	118.4505	228.5	356.5	518.5	450.0
161028	33.910975	118.4656	222.75	389.5	651.5	403.0
161048	33.894848	118.483	221.407407	432.148148	786.444	459.111
161108	33.87726	118.50175	221.3	472.0	948.0	587.9
161128	33.858727	118.521417	221.966667	505.333333	1141.333	789.9
161148	33.840067	118.541273	220.1	498.766667	1474.0	922.867
161208	33.8199	118.557431	206.625	492.875	1802.75	877.0
161228	33.796356	118.561581	176.6875	512.3125	2048.688	577.188
161248	33.77086	118.553693	160.0	549.533333	2208.433	680.367
161308	33.74406	118.54156	160.0	560.2	2477.1	767.7
161328	33.718541	118.529176	154.176471	563.705882	2746.176	859.412
161348	33.696578	118.508133	130.777778	556.777778	3052.556	793.889
161408	33.6843	118.48	109.0	565.0	3261.0	437.0
161428	33.674767	118.446133	109.666667	600.333333	3388.333	379.667
161448	33.664567	118.410933	110.0	635.666667	3505.333	370.667
161508	33.6537	118.3744	110.0	671.0	3612.0	410.0
161528	33.645753	118.334726	97.627907	686.627907	3806.186	720.605
161548	33.645288	118.293981	93.906977	682.906977	4068.047	726.651
161608	33.644823	118.253237	90.186047	679.186047	4329.907	732.698
161628	33.6448	118.210603	90.0	689.133333	4550.733	659.533
161648	33.6448	118.16934	90.0	698.9	4758.0	596.6
161708	33.6448	118.129873	90.0	707.566667	4951.333	551.267
161728	33.644737	118.087177	90.0	719.4	5125.033	549.0
161748	33.64464	118.04317	90.0	729.9	5306.7	558.0
161808	33.644507	117.99777	90.0	738.566667	5499.367	578.0
161828	33.644373	117.95275	90.0	744.7	5692.667	574.567
161848	33.6443	117.9082	90.0	750.4	5883.6	557.0
161908	33.6443	117.8642	90.0	755.733333	6071.6	523.667
161928	33.644665	117.820785	87.076923	761.846154	6231.538	474.5
161948	33.649721	117.77604	83.214286	768.642857	6383.571	423.571
162008	33.657293	117.730564	78.928571	775.785714	6532.143	372.143
162028	33.66565	117.684323	77.0	791.466667	6638.233	296.567
162048	33.674667	117.63735	77.0	813.833333	6709.3	207.0
162108	33.684	117.58835	77.0	830.5	6775.3	227.0
162128	33.693553	117.538177	77.0	846.433333	6855.233	280.733
162148	33.703267	117.48715	77.0	861.1	6949.367	360.033
162208	33.7126	117.43815	77.0	863.1	7096.7	400.7
162228	33.722043	117.388637	77.0	865.833333	7235.6	397.733
162248	33.731574	117.338622	77.074074	869.407407	7366.37	358.593
162308	33.741056	117.287067	78.555556	877.555556	7473.778	310.444
162328	33.747115	117.236133	83.666667	886.740741	7569.259	302.741
162348	33.749805	117.183489	88.552632	895.026316	7667.237	338.842
162408	33.748963	117.127174	90.131579	900.815789	7779.342	424.105
162428	33.74799	117.07226	91.0	898.9	7937.0	503.4
162448	33.746857	117.01906	91.0	887.566667	8150.333	575.4
162508	33.745787	116.964593	91.633333	880.666667	8325.033	472.6
162528	33.74469	116.91129	92.0	878.5	8465.9	379.2
162548	33.743557	116.85949	92.0	881.833333	8567.9	308.533
162608	33.74236	116.806613	92.0	885.8	8669.267	285.367
162628	33.74113	116.75407	92.0	890.4	8761.6	258.1
162648	33.739863	116.702003	92.0	895.733333	8842.933	222.767
162708	33.738597	116.646897	92.0	902.333333	8909.7	215.933
162728	33.73733	116.59268	92.0	907.8	8980.2	220.2
162748	33.736063	116.539747	92.0	911.8	9056.2	236.2
162808	33.735123	116.481123	89.807692	917.115385	9138.192	227.5
162828	33.738844	116.427326	82.740741	919.0	9210.815	216.296
162848	33.748035	116.375153	72.823529	917.235294	9279.529	206.588
162908	33.764977	116.3234	66.769231	915.846154	9349.0	192.0
162928	33.782926	116.2754	66.25641	919.948718	9415.667	165.333
162948	33.8016	116.225467	66.0	925.666667	9464.333	154.667
163008	33.821	116.1736	66.0	933.0	9495.0	160.0
163028	33.840333	116.121733	66.0	934.333333	9571.0	210.667
163048	33.859233	116.070967	66.0	935.0	9649.667	236.0
163108	33.8777	116.0213	66.0	935.0	9731.0	236.0
163128	33.897767	115.967167	66.0	935.0	9807.0	231.333
163148	33.916567	115.916467	66.0	934.0	9883.0	223.667
163208	33.9341	115.8692	66.0	932.0	9959.0	213.0
163228	33.953567	115.816467	66.0	927.333333	10025.0	137.0
163248	33.972633	115.764733	66.0	925.0	10058.0	66.0
163308	33.9913	115.714	66.0	925.0	10058.0	0.0
163328	34.009967	115.663467	66.0	927.666667	10058.0	0.0
163348	34.0288	115.6124	66.0	930.333333	10058.0	0.0
163408	34.0478	115.5608	66.0	933.0	10058.0	0.0
163428	34.066533	115.5098	66.0	933.0	10058.0	81.333
163448	34.085367	115.4584	66.0	931.666667	10098.667	157.667
163508	34.1043	115.4066	66.0	929.0	10180.0	229.0
163528	34.122567	115.3566	66.0	929.0	10251.333	198.333
163548	34.141	115.306167	66.0	929.333333	10312.333	185.667
163608	34.1596	115.2553	66.0	930.0	10363.0	191.0
163628	34.1784	115.2035	66.666667	929.333333	10439.667	201.0
163648	34.1973	115.151433	66.666667	927.333333	10508.333	190.667
163708	34.2163	115.0991	66.0	924.0	10569.0	160.0
163728	34.234433	115.0489	66.666667	924.0	10615.0	116.0
163748	34.252652	114.998497	67.0	924.0	10647.091	74.303
163808	34.270955	114.947891	67.0	924.0	10665.273	34.909
163828	34.289658	114.896045	67.0	922.903226	10668.0	13.097
163848	34.308324	114.844194	67.0	922.529412	10668.0	0.0
163908	34.326735	114.792841	67.0	924.294118	10668.0	0.0
163928	34.34506	114.74162	67.0	926.6	10668.0	0.0
163948	34.363313	114.69054	67.0	929.0	10668.0	0.0
164008	34.381447	114.63994	67.0	929.0	10668.0	0.0
164028	34.3997	114.58886	67.0	929.4	10668.0	0.0
164048	34.41802	114.537487	67.0	930.0	10668.0	0.0
164108	34.43622	114.486353	67.0	930.0	10668.0	0.0
164128	34.45502	114.43334	67.0	930.8	10668.0	0.0
164148	34.474107	114.379387	67.0	932.066667	10668.0	0.0
164208	34.492173	114.328253	67.0	932.733333	10668.0	0.0
164228	34.5098	114.27832	67.0	933.0	10668.0	0.0
164248	34.527327	114.22864	67.0	933.0	10668.0	0.0
164308	34.546593	114.17404	67.0	933.0	10668.0	0.0
164328	34.56494	114.12188	67.0	933.8	10668.0	0.0
164348	34.582739	114.071155	67.0	935.129032	10668.0	0.0
164408	34.601126	114.018703	67.0	936.419355	10668.0	0.0
164428	34.619117	113.967307	67.0	936.266667	10668.0	0.0
164448	34.636852	113.916548	67.0	935.096774	10668.0	0.0
164508	34.655884	113.861516	67.0	937.032258	10668.0	0.0
164528	34.674433	113.8081	67.0	938.0	10668.0	0.0
164548	34.6925	113.7563	67.0	938.0	10668.0	0.0
164608	34.710367	113.7045	67.0	940.0	10668.0	0.0
164628	34.728633	113.651667	67.0	941.666667	10668.0	0.0
164648	34.7473	113.5978	67.0	943.0	10668.0	0.0
164708	34.764567	113.5474	67.666667	943.0	10668.0	0.0
164728	34.782267	113.495933	67.666667	943.0	10668.0	0.0
164748	34.8004	113.4434	67.0	943.0	10668.0	0.0
164808	34.818867	113.389533	67.666667	944.333333	10668.0	0.0
164828	34.837167	113.336067	68.0	945.333333	10668.0	0.0
164848	34.8553	113.283	68.0	946.0	10668.0	0.0
164908	34.8733	113.2302	67.333333	947.333333	10668.0	0.0
164928	34.891033	113.178233	67.333333	948.666667	10668.0	0.0
164948	34.9085	113.1271	68.0	950.0	10668.0	0.0
165008	34.9267	113.073433	68.0	952.0	10668.0	5.333
165028	34.9453	113.018533	68.0	953.0	10670.667	8.0
165048	34.9643	112.9624	68.0	953.0	10676.0	8.0
165108	34.9817	112.910867	68.0	953.0	10676.0	2.667
165128	34.999567	112.8578	68.0	953.0	10676.0	-2.667
165148	35.0179	112.8032	68.0	953.0	10676.0	-8.0
165208	35.0355	112.7512	68.0	953.0	10670.667	-8.0
165228	35.0531	112.698867	68.0	953.333333	10668.0	-5.333
165248	35.0707	112.6462	68.0	954.0	10668.0	0.0
165308	35.089433	112.590333	68.0	954.0	10668.0	0.0
165328	35.107733	112.535633	68.0	954.666667	10668.0	0.0
165348	35.1256	112.4821	68.0	956.0	10668.0	0.0
165408	35.143333	112.428567	68.0	956.0	10668.0	0.0
165428	35.161167	112.3748	68.0	956.0	10668.0	0.0
165448	35.1791	112.3208	68.0	956.0	10668.0	0.0
165508	35.197433	112.2656	68.0	956.0	10668.0	0.0
165528	35.215367	112.2114	68.0	956.0	10668.0	0.0
165548	35.2329	112.1582	68.0	956.0	10668.0	0.0
165608	35.250567	112.104533	68.0	956.0	10668.0	0.0
165628	35.2681	112.0514	68.0	956.0	10668.0	-2.667
165648	35.2855	111.9988	68.0	956.0	10668.0	-8.0
165708	35.3039	111.9426	68.0	958.0	10662.667	-8.0
165728	35.3222	111.8865	68.0	960.0	10660.0	-2.667
165748	35.3404	111.8305	68.0	962.0	10660.0	8.0
165808	35.357267	111.7787	68.0	964.666667	10665.333	8.0
165828	35.374733	111.725	68.333333	964.666667	10668.0	5.333
165848	35.3928	111.6694	69.0	962.0	10668.0	0.0
165908	35.410667	111.614133	69.0	962.0	10668.0	0.0
165928	35.4284	111.559267	69.0	963.333333	10668.0	0.0
165948	35.446	111.5048	69.0	966.0	10668.0	0.0
170008	35.464065	111.448413	69.0	967.935484	10668.0	0.0
170028	35.48195	111.39256	69.0	969.9	10668.0	2.4
170048	35.499617	111.33736	69.0	971.9	10668.0	7.733
170108	35.517093	111.28273	69.0	972.0	10673.067	8.0
170128	35.534394	111.228545	69.0	971.419355	10676.0	5.677
170148	35.55149	111.174868	69.0	970.129032	10676.0	0.516
170208	35.56928	111.11904	69.0	970.0	10676.0	-4.8
170228	35.586994	111.063413	69.0	970.0	10673.935	-8.0
170248	35.604477	111.008445	69.0	970.0	10668.774	-8.0
170308	35.621777	110.95379	69.0	969.433333	10668.0	-3.467
170328	35.63923	110.898513	69.0	969.0	10668.0	0.0
170348	35.65703	110.84198	69.0	969.0	10668.0	0.0
170408	35.674603	110.78624	69.0	969.0	10668.0	0.0
170428	35.692043	110.730873	69.0	969.0	10668.0	0.0
170448	35.70931	110.67594	69.0	969.0	10668.0	0.0
170508	35.726926	110.619606	69.0	969.0	10668.0	0.0
170528	35.74444	110.56352	69.0	969.0	10668.0	0.0
170548	35.761573	110.508587	69.0	969.0	10668.0	0.0
170608	35.778493	110.454133	69.0	969.533333	10668.0	-4.267
170628	35.79572	110.39866	69.0	969.8	10666.4	-6.4
170648	35.813787	110.340527	69.0	969.133333	10661.067	-1.067
170708	35.830394	110.286864	69.0	969.484848	10663.879	3.394
170728	35.846825	110.233688	69.0	970.1875	10668.0	6.344
170748	35.864325	110.176937	69.0	971.4375	10668.0	1.969
170808	35.882137	110.118987	69.0	972.0	10668.0	0.0
170828	35.900142	110.060252	69.0	972.096774	10668.0	0.0
170848	35.916981	110.005284	69.0	974.032258	10668.0	0.0
170908	35.933723	109.950574	69.0	975.0	10668.0	0.0
170928	35.950368	109.896123	69.0	975.0	10668.0	0.0
170948	35.967839	109.838818	69.0	975.0	10668.0	4.03
171008	35.985423	109.781239	69.0	975.0	10669.548	5.645
171028	36.003165	109.723368	69.0	975.0	10674.71	1.129
171048	36.019987	109.668013	69.483871	976.451613	10672.129	-3.871
171108	36.03668	109.612867	70.0	978.0	10668.0	-6.933
171128	36.05408	109.5552	70.0	978.0	10668.0	-1.6
171148	36.070816	109.499468	70.0	978.903226	10668.0	3.161
171208	36.087368	109.444224	70.0	980.0	10668.706	6.382
171228	36.104485	109.387047	70.0	980.0	10673.412	2.265
171248	36.12137	109.3307	70.0	980.0	10673.6	-2.4
171308	36.13797	109.275367	70.0	980.0	10668.267	-7.733
171328	36.155077	109.218007	70.0	981.266667	10668.0	-2.933
171348	36.17218	109.16039	70.0	982.0	10668.0	0.0
171408	36.189247	109.10259	70.0	982.0	10668.0	0.0
171428	36.205933	109.046373	70.0	982.0	10668.0	5.067
171448	36.22275	108.98958	70.0	982.0	10670.4	5.6
171508	36.23975	108.93198	70.0	982.0	10675.733	0.267
171528	36.256135	108.876347	70.0	982.0	10671.529	-3.912
171548	36.272561	108.820523	70.0	982.0	10668.0	-5.871
171608	36.289206	108.763813	70.0	982.0	10668.0	-1.355
171628	36.305867	108.7069	70.0	982.0	10668.0	0.0
171648	36.322619	108.649623	70.0	982.0	10668.0	0.0
171708	36.339716	108.591235	70.0	982.0	10668.0	0.0
171728	36.356435	108.533771	70.0	982.0	10668.0	0.0
171748	36.372947	108.476813	70.0	981.866667	10668.0	0.0
171808	36.389413	108.419947	70.0	980.533333	10668.0	0.0
171828	36.40608	108.36224	70.4	979.2	10668.0	0.0
171848	36.422733	108.30442	71.0	978.0	10668.0	0.0
171908	36.438067	108.25062	71.0	978.0	10668.0	0.0
171928	36.454613	108.193023	70.612903	978.0	10668.0	-2.71
171948	36.471897	108.133165	70.032258	978.129032	10667.742	-6.774
172008	36.487832	108.078455	70.677419	980.709677	10662.581	-2.258
172028	36.5041	108.021933	71.0	981.333333	10662.667	2.667
172048	36.5207	107.9636	71.0	980.0	10668.0	8.0
172108	36.5371	107.9058	71.0	981.333333	10668.0	-2.667
172128	36.553267	107.8488	71.0	982.333333	10665.333	-8.0
172148	36.5692	107.7926	71.0	983.0	10660.0	-8.0
172208	36.586	107.732867	71.0	984.333333	10660.0	2.667
172228	36.6024	107.674367	71.0	985.0	10662.667	10.333
172248	36.6184	107.6171	71.0	985.0	10668.0	15.0
172308	36.6334	107.563433	71.0	983.666667	10673.333	10.333
172328	36.648967	107.507833	71.0	983.666667	10676.0	5.333
172348	36.6651	107.4503	71.0	985.0	10676.0	0.0
172408	36.682033	107.3897	71.0	983.0	10676.0	-5.333
172428	36.698567	107.330467	71.0	982.333333	10673.333	-8.0
172448	36.7147	107.2726	71.0	983.0	10668.0	-8.0
172508	36.7305	107.215467	71.0	982.333333	10668.0	-2.667
172528	36.746433	107.1578	71.0	982.333333	10668.0	0.0
172548	36.7625	107.0996	71.0	983.0	10668.0	0.0
172608	36.778433	107.041933	71.0	983.0	10668.0	0.0
172628	36.794167	106.9847	71.0	983.0	10668.0	0.0
172648	36.8097	106.9279	71.0	983.0	10668.0	0.0
172708	36.825833	106.868767	71.0	982.333333	10668.0	0.0
172728	36.841867	106.809967	71.0	982.0	10668.0	0.0
172748	36.8578	106.7515	71.0	982.0	10668.0	0.0
172808	36.8734	106.6941	71.0	980.666667	10668.0	0.0
172828	36.889133	106.636267	71.0	980.0	10668.0	0.0
172848	36.905	106.578	71.0	980.0	10668.0	0.0
172908	36.9206	106.520267	71.0	978.666667	10668.0	0.0
172928	36.936133	106.462667	71.333333	977.0	10668.0	0.0
172948	36.9516	106.4052	72.0	975.0	10668.0	0.0
173008	36.967	106.3474	72.0	971.0	10668.0	-5.333
173028	36.9818	106.292267	72.0	968.333333	10665.333	-10.333
173048	36.996	106.2398	72.0	967.0	10660.0	-15.0
173108	37.012062	106.179675	72.0	968.25	10655.625	-10.0
173128	37.027894	106.120271	72.0	970.290323	10653.0	-1.581
173148	37.043377	106.061948	72.0	973.516129	10653.0	11.968
173208	37.05865	106.00425	72.0	982.0	10660.5	14.0
173228	37.07383	105.94678	72.0	990.6	10668.0	12.6
173248	37.088697	105.88998	72.0	994.6	10668.0	3.267
173308	37.104343	105.83032	72.0	996.0	10668.0	0.0
173328	37.120325	105.769408	72.0	996.166667	10668.0	0.0
173348	37.135825	105.710131	72.0	997.277778	10668.0	0.0
173408	37.151243	105.651043	72.0	997.3	10668.0	-1.867
173428	37.16651	105.59231	72.0	995.3	10668.0	-7.2
173448	37.181493	105.534597	72.0	993.866667	10663.467	-11.967
173508	37.19666	105.4762	72.0	993.466667	10658.367	-13.367
173528	37.21226	105.4162	72.0	994.8	10653.7	-8.7
173548	37.22752	105.35722	72.0	993.866667	10653.0	5.033
173608	37.242603	105.29877	72.0	993.0	10656.5	15.0
173628	37.25747	105.24097	72.0	993.0	10666.5	15.0
173648	37.272916	105.180587	72.0	994.645161	10668.0	15.0
173708	37.288329	105.120194	72.0	995.032258	10670.903	15.0
173728	37.303426	105.060839	72.0	991.806452	10680.581	15.0
173748	37.3183	105.0023	72.0	989.0	10683.0	3.5
173808	37.333183	104.943667	72.0	986.666667	10681.833	-8.0
173828	37.348317	104.883933	72.0	985.333333	10677.167	-8.0
173848	37.36285	104.82635	72.5	984.0	10676.0	-11.5
173908	37.37745	104.768417	73.0	983.0	10673.333	-16.333
173928	37.39285	104.707283	73.0	983.0	10662.667	-21.667
173948	37.407539	104.648694	73.0	982.516129	10656.613	-15.742
174008	37.42202	104.59082	73.0	982.4	10653.0	-5.867
174028	37.43662	104.53242	73.0	984.4	10653.0	4.8
174048	37.451267	104.473647	73.0	985.933333	10656.267	8.0
174108	37.465947	104.41462	73.0	987.533333	10660.0	6.933
174128	37.48068	104.35522	73.0	990.2	10660.0	1.6
174148	37.495273	104.296147	73.0	992.866667	10660.0	3.733
174208	37.50982	104.23712	73.0	995.4	10661.067	8.933
174228	37.52442	104.17772	73.0	997.4	10666.4	13.6
174248	37.539113	104.117947	73.0	998.0	10671.733	11.733
174308	37.553887	104.0578	73.0	998.133333	10676.0	5.867
174328	37.56882	103.9968	73.0	998.8	10676.0	-4.8
174348	37.583687	103.935913	73.0	1001.258065	10672.387	-4.387
174408	37.598313	103.875113	73.290323	1004.193548	10668.774	0.0
174428	37.611732	103.814532	75.225806	1005.483871	10673.935	0.0
174448	37.624263	103.755387	75.625	1006.375	10673.0	0.0
174508	37.6362	103.6972	75.0	1007.0	10668.0	0.0
174528	37.6492	103.634267	75.0	1008.333333	10673.333	5.333
174548	37.662	103.571933	75.333333	1009.0	10676.0	5.333
174608	37.6746	103.5102	76.0	1009.0	10676.0	0.0
174628	37.687333	103.4474	76.0	1009.0	10676.0	0.0
174648	37.699833	103.385667	76.0	1008.333333	10676.0	-2.667
174708	37.7121	103.325	76.0	1007.0	10676.0	-8.0
174728	37.724367	103.264133	76.0	1007.0	10670.667	-8.0
174748	37.7367	103.2027	76.0	1007.0	10668.0	-8.0
174808	37.7491	103.1407	76.0	1007.0	10668.0	-8.0
174828	37.761633	103.077833	76.0	1009.666667	10662.667	-8.0
174848	37.774033	103.015633	76.0	1011.0	10660.0	-5.333
174908	37.7863	102.9541	76.0	1011.0	10660.0	0.0
174928	37.798767	102.891433	76.0	1011.666667	10660.0	0.0
174948	37.810733	102.830733	76.0	1013.0	10660.0	0.0
175008	37.8222	102.772	76.0	1015.0	10660.0	0.0
175028	37.834733	102.708133	76.0	1016.333333	10660.0	5.333
175048	37.847033	102.6453	76.0	1018.0	10662.667	8.0
175108	37.8591	102.5835	76.0	1020.0	10668.0	8.0
175128	37.871745	102.518532	76.0	1021.290323	10668.0	2.839
175148	37.88404	102.45514	76.0	1022.6	10668.0	2.4
175208	37.895907	102.393673	76.0	1023.933333	10668.0	7.733
175228	37.908027	102.33075	76.0	1025.9	10673.067	8.0
175248	37.91995	102.26865	76.0	1027.3	10676.0	5.6
175308	37.931617	102.20765	76.0	1027.966667	10676.0	0.267
175328	37.94379	102.143927	76.0	1028.0	10676.0	0.0
175348	37.95602	102.07976	76.3	1028.0	10676.0	-2.4
175408	37.968287	102.015227	76.966667	1028.0	10676.0	-7.733
175428	37.980363	101.951707	77.0	1028.0	10670.933	-8.0
175448	37.99228	101.88869	77.0	1029.2	10668.0	-5.6
175508	38.004013	101.826223	77.0	1031.866667	10668.0	-0.267
175528	38.015747	101.762933	77.0	1032.633333	10668.0	0.0
175548	38.02742	101.69996	77.0	1033.0	10668.0	0.0
175608	38.03902	101.637427	77.0	1033.0	10668.0	0.0
175628	38.050632	101.574358	77.0	1033.0	10668.0	0.0
175648	38.062213	101.511273	77.0	1033.533333	10668.0	0.0
175708	38.073747	101.448207	77.0	1034.866667	10668.0	0.0
175728	38.085758	101.383197	77.0	1035.580645	10668.0	0.0
175748	38.097753	101.318073	77.0	1036.0	10668.0	0.0
175808	38.10962	101.25314	77.0	1036.0	10668.0	0.0
175828	38.121203	101.19019	77.0	1038.833333	10668.0	34.567
175848	38.132737	101.12724	77.0	1041.0	10682.233	78.733
175908	38.14427	101.06364	77.0	1041.0	10722.9	129.4
175928	38.155917	100.998737	77.0	1043.833333	10772.067	161.367
175948	38.167429	100.934294	77.0	1046.0	10829.161	186.774
180008	38.178655	100.871132	77.0	1046.0	10898.194	206.129
180028	38.190073	100.807193	77.0	1046.0	10969.067	220.133
180048	38.2015	100.743	77.0	1045.4	11043.2	232.0
180108	38.212833	100.678667	77.0	1043.4	11123.867	242.0
180128	38.224113	100.614547	77.533333	1039.266667	11205.067	183.733
180148	38.235218	100.551155	78.0	1035.272727	11264.909	109.909
180208	38.245945	100.489336	78.0	1032.848485	11274.606	39.606
180228	38.257153	100.42506	78.0	1033.733333	11278.0	8.5
180248	38.268681	100.359025	78.0	1036.375	11278.0	0.0
180308	38.280556	100.290525	78.0	1038.875	11278.0	0.0
180328	38.291987	100.22472	78.0	1040.0	11278.0	2.933
180348	38.303055	100.161055	78.0	1040.0	11278.226	8.0
180408	38.314152	100.096152	78.0	1040.0	11282.742	8.0
180428	38.325167	100.031667	78.0	1038.666667	11285.0	2.667
180448	38.3361	99.9676	78.0	1036.0	11285.0	-8.0
180508	38.346833	99.904333	78.0	1036.0	11280.333	-12.667
180528	38.357555	99.840861	78.0	1036.0	11275.419	-12.419
180548	38.368265	99.777184	78.0	1036.0	11270.258	-7.258
180608	38.379362	99.711635	78.0	1038.235294	11270.0	-3.088
180628	38.390367	99.646317	78.0	1040.166667	11270.0	1.333
180648	38.401033	99.581983	78.0	1040.833333	11270.0	6.667
180708	38.4119	99.51655	78.0	1041.0	11274.0	11.5
180728	38.422632	99.451684	78.0	1040.83871	11279.129	13.871
180748	38.432761	99.389619	78.0	1040.193548	11283.645	9.355
180808	38.443453	99.32466	78.0	1037.666667	11285.0	0.533
180828	38.45424	99.259233	78.0	1035.0	11284.067	-8.0
180848	38.46444	99.1969	78.0	1035.0	11279.4	-8.0
180908	38.474827	99.133167	78.0	1035.0	11278.0	-4.267
180928	38.485373	99.068287	78.0	1034.733333	11278.0	0.0
180948	38.49624	99.00122	78.0	1033.4	11278.0	0.0
181008	38.506407	98.937887	78.466667	1032.533333	11278.0	0.0
181028	38.516416	98.875132	79.0	1032.0	11278.0	-1.032
181048	38.526997	98.808294	79.0	1032.0	11278.0	-6.194
181108	38.537287	98.743733	78.566667	1032.0	11274.533	-8.0
181128	38.54742	98.68037	78.1	1032.3	11270.0	-7.2
181148	38.557553	98.616837	78.766667	1034.3	11270.0	-1.867
181208	38.567383	98.553867	79.0	1035.433333	11270.0	0.0
181228	38.57717	98.49059	79.0	1036.0	11270.0	0.8
181248	38.587637	98.423857	79.0	1036.0	11270.0	6.133
181308	38.597757	98.358857	79.0	1036.0	11273.467	8.0
181328	38.60771	98.29463	79.0	1036.4	11278.0	7.2
181348	38.617777	98.229497	79.0	1039.066667	11278.0	1.867
181408	38.627973	98.163063	79.0	1038.266667	11278.0	0.0
181428	38.63811	98.09675	79.0	1036.4	11278.0	0.0
181448	38.64751	98.035083	79.0	1039.066667	11278.0	0.0
181508	38.657257	97.970557	79.0	1040.0	11278.0	3.467
181528	38.667181	97.904577	79.0	1040.0	11278.677	7.226
181548	38.677052	97.839094	79.0	1040.0	11283.194	2.065
181608	38.68708	97.7731	79.0	1040.0	11282.2	-3.2
181628	38.69714	97.70704	79.0	1040.066667	11278.0	-7.467
181648	38.70654	97.64344	79.0	1040.733333	11278.0	-2.133
181708	38.7161	97.57892	79.0	1041.8	11278.0	0.0
181728	38.72572	97.513973	79.0	1043.0	11278.0	0.0
181748	38.73492	97.450707	79.0	1043.0	11278.0	0.0
181808	38.74476	97.38384	79.0	1043.4	11278.0	0.0
181828	38.754907	97.31532	79.066667	1044.0	11278.0	0.0
181848	38.763973	97.25352	79.733333	1044.0	11278.0	0.0
181908	38.7732	97.18964	80.0	1043.6	11278.0	3.2
181928	38.782581	97.123977	80.0	1043.193548	11278.452	8.0
181948	38.792387	97.054752	80.0	1045.129032	11282.968	8.0
182008	38.801897	96.987777	79.633333	1045.266667	11285.0	2.133
182028	38.81117	96.92263	79.033333	1044.0	11284.767	-8.0
182048	38.82057	96.85723	79.7	1044.0	11280.1	-8.0
182108	38.82986	96.79183	80.0	1044.0	11278.0	-2.133
182128	38.83907	96.726337	80.0	1043.966667	11278.233	7.733
182148	38.84847	96.65907	80.0	1043.3	11282.9	2.4
182208	38.857577	96.59382	80.0	1043.366667	11282.433	-2.933
182228	38.866447	96.530153	80.0	1044.0	11278.0	-7.733
182248	38.87538	96.46522	80.0	1044.0	11278.0	-2.4
182308	38.884167	96.40069	80.0	1043.633333	11278.0	0.0
182328	38.892867	96.336277	80.0	1043.0	11278.0	0.0
182348	38.9022	96.26781	80.0	1043.0	11278.0	0.0
182408	38.911167	96.20169	80.0	1042.266667	11278.0	-2.933
182428	38.919852	96.137361	80.0	1041.0	11277.742	-7.742
182448	38.928884	96.070587	80.0	1041.0	11272.581	-2.581
182508	38.9379	96.003733	80.0	1040.666667	11272.667	2.667
182528	38.9469	95.9368	80.0	1040.0	11278.0	8.0
182548	38.955433	95.872733	80.0	1037.333333	11278.0	2.667
182608	38.96399	95.807829	80.322581	1036.0	11278.0	0.0
182628	38.972571	95.742087	80.967742	1036.0	11278.0	0.0
182648	38.980917	95.67838	81.0	1035.366667	11278.0	-5.067
182708	38.98931	95.61403	81.0	1034.4	11275.6	-5.6
182728	38.997777	95.548763	81.0	1033.066667	11270.267	-0.267
182748	39.00637	95.48261	81.0	1033.0	11275.067	5.067
182808	39.01494	95.41677	81.0	1033.0	11278.0	5.6
182828	39.023473	95.35137	81.0	1033.0	11278.0	0.267
182848	39.031817	95.28597	81.0	1033.0	11278.0	5.067
182908	39.04006	95.2209	81.0	1032.1	11280.1	8.0
182928	39.048193	95.156233	81.0	1030.1	11284.767	8.0
182948	39.056263	95.09163	81.0	1030.0	11285.0	-2.133
183008	39.06448	95.02586	81.0	1030.0	11282.9	-8.0
183028	39.07288	94.95866	81.0	1030.0	11278.233	-8.0
183048	39.080963	94.894247	81.0	1031.266667	11278.0	-2.933
183108	39.08888	94.83049	81.0	1032.0	11278.0	0.0
183128	39.096613	94.767357	81.0	1032.0	11278.0	0.0
183148	39.1046	94.70131	81.0	1030.733333	11278.0	0.0
183208	39.11266	94.63514	81.0	1030.0	11278.0	0.0
183228	39.120793	94.569007	81.0	1030.0	11278.0	0.0
183248	39.1288	94.501353	81.0	1028.733333	11278.0	0.0
183308	39.13656	94.43617	81.0	1028.0	11278.0	0.0
183328	39.144027	94.374103	81.0	1028.0	11278.0	0.0
183348	39.151937	94.307223	81.633333	1028.0	11278.0	0.0
183408	39.15963	94.2418	81.7	1028.0	11278.0	0.0
183428	39.16703	94.178467	81.033333	1028.0	11278.0	0.0
183448	39.17481	94.112157	81.633333	1028.0	11278.0	0.0
183508	39.18249	94.04656	82.0	1027.7	11278.0	0.0
183528	39.190023	93.982027	82.0	1027.033333	11278.0	0.0
183548	39.197493	93.916797	82.0	1025.1	11278.0	0.0
183608	39.20484	93.85279	82.0	1024.0	11278.0	0.0
183628	39.21204	93.790323	82.0	1024.0	11278.0	0.0
183648	39.21943	93.72488	82.0	1024.0	11278.0	0.0
183708	39.22686	93.65892	82.0	1024.0	11278.0	0.0
183728	39.234327	93.59252	82.0	1024.0	11278.0	0.0
183748	39.241603	93.52802	82.0	1024.0	11278.0	-5.067
183808	39.2489	93.46314	82.0	1025.2	11275.6	-8.0
183828	39.256233	93.397673	82.0	1027.866667	11270.267	-8.0
183848	39.263503	93.331573	82.0	1028.0	11270.0	-2.933
183908	39.27068	93.26601	82.0	1029.5	11270.0	4.5
183928	39.277747	93.201143	82.0	1032.833333	11270.0	14.5
183948	39.285087	93.13379	82.0	1033.0	11279.194	15.0
184008	39.292433	93.066767	82.0	1033.8	11285.0	11.0
184028	39.299767	93.000433	82.0	1035.8	11285.0	1.0
184048	39.3065	92.93626	82.0	1036.0	11285.0	0.0
184108	39.313327	92.870567	82.0	1036.0	11285.0	0.0
184128	39.320393	92.802233	82.0	1036.0	11285.0	0.0
184148	39.32734	92.7354	82.0	1036.0	11285.0	0.0
184208	39.334225	92.6692	82.25	1036.0	11285.0	-1.75
184228	39.341037	92.6037	82.875	1036.0	11285.0	-6.125
184248	39.347893	92.53732	83.0	1036.0	11281.267	-7.533
184308	39.35466	92.47118	83.0	1036.0	11278.0	-6.4
184328	39.361193	92.406113	83.0	1036.0	11278.0	-1.067
184348	39.367887	92.339873	83.0	1036.0	11278.0	-4.267
184408	39.374574	92.273655	83.0	1036.774194	11276.452	-6.452
184428	39.381155	92.208171	83.0	1039.354839	11271.29	-1.29
184448	39.3876	92.14345	83.0	1040.0	11274.0	4.0
184508	39.394017	92.0786	83.0	1039.333333	11278.0	8.0
184528	39.400483	92.0126	83.0	1036.666667	11278.0	8.0
184548	39.40695	91.9465	83.0	1035.5	11281.5	4.0
184608	39.413383	91.88055	83.0	1035.0	11283.833	-1.333
184628	39.419717	91.81515	83.0	1035.0	11279.167	-6.667
184648	39.4263	91.74645	83.0	1034.0	11278.0	-4.0
184708	39.4328	91.678217	83.0	1032.833333	11278.0	0.0
184728	39.4388	91.614683	83.0	1032.166667	11278.0	0.0
184748	39.44505	91.54845	83.0	1032.0	11278.0	0.0
184808	39.451333	91.48175	83.0	1031.666667	11278.0	0.0
184828	39.457467	91.41635	83.0	1030.333333	11278.0	0.0
184848	39.4637	91.34935	83.0	1029.0	11278.0	0.0
184908	39.469883	91.28255	83.0	1027.833333	11278.0	0.0
184928	39.475817	91.21795	83.0	1027.166667	11278.0	0.0
184948	39.4819	91.15095	83.0	1027.0	11278.0	0.0
185008	39.48795	91.083833	83.0	1026.5	11278.0	-1.333
185028	39.49375	91.018767	83.0	1024.5	11278.0	-6.667
185048	39.4994	90.95525	83.5	1024.0	11274.0	-4.0
185108	39.50505	90.8914	84.0	1024.0	11271.333	1.333
185128	39.51085	90.825	84.0	1024.0	11276.667	6.667
185148	39.51645	90.7605	84.0	1024.0	11278.0	0.0
185208	39.522117	90.695283	84.0	1024.0	11276.667	-8.0
185228	39.528183	90.626017	84.0	1024.0	11271.333	-8.0
185248	39.53395	90.5594	84.0	1024.0	11270.0	-4.0
185308	39.539533	90.49425	84.0	1024.0	11270.0	1.333
185328	39.544867	90.43085	84.0	1024.0	11270.0	6.667
185348	39.55045	90.36365	84.0	1024.0	11274.0	11.5
185408	39.55605	90.296033	84.0	1024.5	11279.167	12.5
185428	39.56145	90.230967	84.0	1026.5	11283.833	2.5
185448	39.56695	90.16435	84.0	1027.0	11281.5	0.0
185508	39.572383	90.0984	84.0	1027.0	11279.167	1.333
185528	39.577517	90.036	84.0	1027.0	11283.833	6.667
185548	39.5828	89.9692	84.0	1027.0	11285.0	0.0
185608	39.588117	89.9014	84.0	1027.166667	11283.833	-8.0
185628	39.593383	89.835	84.0	1027.833333	11279.167	-8.0
185648	39.59845	89.7703	84.0	1027.5	11278.0	-4.0
185708	39.60345	89.70595	84.166667	1027.5	11278.0	0.0
185728	39.60845	89.64095	84.833333	1029.5	11278.0	0.0
185748	39.613571	89.57341	84.516129	1029.032258	11278.0	0.0
185808	39.618713	89.505713	84.0	1028.0	11278.0	0.0
185828	39.62378	89.44078	84.0	1028.0	11278.0	0.0
185848	39.628707	89.375427	84.0	1028.0	11278.0	0.0
185908	39.633587	89.309813	84.133333	1027.866667	11278.0	0.0
185928	39.63852	89.24388	84.8	1027.2	11278.0	0.0
185948	39.64336	89.17804	85.0	1027.466667	11278.0	0.0
190008	39.64816	89.112333	85.0	1028.0	11278.0	0.0
190028	39.65296	89.047	85.0	1028.0	11278.0	0.0
190048	39.657807	88.98078	85.0	1028.0	11278.0	0.0
190108	39.662647	88.91378	85.0	1028.266667	11278.0	0.0
190128	39.66738	88.84518	85.0	1029.6	11278.0	0.0
190148	39.671927	88.779333	85.0	1029.066667	11278.0	-3.733
190208	39.676433	88.713907	85.0	1028.533333	11276.933	-6.933
190228	39.6811	88.64544	85.0	1031.2	11271.6	-1.6
190248	39.685533	88.5815	85.0	1032.0	11273.733	3.733
190308	39.68988	88.518727	85.0	1032.133333	11278.0	6.933
190328	39.69428	88.45286	85.0	1032.8	11278.0	1.6
190348	39.698897	88.385319	84.548387	1033.903226	11278.0	0.0
190408	39.704208	88.3172	83.583333	1034.75	11278.0	0.5
190428	39.712931	88.249867	80.805556	1033.083333	11278.0	3.833
190448	39.72218	88.18308	79.0	1032.2	11279.4	4.8
190508	39.732409	88.117309	79.0	1032.771429	11283.4	1.371
190528	39.74262	88.05152	79.0	1033.0	11282.2	-3.2
190548	39.752787	87.985847	79.0	1033.133333	11278.0	-6.933
190608	39.762653	87.921313	79.0	1034.466667	11278.0	3.733
190628	39.7726	87.85622	79.0	1033.8	11280.8	4.8
190648	39.78258	87.790787	79.0	1032.066667	11284.533	-0.533
190708	39.79238	87.725653	79.0	1032.733333	11279.867	-5.867
190728	39.80222	87.65996	79.0	1033.0	11278.0	-4.8
190748	39.812087	87.5939	79.0	1032.933333	11278.0	0.0
190808	39.821953	87.5279	79.0	1032.266667	11278.0	0.0
190828	39.83154	87.46366	79.0	1032.0	11278.0	0.0
190848	39.841	87.400173	79.0	1032.066667	11278.0	0.0
190908	39.851	87.332907	79.0	1032.733333	11278.0	0.0
190928	39.86092	87.26572	79.0	1033.0	11278.0	0.0
190948	39.87074	87.198953	79.0	1033.0	11278.0	0.0
191008	39.88014	87.135487	79.0	1033.0	11278.0	0.0
191028	39.88958	87.0707	79.0	1032.6	11278.0	0.0
191048	39.899087	87.004913	79.0	1031.866667	11278.0	0.0
191108	39.908953	86.938047	79.0	1030.533333	11278.0	0.0
191128	39.91834	86.8721	79.4	1030.8	11278.0	-3.2
191148	39.92746	86.806687	79.933333	1032.0	11277.467	-7.467
191208	39.93706	86.740553	79.266667	1032.0	11272.133	-2.133
191228	39.94658	86.6745	79.4	1032.0	11273.2	3.2
191248	39.956033	86.608393	80.0	1032.066667	11278.0	7.467
191308	39.965367	86.541327	80.0	1032.733333	11278.0	2.133
191328	39.97466	86.4749	80.0	1032.6	11278.0	3.2
191348	39.9839	86.409007	80.0	1032.0	11278.467	7.467
191408	39.9929	86.344073	80.0	1032.0	11283.133	2.133
191428	40.00194	86.27878	80.0	1030.4	11282.2	-3.2
191448	40.011	86.213247	80.0	1028.133333	11278.0	-7.467
191508	40.02	86.147713	80.0	1029.466667	11278.0	-2.133
191528	40.02884	86.0825	80.0	1029.2	11278.0	-207.2
191548	40.037613	86.0173	80.0	1027.933333	11243.4	-484.0
191608	40.046747	85.9503	80.0	1027.266667	10897.4	-144.0
191628	40.05584	85.8829	80.0	1028.2	10963.4	199.6
191648	40.064893	85.815367	80.0	1030.0	11270.0	477.467
191708	40.073827	85.749033	80.0	1030.0	11270.0	142.133
191728	40.0824	85.68422	80.0	1030.0	11273.2	8.0
191748	40.090787	85.620053	80.0	1030.0	11278.0	8.0
191808	40.099653	85.552587	80.0	1030.0	11278.0	8.0
191828	40.10836	85.48648	80.0	1030.8	11280.8	4.8
191848	40.116973	85.421127	80.0	1031.866667	11284.533	-0.533
191908	40.125707	85.354393	80.0	1030.533333	11279.867	-5.867
191928	40.13404	85.2903	80.4	1030.8	11278.0	-8.0
191948	40.142147	85.227547	81.0	1032.066667	11277.467	-7.467
192008	40.150613	85.161013	81.0	1032.733333	11272.133	-2.133
192028	40.159684	85.0924	79.736842	1033.0	11275.053	5.684
192048	40.172482	85.026376	75.176471	1031.852941	11278.0	5.559
192108	40.187071	84.962494	69.294118	1030.088235	11278.0	0.265
192128	40.20879	84.898771	64.47619	1027.285714	11278.0	8.143
192148	40.23026	84.84134	64.0	1027.6	11282.2	8.4
192208	40.252673	84.781967	64.0	1028.0	11285.0	5.867
192228	40.276607	84.718633	64.0	1028.0	11285.0	0.533
192248	40.29832	84.66034	64.0	1028.0	11285.0	0.0
192308	40.320347	84.601327	64.0	1028.0	11285.0	-2.133
192328	40.343213	84.540393	64.0	1028.0	11285.0	-7.467
192348	40.3656	84.48024	64.0	1028.0	11280.8	-8.0
192408	40.387827	84.420547	64.0	1028.533333	11278.0	-5.867
192428	40.409893	84.361413	64.0	1029.866667	11278.0	-0.533
192448	40.43274	84.29976	64.0	1028.8	11278.0	4.8
192508	40.455273	84.23892	64.0	1027.733333	11279.867	5.867
192528	40.477207	84.17972	64.0	1027.066667	11284.533	0.533
192548	40.49992	84.11818	64.0	1027.0	11280.8	-4.8
192608	40.522813	84.056016	64.0	1027.0	11278.0	-8.0
192628	40.545845	83.993306	64.0	1027.0	11278.0	-8.0
192648	40.567717	83.933637	64.0	1027.0	11273.467	-3.467
192708	40.589453	83.874293	64.233333	1027.0	11271.867	1.867
192728	40.61132	83.81456	64.9	1027.0	11277.2	7.2
192748	40.633357	83.754203	65.0	1027.0	11278.0	-1.067
192808	40.655353	83.693807	65.0	1027.233333	11276.133	-8.0
192828	40.67722	83.63354	65.0	1027.9	11270.8	-8.0
192848	40.699597	83.57163	65.0	1029.133333	11270.0	-3.467
192908	40.721643	83.510597	65.0	1030.466667	11270.0	1.867
192928	40.74291	83.45173	65.0	1031.8	11270.0	7.2
192948	40.7648	83.39088	65.0	1033.7	11274.533	11.967
193008	40.786963	83.329167	65.0	1034.533333	11279.633	13.367
193028	40.80943	83.2665	65.0	1033.2	11284.3	8.7
193048	40.83167	83.204513	65.0	1032.433333	11285.0	3.467
193108	40.853613	83.143277	65.0	1032.0	11285.0	0.0
193128	40.87508	83.08321	65.0	1032.0	11285.0	0.0
193148	40.89819	83.018213	65.0	1032.0	11285.0	-4.533
193208	40.920447	82.95545	65.0	1032.0	11283.367	-8.0
193228	40.94058	82.89845	65.0	1032.0	11278.7	-8.0
193248	40.962413	82.836463	65.0	1032.0	11278.0	-3.467
193308	40.98443	82.773947	65.0	1032.0	11278.0	0.0
193328	41.00623	82.71208	65.0	1032.0	11278.0	0.0
193348	41.0282	82.649533	65.0	1032.566667	11278.0	0.0
193408	41.04999	82.587193	65.0	1033.0	11278.0	0.0
193428	41.07139	82.52546	65.0	1033.0	11278.0	0.0
193448	41.093073	82.463217	65.0	1033.0	11278.0	0.0
193508	41.11448	82.40177	65.0	1032.3	11278.0	-1.867
193528	41.13528	82.34197	65.0	1030.3	11278.0	-7.2
193548	41.157157	82.278827	65.0	1031.133333	11273.467	-8.0
193608	41.178897	82.215933	65.233333	1032.0	11270.0	-6.133
193628	41.20003	82.1546	65.9	1032.0	11270.0	-0.8
193648	41.222013	82.090773	66.0	1032.566667	11270.0	8.5
193708	41.24347	82.028257	66.0	1032.3	11273.5	16.867
193728	41.26367	81.96899	66.0	1030.3	11283.5	22.2
193748	41.284493	81.908023	66.0	1028.3	11289.533	9.967
193808	41.305707	81.84594	66.0	1027.0	11291.133	-3.5
193828	41.32744	81.78234	66.0	1027.0	11285.8	-13.5
193848	41.348493	81.72044	66.0	1027.566667	11281.033	-11.033
193908	41.36945	81.65856	66.0	1027.066667	11278.0	-8.0
193928	41.39045	81.59616	66.0	1024.4	11278.0	-8.0
193948	41.411167	81.53478	66.0	1024.0	11273.467	1.067
194008	41.43174	81.47365	66.0	1023.533333	11273.5	8.0
194028	41.45214	81.41265	66.0	1022.2	11283.5	8.0
194048	41.473163	81.34995	66.0	1020.866667	11281.033	-5.033
194108	41.494273	81.28681	66.0	1020.0	11276.133	-13.367
194128	41.51534	81.22341	66.0	1020.0	11270.8	-8.7
194148	41.536067	81.160973	66.0	1020.0	11270.0	-3.467
194208	41.55659	81.099161	66.0	1020.451613	11270.0	0.0
194228	41.576848	81.038194	66.0	1021.741935	11270.0	0.0
194248	41.597487	80.975547	66.0	1023.066667	11270.0	0.0
194308	41.618072	80.912728	66.72	1024.72	11270.0	0.0
194328	41.638076	80.850259	69.241379	1027.034483	11270.0	0.345
194348	41.653593	80.783431	74.068966	1027.724138	11270.0	7.241
194408	41.665	80.718767	80.0	1028.0	11275.333	9.333
194428	41.671707	80.65066	82.933333	1028.0	11278.0	4.8
194448	41.677547	80.580567	84.0	1028.266667	11278.0	0.0
194508	41.68328	80.5109	84.0	1029.6	11278.0	0.0
194528	41.688593	80.44478	84.0	1030.933333	11278.0	3.733
194548	41.693807	80.379207	84.0	1032.133333	11278.933	8.0
194608	41.69934	80.30974	84.0	1032.8	11283.6	8.0
194628	41.70464	80.24116	84.0	1032.533333	11285.0	4.267
194648	41.709907	80.1722	84.0	1032.0	11285.0	0.0
194708	41.71544	80.1002	84.0	1032.0	11285.0	0.0
194728	41.720693	80.032167	84.0	1031.066667	11285.0	0.0
194748	41.725813	79.965593	84.0	1029.733333	11285.0	-1.067
194808	41.73088	79.89806	84.0	1028.4	11285.0	-6.4
194828	41.735993	79.829173	84.466667	1027.533333	11281.733	-8.0
194848	41.74106	79.76056	84.866667	1027.0	11278.0	-8.0
194908	41.74586	79.69536	84.2	1027.0	11278.0	-8.0
194928	41.750707	79.626427	84.933333	1025.6	11274.267	-8.467
194948	41.754958	79.556863	86.631579	1023.578947	11270.0	-7.105
195008	41.756065	79.490129	89.882353	1021.117647	11270.0	2.941
195028	41.754913	79.421347	92.0	1019.0	11272.133	7.333
195048	41.753447	79.354213	92.0	1019.0	11277.467	0.667
195108	41.75186	79.28672	92.0	1019.0	11273.2	0.0
195128	41.750203	79.218742	92.0	1018.483871	11272.065	1.806
195148	41.748461	79.150097	92.0	1017.193548	11277.226	6.323
195208	41.746555	79.082055	92.0	1015.903226	11278.0	3.161
195228	41.74464	79.01412	92.0	1015.0	11278.0	1.6
195248	41.742773	78.946187	92.0	1015.0	11278.0	6.933
195308	41.741013	78.879107	92.0	1013.4	11281.733	3.733
195328	41.73922	78.81218	92.0	1012.0	11283.6	-1.6
195348	41.737287	78.745113	92.0	1012.0	11278.933	-6.933
195408	41.7353	78.678473	92.0	1012.0	11278.0	-3.733
195428	41.73326	78.61118	92.0	1012.6	11278.0	-1.6
195448	41.731127	78.542113	92.0	1014.6	11278.0	-6.933
195508	41.729047	78.476353	92.533333	1016.066667	11273.733	-8.0
195528	41.72694	78.41064	93.0	1017.6	11270.0	-4.8
195548	41.72474	78.343107	93.0	1019.6	11270.0	5.867
195608	41.72254	78.274347	93.0	1021.066667	11274.267	8.0
195628	41.72032	78.20612	93.0	1022.0	11278.0	6.4
195648	41.718053	78.139853	93.0	1022.0	11278.0	1.067
195708	41.71552	78.069693	93.0	1022.0	11278.0	4.267
195728	41.71296	77.99964	93.0	1022.0	11279.4	8.0
195748	41.710493	77.932107	93.0	1022.0	11284.067	8.0
195808	41.70792	77.863773	93.0	1020.933333	11285.0	3.733
195828	41.70532	77.79562	93.0	1019.8	11285.0	-1.6
195848	41.70272	77.728353	93.0	1019.133333	11285.0	-6.933
195908	41.700067	77.660713	93.0	1019.533333	11281.267	-8.0
195928	41.69742	77.593	93.0	1019.8	11278.0	-4.8
195948	41.69482	77.525333	93.0	1019.133333	11278.0	5.867
200008	41.69206	77.457773	93.0	1019.0	11281.733	3.733
200028	41.68926	77.39024	93.2	1018.6	11283.6	-4.0
200048	41.68646	77.322707	93.866667	1017.266667	11278.933	-17.333
200108	41.682418	77.257341	95.882353	1015.117647	11270.471	-1.176
200128	41.673823	77.190968	99.454545	1006.795455	11273.455	2.591
200148	41.665005	77.124514	103.090909	998.159091	11277.091	5.318
200208	41.651831	77.0599	106.8125	989.90625	11278.0	3.188
200228	41.6369	76.99641	110.0	982.9	11278.0	-1.5
200248	41.620233	76.93581	110.0	982.233333	11278.0	-11.5
200308	41.603653	76.875123	110.0	983.3	11271.067	-74.367
200328	41.58704	76.8141	110.0	986.1	11248.3	-164.2
200348	41.569973	76.751433	110.0	993.433333	11156.967	-245.533
200408	41.55295	76.6892	110.0	995.566667	11065.633	-277.467
200428	41.5359	76.62704	110.0	995.1	10973.5	-283.5
200448	41.518567	76.563973	110.0	995.766667	10876.833	-293.5
200508	41.501537	76.502553	110.0	997.3	10777.133	-297.0
200528	41.48452	76.44144	110.0	1000.2	10676.5	-297.0
200548	41.466653	76.37704	110.0	1008.2	10579.833	-297.0
200608	41.449047	76.31355	110.0	1015.766667	10480.133	-313.467
200628	41.43153	76.25048	110.1	1022.8	10375.7	-359.4
200648	41.41373	76.187013	110.766667	1028.133333	10253.7	-522.067
200708	41.395627	76.122593	111.0	1030.866667	10039.4	-671.3
200728	41.37738	76.0578	111.0	1032.1	9775.3	-788.2
200748	41.359247	75.9938	111.0	1032.766667	9510.633	-762.867
200808	41.340983	75.929107	111.0	1036.466667	9262.867	-734.5
200828	41.32266	75.86416	111.0	1040.4	9025.0	-704.4
200848	41.304393	75.799893	111.0	1036.4	8791.667	-673.733
200908	41.286473	75.737317	111.433333	1021.566667	8574.367	-666.467
200928	41.26828	75.6755	112.2	1002.6	8361.2	-667.1
200948	41.24748	75.612833	113.533333	993.266667	8122.533	-641.1
201008	41.227893	75.55411	114.0	977.433333	7920.267	-651.933
201028	41.20887	75.49728	114.0	959.9	7724.6	-671.2
201048	41.189337	75.439147	114.0	952.566667	7455.267	-625.867
201108	41.170367	75.382617	114.0	932.233333	7271.733	-490.833
201128	41.15176	75.32711	114.0	905.5	7142.1	-316.7
201148	41.133493	75.27251	114.0	882.166667	7056.1	-194.7
201208	41.114793	75.217173	114.0	883.533333	7016.033	-92.633
201228	41.096058	75.16201	114.0	895.709677	7003.677	-12.774
201248	41.078445	75.110074	114.0	893.774194	7008.194	2.065
201308	41.06084	75.0585	114.0	893.8	7010.0	4.8
201328	41.043	75.00644	114.0	894.266667	7010.0	0.0
201348	41.023	74.94784	114.0	886.933333	7010.0	0.0
201408	41.006517	74.892372	109.448276	894.344828	7010.0	0.0
201428	40.9935	74.83836	102.5	910.2	7010.0	-14.5
201448	40.986833	74.78076	99.166667	918.2	7010.0	-111.167
201508	40.980123	74.72017	98.0	922.3	6947.6	-215.2
201528	40.973402	74.658272	98.0	922.325581	6850.023	-316.628
201548	40.966751	74.598086	98.0	911.162791	6743.512	-380.814
201608	40.9601	74.5379	98.0	900.0	6637.0	-445.0
201628	40.953633	74.479967	98.0	889.333333	6429.0	-539.667
201648	40.947333	74.423633	98.0	877.333333	6233.333	-561.667
201708	40.9412	74.3689	98.0	864.0	6050.0	-511.0
201728	40.934867	74.311567	98.0	851.333333	5892.667	-362.333
201748	40.928742	74.257567	98.833333	829.583333	5804.417	-182.167
201808	40.92025	74.206537	106.375	784.375	5791.0	-21.25
201828	40.902833	74.164878	129.777778	697.777778	5791.0	-6.667
201848	40.878391	74.141664	151.454545	615.818182	5787.182	-192.545
201908	40.8515	74.127067	161.333333	574.666667	5687.333	-452.333
201928	40.8249	74.1156	162.0	566.0	5494.0	-671.0
201948	40.7957	74.103467	162.666667	564.0	5240.0	-645.0
202008	40.7683	74.0921	162.666667	557.333333	5029.333	-518.667
202028	40.7427	74.0815	162.0	546.0	4862.0	-292.0
202048	40.717087	74.071048	162.645161	551.806452	4832.323	-190.71
202108	40.69094	74.06038	163.0	554.1	4788.4	-190.5
202128	40.66414	74.049447	163.0	552.1	4727.067	-313.833
202148	40.63696	74.038703	163.0	545.666667	4579.6	-402.333
202208	40.6109	74.02842	163.0	540.8	4429.7	-454.5
202228	40.586233	74.018687	163.0	538.133333	4282.367	-464.5
202248	40.561283	74.009224	162.344828	536.689655	4120.379	-453.207
202308	40.5358	73.993222	149.222222	562.111111	3975.111	-281.444
202328	40.513118	73.968953	137.941176	589.705882	3918.706	-103.824
202348	40.492647	73.943541	136.176471	600.882353	3909.882	-28.529
202408	40.469755	73.914871	136.0	596.193548	3904.355	-165.581
202428	40.447607	73.887087	136.233333	588.966667	3838.933	-356.333
202448	40.42734	73.86162	136.9	580.3	3661.6	-603.0
202508	40.405997	73.836097	137.566667	571.066667	3423.067	-704.033
202528	40.38675	73.809544	129.444444	572.0	3172.333	-753.389
202548	40.373195	73.777747	114.105263	581.105263	2921.211	-723.684
202608	40.361767	73.742567	112.333333	573.333333	2687.667	-687.0
202628	40.3507	73.7081	113.0	562.0	2469.0	-681.0
202648	40.346247	73.673632	88.947368	559.052632	2224.474	-742.684
202708	40.350913	73.63668	77.6	551.866667	1974.333	-706.467
202728	40.35698	73.60308	75.6	541.2	1751.0	-693.8
202748	40.364339	73.567435	72.565217	528.869565	1517.217	-652.87
202808	40.374824	73.537218	54.823529	521.058824	1316.176	-526.765
202828	40.39575	73.51675	25.875	506.875	1165.25	-310.0
202848	40.418095	73.505142	21.105263	482.263158	1099.842	-182.789
202908	40.43934	73.49434	21.633333	456.933333	1039.367	-199.8
202928	40.45976	73.48369	22.3	431.3	969.4	-201.6
202948	40.479227	73.473223	22.966667	405.3	888.067	-176.267
203008	40.49649	73.46752	35.2	339.5	868.2	-35.6
203028	40.511332	73.474079	333.578947	298.894737	860.158	-21.947
203048	40.524513	73.484575	321.5625	294.625	853.0	-8.125
203108	40.529674	73.500411	287.210526	280.0	855.947	8.211
203128	40.533165	73.516435	296.176471	277.647059	857.235	0.0
203148	40.54021	73.532105	302.0	279.190476	857.19	5.762
203208	40.547945	73.548791	301.090909	282.545455	861.0	6.0
203228	40.553941	73.561853	300.941176	280.117647	861.0	0.0
203248	40.560876	73.577195	301.47619	276.428571	861.0	-12.048
203308	40.569289	73.595656	301.0	276.666667	852.667	-93.0
203328	40.576436	73.611391	301.0	272.0	800.182	-200.818
203348	40.583181	73.626133	301.47619	261.761905	718.667	-239.238
203408	40.589735	73.640455	301.55	252.85	639.95	-239.85
203428	40.59617	73.65458	301.0	247.2	560.9	-251.2
203448	40.60277	73.66898	301.0	243.2	469.567	-260.533
203508	40.6089	73.6827	300.0	243.0	389.0	-127.0
203528	40.615153	73.696288	300.882353	243.352941	361.0	-238.706
203548	40.621535	73.710259	300.588235	244.235294	266.0	-250.471
203608	40.627918	73.724229	300.294118	245.117647	171.0	-262.235
203628	40.6343	73.7382	300.0	246.0	76.0	-274.0
