200447	40.6223	73.7855	210.0	290.0	251.0	0.0
200507	40.609225	73.794875	207.75	298.25	466.75	489.5
200527	40.5947	73.80385	200.5	337.0	579.0	329.0
200547	40.5774	73.804575	168.5	385.5	691.25	321.5
200607	40.562406	73.788924	125.176471	443.058824	787.529	288.882
200627	40.557833	73.759517	86.277778	496.944444	895.0	494.056
200647	40.567769	73.728494	55.5	515.4375	1119.125	700.312
200707	40.585293	73.701483	48.766667	532.066667	1360.033	695.967
200727	40.60356	73.67515	48.1	549.4	1588.7	667.3
200747	40.621883	73.648647	48.0	567.3	1804.333	706.067
200807	40.640823	73.621273	47.766667	579.933333	2040.767	762.567
200827	40.66089	73.59234	47.1	582.6	2320.1	829.9
200847	40.680453	73.564826	45.210526	583.0	2600.895	747.842
200907	40.7064	73.541872	43.5	588.388889	2812.889	576.722
200927	40.732809	73.539964	354.863636	576.909091	2997.273	597.682
200947	40.76131	73.553193	334.966667	571.0	3215.633	542.333
201007	40.78551	73.56906	334.3	591.0	3368.3	489.0
201027	40.812863	73.586723	334.366667	615.033333	3523.533	509.733
201047	40.842807	73.605853	334.988372	641.465116	3683.453	587.395
201107	40.872947	73.624923	334.755814	650.767442	3892.523	595.302
201127	40.903086	73.643993	334.523256	660.069767	4101.593	603.209
201147	40.933226	73.663063	334.290698	669.372093	4310.663	611.116
201207	40.963365	73.682133	334.05814	678.674419	4519.733	619.023
201227	40.993135	73.701018	334.0	684.529412	4723.324	618.353
201247	41.022867	73.719925	334.0	689.125	4925.458	615.958
201307	41.0542	73.740425	334.0	691.625	5134.625	635.125
201327	41.085384	73.760768	333.105263	694.684211	5350.316	593.263
201347	41.113475	73.788462	313.625	683.0	5521.375	443.125
201407	41.128684	73.825458	290.052632	671.263158	5658.526	473.053
201427	41.133988	73.8692	275.0	661.875	5834.938	542.562
201447	41.137261	73.911778	277.444444	666.055556	6018.778	540.0
201507	41.14325	73.95612	280.3	671.466667	6196.267	513.5
201527	41.15025	74.00251	282.1	677.4	6369.1	482.2
201547	41.15725	74.046577	282.766667	686.733333	6516.433	443.533
201607	41.16451	74.0906	282.35	694.55	6657.7	447.55
201627	41.170176	74.135424	280.414634	697.95122	6809.683	450.976
201647	41.174907	74.180693	277.97561	699.414634	6969.195	441.707
201707	41.1794	74.22584	277.0	703.2	7109.4	421.2
201727	41.18376	74.271207	277.0	708.333333	7237.733	395.0
201747	41.18836	74.319273	277.0	711.666667	7375.067	385.0
201807	41.19284	74.36642	277.0	717.4	7500.0	366.6
201827	41.196642	74.413195	275.421053	723.052632	7616.158	345.737
201847	41.193545	74.46098	259.0	713.2	7729.3	351.25
201907	41.180918	74.501938	241.735294	703.705882	7849.853	346.029
201927	41.163035	74.541526	239.970588	708.411765	7962.206	339.559
201947	41.14468	74.58205	239.0	712.2	8074.4	334.5
202007	41.125747	74.623717	239.0	714.866667	8186.4	331.167
202027	41.107293	74.664071	239.0	717.714286	8295.143	309.964
202047	41.088513	74.70508	239.0	721.566667	8394.233	296.333
202107	41.06947	74.746617	239.0	726.2	8486.067	290.233
202127	41.05087	74.78695	239.0	730.2	8587.4	294.9
202147	41.031867	74.8282	239.0	733.1	8686.167	283.8
202207	41.012596	74.870108	239.076923	735.192308	8781.808	260.885
202227	40.994519	74.910262	240.615385	739.038462	8857.962	258.577
202247	40.977175	74.9551	244.75	745.25	8951.25	261.0
202307	40.963635	75.000671	249.088235	749.205882	9036.882	258.912
202327	40.951349	75.046063	253.0	752.023256	9118.419	254.023
202347	40.940326	75.093319	253.0	752.488372	9206.791	234.488
202407	40.929302	75.140574	253.0	752.953488	9295.163	214.953
202427	40.91758	75.19078	253.0	759.6	9345.4	226.8
202447	40.906153	75.23958	253.0	763.2	9417.533	253.067
202507	40.895287	75.28578	253.0	761.2	9528.867	295.733
202527	40.884107	75.333279	253.0	761.0	9618.429	309.643
202547	40.872895	75.380984	253.0	758.44186	9720.605	331.512
202607	40.861686	75.428751	253.0	753.325581	9837.814	364.535
202627	40.850637	75.475725	253.175	746.325	9963.35	375.325
202647	40.839888	75.521225	253.675	735.825	10104.35	344.825
202707	40.828993	75.567128	253.674419	728.674419	10223.186	294.558
202727	40.81783	75.613779	252.744186	727.744186	10300.86	207.581
202747	40.806753	75.660087	252.133333	726.866667	10363.0	119.6
202807	40.79602	75.70502	252.8	726.2	10363.0	27.6
202827	40.785147	75.75014	252.533333	726.0	10363.0	0.0
202847	40.774213	75.79542	252.133333	725.733333	10363.0	0.0
202907	40.76328	75.84102	252.8	724.4	10363.0	0.0
202927	40.752487	75.886013	252.533333	723.533333	10363.0	0.0
202947	40.7417	75.93096	252.133333	722.733333	10363.0	0.0
203007	40.7307	75.97676	252.8	721.4	10363.0	0.0
203027	40.719653	76.02256	252.533333	721.933333	10363.0	0.0
203047	40.708613	76.0682	252.0	722.466667	10363.0	0.0
203107	40.69768	76.1132	252.0	719.8	10363.0	0.0
203127	40.688861	76.158109	258.086957	721.434783	10363.0	0.0
203147	40.684653	76.2047	269.117647	726.882353	10363.0	0.0
203207	40.687471	76.251959	274.647059	731.058824	10363.0	2.882
203227	40.692	76.2989	277.0	734.0	10363.0	7.0
203247	40.696533	76.345433	277.0	732.666667	10368.333	2.333
203307	40.701267	76.3937	277.0	731.0	10368.333	-5.0
203327	40.7062	76.4437	277.0	729.0	10363.0	-15.0
203347	40.711	76.492433	277.0	731.0	10358.333	-10.333
203407	40.7157	76.540233	277.0	731.0	10356.0	-2.667
203427	40.7203	76.5871	277.0	729.0	10356.0	8.0
203447	40.725033	76.635367	277.0	729.0	10360.667	8.0
203507	40.729633	76.6826	277.0	729.0	10363.0	5.333
203527	40.7341	76.7288	277.0	729.0	10363.0	0.0
203547	40.738567	76.775733	277.0	729.0	10363.0	0.0
203607	40.743133	76.8234	277.0	729.0	10363.0	0.0
203627	40.7478	76.8718	277.0	729.0	10363.0	0.0
203647	40.752267	76.9186	277.0	731.0	10363.0	0.0
203707	40.756767	76.9658	277.0	732.0	10363.0	0.0
203727	40.7613	77.0134	277.0	732.0	10363.0	0.0
203747	40.765967	77.063067	277.0	732.0	10363.0	0.0
203807	40.770533	77.111933	277.0	732.666667	10363.0	0.0
203827	40.775	77.16	277.0	734.0	10363.0	0.0
203847	40.779333	77.207533	277.0	734.666667	10363.0	0.0
203907	40.783633	77.254433	277.0	735.666667	10363.0	0.0
203927	40.7879	77.3007	277.0	737.0	10363.0	0.0
203947	40.792433	77.3489	277.0	739.0	10363.0	0.0
204007	40.796933	77.397667	277.0	739.666667	10363.0	0.0
204027	40.8014	77.447	277.0	739.0	10363.0	0.0
204047	40.805733	77.4958	277.0	739.0	10363.0	0.0
204107	40.810033	77.543833	277.0	739.333333	10363.0	-2.667
204127	40.8143	77.5911	277.0	740.0	10363.0	-8.0
204147	40.818633	77.6389	277.0	743.333333	10358.333	-2.667
204207	40.8229	77.6865	277.0	745.666667	10358.333	2.667
204227	40.8271	77.7339	277.0	747.0	10363.0	8.0
204247	40.831433	77.7841	277.0	749.0	10363.0	12.667
204307	40.835733	77.833467	277.0	750.0	10368.0	16.333
204327	40.84	77.882	277.0	750.0	10378.0	19.0
204347	40.844313	77.932193	277.866667	748.0	10377.533	-9.0
204407	40.848447	77.981127	276.533333	748.0	10372.867	-9.0
204427	40.852729	78.030986	276.0	748.0	10371.0	-9.0
204447	40.856863	78.079147	276.0	747.633333	10368.067	-11.2
204507	40.860813	78.12564	276.0	747.166667	10362.767	-14.767
204527	40.86508	78.17644	276.0	750.5	10358.1	-10.1
204547	40.869273	78.22647	276.0	752.366667	10356.0	-2.133
204607	40.873407	78.275883	276.0	753.1	10356.233	8.0
204627	40.87754	78.32555	276.0	755.1	10360.9	8.0
204647	40.8816	78.375217	276.0	756.733333	10363.0	5.067
204707	40.88561	78.424907	276.0	758.066667	10363.0	0.0
204727	40.88981	78.47504	276.0	759.4	10363.0	0.0
204747	40.89379	78.523927	276.0	761.1	10363.0	0.0
204807	40.897603	78.571913	276.0	763.033333	10363.0	0.0
204827	40.90167	78.62218	276.0	763.7	10363.0	0.0
204847	40.905627	78.671567	276.0	765.833333	10363.0	2.933
204907	40.909507	78.72042	276.0	769.066667	10363.267	8.0
204927	40.91364	78.77282	276.0	770.4	10368.6	8.0
204947	40.9177	78.824523	276.0	772.1	10371.0	5.067
205007	40.921691	78.875573	276.0	774.060606	10371.0	0.0
205027	40.925509	78.925027	276.0	775.272727	10371.0	0.0
205047	40.929373	78.975153	276.0	776.0	10371.0	0.0
205107	40.933307	79.026287	276.0	776.0	10371.0	0.0
205127	40.9373	79.07838	276.0	776.0	10371.0	0.0
205147	40.94122	79.12994	276.0	775.466667	10371.0	0.0
205207	40.94502	79.18054	276.0	774.133333	10371.0	0.0
205227	40.9487	79.23066	276.0	772.8	10371.0	0.0
205247	40.9525	79.281633	276.0	771.2	10371.0	-2.133
205307	40.9565	79.333967	276.0	769.2	10371.0	-7.467
205327	40.96002	79.38198	276.6	767.2	10366.2	-8.0
205347	40.963593	79.431033	276.733333	765.466667	10363.0	-8.0
205407	40.967327	79.482367	276.066667	764.133333	10363.0	-8.0
205427	40.970894	79.531281	275.419355	763.419355	10358.935	-8.0
205447	40.974483	79.580727	275.0	762.533333	10356.0	-8.0
205507	40.97815	79.63166	275.0	761.2	10356.0	-8.0
205527	40.981817	79.68316	275.566667	760.433333	10351.467	-8.0
205547	40.985413	79.734083	275.766667	760.233333	10348.0	-6.133
205607	40.98888	79.78375	275.1	760.9	10348.0	-0.8
205627	40.992233	79.832	275.0	762.133333	10348.0	4.533
205647	40.995613	79.880723	275.0	763.233333	10349.867	11.5
205707	40.99908	79.93079	275.0	763.9	10355.2	21.5
205727	41.002603	79.981877	275.0	764.0	10364.5	22.433
205747	41.006103	80.032853	275.0	763.78125	10372.531	18.719
205807	41.009541	80.083291	275.0	763.15625	10376.906	9.344
205827	41.012819	80.132626	275.0	761.548387	10378.0	3.613
205847	41.016053	80.181587	275.0	759.466667	10378.0	-1.067
205907	41.01932	80.23052	275.0	756.8	10378.0	-6.4
205927	41.022633	80.28062	275.0	754.6	10374.733	-11.267
205947	41.025953	80.3311	275.0	752.6	10369.933	-15.0
210007	41.02922	80.3811	275.0	750.6	10364.6	-15.0
210027	41.032347	80.430913	275.0	749.066667	10359.733	-11.733
210047	41.0354	80.480127	275.0	747.866667	10356.0	-6.933
210107	41.0384	80.52726	275.0	747.2	10356.0	-1.6
210127	41.04154	80.57696	275.0	747.0	10356.0	0.0
210147	41.044687	80.627227	275.0	747.0	10356.0	0.0
210207	41.04762	80.67536	275.0	747.0	10356.0	0.0
210227	41.050647	80.724287	275.0	747.0	10356.0	0.0
210247	41.053713	80.773447	275.0	747.133333	10356.0	1.067
210307	41.05678	80.82218	275.0	747.8	10356.0	6.4
210327	41.059707	80.870727	274.533333	748.933333	10359.267	8.0
210347	41.062613	80.91958	274.133333	750.266667	10363.0	6.933
210407	41.06568	80.96998	274.8	751.6	10363.0	1.6
210427	41.068568	81.019192	275.0	753.513514	10363.0	0.0
210447	41.071378	81.067895	275.0	755.675676	10363.0	0.0
210507	41.07435	81.11889	274.433333	758.266667	10363.0	0.0
210527	41.077327	81.16973	274.233333	760.233333	10363.0	0.0
210547	41.08026	81.21953	274.9	760.9	10363.0	0.0
210607	41.083193	81.269217	274.433333	762.7	10363.0	0.0
210627	41.086094	81.320061	274.0	765.806452	10363.0	0.0
210647	41.088932	81.373094	274.0	770.967742	10363.0	0.0
210707	41.09174	81.423647	274.0	774.666667	10363.0	0.0
210727	41.09454	81.47404	274.0	778.4	10363.0	0.0
210747	41.09734	81.525507	274.0	783.066667	10363.0	0.0
210807	41.10014	81.576067	274.0	786.666667	10363.0	4.267
210827	41.10294	81.62698	274.0	790.2	10364.6	9.4
210847	41.10574	81.679247	274.0	794.2	10369.933	14.067
210907	41.108487	81.731567	274.0	796.6	10374.733	11.267
210927	41.11124	81.78434	274.0	798.0	10378.0	3.4
210947	41.11404	81.83814	274.0	798.0	10378.0	-11.933
211007	41.116787	81.89114	274.0	798.0	10370.0	-15.0
211027	41.11948	81.9435	274.0	798.0	10363.0	-13.6
211047	41.12208	81.994833	274.0	798.0	10363.0	-8.933
211107	41.124733	82.047873	274.0	797.466667	10359.267	-8.0
211127	41.12736	82.10048	274.0	797.0	10356.0	-8.0
211147	41.129893	82.15108	274.0	797.0	10356.0	-8.0
211207	41.132373	82.201307	274.0	797.0	10351.733	-8.0
211227	41.134886	82.253241	274.0	797.0	10348.0	-6.345
211247	41.137507	82.309379	274.0	797.0	10348.0	-0.828
211307	41.14011	82.363077	274.0	797.566667	10348.0	13.033
211327	41.142663	82.41681	274.0	798.0	10353.367	24.633
211347	41.14513	82.47141	274.0	798.0	10368.7	29.3
211407	41.147427	82.52227	273.433333	798.0	10374.967	17.533
211427	41.14974	82.57338	273.233333	797.3	10378.0	2.633
211447	41.15214	82.62618	273.9	795.3	10378.0	-12.7
211507	41.154483	82.678017	273.433333	790.466667	10369.5	-15.0
211527	41.156817	82.729543	273.0	784.433333	10363.0	-11.5
211547	41.15915	82.78081	273.0	777.1	10363.0	-1.5
211607	41.16137	82.832077	273.0	776.566667	10363.0	0.0
211627	41.163547	82.88311	273.0	777.466667	10363.0	0.0
211647	41.16568	82.93371	273.0	778.8	10363.0	0.0
211707	41.16787	82.985557	273.0	781.833333	10363.0	8.5
211727	41.17007	83.037763	273.0	784.0	10366.5	15.0
211747	41.17227	83.09023	273.0	784.0	10376.5	15.0
211807	41.1743	83.142357	273.0	784.0	10378.0	6.5
211827	41.17637	83.194283	273.0	784.0	10378.0	-3.5
211847	41.17857	83.24595	273.0	784.0	10378.0	-13.5
211907	41.1806	83.296653	273.0	784.566667	10369.5	-15.0
211927	41.182623	83.347723	273.0	785.0	10363.0	-13.367
211947	41.18469	83.39979	273.0	785.0	10363.0	-8.7
212007	41.186587	83.45248	273.0	785.0	10359.033	-8.567
212027	41.18843	83.502655	273.0	785.7	10356.0	-2.7
212047	41.1903	83.55163	273.0	787.466667	10357.633	8.767
212107	41.1923	83.60743	273.0	788.8	10362.3	8.1
212127	41.194187	83.659207	273.0	789.0	10363.0	3.467
212147	41.19603	83.71039	273.0	789.0	10363.0	0.0
212207	41.19783	83.76179	273.0	789.0	10363.0	0.0
212227	41.199687	83.814833	273.0	789.566667	10363.0	0.0
212247	41.201507	83.867607	272.766667	790.0	10363.0	-1.867
212307	41.20324	83.91934	272.1	790.0	10363.0	-7.2
212327	41.204973	83.97164	272.566667	790.0	10359.033	-8.0
212347	41.20673	84.024973	273.0	790.7	10356.0	-4.267
212407	41.20853	84.08004	273.0	792.7	10356.0	6.4
212427	41.21016	84.130743	272.433333	794.133333	10359.967	8.0
212447	41.211783	84.18175	272.0	795.466667	10363.0	6.133
212507	41.21345	84.23475	272.0	796.8	10363.0	0.8
212527	41.215003	84.28588	272.0	797.566667	10363.0	0.0
212547	41.216583	84.33794	272.0	798.466667	10363.0	0.0
212607	41.21825	84.39234	272.0	799.8	10363.0	0.0
212627	41.219803	84.445777	272.0	800.566667	10363.0	0.0
212647	41.221313	84.498553	272.233333	801.466667	10363.0	1.867
212707	41.22278	84.55042	272.9	802.8	10363.0	7.2
212727	41.224303	84.60495	272.433333	803.0	10367.533	8.0
212747	41.225813	84.65946	272.0	803.0	10371.0	6.133
212807	41.22728	84.71306	272.0	803.0	10371.0	0.8
212827	41.228633	84.76462	272.0	803.0	10371.0	0.0
212847	41.22999	84.81652	272.0	803.0	10371.0	-1.867
212907	41.23139	84.86972	272.0	803.0	10371.0	-7.2
212927	41.232847	84.925357	272.0	803.0	10366.467	-8.0
212947	41.234243	84.980023	272.0	803.0	10363.0	-6.133
213007	41.23551	85.03209	272.0	803.0	10363.0	-0.8
213027	41.236777	85.08325	272.0	803.0	10363.0	0.0
213047	41.23802	85.13516	272.0	803.0	10363.0	-1.867
213107	41.23922	85.18876	272.0	803.0	10363.0	-7.2
213127	41.24042	85.24287	272.0	801.3	10359.033	-3.467
213147	41.241597	85.29595	272.0	794.633333	10357.633	1.867
213207	41.24273	85.34695	272.0	779.3	10362.3	7.2
213227	41.243863	85.39897	272.0	776.433333	10363.0	3.467
213247	41.24495	85.450773	272.0	777.4	10363.0	0.0
213307	41.24595	85.50184	272.0	781.4	10363.0	0.0
213327	41.247007	85.555173	272.0	783.7	10363.0	0.0
213347	41.24805	85.607413	272.0	785.466667	10363.0	1.867
213407	41.24905	85.65688	272.0	786.8	10363.0	7.2
213427	41.249993	85.708387	271.433333	787.0	10367.533	8.0
213447	41.250903	85.760487	271.0	787.0	10371.0	6.133
213507	41.25177	85.81302	271.0	787.0	10371.0	0.8
213527	41.252637	85.866007	271.0	787.0	10371.0	-4.533
213547	41.253503	85.918443	271.0	786.533333	10369.133	-8.0
213607	41.25437	85.96971	271.0	785.2	10363.8	-8.0
213627	41.255237	86.022563	271.0	785.0	10363.0	-8.0
213647	41.256057	86.074833	271.0	785.0	10361.367	-8.0
213707	41.25679	86.1255	271.0	785.0	10356.7	-8.0
213727	41.257523	86.176903	271.0	785.0	10356.0	-3.467
213747	41.258257	86.228973	271.0	785.466667	10356.0	0.0
213807	41.25899	86.28204	271.0	786.8	10356.0	0.0
213827	41.259637	86.333484	271.0	787.0	10356.0	0.0
213847	41.2603	86.386733	271.0	787.0	10356.0	0.0
213907	41.26093	86.439327	271.0	787.733333	10356.0	2.933
213927	41.261533	86.49122	271.0	789.0	10356.233	8.0
213947	41.2622	86.54362	271.0	789.0	10360.9	8.0
214007	41.262785	86.595474	271.407407	789.407407	10363.0	4.741
214027	41.263307	86.647027	271.866667	790.0	10363.0	1.067
214047	41.26384	86.69916	271.2	790.0	10363.0	6.4
214107	41.264327	86.751247	271.0	791.4	10366.733	8.0
214127	41.264793	86.803647	271.0	793.0	10371.0	6.933
214147	41.26526	86.85738	271.0	793.0	10371.0	1.6
214207	41.26568	86.910927	271.0	793.0	10371.0	0.0
214227	41.266057	86.963386	271.142857	793.0	10371.0	0.0
214247	41.266343	87.011814	271.857143	793.0	10371.0	0.0
214307	41.266667	87.064487	270.933333	793.0	10371.0	-3.2
214327	41.266998	87.118049	270.0	793.0	10369.884	-6.0
214347	41.267323	87.171212	270.0	793.0	10366.163	-6.0
214407	41.26763	87.22428	270.0	792.7	10363.0	-5.4
214427	41.26783	87.276813	270.0	790.7	10363.0	-1.4
214447	41.268073	87.329477	270.0	790.0	10363.0	-3.467
214507	41.26833	87.38199	270.0	790.0	10362.3	-8.0
214527	41.26853	87.433257	270.0	790.0	10357.633	-8.0
214547	41.268643	87.485303	270.0	791.3	10356.0	-1.067
214607	41.26872	87.53771	270.0	793.0	10356.7	7.2
214627	41.268853	87.589777	270.0	793.0	10361.367	1.867
214647	41.268943	87.642493	270.0	793.866667	10359.967	0.0
214707	41.26901	87.69561	270.0	795.2	10356.7	0.8
214727	41.269077	87.74901	270.0	796.533333	10361.367	6.133
214747	41.2691	87.801023	270.0	797.433333	10363.0	4.533
214807	41.2691	87.85257	270.0	798.2	10363.0	0.0
214827	41.2691	87.905703	270.0	799.533333	10363.0	0.0
214847	41.269057	87.9594	270.0	800.433333	10363.0	0.0
214907	41.26899	88.01353	270.0	801.2	10363.0	0.0
214927	41.268923	88.068397	270.0	802.533333	10363.0	0.0
214947	41.268813	88.12088	270.0	804.3	10363.0	3.033
215007	41.268677	88.1723	270.0	806.307692	10363.615	7.0
215027	41.268523	88.224967	270.0	808.358974	10367.718	7.0
215047	41.268357	88.277357	270.0	810.0	10371.0	7.143
215107	41.268143	88.328643	270.0	810.0	10371.0	7.857
215127	41.267887	88.384073	270.0	810.0	10374.733	8.0
215147	41.267608	88.438969	270.0	810.0	10378.0	6.154
215207	41.2673	88.4902	270.0	810.0	10378.0	0.0
215227	41.266967	88.5448	270.0	808.666667	10378.0	-5.333
215247	41.2666	88.600233	270.0	807.333333	10375.667	-10.333
215307	41.2662	88.6565	270.0	806.0	10371.0	-15.0
215327	41.265867	88.707433	270.0	804.0	10365.667	-10.333
215347	41.265467	88.759833	269.666667	802.333333	10363.0	-8.0
215407	41.265	88.8137	269.0	801.0	10363.0	-8.0
215427	41.264667	88.8667	269.666667	801.0	10358.333	-8.667
215447	41.2671	88.91965	276.0	799.5	10356.0	-4.5
215507	41.27434	88.97102	282.8	796.8	10356.0	0.0
215527	41.2837	89.021133	284.0	795.0	10356.0	0.0
215547	41.2933	89.072067	284.0	795.0	10356.0	0.0
215607	41.3029	89.1227	284.0	795.0	10356.0	0.0
215627	41.312517	89.173433	284.0	795.0	10356.0	0.0
215647	41.322183	89.224767	284.0	795.0	10356.0	0.0
215707	41.332	89.27665	284.0	796.0	10356.0	4.0
215727	41.341717	89.328017	283.833333	797.0	10357.167	8.167
215747	41.350983	89.377283	283.166667	797.0	10361.833	8.833
215807	41.3573	89.432743	275.857143	799.142857	10363.0	2.571
215827	41.35743	89.48444	266.7	800.7	10363.0	0.0
215847	41.35274	89.538073	263.066667	803.333333	10363.0	0.0
215907	41.34702	89.59298	262.0	806.0	10363.0	0.0
215927	41.34162	89.64538	262.0	806.0	10363.0	0.0
215947	41.33622	89.69666	262.0	806.933333	10363.0	3.733
220007	41.330797	89.747493	262.0	808.0	10364.103	6.897
220027	41.325279	89.798459	262.0	808.0	10369.621	1.379
220047	41.3192	89.8544	262.0	808.0	10367.0	-4.0
220107	41.313117	89.910283	262.0	808.333333	10363.0	-6.667
220127	41.307583	89.961017	262.0	809.666667	10363.0	-1.333
220147	41.3018	90.0139	262.0	810.5	10363.0	0.0
220207	41.296	90.06675	262.0	811.0	10363.0	0.0
220227	41.2904	90.11735	262.0	811.0	10363.0	0.0
220247	41.2844	90.17195	262.0	812.0	10363.0	0.0
220307	41.278333	90.226867	262.0	813.166667	10363.0	0.0
220327	41.272467	90.278733	262.0	813.833333	10363.0	0.0
220347	41.2666	90.33125	262.0	815.0	10363.0	0.0
220407	41.260633	90.384433	261.833333	816.0	10363.0	1.333
220427	41.254367	90.438967	261.166667	816.0	10363.0	6.667
220447	41.24825	90.49265	261.5	816.0	10367.0	8.0
220507	41.242233	90.545617	261.833333	816.5	10371.0	6.667
220527	41.236367	90.597283	261.166667	818.5	10371.0	1.333
220547	41.22995	90.65255	261.0	819.0	10371.0	-4.0
220607	41.223483	90.707983	261.0	819.0	10369.667	-8.0
220627	41.217417	90.760317	261.0	819.0	10364.333	-8.0
220647	41.21115	90.81415	261.0	819.0	10363.0	-4.0
220707	41.204883	90.86785	261.0	818.5	10363.0	0.0
220727	41.198817	90.91965	261.0	816.5	10363.0	0.0
220747	41.192316	90.974648	261.0	816.0	10363.0	0.0
220807	41.185813	91.02942	261.0	815.733333	10363.0	0.0
220827	41.17988	91.07902	261.0	814.4	10363.0	0.0
220847	41.173387	91.133193	261.0	814.0	10363.0	0.0
220907	41.166747	91.18846	261.0	812.533333	10363.0	0.0
220927	41.16048	91.24026	261.0	805.2	10363.0	0.0
220947	41.154307	91.2915	261.0	801.6	10363.0	0.0
221007	41.148093	91.34298	261.0	800.133333	10363.0	0.0
221027	41.14156	91.39638	261.0	800.8	10363.0	0.0
221047	41.135027	91.44922	261.0	801.0	10363.0	0.0
221107	41.12852	91.50162	261.0	801.0	10363.0	0.0
221127	41.12212	91.55322	261.0	801.0	10363.0	0.0
221147	41.11565	91.605494	261.0	801.0	10363.0	0.0
221207	41.10916	91.65796	261.0	801.133333	10363.0	0.0
221227	41.10276	91.70956	261.0	802.466667	10363.0	0.0
221247	41.096174	91.762329	261.0	803.0	10363.0	0.0
221307	41.089473	91.815767	261.0	803.0	10363.0	0.0
221327	41.08294	91.8671	261.0	803.0	10363.0	0.0
221347	41.07637	91.91902	261.0	803.0	10363.0	0.0
221407	41.06976	91.971427	260.966667	803.1	10363.0	0.0
221427	41.06296	92.02396	260.3	805.1	10363.0	0.0
221447	41.056245	92.076306	260.0	806.0	10363.0	0.0
221507	41.0496	92.1285	260.0	806.0	10363.0	0.0
221527	41.042867	92.180567	260.0	806.0	10363.0	0.0
221547	41.0361	92.232567	260.0	806.0	10363.0	0.0
221607	41.0293	92.2845	260.0	806.0	10363.0	0.0
221627	41.022567	92.3367	260.0	804.0	10363.0	0.0
221647	41.015767	92.388867	260.0	803.0	10363.0	0.0
221707	41.0089	92.441	260.0	803.0	10363.0	0.0
221727	41.0019	92.494467	260.0	806.333333	10363.0	0.0
221747	40.994967	92.5469	260.0	808.0	10363.0	0.0
221807	40.9881	92.5983	260.0	808.0	10363.0	0.0
221827	40.9809	92.651967	260.0	808.0	10363.0	0.0
221847	40.973767	92.705067	260.0	808.0	10363.0	0.0
221907	40.9667	92.7576	260.0	808.0	10363.0	0.0
221927	40.959767	92.808733	260.0	808.0	10363.0	0.0
221947	40.952767	92.860567	260.0	808.0	10363.0	0.0
222007	40.9457	92.9131	260.0	808.0	10363.0	0.0
222027	40.9387	92.9641	260.0	809.333333	10363.0	0.0
222047	40.931433	93.0169	260.0	810.0	10363.0	0.0
222107	40.9239	93.0715	260.0	810.0	10363.0	0.0
222127	40.916767	93.123233	260.0	810.666667	10363.0	0.0
222147	40.909467	93.176167	260.0	811.0	10363.0	0.0
222207	40.902	93.2303	260.0	811.0	10363.0	0.0
222227	40.895	93.280033	260.0	810.333333	10363.0	0.0
222247	40.887833	93.3314	260.0	810.0	10363.0	0.0
222307	40.8805	93.3844	260.0	810.0	10363.0	0.0
222327	40.8733	93.435667	259.333333	810.666667	10363.0	0.0
222347	40.8658	93.4887	259.333333	810.666667	10363.0	0.0
222407	40.858	93.5435	260.0	810.0	10363.0	0.0
222427	40.8506	93.595233	259.333333	810.666667	10363.0	25.333
222447	40.843167	93.6475	259.0	811.666667	10375.667	68.667
222507	40.8357	93.7003	259.0	813.0	10401.0	130.0
222527	40.8279	93.754433	259.0	818.333333	10462.333	190.667
222547	40.820233	93.807333	259.0	821.0	10536.0	236.333
222607	40.8127	93.859	259.0	821.0	10622.0	267.0
222627	40.804767	93.913667	259.0	819.666667	10713.333	226.333
222647	40.796933	93.967467	259.0	820.666667	10782.0	183.0
222707	40.7892	94.0204	259.0	824.0	10828.0	137.0
222727	40.781333	94.074133	259.0	828.0	10874.0	142.333
222747	40.773467	94.127633	259.0	830.666667	10922.333	122.0
222807	40.7656	94.1809	259.0	832.0	10973.0	76.0
222827	40.757733	94.233967	259.0	828.666667	10973.0	25.333
222847	40.749967	94.286367	259.0	826.666667	10973.0	0.0
222907	40.7423	94.3381	259.0	826.0	10973.0	0.0
222927	40.734167	94.392367	259.0	828.666667	10973.0	0.0
222947	40.7262	94.4453	259.0	830.0	10973.0	0.0
223007	40.7184	94.4969	259.0	830.0	10973.0	0.0
223027	40.7104	94.5503	259.0	830.0	10973.0	5.333
223047	40.702367	94.603867	259.0	830.0	10975.333	8.0
223107	40.6943	94.6576	259.0	830.0	10980.0	8.0
223127	40.6861	94.7114	259.0	830.0	10980.0	2.667
223147	40.677733	94.765967	259.0	830.0	10980.0	0.0
223207	40.6692	94.8213	259.0	830.0	10980.0	0.0
223227	40.661067	94.873567	259.0	830.0	10980.0	-5.333
223247	40.652867	94.926433	258.666667	830.0	10977.667	-8.0
223307	40.6446	94.9799	258.0	830.0	10973.0	-8.0
223327	40.636533	95.031767	258.0	830.0	10973.0	-2.667
223347	40.6284	95.0838	258.0	829.0	10973.0	0.0
223407	40.6202	95.136	258.0	827.0	10973.0	0.0
223427	40.611733	95.19	258.0	827.0	10973.0	0.0
223447	40.603233	95.244067	258.0	827.0	10973.0	0.0
223507	40.5947	95.2982	258.0	827.0	10973.0	0.0
223527	40.586233	95.351533	258.0	829.0	10973.0	0.0
223547	40.577867	95.4041	258.0	829.0	10973.0	0.0
223607	40.5696	95.4559	258.0	827.0	10973.0	0.0
223627	40.5612	95.5085	258.0	829.0	10973.0	0.0
223647	40.552767	95.5612	258.0	830.0	10973.0	0.0
223707	40.5443	95.614	258.0	830.0	10973.0	0.0
223727	40.5353	95.670067	258.0	830.0	10973.0	0.0
223747	40.5267	95.723433	258.0	830.666667	10973.0	0.0
223807	40.5185	95.7741	258.0	832.0	10973.0	0.0
223827	40.5093	95.830433	258.0	832.0	10973.0	0.0
223847	40.500733	95.882867	258.0	832.0	10973.0	0.0
223907	40.4928	95.9314	258.0	832.0	10973.0	0.0
223927	40.4834	95.988533	258.0	832.0	10973.0	0.0
223947	40.474367	96.043233	258.0	832.0	10973.0	0.0
224007	40.4657	96.0955	258.0	832.0	10973.0	0.0
224027	40.457233	96.146633	258.0	832.0	10973.0	5.333
224047	40.4484	96.1998	258.0	832.0	10975.333	5.333
224107	40.4392	96.255	258.0	832.0	10980.0	0.0
224127	40.4304	96.3076	258.0	833.333333	10975.333	-5.333
224147	40.421567	96.359933	257.666667	834.0	10973.0	-5.333
224207	40.4127	96.412	257.0	834.0	10973.0	0.0
224227	40.403633	96.465467	257.0	834.666667	10973.0	0.0
224247	40.3944	96.519933	257.0	835.0	10973.0	0.0
224307	40.385	96.5754	257.0	835.0	10973.0	0.0
224327	40.376067	96.628267	257.0	835.0	10973.0	0.0
224347	40.367133	96.680533	257.0	834.666667	10973.0	2.667
224407	40.3582	96.7322	257.0	834.0	10973.0	8.0
224427	40.3494	96.783533	257.0	834.0	10977.667	8.0
224447	40.340367	96.835767	257.0	834.0	10980.0	2.667
224507	40.3311	96.8889	257.0	834.0	10980.0	-8.0
224527	40.321833	96.942767	257.0	832.666667	10975.333	-8.0
224547	40.312533	96.9963	257.0	832.0	10973.0	-5.333
224607	40.3032	97.0495	257.0	832.0	10973.0	0.0
224627	40.2938	97.103433	257.0	833.333333	10973.0	0.0
224647	40.284567	97.1562	257.0	832.666667	10973.0	0.0
224707	40.2755	97.2078	257.0	830.0	10973.0	0.0
224727	40.266016	97.261477	257.0	831.290323	10973.0	0.0
224747	40.25651	97.31518	257.0	832.0	10973.0	0.0
224807	40.246977	97.368913	257.0	832.0	10973.0	0.0
224827	40.237697	97.421253	257.0	832.0	10973.0	0.0
224847	40.22825	97.47424	257.0	831.4	10973.0	0.0
224907	40.218583	97.528107	257.0	830.066667	10973.0	0.0
224927	40.209274	97.579648	257.0	830.0	10973.0	0.0
224947	40.19978	97.632233	257.0	829.2	10973.0	2.133
225007	40.18998	97.686567	257.0	827.2	10973.0	7.467
225027	40.18072	97.73748	257.0	827.0	10977.2	8.0
225047	40.171303	97.789297	257.0	827.0	10980.0	3.871
225107	40.161561	97.843039	257.0	827.0	10980.0	-6.452
225127	40.152167	97.89462	257.0	826.433333	10976.033	-8.0
225147	40.142647	97.94666	257.0	826.0	10973.0	-6.133
225207	40.13278	98.00026	257.0	826.0	10973.0	-0.8
225227	40.12348	98.050743	257.0	826.0	10973.0	0.0
225247	40.11407	98.101867	256.766667	826.233333	10973.0	0.0
225307	40.10427	98.1552	256.1	826.9	10973.0	0.0
225327	40.094923	98.205247	256.0	826.433333	10973.0	0.0
225347	40.085353	98.2563	256.0	826.0	10973.0	0.0
225407	40.07522	98.3103	256.0	826.0	10973.0	0.0
225427	40.065483	98.36243	256.0	826.0	10973.0	0.0
225447	40.055768	98.414345	256.0	826.0	10973.0	0.0
225507	40.045961	98.466474	256.0	826.0	10973.0	0.0
225527	40.036052	98.519016	256.0	826.0	10973.0	0.0
225547	40.026133	98.5715	256.0	826.0	10973.0	0.0
225607	40.016267	98.6235	256.0	826.0	10973.0	0.0
225627	40.0061	98.6769	256.0	826.0	10973.0	0.0
225647	39.995967	98.73	256.0	826.0	10973.0	0.0
225707	39.986233	98.7808	256.0	826.0	10973.0	0.0
225727	39.976203	98.832984	256.0	826.0	10973.0	0.0
225747	39.96618	98.885047	256.0	826.133333	10973.0	0.0
225807	39.95658	98.93478	256.0	826.8	10973.0	0.0
225827	39.946565	98.986777	256.0	827.0	10973.0	0.0
225847	39.93639	99.03963	256.0	826.9	10973.0	0.0
225907	39.926323	99.09183	256.0	826.233333	10973.0	0.0
225927	39.9163	99.143467	256.0	826.433333	10973.0	0.0
225947	39.90631	99.194716	256.0	827.0	10973.0	0.774
230007	39.896374	99.24549	256.0	827.0	10973.0	5.935
230027	39.8862	99.29728	256.0	826.6	10975.8	8.0
230047	39.87584	99.349873	256.0	826.0	10980.0	7.467
230107	39.86524	99.403607	256.0	826.0	10980.0	2.133
230127	39.85492	99.45578	256.0	825.2	10980.0	-3.2
230147	39.844773	99.506987	256.0	823.866667	10979.533	-8.0
230207	39.834507	99.558853	256.0	822.533333	10974.867	-8.0
230227	39.82404	99.61136	255.6	822.0	10973.0	-4.8
230247	39.813487	99.664087	255.066667	822.0	10973.0	-0.533
230307	39.803353	99.714953	255.733333	822.0	10973.0	-5.867
230327	39.79314	99.7659	255.6	821.6	10969.8	-8.0
230347	39.78288	99.816833	255.0	821.066667	10965.0	-6.933
230407	39.77268	99.867167	255.0	821.733333	10965.0	3.733
230427	39.76229	99.918539	255.0	822.0	10968.097	7.613
230447	39.751774	99.970581	255.0	822.0	10973.0	6.774
230507	39.741258	100.022194	255.0	822.0	10973.0	2.258
230527	39.730867	100.073333	255.0	822.0	10973.0	0.0
230547	39.7206	100.124	255.0	822.0	10973.0	0.0
230607	39.709697	100.176968	255.0	822.0	10973.0	4.516
230627	39.699055	100.2286	255.0	822.0	10975.032	7.29
230647	39.688732	100.2786	255.0	822.0	10979.548	7.935
230707	39.67822	100.32974	255.0	822.0	10980.0	3.2
230727	39.667633	100.38114	255.0	821.733333	10980.0	-1.867
230747	39.656967	100.43274	255.0	821.066667	10980.0	-6.533
230807	39.646245	100.483936	255.0	819.909091	10976.182	-7.0
230827	39.635517	100.5352	255.166667	819.0	10973.0	-5.833
230847	39.624783	100.5868	255.833333	819.0	10973.0	-1.167
230907	39.614068	100.638265	255.516129	819.0	10973.0	0.0
230927	39.60345	100.689138	255.125	818.375	10973.0	0.0
230947	39.5932	100.737825	255.75	815.25	10973.0	0.0
231007	39.582597	100.787997	256.0	813.612903	10973.0	0.0
231027	39.571783	100.839037	256.0	813.0	10973.0	-0.267
231047	39.56145	100.88777	256.0	813.0	10973.0	-5.6
231107	39.550457	100.939583	255.633333	813.0	10970.067	-5.067
231127	39.53895	100.993783	255.0	813.0	10965.267	0.3
231147	39.52795	101.04545	255.0	813.0	10970.6	6.3
231207	39.51706	101.096475	255.0	813.0	10973.0	4.05
231227	39.50648	101.145747	254.633333	812.266667	10973.0	0.0
231247	39.496035	101.19421	254.032258	811.0	10973.0	0.0
231307	39.484745	101.246403	254.677419	811.0	10973.0	0.0
231327	39.4737	101.297633	255.0	810.666667	10973.0	0.0
231347	39.4629	101.3479	255.0	810.0	10973.0	0.0
231407	39.452319	101.396868	254.354839	810.0	10973.0	0.0
231427	39.44146	101.44696	254.0	809.4	10973.0	0.0
231447	39.43026	101.498427	254.0	808.066667	10973.0	0.0
231507	39.419219	101.548929	254.0	808.0	10973.0	0.0
231527	39.408307	101.598907	254.0	808.533333	10973.0	0.0
231547	39.397573	101.648173	254.0	809.866667	10973.0	0.0
231607	39.38666	101.69744	254.0	808.8	10973.0	0.0
231627	39.3757	101.747	254.0	808.0	10973.0	0.0
231647	39.3647	101.797	254.0	808.0	10973.0	0.0
231707	39.353671	101.846768	254.0	806.83871	10973.0	0.0
231727	39.342533	101.89702	254.0	806.0	10973.0	0.0
231747	39.3312	101.94822	254.0	806.0	10973.0	0.0
231807	39.32032	101.996927	254.0	806.0	10973.0	3.4
231827	39.309356	102.045902	254.0	805.146341	10974.195	4.976
231847	39.298088	102.096195	254.0	802.707317	10977.61	2.049
231907	39.28698	102.14574	254.0	801.0	10978.6	-1.6
231927	39.276247	102.19354	254.0	801.0	10973.933	-6.933
231947	39.26514	102.24278	254.0	801.0	10973.0	-3.733
232007	39.25386	102.29274	254.0	800.8	10973.0	0.0
232027	39.242393	102.34354	254.0	800.133333	10973.0	0.0
232047	39.231247	102.392633	254.0	800.0	10973.0	4.267
232107	39.22018	102.44128	254.0	799.4	10974.4	6.4
232127	39.209113	102.48988	254.0	797.4	10979.067	1.067
232147	39.197673	102.539973	254.0	795.933333	10976.267	-4.267
232207	39.18622	102.59004	254.0	795.0	10973.0	-6.4
232227	39.174953	102.639173	254.0	795.0	10973.0	-1.067
232247	39.163847	102.687613	254.0	793.933333	10973.0	0.0
232307	39.15276	102.73588	254.0	792.4	10973.0	0.0
232327	39.141627	102.784147	254.0	790.4	10973.0	0.0
232347	39.13044	102.832467	253.466667	788.4	10973.0	-4.267
232407	39.11928	102.88062	253.0	787.0	10971.4	-8.0
232427	39.108213	102.928353	253.0	787.0	10966.067	-8.0
232447	39.096667	102.9779	253.0	787.0	10965.0	-3.733
232507	39.08514	103.02734	253.0	786.6	10965.0	1.6
232527	39.07394	103.075473	253.0	785.266667	10965.0	6.933
232547	39.0629	103.122647	253.0	786.066667	10969.267	8.0
232607	39.051813	103.169997	253.0	786.612903	10973.0	6.452
232627	39.040523	103.218319	253.0	785.322581	10973.0	1.29
232647	39.029135	103.26669	253.0	785.0	10973.0	-3.871
232707	39.01772	103.315053	253.0	785.0	10971.933	-8.0
232727	39.00632	103.36332	253.0	785.0	10966.6	-8.0
232747	38.994967	103.41126	253.0	786.866667	10965.0	-0.533
232807	38.983629	103.459048	253.0	789.0	10966.032	8.0
232827	38.972274	103.50679	253.0	789.0	10971.194	8.0
232847	38.96076	103.55522	253.0	789.433333	10973.0	4.533
232907	38.94918	103.60386	253.0	790.3	10973.0	0.0
232927	38.937713	103.651593	253.0	792.3	10973.0	0.0
232947	38.926133	103.699667	253.0	793.666667	10973.0	2.333
233007	38.914492	103.747923	253.0	794.692308	10973.0	5.923
233027	38.902553	103.797587	253.0	795.0	10976.267	7.467
233047	38.890593	103.84732	253.0	795.266667	10980.0	6.933
233107	38.87906	103.89492	253.0	796.6	10980.0	1.6
233127	38.867337	103.943278	253.0	797.341463	10980.0	0.0
233147	38.855532	103.991961	253.0	797.829268	10980.0	0.0
233207	38.843773	104.040503	253.0	798.0	10980.0	0.0
233227	38.83197	104.08916	253.0	798.0	10980.0	-0.8
233247	38.81977	104.138893	253.0	798.0	10980.0	-6.133
233307	38.807917	104.187283	253.0	798.0	10976.967	-8.0
233327	38.79619	104.23516	253.0	797.9	10973.0	-7.2
233347	38.784123	104.284227	253.0	797.233333	10973.0	-1.867
233407	38.772013	104.33325	252.566667	797.0	10973.0	0.0
233427	38.75991	104.38212	252.1	796.8	10973.0	0.0
233447	38.747977	104.430253	252.766667	795.466667	10973.0	0.0
233507	38.73613	104.477997	252.566667	795.0	10973.0	0.0
233527	38.72432	104.52554	252.0	794.8	10973.0	0.8
233547	38.712453	104.57314	252.0	793.466667	10973.0	6.133
233607	38.700413	104.62139	252.0	791.7	10976.033	8.0
233627	38.68834	104.66976	252.0	789.9	10980.0	6.4
233647	38.676607	104.716827	252.0	789.233333	10980.0	-4.267
233707	38.664613	104.764587	252.0	788.133333	10976.967	-8.0
233727	38.6525	104.81264	252.0	786.8	10973.0	-7.2
233747	38.6405	104.86024	252.0	785.466667	10973.0	-1.867
233807	38.628587	104.907667	252.0	784.566667	10973.0	-3.467
233827	38.61668	104.95506	252.0	784.0	10972.2	-8.0
233847	38.604547	105.002793	252.0	784.0	10966.867	-8.0
233907	38.59237	105.05083	252.0	784.0	10965.0	-4.533
233927	38.58023	105.09873	252.0	783.8	10965.0	0.0
233947	38.56843	105.14493	252.0	782.466667	10965.0	0.0
234007	38.556197	105.192907	252.0	782.0	10965.0	0.0
234027	38.54385	105.2413	252.0	782.0	10965.0	1.5
234047	38.532183	105.286633	252.0	782.0	10965.0	11.5
234107	38.52004	105.33383	252.0	780.7	10971.5	18.467
234127	38.50774	105.38168	252.0	778.8	10980.8	21.5
234147	38.496007	105.427547	252.0	777.466667	10986.133	11.5
234207	38.483859	105.474752	252.481481	776.518519	10988.0	4.148
234227	38.47152	105.52252	252.8	775.0	10988.0	-1.6
234247	38.459253	105.56992	252.133333	771.666667	10988.0	-6.933
234307	38.447147	105.61652	252.0	768.333333	10983.733	-11.733
234327	38.43506	105.66296	252.0	765.4	10978.6	-15.0
234347	38.422927	105.709493	252.0	763.4	10973.933	-15.0
234407	38.41122	105.754373	252.0	761.4	10968.733	-11.267
234427	38.39942	105.79948	252.0	759.2	10965.0	-8.0
234447	38.387153	105.84608	252.0	756.533333	10965.0	-8.0
234507	38.375367	105.890973	252.0	756.0	10961.267	0.533
234527	38.36358	105.9359	252.0	757.0	10961.0	9.4
234547	38.351513	105.9819	252.0	760.333333	10971.0	14.067
234607	38.339403	106.027803	251.515152	767.30303	10973.0	7.727
234627	38.327192	106.073992	251.0	774.0	10973.0	0.0
234647	38.314469	106.121936	251.0	774.0	10973.0	0.0
234707	38.301813	106.169597	251.0	773.3	10973.0	0.0
234727	38.28928	106.21673	251.0	771.3	10973.0	0.0
234747	38.276917	106.263127	251.0	771.0	10973.0	0.0
234807	38.264537	106.30951	251.0	770.533333	10973.0	0.0
234827	38.25207	106.35611	251.0	769.2	10973.0	0.0
234847	38.24	106.401403	251.0	767.40625	10973.0	0.0
234907	38.227967	106.446433	251.0	766.0	10973.0	0.0
234927	38.215833	106.491367	251.0	766.0	10973.0	0.0
234947	38.20345	106.5373	251.0	764.5	10973.0	4.0
235007	38.1911	106.583113	251.0	762.677419	10974.129	8.0
235027	38.1791	106.627565	251.0	761.387097	10978.645	8.0
235047	38.166867	106.67282	251.0	760.533333	10980.0	0.533
235107	38.154533	106.718353	251.0	759.466667	10979.067	-8.933
235127	38.1422	106.76362	251.0	756.8	10974.4	-13.6
235147	38.12968	106.809587	251.0	756.0	10969.267	-11.733
235207	38.11708	106.85584	251.0	755.6	10965.0	-6.133
235227	38.10448	106.90204	251.0	753.6	10965.0	3.2
235247	38.092268	106.9467	251.0	752.681818	10967.545	7.909
235307	38.080223	106.9907	251.0	752.227273	10971.182	10.636
235327	38.067967	107.035433	251.0	751.333333	10975.333	10.667
235347	38.0555	107.0809	251.0	750.0	10980.0	8.0
235407	38.043167	107.1257	251.0	748.0	10980.0	-2.667
235427	38.030767	107.170633	251.0	746.333333	10977.667	-8.0
235447	38.0183	107.2157	251.0	745.0	10973.0	-8.0
235507	38.006367	107.259033	251.0	743.0	10973.0	-8.0
235527	37.994167	107.3031	251.0	742.0	10970.333	-8.0
235547	37.9817	107.3479	251.0	742.0	10965.0	-8.0
235607	37.969635	107.39119	251.0	742.0	10965.0	-2.839
235627	37.95721	107.43588	251.0	741.1	10965.0	2.4
235647	37.944343	107.48228	251.0	739.1	10965.0	7.733
235707	37.932553	107.52431	251.0	739.0	10970.067	8.0
235727	37.92049	107.56737	250.7	739.0	10973.0	5.6
235747	37.908023	107.61197	250.033333	739.0	10973.0	0.267
235807	37.896123	107.6541	250.612903	739.0	10973.0	0.0
235827	37.883787	107.697777	250.741935	739.258065	10973.0	0.0
235847	37.870755	107.743971	250.096774	739.903226	10973.0	0.0
235907	37.858203	107.788357	250.0	740.0	10973.0	4.533
235927	37.845807	107.83226	250.0	739.766667	10974.633	9.633
235947	37.83354	107.87586	250.0	739.1	10979.3	14.3
000007	37.820933	107.920197	250.0	737.866667	10984.533	11.033
000027	37.8085	107.963893	250.0	737.0	10988.0	4.267
000047	37.7965	108.00616	250.0	737.0	10988.0	-6.4
000107	37.783623	108.051216	250.0	735.903226	10983.613	-8.0
000127	37.7708	108.09606	250.0	734.4	10980.0	-6.4
000147	37.758467	108.13926	250.0	732.4	10980.0	-1.067
000207	37.746245	108.182119	250.0	730.451613	10980.0	-4.129
000227	37.734183	108.224367	250.0	728.666667	10978.833	-9.167
000247	37.722517	108.265033	250.0	727.333333	10974.167	-13.833
000307	37.709971	108.30849	250.0	726.516129	10969.129	-11.129
000327	37.697311	108.352259	250.0	725.783784	10965.0	-6.243
000347	37.685365	108.393557	250.0	724.702703	10965.0	-2.459
000407	37.673073	108.43601	250.0	723.766667	10965.0	1.867
000427	37.66014	108.48061	250.0	723.1	10965.0	7.2
000447	37.647945	108.522671	250.0	721.903226	10969.387	8.0
000507	37.63578	108.56464	250.0	721.0	10973.0	6.4
000527	37.62338	108.60744	250.0	721.0	10973.0	1.067
000547	37.611145	108.649445	250.0	721.0	10973.0	4.129
000607	37.5988	108.691733	250.0	720.666667	10974.167	6.667
000627	37.586	108.735467	250.0	719.333333	10978.833	1.333
000647	37.573558	108.777948	250.0	719.0	10976.613	-3.871
000707	37.561247	108.819933	250.0	718.6	10973.0	-6.933
000727	37.54898	108.8616	250.0	716.6	10973.0	-1.6
000747	37.536855	108.902823	250.0	716.0	10973.0	26.645
000807	37.524558	108.944639	249.903226	717.258065	10978.903	69.258
000827	37.510945	108.990897	249.258065	725.645161	11018.258	137.645
000847	37.4981	109.0342	249.4	730.2	11076.4	187.4
000907	37.485773	109.075553	250.0	732.0	11147.667	221.533
000927	37.473507	109.117087	250.0	732.0	11224.333	226.867
000947	37.46084	109.15978	250.0	732.8	11300.6	236.2
001007	37.447923	109.203223	249.935484	733.548387	11377.839	241.71
001027	37.435148	109.246448	249.290323	729.032258	11466.226	188.806
001047	37.422287	109.28977	249.366667	730.666667	11517.367	132.367
001107	37.409343	109.333187	249.966667	737.266667	11538.5	75.0
001127	37.39621	109.37692	249.3	742.6	11568.5	55.0
001147	37.38326	109.41992	249.0	746.833333	11582.0	29.133
001207	37.370423	109.462461	249.032258	749.903226	11582.0	0.0
001227	37.356874	109.507687	249.677419	747.967742	11582.0	0.0
001247	37.343616	109.551752	249.677419	744.741935	11582.0	0.0
001307	37.330648	109.594655	249.032258	740.225806	11582.0	0.0
001327	37.31727	109.63898	249.0	743.166667	11582.0	5.067
001347	37.30421	109.682126	249.0	745.0	11584.323	10.032
001407	37.291565	109.723739	249.0	745.0	11589.484	14.548
001427	37.27842	109.76714	249.0	745.0	11594.8	10.2
001447	37.2651	109.81105	249.0	744.25	11598.0	5.25
001507	37.2516	109.855425	249.0	742.375	11598.0	0.875
001527	37.238393	109.898593	249.0	740.933333	11598.0	-4.267
001547	37.22586	109.94142	250.2	740.0	11596.4	-9.4
001607	37.214727	109.984153	254.2	740.0	11591.067	-14.067
001627	37.2053	110.03078	256.066667	739.466667	11585.733	-15.0
001647	37.196562	110.076887	257.0	739.1875	11580.688	-13.5
001707	37.188437	110.119512	257.0	739.8125	11576.312	-8.5
001727	37.179933	110.1645	257.0	740.0	11575.0	-3.733
001747	37.17125	110.210475	257.0	740.0	11575.0	0.875
001807	37.1625	110.25635	257.0	740.0	11575.0	5.25
001827	37.1538	110.3019	257.0	742.0	11577.8	7.4
001847	37.145127	110.347233	257.0	745.0	11582.0	7.467
001907	37.136393	110.392567	257.0	745.0	11582.0	2.133
001927	37.12778	110.4377	257.0	745.8	11582.0	0.0
001947	37.119242	110.482665	257.0	746.870968	11582.0	0.0
002007	37.110661	110.52731	257.0	745.580645	11582.0	0.0
002027	37.102	110.5725	256.666667	745.666667	11582.0	0.0
002047	37.093273	110.618136	256.060606	746.878788	11582.0	0.0
002107	37.084387	110.664158	256.0	747.580645	11582.0	4.065
002127	37.075652	110.709267	256.0	748.0	11583.697	7.0
002147	37.067227	110.7526	256.0	748.0	11588.545	7.0
002207	37.058377	110.79789	256.0	748.0	11590.0	3.839
002227	37.049374	110.843855	256.0	748.0	11590.0	0.0
002247	37.040535	110.888887	256.0	748.0	11590.0	0.0
002307	37.03172	110.93374	256.0	748.0	11590.0	-3.2
002327	37.022893	110.978593	256.0	748.0	11589.467	-8.0
002347	37.013827	111.024527	256.0	748.0	11584.133	-8.0
002407	37.005013	111.069223	256.0	748.0	11582.0	-4.903
002427	36.996347	111.11321	256.0	748.0	11582.0	0.0
002447	36.98728	111.15941	256.0	748.0	11582.0	0.0
002507	36.978126	111.205784	256.0	746.935484	11582.0	0.0
002527	36.9689	111.2523	256.0	745.0	11582.0	0.0
002547	36.9603	111.295967	256.0	745.0	11582.0	0.0
002607	36.951545	111.340042	256.0	744.090909	11582.0	0.0
002627	36.942636	111.384527	256.0	742.272727	11582.0	0.0
002647	36.933437	111.430141	256.0	740.9375	11582.0	0.0
002707	36.92425	111.475681	256.0	740.0	11582.0	-0.972
002727	36.91525	111.520403	256.0	740.0	11582.0	-4.861
002747	36.906278	111.5648	256.0	739.71875	11580.031	-5.031
002807	36.897341	111.6088	256.0	739.09375	11575.656	-0.656
002827	36.888118	111.654655	256.0	737.969697	11578.606	0.0
002847	36.878913	111.700333	256.0	737.0	11581.067	-2.0
002907	36.86998	111.744	256.0	737.0	11576.4	-12.0
002927	36.861203	111.787042	256.0	737.903226	11571.387	-11.839
002947	36.85239	111.83024	256.0	739.1	11567.0	-6.4
003007	36.84299	111.87584	256.0	739.766667	11567.0	4.267
003027	36.833547	111.921917	256.0	740.866667	11570.467	11.033
003047	36.82414	111.96793	256.0	742.0	11575.7	15.0
003107	36.815073	112.01213	256.0	742.0	11580.367	15.0
003127	36.806093	112.055767	256.0	743.3	11585.467	11.967
003147	36.797106	112.099297	256.0	745.193548	11590.0	7.806
003207	36.787816	112.143942	256.0	746.483871	11590.0	6.516
003227	36.778519	112.188619	256.0	745.604651	11592.233	6.0
003247	36.769216	112.233316	256.0	743.27907	11595.953	6.0
003307	36.760035	112.277526	256.0	741.419355	11598.0	4.258
003327	36.751003	112.321139	256.0	740.129032	11598.0	0.387
003347	36.73966	112.36624	251.8	735.2	11598.0	-9.0
003407	36.727464	112.410442	249.0	732.0	11594.121	-18.152
003427	36.714373	112.453048	249.0	732.0	11584.424	-26.03
003447	36.701116	112.496044	249.0	732.0	11574.969	-21.438
003507	36.687859	112.539028	249.0	732.1875	11567.0	-12.031
003527	36.674922	112.581216	249.0	733.4375	11567.0	1.094
003547	36.661913	112.62341	249.0	734.0	11569.933	7.367
003607	36.648827	112.665677	249.0	734.1	11575.0	8.0
003627	36.63536	112.70921	249.0	736.1	11575.0	8.0
003647	36.622239	112.751545	249.0	737.709677	11577.484	10.484
003707	36.6094	112.7929	249.0	739.0	11582.0	15.0
003727	36.5962	112.8355	249.0	739.0	11587.333	15.0
003747	36.5828	112.878633	249.0	737.666667	11592.667	10.0
003807	36.5692	112.9223	249.0	735.0	11598.0	0.0
003827	36.556046	112.964223	282.846154	718.076923	11591.846	-10.769
003847	36.54309	113.00559	277.205128	720.538462	11587.128	-11.487
003907	36.530218	113.046718	254.641026	731.307692	11583.026	-7.897
003927	36.517	113.089	249.0	733.0	11582.0	0.5
003947	36.50375	113.131383	249.0	731.166667	11583.333	6.667
004007	36.49075	113.172917	249.0	727.833333	11588.667	1.333
004027	36.4773	113.2154	249.0	726.5	11586.0	0.0
004047	36.463817	113.257917	249.0	725.166667	11583.333	0.0
004107	36.450683	113.299583	249.0	721.833333	11588.667	0.0
004127	36.43755	113.34105	248.5	718.5	11586.0	-4.5
004147	36.424248	113.382743	247.761905	714.809524	11582.0	-9.0
004207	36.410232	113.424735	246.741935	710.870968	11581.097	-9.774
004227	36.395394	113.464413	245.451613	710.225806	11576.581	-13.645
004247	36.380797	113.503477	245.0	710.433333	11571.533	-11.967
004307	36.366148	113.542719	245.0	711.193548	11567.0	-5.774
004327	36.350471	113.584848	245.0	712.483871	11567.0	9.065
004347	36.33568	113.6245	245.0	713.0	11573.0	15.0
004407	36.32138	113.66274	245.0	713.533333	11582.0	14.533
004427	36.30618	113.70314	245.0	718.866667	11582.0	9.867
004447	36.29126	113.74294	245.0	722.2	11585.2	10.8
004507	36.276427	113.7826	245.0	724.0	11590.533	14.533
004527	36.260693	113.8246	245.0	724.0	11595.867	9.867
004547	36.245303	113.865245	245.0	725.16129	11598.0	4.903
004607	36.230124	113.905067	245.0	727.060606	11598.0	0.0
004627	36.214609	113.9464	245.0	728.272727	11598.0	0.0
004647	36.199353	113.986907	245.0	729.8	11598.0	-4.0
004707	36.184487	114.026173	245.0	731.8	11598.0	-14.0
004727	36.16902	114.06658	245.0	730.2	11588.4	-19.8
004747	36.153513	114.107193	245.0	729.8	11580.133	-19.0
004807	36.138047	114.147927	245.0	731.8	11575.467	-9.0
004827	36.12198	114.19004	245.0	730.2	11575.0	2.2
004847	36.105448	114.231435	243.26087	727.956522	11577.435	5.87
004907	36.087332	114.271	238.75	725.464286	11580.75	-2.321
004927	36.066261	114.309	233.75	723.321429	11575.75	-11.607
004947	36.042937	114.343323	231.023256	723.395349	11571.837	-7.86
005007	36.019216	114.376998	228.697674	723.860465	11568.116	-1.814
005027	35.99572	114.409827	228.0	724.933333	11570.733	0.0
005047	35.972227	114.442413	228.0	726.0	11573.933	-1.067
005107	35.94836	114.47548	228.0	726.0	11568.6	-6.4
005127	35.924027	114.509153	228.0	728.8	11567.0	-0.533
005147	35.899667	114.542807	228.0	732.4	11568.067	8.933
005207	35.876	114.57534	228.0	734.4	11573.4	13.6
005227	35.851913	114.608433	228.0	736.866667	11578.267	18.733
005247	35.82746	114.642047	228.0	739.133333	11584.133	21.0
005307	35.80226	114.67678	228.0	739.8	11594.8	11.0
005327	35.777527	114.710813	228.0	740.933333	11594.267	0.533
005347	35.752971	114.744561	228.0	742.387097	11590.0	-6.968
005407	35.728326	114.778368	228.0	744.322581	11590.0	-1.806
005427	35.70358	114.812257	228.0	745.0	11590.0	0.0
005447	35.67887	114.84606	228.0	745.0	11590.0	0.0
005507	35.65467	114.879127	228.0	745.0	11590.0	0.0
005527	35.629863	114.91306	228.0	742.833333	11590.0	0.0
005547	35.60471	114.94748	228.0	739.7	11590.0	-0.8
005607	35.579443	114.982013	228.0	737.7	11590.0	-6.133
005627	35.554047	115.016677	228.0	737.866667	11586.533	-8.0
005647	35.5288	115.051097	228.0	738.612903	11582.0	-7.226
005707	35.5048	115.083742	228.0	736.032258	11582.0	-2.065
005727	35.480302	115.116117	227.707317	735.0	11582.0	0.0
005747	35.455473	115.148312	227.219512	735.0	11582.0	0.0
005807	35.430513	115.180767	227.0	734.633333	11582.0	0.0
005827	35.405433	115.213457	227.0	733.933333	11582.0	0.0
005847	35.3801	115.24659	227.0	732.6	11582.0	0.0
005907	35.354987	115.279357	227.0	729.8	11582.0	0.0
005927	35.330073	115.311793	227.0	725.933333	11582.0	0.0
005947	35.30554	115.34366	227.0	724.6	11582.0	0.0
010007	35.280981	115.375565	227.0	722.225806	11582.0	0.0
010027	35.2564	115.4075	227.0	719.0	11582.0	0.0
010047	35.234013	115.436274	228.0	714.282051	11553.897	-316.026
010107	35.208577	115.469146	228.0	710.692308	11413.385	-401.154
010127	35.1835	115.501618	227.772727	706.181818	11263.0	-489.318
010147	35.15948	115.53285	226.9	699.0	11080.3	-578.8
010207	35.135347	115.56385	226.233333	692.333333	10882.3	-624.133
010227	35.11065	115.59563	226.65	688.05	10659.6	-711.5
010247	35.086993	115.625923	227.0	687.866667	10408.433	-755.2
010307	35.0638	115.65551	226.9	690.3	10150.7	-730.0
010327	35.039133	115.68691	226.233333	698.966667	9902.033	-516.667
010347	35.014207	115.7187	226.0	713.7	9785.1	-283.4
010407	34.98925	115.75055	226.0	729.0	9745.2	-83.6
010427	34.964917	115.78155	226.0	729.0	9739.867	-134.267
010447	34.940627	115.812507	226.0	717.3	9675.6	-214.833
010507	34.916495	115.843266	226.0	699.886364	9578.932	-296.523
010527	34.893132	115.873039	226.0	685.795455	9478.477	-293.341
010547	34.869768	115.902811	226.0	671.704545	9378.023	-290.159
010607	34.84713	115.931597	226.0	667.2	9285.6	-284.933
010627	34.82348	115.96156	226.0	674.0	9191.8	-288.9
010647	34.798547	115.993027	226.0	694.0	9095.8	-304.233
010707	34.774183	116.023797	226.0	720.333333	8989.667	-309.433
010727	34.74913	116.05558	226.0	736.5	8885.1	-312.0
010747	34.723197	116.088647	226.0	739.833333	8783.1	-312.0
010807	34.69777	116.121017	226.0	739.366667	8676.667	-310.1
010827	34.672386	116.153364	226.0	737.568182	8572.795	-306.545
010847	34.647023	116.185727	226.0	734.386364	8472.341	-301.091
010907	34.622	116.217583	226.0	731.166667	8372.833	-299.5
010927	34.598	116.247917	226.0	727.833333	8276.167	-309.5
010947	34.57285	116.27975	226.0	725.5	8168.5	-312.0
011007	34.547567	116.31175	226.0	724.5	8060.833	-309.5
011027	34.523033	116.34275	226.0	726.5	7964.167	-299.5
011047	34.49785	116.37455	226.0	725.0	7864.0	-304.5
011107	34.472733	116.406233	226.0	721.333333	7761.333	-312.333
011127	34.448467	116.436767	226.0	714.666667	7654.667	-313.667
011147	34.425114	116.469471	231.714286	709.428571	7551.571	-295.429
011207	34.405768	116.506716	239.6	709.68	7457.16	-252.16
011227	34.38919	116.54463	243.7	711.6	7379.4	-184.1
011247	34.374057	116.581363	243.033333	712.933333	7318.067	-95.433
011307	34.358227	116.619617	243.0	706.666667	7315.0	-38.433
011327	34.3426	116.65741	243.3	695.5	7312.9	-46.7
011347	34.327267	116.694543	243.966667	678.833333	7308.233	-132.7
011407	34.311997	116.732247	244.0	669.766667	7225.667	-228.833
011427	34.29724	116.76884	244.0	664.4	7132.4	-288.9
011447	34.283107	116.80404	244.0	663.066667	7031.067	-304.233
011507	34.26872	116.83981	244.0	663.0	6929.1	-309.433
011527	34.25399	116.8763	244.0	663.0	6825.0	-309.9
011547	34.238857	116.913633	244.0	663.0	6718.333	-305.233
011607	34.22461	116.94913	244.633333	663.0	6621.167	-299.3
011627	34.211614	116.984886	248.0	660.857143	6522.571	-334.571
011647	34.200647	117.021773	252.0	656.666667	6403.067	-422.8
011707	34.190513	117.059707	252.0	653.333333	6255.733	-514.8
011727	34.180428	117.09662	252.0	648.68	6054.52	-595.28
011747	34.170313	117.13394	252.0	643.533333	5846.367	-603.933
011807	34.16022	117.17122	251.9	637.4	5642.4	-579.0
011827	34.150353	117.206687	251.233333	626.733333	5465.067	-579.0
011847	34.14053	117.24211	251.433333	617.366667	5267.367	-606.3
011907	34.130778	117.277311	252.0	609.444444	5057.0	-638.444
011927	34.121296	117.311385	252.0	605.740741	4837.0	-614.741
011947	34.11204	117.345133	252.0	600.733333	4642.6	-590.8
012007	34.1028	117.379271	252.571429	594.714286	4452.143	-577.143
012027	34.093664	117.414518	254.0	588.318182	4256.591	-557.955
012047	34.08523	117.44918	253.8	583.1	4072.9	-461.3
012107	34.07743	117.48038	252.466667	563.766667	3945.567	-429.967
012127	34.068503	117.5095	250.266667	551.366667	3802.2	-418.567
012147	34.058685	117.538108	247.923077	541.615385	3653.615	-421.538
012207	34.047249	117.570159	247.410256	525.717949	3524.385	-445.128
012227	34.03602	117.60152	246.866667	512.2	3383.4	-453.733
012247	34.02562	117.63012	246.2	508.2	3195.4	-402.4
012307	34.015548	117.658831	248.413793	510.862069	3091.207	-286.586
012327	34.007168	117.687718	253.954545	514.318182	3027.955	-208.318
012347	34.00357	117.71716	263.9	511.3	2965.7	-325.7
012407	34.000703	117.74756	263.233333	506.633333	2823.7	-443.7
012427	33.997853	117.775921	263.0	511.842105	2648.789	-485.0
012447	33.994807	117.80594	263.0	511.266667	2491.133	-450.467
012507	33.991687	117.837127	263.0	506.6	2350.6	-400.867
012527	33.98862	117.86826	263.0	504.6	2218.6	-350.2
012547	33.985647	117.898833	263.0	512.866667	2115.067	-306.533
012607	33.982713	117.9291	263.0	520.866667	2023.733	-270.933
012627	33.97978	117.9591	263.0	510.2	1932.4	-255.6
012647	33.976893	117.98882	263.0	486.466667	1851.8	-251.0
012707	33.974093	118.017607	263.0	457.933333	1772.733	-258.6
012727	33.97156	118.04314	263.0	432.6	1681.4	-296.6
012747	33.968952	118.069392	263.0	423.32	1572.8	-326.48
012807	33.96642	118.09528	263.0	423.2	1458.6	-346.1
012827	33.96402	118.120347	263.0	425.866667	1346.6	-357.433
012847	33.961468	118.145388	263.0	426.0	1219.4	-370.16
012907	33.958927	118.17026	263.0	414.8	1095.6	-366.533
012927	33.95646	118.194633	263.133333	397.733333	974.667	-356.533
012947	33.95426	118.2173	263.8	376.4	858.0	-349.2
013007	33.95213	118.23803	264.0	360.2	743.2	-334.4
013027	33.949913	118.259773	264.0	349.0	634.333	-317.8
013047	33.9477	118.281667	263.866667	335.266667	529.667	-296.2
013107	33.9457	118.301	263.2	306.6	433.0	-252.2
013127	33.943865	118.318659	263.823529	285.647059	369.412	-242.294
013147	33.942166	118.335464	263.734375	282.734375	286.031	-245.922
013207	33.940478	118.352245	263.421875	282.421875	196.656	-249.359
013227	33.938791	118.369027	263.109375	282.109375	107.281	-252.797
013247	33.937225	118.384731	263.0	280.375	32.938	-210.125
