205032	40.6459	73.8111	302.0	322.0	30.0	0.0
205052	40.651125	73.828875	283.25	298.25	352.5	792.5
205112	40.6482	73.8471	246.5	316.0	548.5	464.5
205132	40.635975	73.864275	221.75	369.0	670.25	328.5
205152	40.6209	73.8819	223.0	414.0	770.0	372.0
205212	40.604775	73.90055	218.0	451.5	933.75	633.25
205232	40.585633	73.91664	211.733333	464.533333	1199.267	921.067
205252	40.564967	73.93324	211.066667	455.866667	1549.933	963.733
205312	40.546271	73.948357	211.857143	452.428571	1839.571	848.0
205332	40.527732	73.963589	212.0	455.142857	2109.321	798.643
205352	40.508375	73.979375	212.0	458.0	2375.75	771.5
205412	40.4886	73.995696	213.695652	464.086957	2623.87	724.696
205432	40.470774	74.015609	223.695652	465.826087	2855.609	639.913
205452	40.456035	74.03913	234.695652	471.521739	3055.565	481.174
205512	40.442507	74.063907	234.0	500.466667	3188.133	260.2
205532	40.42704	74.09144	234.0	547.8	3238.8	136.2
205552	40.41078	74.120373	233.533333	558.266667	3264.733	134.467
205612	40.394073	74.150187	233.133333	554.4	3297.267	213.667
205632	40.37694	74.18112	233.8	556.4	3398.6	407.0
205652	40.360507	74.21084	234.0	563.066667	3574.6	532.667
205712	40.344333	74.240089	234.222222	571.111111	3780.111	622.667
205732	40.32782	74.26984	234.8	576.2	3988.6	664.6
205752	40.310887	74.300307	234.133333	580.2	4227.267	656.6
205812	40.293953	74.330987	234.0	585.266667	4433.4	572.333
205832	40.276741	74.362073	234.0	592.272727	4615.636	493.182
205852	40.258877	74.393982	234.0	603.181818	4761.091	470.455
205912	40.24105	74.42583	234.0	614.0	4908.0	458.1
205932	40.223418	74.457541	234.470588	623.117647	5071.765	535.824
205952	40.207343	74.493796	243.652174	622.26087	5266.304	554.609
210012	40.19998	74.53268	264.0	616.866667	5447.733	489.667
210032	40.19678	74.57248	264.0	625.533333	5595.067	466.333
210052	40.19338	74.61404	264.0	633.8	5748.4	463.0
210112	40.18988	74.65654	264.0	641.6	5905.733	472.0
210132	40.18668	74.69694	264.0	647.6	6063.067	472.0
210152	40.18336	74.73862	264.0	652.0	6220.8	468.8
210212	40.179951	74.781134	264.0	654.371429	6378.2	455.543
210232	40.176466	74.823477	264.0	648.085714	6530.2	370.971
210252	40.173033	74.865583	264.0	645.166667	6646.967	260.0
210312	40.1697	74.90725	264.0	648.5	6698.3	100.0
210332	40.166253	74.948973	264.0	649.566667	6706.0	32.933
210352	40.162967	74.988733	264.0	651.0	6706.0	0.0
210412	40.159723	75.028238	264.0	653.0	6706.0	0.0
210432	40.1558	75.0757	264.0	653.0	6706.0	0.0
210452	40.152333	75.118167	264.0	654.333333	6706.0	0.0
210512	40.148767	75.160933	264.0	654.333333	6706.0	0.0
210532	40.1451	75.204	264.0	653.0	6706.0	0.0
210552	40.141567	75.246	264.0	653.0	6706.0	30.667
210612	40.1381	75.2875	264.0	653.0	6721.0	117.0
210632	40.1347	75.3285	264.0	653.0	6751.0	259.0
210652	40.130967	75.372833	264.0	657.666667	6893.667	350.333
210712	40.1273	75.416033	264.0	662.666667	7026.0	383.333
210732	40.1237	75.4581	264.0	668.0	7148.0	358.0
210752	40.1199	75.5027	264.0	674.666667	7264.667	336.667
210812	40.116105	75.546526	264.0	682.210526	7370.895	321.263
210832	40.11231	75.59043	263.633333	690.033333	7475.6	292.8
210852	40.1085	75.63509	263.033333	697.633333	7584.8	249.0
210912	40.1045	75.68089	263.7	710.3	7640.8	209.0
210932	40.100463	75.726837	264.0	722.6	7704.867	215.933
210952	40.09639	75.77296	263.966667	734.166667	7777.1	260.767
211012	40.09219	75.82016	263.3	737.5	7879.1	296.1
211032	40.087917	75.867983	263.0	741.2	7983.667	306.5
211052	40.083583	75.916313	263.0	745.166667	8089.567	297.267
211112	40.07925	75.96458	263.0	748.5	8180.9	302.6
211132	40.074843	76.012883	263.0	750.733333	8283.6	310.5
211152	40.070383	76.0612	263.0	752.133333	8395.067	320.5
211212	40.06605	76.1092	263.0	754.8	8496.4	330.5
211232	40.061423	76.15962	263.0	756.733333	8609.1	324.0
211252	40.056583	76.21173	263.0	758.166667	8729.067	302.2
211312	40.05225	76.25833	263.0	761.5	8810.4	246.2
211332	40.047733	76.30658	263.0	764.1	8883.3	214.767
211352	40.042953	76.356129	262.647059	766.470588	8949.588	208.529
211412	40.0344	76.404873	254.454545	775.454545	9029.182	297.545
211432	40.019005	76.453595	242.857143	781.619048	9142.048	371.81
211452	40.000052	76.496548	241.428571	777.809524	9272.524	369.905
211512	39.9811	76.5395	240.0	774.0	9403.0	368.0
211532	39.962433	76.581633	240.0	770.666667	9515.0	320.667
211552	39.943333	76.624567	240.0	769.0	9614.0	281.667
211612	39.9238	76.6683	240.0	769.0	9700.0	251.0
211632	39.903933	76.712633	240.0	769.0	9781.333	263.0
211652	39.884952	76.755038	240.0	766.619048	9872.952	339.952
211712	39.866379	76.796508	240.0	759.5	10001.237	408.053
211732	39.847221	76.839192	240.0	749.5	10161.763	385.947
211752	39.828333	76.88117	240.0	745.0	10278.733	285.8
211812	39.809667	76.92257	240.0	744.833333	10356.233	125.933
211832	39.791	76.96397	240.0	741.5	10360.9	44.6
211852	39.77204	77.00581	240.0	740.0	10363.0	5.067
211912	39.752867	77.047963	240.0	740.066667	10363.0	0.0
211932	39.7342	77.08923	240.0	741.4	10363.0	0.0
211952	39.715717	77.13002	240.0	740.166667	10363.0	0.0
212012	39.69733	77.170537	240.0	736.9	10363.0	0.0
212032	39.67793	77.21327	240.0	734.9	10363.0	0.0
212052	39.659337	77.25406	239.633333	734.0	10363.0	0.0
212112	39.641389	77.2933	239.105263	734.0	10363.0	0.0
212132	39.623087	77.33348	240.866667	734.0	10363.0	0.0
212152	39.603953	77.37528	239.533333	734.0	10363.0	0.0
212212	39.58498	77.41672	239.0	734.4	10363.0	0.0
212232	39.566173	77.457773	239.0	735.0	10363.0	0.0
212252	39.547907	77.497507	239.0	735.0	10363.0	0.0
212312	39.52912	77.53828	239.0	735.0	10363.0	0.0
212332	39.509953	77.579813	239.0	735.0	10363.0	0.0
212352	39.490487	77.621947	239.0	735.0	10363.0	0.0
212412	39.47182	77.6624	239.0	734.6	10363.0	-3.2
212432	39.453633	77.701827	239.0	733.866667	10362.533	-8.467
212452	39.434967	77.742093	239.0	732.533333	10357.867	-13.133
212512	39.41614	77.78272	239.0	732.0	10352.8	-12.2
212532	39.397393	77.823487	239.266667	731.8	10348.0	-6.933
212552	39.380327	77.863353	241.933333	729.8	10348.0	3.733
212612	39.364256	77.902722	243.444444	730.333333	10351.556	13.333
212632	39.347978	77.943917	244.0	732.833333	10357.944	18.611
212652	39.329823	77.989633	243.837209	736.627907	10364.302	14.512
212712	39.313033	78.031726	243.372093	741.27907	10368.023	13.116
212732	39.29616	78.073973	243.0	745.266667	10371.933	11.467
212752	39.27896	78.11684	243.0	746.6	10376.6	8.8
212812	39.261807	78.15966	243.0	747.466667	10378.0	-2.733
212832	39.24462	78.20258	243.0	748.0	10376.0	-15.0
212852	39.22722	78.24598	243.0	748.0	10366.0	-15.0
212912	39.209913	78.289193	243.0	745.2	10363.0	-11.733
212932	39.192807	78.331887	243.0	741.6	10362.067	-8.933
212952	39.17634	78.37282	243.0	739.6	10357.4	-13.6
213012	39.15922	78.415107	243.0	738.066667	10352.267	-11.733
213032	39.14202	78.45752	243.0	736.733333	10348.0	-4.933
213052	39.12562	78.49812	243.0	735.4	10348.0	10.4
213112	39.108753	78.539887	243.0	733.6	10355.0	15.0
213132	39.091793	78.581913	243.0	732.0	10363.0	13.0
213152	39.07526	78.62298	243.0	732.0	10363.0	3.0
213212	39.058727	78.66372	243.0	733.4	10363.0	0.0
213232	39.042047	78.704773	242.866667	735.533333	10363.0	1.067
213252	39.02478	78.74764	242.2	738.2	10363.0	6.4
213312	39.007467	78.79004	242.0	740.4	10366.733	8.0
213332	38.99024	78.83204	242.0	742.0	10371.0	8.0
213352	38.97344	78.87324	242.0	742.0	10371.0	8.0
213412	38.956127	78.915653	242.0	743.4	10374.267	4.267
213432	38.938607	78.958507	242.0	745.0	10377.067	-1.067
213452	38.92114	79.00104	242.0	745.0	10372.4	-6.4
213512	38.903673	79.04348	242.0	743.6	10371.0	-4.267
213532	38.88626	79.0858	242.133333	742.0	10371.0	-1.067
213552	38.86906	79.1278	242.8	742.0	10371.0	-6.4
213612	38.853867	79.17036	246.266667	740.6	10367.267	-8.0
213632	38.84029	79.213979	250.827586	738.034483	10363.0	-6.897
213652	38.829738	79.260876	254.965517	733.206897	10363.0	-1.379
213712	38.8213	79.3048	256.5	730.5	10363.0	0.0
213732	38.813433	79.348467	257.0	728.666667	10363.0	0.0
213752	38.805167	79.394333	257.0	727.333333	10363.0	0.0
213812	38.7968	79.44065	257.0	727.0	10363.0	0.0
213832	38.788467	79.48675	257.0	727.0	10363.0	0.0
213852	38.780333	79.53175	257.0	727.0	10363.0	0.0
213912	38.77205	79.57695	257.0	727.0	10363.0	0.0
213932	38.763709	79.622389	257.0	727.0	10363.0	0.0
213952	38.755345	79.668343	257.0	727.0	10363.0	0.0
214012	38.746997	79.714193	257.0	727.0	10363.0	0.0
214032	38.73893	79.75806	257.0	727.0	10363.0	0.0
214052	38.730753	79.802293	257.0	727.0	10363.0	-2.933
214112	38.722483	79.846863	257.0	727.066667	10362.767	-8.0
214132	38.71415	79.89213	257.0	728.4	10358.1	-8.0
214152	38.705633	79.938167	257.0	730.1	10356.0	-2.133
214212	38.696983	79.98474	257.0	732.066667	10356.233	8.0
214232	38.68865	80.02954	257.0	733.4	10360.9	8.0
214252	38.680317	80.07412	257.0	734.0	10363.0	5.067
214312	38.671957	80.118653	256.966667	734.0	10363.0	0.0
214332	38.66309	80.16572	256.3	734.0	10363.0	0.0
214352	38.654517	80.21121	256.0	734.0	10363.0	2.933
214412	38.646157	80.25554	256.0	734.0	10363.267	8.0
214432	38.63729	80.30234	256.0	734.0	10368.6	8.0
214452	38.628643	80.348003	256.0	734.0	10371.0	2.133
214512	38.62018	80.392713	256.0	734.0	10370.733	-8.0
214532	38.61178	80.43698	256.0	734.0	10365.4	-8.0
214552	38.60321	80.481668	256.0	734.0	10363.0	-5.161
214612	38.5945	80.5267	256.0	734.0	10363.0	0.0
214632	38.585567	80.5735	256.0	734.0	10363.0	0.0
214652	38.576633	80.6201	256.0	734.0	10363.0	0.0
214712	38.5677	80.6665	256.0	734.0	10363.0	0.0
214732	38.559167	80.711033	256.0	734.666667	10363.0	0.0
214752	38.55061	80.755526	256.0	735.0	10363.0	0.0
214812	38.542029	80.799977	256.0	735.0	10363.0	0.0
214832	38.53324	80.845583	256.0	735.0	10363.0	0.0
214852	38.52441	80.89107	256.0	735.0	10363.0	0.0
214912	38.515543	80.936337	256.0	735.0	10363.0	0.0
214932	38.506613	80.982047	256.0	735.0	10363.0	0.0
214952	38.49771	81.02769	256.0	735.0	10363.0	0.0
215012	38.488843	81.073223	256.0	735.0	10363.0	0.0
215032	38.47985	81.11901	256.0	735.0	10363.0	0.0
215052	38.47088	81.16454	256.0	735.0	10363.0	2.4
215112	38.461947	81.20974	256.0	735.0	10363.0	7.733
215132	38.453077	81.254687	256.0	729.933333	10368.067	8.0
215152	38.44418	81.29956	256.0	726.1	10371.0	3.2
215212	38.435247	81.34436	256.0	724.1	10371.0	-7.467
215232	38.426377	81.389033	256.0	724.0	10365.933	-8.0
215252	38.4176	81.43313	256.0	723.7	10363.0	-5.6
215312	38.408933	81.47653	256.0	723.033333	10363.0	-0.267
215332	38.399823	81.521893	256.0	723.0	10363.0	0.0
215352	38.39087	81.56637	256.0	723.0	10363.0	0.0
215412	38.382137	81.609637	256.0	723.0	10363.0	0.0
215432	38.37315	81.65436	256.0	723.0	10363.0	0.0
215452	38.36433	81.69865	256.6	722.4	10363.0	0.0
215512	38.35573	81.742317	257.933333	721.066667	10363.0	0.0
215532	38.350185	81.789077	263.115385	719.538462	10363.0	0.0
215552	38.34679	81.835694	265.83871	719.0	10363.0	0.0
215612	38.34448	81.88188	266.933333	719.0	10363.0	0.0
215632	38.34228	81.92568	266.266667	719.0	10363.0	0.0
215652	38.34	81.9704	266.0	719.0	10363.0	0.0
215712	38.337668	82.015761	266.0	719.129032	10363.0	0.0
215732	38.335345	82.061374	266.0	720.419355	10363.0	0.0
215752	38.333017	82.106613	266.0	721.0	10363.0	0.0
215812	38.330681	82.151606	266.0	721.0	10363.0	0.0
215832	38.328294	82.197735	266.0	721.0	10363.0	0.0
215852	38.325933	82.243033	266.0	721.0	10363.0	0.0
215912	38.3236	82.2875	266.0	721.0	10363.0	0.0
215932	38.321067	82.335233	266.0	722.333333	10363.0	0.0
215952	38.3186	82.381567	266.0	723.0	10363.0	0.0
220012	38.3162	82.4265	266.0	723.0	10363.0	0.0
220032	38.3136	82.473967	266.0	723.0	10363.0	0.0
220052	38.311033	82.5205	266.0	723.0	10363.0	0.0
220112	38.3085	82.5661	266.0	723.0	10363.0	0.0
220132	38.305967	82.610433	266.0	723.0	10363.0	0.0
220152	38.303467	82.654933	266.0	723.0	10363.0	0.0
220212	38.301	82.6996	266.0	723.0	10363.0	0.0
220232	38.2984	82.7454	266.0	723.666667	10363.0	0.0
220252	38.2958	82.791533	266.0	724.0	10363.0	0.0
220312	38.2932	82.838	266.0	724.0	10363.0	0.0
220332	38.290733	82.882333	266.0	724.0	10363.0	0.0
220352	38.28815	82.927175	266.0	723.75	10363.0	0.0
220412	38.28545	82.972525	266.0	723.25	10363.0	0.0
220432	38.282733	83.018533	266.333333	723.0	10363.0	0.0
220452	38.28	83.0652	267.0	723.0	10363.0	0.0
220512	38.277333	83.110933	266.333333	723.0	10363.0	0.0
220532	38.274533	83.157767	266.0	722.333333	10363.0	0.0
220552	38.2716	83.2057	266.0	721.0	10363.0	0.0
220612	38.268933	83.2497	265.333333	722.333333	10363.0	0.0
220632	38.2662	83.294333	265.0	723.0	10363.0	0.0
220652	38.2634	83.3396	265.0	723.0	10363.0	0.0
220712	38.2606	83.385267	265.666667	723.666667	10363.0	0.0
220732	38.2578	83.430867	265.666667	723.666667	10363.0	0.0
220752	38.255	83.4764	265.0	723.0	10363.0	0.0
220812	38.252	83.523067	265.0	723.0	10363.0	0.0
220832	38.2491	83.568633	265.0	723.0	10363.0	0.0
220852	38.2463	83.6131	265.0	723.0	10363.0	0.0
220912	38.2433	83.6597	265.0	723.0	10363.0	0.0
220932	38.240267	83.706433	265.0	723.0	10363.0	0.0
220952	38.2372	83.7533	265.0	723.0	10363.0	0.0
221012	38.234333	83.7971	265.0	723.0	10363.0	0.0
221032	38.231333	83.842633	265.0	723.0	10363.0	0.0
221052	38.2282	83.8899	265.0	723.0	10363.0	0.0
221112	38.225267	83.934167	265.0	723.0	10363.0	0.0
221132	38.222233	83.9794	265.0	723.0	10363.0	0.0
221152	38.2191	84.0256	265.0	723.0	10363.0	0.0
221212	38.216033	84.071067	265.0	723.666667	10363.0	0.0
221232	38.2129	84.117467	265.0	723.666667	10363.0	0.0
221252	38.2097	84.1648	265.0	723.0	10363.0	0.0
221312	38.206567	84.209467	265.0	721.666667	10363.0	0.0
221332	38.2034	84.2544	265.0	721.0	10363.0	0.0
221352	38.2002	84.2996	265.0	721.0	10363.0	0.0
221412	38.197067	84.344467	265.0	721.0	10363.0	0.0
221432	38.193833	84.389967	265.0	721.666667	10363.0	0.0
221452	38.1905	84.4361	265.0	723.0	10363.0	0.0
221512	38.187232	84.481954	265.0	723.0	10363.0	0.0
221532	38.183963	84.527807	265.0	723.0	10363.0	0.0
221552	38.180823	84.570443	265.0	723.0	10363.0	0.0
221612	38.1776	84.61453	265.3	721.8	10363.0	0.0
221632	38.174267	84.660597	265.966667	719.133333	10363.0	0.0
221652	38.170997	84.706727	265.366667	713.933333	10363.0	0.0
221712	38.16785	84.75271	265.0	710.7	10363.0	0.0
221732	38.16485	84.79851	265.0	710.033333	10363.0	0.0
221752	38.16204	84.84108	265.0	710.0	10363.0	0.0
221812	38.15912	84.8851	265.0	709.4	10363.0	0.0
221832	38.156053	84.9311	265.0	708.066667	10363.0	0.0
221852	38.15305	84.974503	265.0	708.0	10363.0	0.0
221912	38.14996	85.01894	265.0	708.6	10363.0	0.0
221932	38.14676	85.064807	265.0	709.933333	10363.0	0.0
221952	38.14375	85.108963	265.0	708.733333	10363.0	0.0
222012	38.14072	85.15309	265.0	708.0	10363.0	0.0
222032	38.137653	85.19729	265.0	708.0	10363.0	0.0
222052	38.13446	85.243137	265.0	709.266667	10363.0	0.0
222112	38.13132	85.28784	265.0	710.3	10363.0	0.0
222132	38.128253	85.33104	265.0	710.966667	10363.0	0.0
222152	38.124997	85.376583	265.0	711.0	10363.0	0.0
222212	38.12176	85.42141	265.0	711.0	10363.0	0.0
222232	38.11856	85.46521	265.0	711.0	10363.0	0.0
222252	38.115297	85.510403	265.0	710.366667	10363.0	0.0
222312	38.112008	85.555384	265.236842	709.526316	10363.0	0.0
222332	38.108692	85.600016	265.763158	708.473684	10363.0	0.0
222352	38.10533	85.64562	265.633333	708.733333	10363.0	0.0
222412	38.10194	85.69184	265.0	710.0	10363.0	0.0
222432	38.09874	85.73464	265.0	710.0	10363.0	0.0
222452	38.095503	85.777953	265.0	710.366667	10363.0	0.0
222512	38.09222	85.821823	265.0	711.0	10363.0	0.0
222532	38.08862	85.86829	265.0	711.0	10363.0	0.0
222552	38.08513	85.913547	265.0	711.733333	10363.0	0.0
222612	38.081727	85.95791	265.0	713.066667	10363.0	0.0
222632	38.07826	86.00411	265.0	714.4	10363.0	0.0
222652	38.074793	86.04932	264.633333	715.0	10363.0	2.933
222712	38.07132	86.093757	264.0	714.933333	10363.267	7.733
222732	38.06772	86.13889	264.0	713.6	10368.6	2.4
222752	38.06423	86.18285	264.0	712.266667	10368.067	-2.933
222812	38.060827	86.22591	264.0	711.0	10363.0	-7.733
222832	38.05736	86.27011	264.0	711.0	10363.0	-2.4
222852	38.05382	86.314823	264.0	709.9	10363.0	0.0
222912	38.050223	86.359877	264.0	708.066667	10363.0	0.0
222932	38.04669	86.40341	264.0	709.4	10363.0	0.0
222952	38.04301	86.448813	264.0	710.0	10363.0	0.0
223012	38.039217	86.49564	264.0	710.0	10363.0	0.0
223032	38.03555	86.54044	264.0	710.0	10363.0	0.0
223052	38.031883	86.584727	264.0	710.0	10363.0	0.0
223112	38.028213	86.628627	264.0	710.0	10363.0	0.0
223132	38.02448	86.67316	264.0	710.0	10363.0	0.0
223152	38.02082	86.716657	264.275	710.0	10363.0	0.0
223212	38.01722	86.759307	264.775	710.0	10363.0	0.0
223232	38.013437	86.804277	264.633333	708.166667	10363.0	0.0
223252	38.00951	86.850983	264.0	704.933333	10363.0	0.0
223312	38.00571	86.89465	264.0	703.6	10363.0	0.0
223332	38.001947	86.9385	264.0	703.733333	10363.0	0.0
223352	37.998207	86.982557	264.0	705.0	10363.0	0.0
223412	37.99434	87.02769	264.0	705.0	10363.0	0.0
223432	37.990542	87.07181	264.0	705.0	10363.0	0.0
223452	37.9868	87.1151	264.0	705.0	10363.0	0.0
223512	37.982667	87.162233	264.0	707.0	10363.0	0.0
223532	37.978833	87.2065	264.0	708.666667	10363.0	0.0
223552	37.9753	87.2479	264.0	710.0	10363.0	0.0
223612	37.971171	87.294868	264.0	710.0	10363.0	0.0
223632	37.96722	87.33945	264.0	710.0	10363.0	2.4
223652	37.963487	87.381117	264.0	710.0	10363.0	7.733
223712	37.959437	87.426583	264.0	708.733333	10368.067	2.933
223732	37.9554	87.4715	263.7	708.6	10368.6	-2.4
223752	37.9514	87.5155	263.033333	709.933333	10363.267	-7.733
223812	37.947337	87.560703	263.633333	710.0	10363.0	-2.933
223832	37.94333	87.60522	263.7	710.3	10363.0	0.0
223852	37.939397	87.64882	263.033333	710.966667	10363.0	0.0
223912	37.935155	87.695006	263.0	709.16129	10363.0	0.0
223932	37.931	87.740053	263.0	708.0	10363.0	0.0
223952	37.927	87.783187	263.0	708.0	10363.0	0.0
224012	37.92288	87.82764	263.0	708.0	10363.0	0.0
224032	37.918827	87.871333	263.0	708.0	10363.0	0.0
224052	37.914893	87.913667	263.0	708.0	10363.0	0.0
224112	37.91066	87.95852	263.0	708.0	10363.0	0.0
224132	37.90642	88.003387	263.0	708.0	10363.0	0.0
224152	37.90222	88.047853	263.0	708.0	10363.0	0.0
224212	37.8979	88.09328	263.0	709.2	10363.0	0.0
224232	37.89362	88.137853	263.0	710.0	10363.0	0.0
224252	37.88942	88.180987	263.0	710.0	10363.0	0.0
224312	37.88516	88.22526	263.0	708.8	10363.0	0.0
224332	37.880867	88.269873	263.0	708.0	10363.0	0.0
224352	37.876533	88.314807	263.0	708.0	10363.0	0.0
224412	37.87214	88.35956	263.0	706.2	10363.0	0.0
224432	37.867767	88.404053	263.0	704.466667	10363.0	0.0
224452	37.863433	88.448187	263.0	703.133333	10363.0	0.0
224512	37.85916	88.49178	263.0	702.4	10363.0	0.0
224532	37.854893	88.534753	263.0	702.0	10363.0	0.0
224552	37.850627	88.576887	263.0	702.0	10363.0	0.0
224612	37.846117	88.621754	263.0	702.439024	10363.0	0.0
224632	37.84158	88.666924	263.0	702.926829	10363.0	0.0
224652	37.83716	88.711327	263.0	703.0	10363.0	0.0
224712	37.83269	88.755757	263.0	703.0	10363.0	0.0
224732	37.82809	88.80049	263.0	703.0	10363.0	0.0
224752	37.823757	88.843629	263.809524	703.0	10363.0	0.0
224812	37.819205	88.887857	263.619048	703.0	10363.0	0.0
224832	37.814586	88.932429	263.142857	703.0	10363.0	0.0
224852	37.810185	88.974769	263.538462	702.461538	10363.0	0.0
224912	37.805808	89.016912	263.68	702.0	10363.0	0.0
224932	37.801294	89.060512	263.176471	701.647059	10363.0	0.0
224952	37.796614	89.105614	263.714286	700.285714	10363.0	0.0
225012	37.791995	89.149995	262.761905	701.238095	10363.0	0.0
225032	37.78738	89.19422	262.0	702.0	10363.0	6.133
225052	37.78278	89.23782	262.0	702.0	10363.0	36.8
225112	37.778133	89.281373	262.0	705.733333	10384.467	99.2
225132	37.773453	89.32516	262.0	710.133333	10424.2	170.133
225152	37.76872	89.36996	262.0	710.8	10500.2	220.8
225212	37.763987	89.414293	262.0	711.0	10579.933	190.267
225232	37.759267	89.458485	262.0	711.0	10647.788	123.818
225252	37.7546	89.502909	262.0	711.0	10661.727	52.909
225312	37.749945	89.546603	262.0	710.645161	10668.0	13.548
225332	37.7453	89.5897	262.0	710.0	10668.0	0.0
225352	37.7403	89.6355	262.0	710.666667	10668.0	0.0
225412	37.735413	89.680174	262.0	711.645161	10668.0	0.0
225432	37.730639	89.723723	262.0	712.935484	10668.0	0.0
225452	37.72565	89.768713	262.0	714.266667	10668.0	0.0
225512	37.72065	89.81399	262.0	715.0	10668.0	0.0
225532	37.71565	89.859523	262.0	715.0	10668.0	0.0
225552	37.71084	89.902777	262.0	713.733333	10668.0	9.5
225612	37.70589	89.94717	262.0	713.6	10672.5	35.1
225632	37.700757	89.993103	262.0	714.933333	10682.5	79.767
225652	37.695969	90.035958	262.0	717.923077	10727.577	129.5
225712	37.69092	90.0808	262.433333	720.733333	10776.933	149.167
225732	37.685757	90.126529	262.857143	723.571429	10827.714	151.0
225752	37.68081	90.17064	262.0	727.0	10878.5	142.4
225812	37.675907	90.214407	262.133333	727.0	10922.6	114.6
225832	37.670973	90.261473	263.466667	727.0	10958.6	70.6
225852	37.66684	90.30642	264.0	725.8	10973.0	31.8
225912	37.663193	90.35014	264.0	723.933333	10973.0	0.0
225932	37.659127	90.39554	264.0	723.266667	10973.0	0.0
225952	37.65506	90.44046	263.6	723.4	10973.0	0.0
230012	37.65098	90.48524	263.066667	724.2	10973.0	0.533
230032	37.64678	90.53164	263.733333	726.2	10973.0	5.867
230052	37.64242	90.57896	263.6	727.8	10975.8	8.0
230112	37.637993	90.626467	263.0	729.2	10980.0	7.467
230132	37.633927	90.670133	263.0	731.2	10980.0	2.133
230152	37.62982	90.7146	263.4	732.0	10980.0	0.0
230212	37.625673	90.759693	263.933333	731.8	10980.0	0.0
230232	37.621407	90.805627	263.266667	729.8	10980.0	0.0
230252	37.6171	90.85112	263.0	728.2	10980.0	-3.2
230312	37.612767	90.89632	263.0	727.0	10979.533	-8.0
230332	37.608433	90.94152	263.0	727.0	10974.867	-8.0
230352	37.60406	90.98688	263.4	726.6	10973.0	-4.8
230412	37.599653	91.03244	263.933333	726.066667	10973.0	0.0
230432	37.595187	91.07884	263.266667	726.733333	10973.0	0.0
230452	37.59088	91.12348	263.0	726.6	10973.0	0.0
230512	37.586653	91.167167	263.0	726.0	10973.0	0.0
230532	37.582187	91.212833	263.0	726.0	10973.0	0.0
230552	37.57772	91.25846	263.0	726.0	10973.0	0.0
230612	37.57326	91.303987	263.0	725.866667	10973.0	0.0
230632	37.56886	91.348853	263.0	724.533333	10973.0	0.0
230652	37.5645	91.39288	263.0	723.6	10973.0	0.0
230712	37.56014	91.436633	263.0	723.0	10973.0	0.0
230732	37.55554	91.482967	263.0	723.0	10973.0	0.0
230752	37.5509	91.52962	263.0	723.0	10973.0	0.0
230812	37.54626	91.576167	263.0	723.066667	10973.0	0.0
230832	37.54186	91.619833	263.0	723.733333	10973.0	0.0
230852	37.537353	91.664458	263.0	724.631579	10973.0	0.0
230912	37.532774	91.709721	263.0	725.684211	10973.0	0.0
230932	37.528194	91.755274	263.0	726.0	10973.0	0.0
230952	37.52361	91.80074	263.0	726.3	10973.0	0.0
231012	37.51901	91.845007	263.0	728.3	10973.0	0.0
231032	37.514621	91.887531	263.448276	728.103448	10973.0	0.0
231052	37.5102	91.930493	263.866667	727.0	10973.0	0.0
231112	37.5052	91.97896	263.2	727.0	10973.0	0.0
231132	37.5002	92.026727	262.533333	727.0	10973.0	0.0
231152	37.495297	92.07319	262.129032	727.0	10973.0	0.0
231212	37.490781	92.115642	262.774194	727.0	10973.0	0.0
231232	37.485907	92.161613	263.0	727.0	10973.0	0.0
231252	37.48087	92.20921	262.9	727.2	10973.0	0.0
231312	37.476003	92.255277	262.233333	728.533333	10973.0	0.0
231332	37.471267	92.300043	262.0	728.133333	10973.0	0.0
231352	37.46661	92.34389	262.0	726.9	10973.0	0.0
231412	37.46201	92.38649	262.0	726.233333	10973.0	0.0
231432	37.45715	92.431343	262.0	725.133333	10973.0	0.0
231452	37.45216	92.47726	262.0	724.0	10973.0	0.0
231512	37.447227	92.522327	262.0	724.0	10973.0	0.0
231532	37.44225	92.567783	262.0	724.0	10973.0	0.0
231552	37.43728	92.61319	262.0	723.9	10973.0	0.0
231612	37.43248	92.657123	262.0	723.233333	10973.0	0.0
231632	37.42755	92.701663	262.0	723.0	10973.0	-3.467
231652	37.42255	92.7466	262.0	723.3	10972.2	-7.2
231712	37.41755	92.791933	262.0	725.3	10966.867	-1.867
231732	37.41255	92.83679	262.0	727.3	10968.467	3.467
231752	37.40755	92.88141	262.0	729.0	10973.0	7.2
231812	37.40255	92.926143	262.0	729.0	10973.0	1.867
231832	37.397463	92.971613	262.0	729.0	10973.0	3.467
231852	37.39234	93.01726	262.0	728.8	10973.7	8.0
231912	37.387273	93.06166	262.0	727.466667	10978.367	8.0
231932	37.382077	93.107057	262.0	725.7	10980.0	4.533
231952	37.37684	93.15281	262.0	723.9	10980.0	-0.8
232012	37.371773	93.197543	262.0	723.233333	10980.0	-6.133
232032	37.366561	93.243058	262.0	723.0	10977.065	-8.419
232052	37.361362	93.288886	262.285714	723.095238	10973.0	-8.143
232112	37.357147	93.333703	265.166667	724.066667	10973.0	0.0
232132	37.35608	93.37777	268.5	725.4	10973.0	0.0
232152	37.35538	93.422643	269.633333	726.0	10973.0	0.0
232212	37.354977	93.468203	269.0	726.0	10973.0	0.0
232232	37.35451	93.51427	269.0	726.0	10973.0	0.0
232252	37.354016	93.560052	269.0	726.0	10973.0	0.0
232312	37.3535	93.6056	269.0	726.0	10973.0	0.0
232332	37.352919	93.652245	269.0	726.0	10973.0	0.0
232352	37.35236	93.69815	269.0	726.3	10973.0	2.4
232412	37.351827	93.74315	269.0	726.966667	10973.0	7.733
232432	37.351293	93.78663	269.0	726.366667	10977.433	2.933
232452	37.35073	93.83198	269.0	726.0	10977.9	-2.4
232512	37.35013	93.879713	269.0	726.0	10973.233	-7.733
232532	37.349487	93.923226	269.0	726.0	10973.0	-3.097
232552	37.348833	93.968053	269.0	726.0	10973.0	0.0
232612	37.348167	94.015187	269.0	726.0	10973.0	0.0
232632	37.347519	94.059965	269.0	726.0	10973.0	0.0
232652	37.34689	94.104463	269.0	725.533333	10973.0	0.0
232712	37.34629	94.14893	269.0	724.2	10973.0	0.0
232732	37.34552	94.194303	269.0	723.433333	10973.0	0.0
232752	37.344767	94.239767	269.0	723.0	10973.0	0.0
232812	37.3441	94.2851	269.0	723.0	10973.0	0.0
232832	37.343377	94.330603	269.0	723.0	10973.0	0.0
232852	37.342597	94.37616	269.0	723.0	10973.0	0.0
232912	37.34173	94.42176	269.0	723.0	10973.0	0.0
232932	37.34092	94.46702	269.0	721.866667	10973.0	0.0
232952	37.340106	94.512026	269.0	721.451613	10973.0	0.0
233012	37.339268	94.556671	269.0	722.741935	10973.0	0.0
233032	37.338429	94.602865	269.0	721.967742	10973.0	0.0
233052	37.337567	94.64905	269.0	721.0	10973.0	0.0
233112	37.336633	94.69405	269.0	721.0	10973.0	0.0
233132	37.335723	94.73859	268.516129	720.032258	10973.0	0.0
233152	37.334813	94.783007	268.133333	719.266667	10973.0	0.0
233212	37.33388	94.82754	268.8	720.6	10973.0	0.0
233232	37.3329	94.874313	268.533333	721.0	10973.0	0.0
233252	37.331913	94.920967	268.0	721.0	10973.0	0.0
233312	37.33098	94.9633	268.0	721.0	10973.0	0.0
233332	37.329953	95.008153	268.0	721.933333	10973.0	0.0
233352	37.328887	95.053953	268.0	723.133333	10973.0	0.0
233412	37.32782	95.09922	268.0	723.8	10973.0	0.0
233432	37.3268	95.14402	268.0	724.0	10973.0	0.0
233452	37.325773	95.188713	268.0	724.0	10973.0	0.0
233512	37.32464	95.23378	268.0	724.0	10973.0	0.0
233532	37.323507	95.2795	268.0	724.0	10973.0	0.0
233552	37.322373	95.325087	268.0	724.0	10973.0	0.0
233612	37.32124	95.36902	268.0	724.0	10973.0	0.0
233632	37.320087	95.413903	268.0	723.548387	10973.0	0.0
233652	37.31891	95.4594	268.0	723.0	10973.0	0.0
233712	37.317643	95.506067	268.0	723.0	10973.0	0.0
233732	37.31642	95.550827	268.0	723.0	10973.0	0.0
233752	37.3152	95.59515	268.0	723.0	10973.0	0.0
233812	37.313867	95.642817	268.0	723.0	10973.0	0.0
233832	37.31262	95.688447	268.0	722.133333	10973.0	0.0
233852	37.31141	95.73288	268.0	721.2	10973.0	0.0
233912	37.310143	95.776747	268.0	722.533333	10973.0	0.0
233932	37.308777	95.822587	268.0	722.16129	10973.0	0.0
233952	37.307367	95.86916	268.0	721.0	10973.0	0.0
234012	37.306033	95.91276	268.0	721.0	10973.0	0.0
234032	37.3047	95.95716	268.0	720.2	10973.0	0.0
234052	37.30336	96.00202	268.0	718.8	10973.0	0.0
234112	37.30196	96.04622	268.0	716.8	10973.0	0.0
234132	37.300548	96.090958	268.0	716.0	10973.0	0.0
234152	37.299127	96.136067	268.0	716.0	10973.0	0.0
234212	37.29766	96.1814	268.0	716.0	10973.0	0.0
234232	37.296193	96.226477	268.0	715.633333	10973.0	0.0
234252	37.294741	96.271386	268.103448	715.206897	10973.0	0.0
234312	37.293569	96.31711	270.172414	719.344828	10973.0	0.0
234332	37.296591	96.361364	279.181818	734.090909	10973.0	0.0
234352	37.306222	96.405444	289.888889	751.111111	10973.0	0.0
234412	37.32012	96.44964	293.0	756.0	10973.0	0.0
234432	37.334247	96.493147	293.0	755.8	10973.0	0.0
234452	37.347713	96.534613	293.0	753.8	10973.0	0.0
234512	37.361965	96.57849	292.612903	754.935484	10973.0	0.0
234532	37.37671	96.62389	292.033333	758.066667	10973.0	0.0
234552	37.39091	96.66769	292.7	759.4	10973.0	0.0
234612	37.40533	96.71193	293.366667	760.0	10973.0	0.0
234632	37.419907	96.756453	293.933333	760.033333	10973.0	0.0
234652	37.43404	96.79952	292.6	760.7	10973.0	0.0
234712	37.448467	96.843503	292.366667	760.633333	10973.0	0.0
234732	37.46314	96.888243	293.0	760.033333	10973.0	0.0
234752	37.47794	96.93311	293.0	760.7	10973.0	0.0
234812	37.492227	96.976877	292.633333	761.733333	10973.0	0.0
234832	37.506113	97.019787	292.033333	763.033333	10973.0	0.0
234852	37.52038	97.06352	292.7	763.7	10973.0	0.0
234912	37.53505	97.10817	292.633333	764.733333	10973.0	0.0
234932	37.550073	97.15364	292.033333	766.1	10973.0	0.0
234952	37.56554	97.20044	292.7	768.1	10973.0	0.0
235012	37.580374	97.245411	291.842105	767.263158	10973.0	0.0
235032	37.59198	97.29088	284.4	753.4	10973.0	6.0
235052	37.595756	97.336384	272.32	732.52	10976.36	8.56
235112	37.593898	97.380545	263.681818	718.363636	10980.0	4.932
235132	37.589034	97.423818	262.772727	716.545455	10980.0	-0.977
235152	37.58413	97.46749	262.0	714.6	10979.3	-6.2
235212	37.578997	97.513423	262.0	711.933333	10974.633	-7.533
235232	37.57395	97.5581	262.0	711.0	10973.0	-4.533
235252	37.56891	97.60227	262.0	711.0	10973.0	0.0
235312	37.563643	97.647403	262.0	711.0	10973.0	0.0
235332	37.558463	97.69219	262.0	711.866667	10973.0	0.0
235352	37.55332	97.73672	262.0	713.2	10973.0	0.0
235412	37.54812	97.780853	262.0	714.533333	10973.0	0.0
235432	37.54292	97.825203	262.0	715.0	10973.0	0.0
235452	37.53776	97.86931	262.0	715.0	10973.0	0.0
235512	37.532827	97.911377	262.0	715.0	10973.0	0.0
235532	37.527417	97.95678	261.566667	713.266667	10973.0	-22.967
235552	37.52188	98.00296	261.1	711.2	10967.6	-65.7
235612	37.51708	98.04336	261.766667	712.533333	10931.6	-150.367
235632	37.511752	98.087945	261.580645	716.354839	10864.903	-211.452
235652	37.506173	98.134407	261.066667	721.133333	10781.333	-253.733
235712	37.500907	98.177473	261.733333	722.466667	10694.667	-241.067
235732	37.49564	98.2213	261.6	724.6	10617.6	-233.2
235752	37.490333	98.265813	261.0	727.333333	10545.867	-226.467
235812	37.484667	98.311947	261.0	730.666667	10464.533	-201.133
235832	37.47908	98.35768	261.0	726.8	10404.4	-142.2
235852	37.47354	98.40316	261.0	718.6	10363.0	-64.4
235912	37.46794	98.44876	261.0	714.6	10363.0	-18.4
235932	37.46234	98.49392	261.0	712.2	10363.0	0.0
235952	37.456787	98.538433	261.0	711.133333	10363.0	0.0
000012	37.451653	98.579767	261.0	712.466667	10363.0	0.0
000032	37.44616	98.6235	261.0	713.0	10363.0	0.0
000052	37.440467	98.668587	261.0	713.0	10363.0	0.0
000112	37.435133	98.711453	261.0	713.0	10363.0	0.0
000132	37.42964	98.75552	261.0	712.2	10363.0	0.0
000152	37.424033	98.800307	261.0	710.933333	10363.0	0.0
000212	37.418367	98.844373	261.0	710.266667	10363.0	0.0
000232	37.41278	98.88804	261.0	710.0	10363.0	0.0
000252	37.40724	98.931513	261.0	709.866667	10363.0	-0.533
000312	37.40164	98.975647	261.0	708.533333	10363.0	-5.867
000332	37.39596	99.02014	261.0	708.0	10360.2	-4.8
000352	37.39026	99.064593	261.0	708.0	10356.467	0.533
000412	37.38486	99.106527	261.0	708.0	10361.133	5.867
000432	37.37918	99.15054	261.0	708.0	10363.0	4.8
000452	37.373347	99.195633	261.0	708.0	10363.0	0.0
000512	37.367813	99.237967	261.0	708.0	10363.0	0.0
000532	37.36216	99.28098	261.0	708.0	10363.0	0.0
000552	37.35642	99.324553	261.0	708.0	10363.0	0.0
000612	37.35062	99.369087	261.0	708.0	10363.0	0.0
000632	37.34486	99.41282	261.0	706.8	10363.0	0.0
000652	37.339126	99.456035	261.0	705.0	10363.0	-0.516
000712	37.333384	99.49939	261.0	705.0	10363.0	-5.677
000732	37.32761	99.542843	261.0	705.0	10360.433	-8.0
000752	37.321807	99.58641	261.0	704.933333	10356.0	-7.733
000812	37.31594	99.63061	261.0	703.6	10356.0	-2.4
000832	37.310073	99.674297	260.633333	703.0	10356.0	0.0
000852	37.30421	99.717557	260.0	703.066667	10356.0	0.267
000912	37.29841	99.76069	260.0	704.4	10356.0	5.6
000932	37.29261	99.803603	260.0	705.0	10358.567	8.0
000952	37.286797	99.846442	260.0	705.096774	10363.0	8.0
001012	37.280732	99.891281	260.0	707.032258	10363.0	8.0
001032	37.274733	99.935467	260.0	707.0	10365.667	8.0
001052	37.2688	99.979	260.0	705.0	10371.0	8.0
001112	37.2628	100.022806	260.0	703.709677	10371.0	2.839
001132	37.25677	100.06658	260.0	703.0	10371.0	-2.4
001152	37.250703	100.110313	260.0	703.0	10371.0	-7.733
001212	37.244763	100.153287	260.0	702.366667	10365.933	-8.0
001232	37.238887	100.195742	260.0	701.419355	10363.0	-5.677
001252	37.233081	100.237613	260.0	700.129032	10363.0	-0.516
001312	37.22698	100.28146	260.0	700.0	10363.0	-4.8
001332	37.220873	100.325207	260.0	700.0	10361.133	-8.0
001352	37.214807	100.368473	260.0	700.0	10356.467	-8.0
001412	37.20868	100.41192	260.0	698.8	10356.0	-3.2
001432	37.202653	100.45456	260.0	697.2	10356.0	0.0
001452	37.196787	100.49596	260.0	695.2	10356.0	0.0
001512	37.19074	100.53886	260.0	695.0	10356.0	0.0
001532	37.184593	100.582247	260.0	695.533333	10356.0	0.0
001552	37.178327	100.626113	260.0	696.866667	10356.0	0.0
001612	37.17236	100.66776	260.0	697.6	10356.0	4.8
001632	37.166347	100.7098	260.0	698.0	10357.867	8.0
001652	37.160213	100.7528	260.0	698.0	10362.533	8.0
001712	37.1539	100.79664	260.0	699.2	10363.0	3.2
001732	37.1477	100.839533	260.0	700.533333	10363.0	0.0
001752	37.1417	100.880867	260.0	701.866667	10363.0	0.0
001812	37.13534	100.92484	260.0	702.6	10363.0	0.0
001832	37.12894	100.96892	260.0	703.533333	10363.0	0.0
001852	37.12254	101.01272	260.0	704.866667	10363.0	0.0
001912	37.116442	101.054552	260.0	707.903226	10363.0	0.0
001932	37.110167	101.097397	260.0	710.7	10363.0	1.867
001952	37.1035	101.14253	260.0	712.7	10363.0	7.2
002012	37.096906	101.186974	260.0	713.0	10367.387	11.839
002032	37.09036	101.2311	259.8	713.6	10372.4	13.6
002052	37.083893	101.274767	259.133333	715.6	10377.067	8.933
002112	37.07732	101.319127	259.0	715.466667	10378.0	-0.533
002132	37.070861	101.362629	259.193548	714.225806	10376.645	-9.161
002152	37.064732	101.403726	259.83871	711.645161	10372.129	-13.032
002212	37.0582	101.447182	259.545455	708.272727	10367.364	-10.818
002232	37.051529	101.491458	259.0	704.870968	10363.0	-6.548
002252	37.044819	101.536039	259.0	703.580645	10363.0	-2.032
002312	37.038294	101.579509	259.0	704.71875	10363.0	0.0
002332	37.031919	101.622072	259.0	707.84375	10363.0	0.0
002352	37.02541	101.664774	259.0	708.0	10363.0	0.0
002412	37.018887	101.707387	259.0	706.666667	10363.0	0.0
002432	37.012353	101.749853	259.0	703.333333	10363.0	0.0
002452	37.0057	101.79352	259.0	704.2	10363.0	4.8
002512	36.999068	101.836832	259.0	704.483871	10365.065	8.0
002532	36.992487	101.879413	259.0	703.193548	10370.226	8.0
002552	36.985833	101.922407	259.0	702.433333	10371.0	3.467
002612	36.979167	101.96559	259.0	701.533333	10371.0	-3.5
002632	36.9725	102.00899	259.0	700.2	10371.0	-13.5
002652	36.965906	102.051255	259.0	700.0	10362.774	-18.839
002712	36.959268	102.093726	259.0	700.387097	10354.452	-17.742
002732	36.952494	102.137145	259.0	701.677419	10349.29	-3.548
002752	36.9458	102.18	259.0	702.454545	10351.636	3.182
002812	36.939093	102.222907	259.0	703.0	10356.0	7.067
002832	36.932027	102.267973	259.0	703.0	10356.0	7.733
002852	36.9252	102.31128	259.0	703.0	10358.8	8.0
002912	36.91854	102.35338	259.0	703.133333	10363.0	7.467
002932	36.91194	102.39518	259.0	704.466667	10363.0	2.133
002952	36.9051	102.4383	259.0	704.2	10363.0	3.2
003012	36.898113	102.482207	259.0	703.133333	10363.533	8.0
003032	36.891247	102.525273	259.0	704.466667	10368.867	8.0
003052	36.884281	102.568706	259.0	705.0	10371.0	8.0
003112	36.877257	102.612347	259.0	704.933333	10371.233	7.733
003132	36.87039	102.65528	259.0	703.6	10375.9	2.4
003152	36.863487	102.698323	259.0	703.733333	10375.433	-5.5
003212	36.856567	102.741358	259.0	704.909091	10370.758	-14.758
003232	36.8499	102.782509	259.0	703.090909	10365.909	-9.909
003252	36.843216	102.823639	259.0	700.967742	10363.0	-7.258
003312	36.836506	102.864735	259.0	698.387097	10363.0	-7.903
003332	36.829663	102.906713	259.0	696.3	10359.033	-8.0
003352	36.822716	102.949342	258.774194	694.322581	10356.0	-6.194
003412	36.815619	102.99289	258.129032	692.387097	10356.0	-1.032
003432	36.8086	103.035413	258.533333	693.6	10356.0	4.267
003452	36.80161	103.077716	258.806452	694.419355	10357.355	7.806
003512	36.794642	103.120103	258.16129	692.483871	10361.871	7.161
003532	36.787826	103.161406	258.441176	693.323529	10363.0	3.912
003552	36.781043	103.202457	258.966667	695.0	10363.0	0.0
003612	36.77391	103.24559	258.3	695.0	10363.0	0.0
003632	36.766777	103.288283	258.0	695.0	10363.0	-2.933
003652	36.75965	103.3306	258.0	695.066667	10362.767	-8.0
003712	36.75265	103.3726	258.0	696.4	10358.1	-8.0
003732	36.745561	103.415026	258.0	697.354839	10356.0	-2.323
003752	36.7384	103.4578	258.0	698.0	10356.0	8.0
003812	36.731333	103.499933	258.0	698.0	10360.667	12.667
003832	36.724123	103.542581	258.0	698.0	10365.581	12.419
003852	36.716768	103.585742	258.0	698.0	10370.742	7.258
003912	36.709535	103.628474	258.0	699.225806	10371.0	2.71
003932	36.702361	103.670823	258.0	700.516129	10371.0	2.065
003952	36.695265	103.712629	258.0	701.806452	10371.0	7.226
004012	36.68791	103.75579	258.0	702.0	10374.967	3.467
004032	36.680568	103.798782	258.0	701.588235	10376.559	-2.882
004052	36.673332	103.841018	258.0	700.411765	10372.441	-11.118
004112	36.66612	103.8831	258.0	697.833333	10367.533	-17.9
004132	36.65889	103.92517	258.0	695.0	10361.5	-21.5
004152	36.65149	103.967637	258.0	695.0	10351.5	-11.5
004212	36.64409	104.010363	258.0	695.0	10351.467	-1.067
004232	36.63672	104.05297	258.0	695.2	10356.0	7.2
004252	36.62952	104.094103	258.0	696.533333	10356.0	1.867
004312	36.62219	104.135973	258.0	697.433333	10356.0	3.467
004332	36.61481	104.1782	258.0	698.2	10356.7	8.0
004352	36.607543	104.2202	258.0	699.533333	10361.367	8.0
004412	36.60006	104.263067	258.0	700.0	10363.0	8.0
004432	36.59247	104.3063	258.0	700.0	10363.8	8.7
004452	36.584937	104.348967	258.0	700.0	10369.133	13.367
004512	36.577577	104.39055	258.0	699.133333	10374.033	11.967
004532	36.5703	104.43164	258.0	697.7	10378.0	6.4
004552	36.562967	104.47324	258.0	695.7	10378.0	-4.267
004612	36.555417	104.515793	258.0	693.7	10374.967	-8.0
004632	36.54782	104.55847	258.0	691.5	10371.0	-8.0
004652	36.54062	104.598937	258.0	688.166667	10371.0	-8.0
004712	36.53316	104.640617	258.0	685.7	10367.533	-8.0
004732	36.52557	104.68286	257.9	683.5	10363.0	-8.7
004752	36.518037	104.724593	257.233333	680.166667	10363.0	-13.367
004812	36.510661	104.765661	257.0	677.741935	10356.71	-15.0
004832	36.503353	104.806407	257.0	676.333333	10348.0	-13.0
004852	36.495887	104.847473	257.0	679.666667	10348.0	7.0
004912	36.48742	104.88802	255.8	679.8	10354.0	15.0
004932	36.478253	104.928227	254.0	678.6	10363.0	14.0
004952	36.468787	104.968493	254.0	684.6	10363.0	4.0
005012	36.45928	105.00888	254.0	686.6	10363.0	0.0
005032	36.449753	105.049327	254.0	685.666667	10363.0	-0.533
005052	36.440287	105.089593	254.0	682.333333	10363.0	-5.867
005112	36.4307	105.13034	254.0	679.0	10360.2	-8.0
005132	36.42106	105.17124	254.0	675.8	10356.0	-8.0
005152	36.41166	105.21064	254.0	673.8	10356.0	-8.0
005212	36.40214	105.2506	253.6	671.0	10352.8	-8.0
005232	36.392553	105.290887	253.066667	668.0	10348.0	-7.467
005252	36.383087	105.330753	253.733333	668.0	10348.0	-2.133
005312	36.37366	105.37026	254.0	670.0	10348.0	6.0
005332	36.364225	105.409681	253.9375	671.875	10348.938	14.938
005352	36.354475	105.450494	253.3125	660.625	10358.312	14.312
005412	36.344886	105.490471	253.285714	654.428571	10363.0	10.0
005432	36.335457	105.529614	253.857143	653.285714	10363.0	2.0
005452	36.326181	105.568287	254.0	655.419355	10363.0	0.0
005512	36.317224	105.606833	254.242424	659.212121	10363.0	0.0
005532	36.309345	105.6455	255.454545	665.272727	10363.0	0.0
005552	36.301217	105.685303	256.0	666.9	10363.0	0.0
005612	36.292897	105.725963	256.0	665.0	10363.0	-0.267
005632	36.28483	105.76523	256.0	665.0	10363.0	-5.6
005652	36.276947	105.803947	256.0	665.0	10360.433	-5.067
005712	36.269177	105.842357	256.0	664.866667	10356.233	0.267
005732	36.26071	105.88349	256.0	662.2	10360.9	5.6
005752	36.252573	105.923193	256.0	661.0	10363.0	5.067
005812	36.244684	105.961823	256.0	660.903226	10363.0	-0.226
005832	36.236361	106.002274	256.0	658.967742	10363.0	-4.742
005852	36.228071	106.042468	256.0	658.0	10360.742	-4.742
005912	36.219813	106.082403	256.0	658.0	10356.226	-0.226
005932	36.211927	106.1205	256.0	656.1	10360.433	5.067
005952	36.204	106.15883	256.0	655.0	10363.0	5.6
010012	36.196	106.197563	256.0	655.0	10363.0	0.267
010032	36.187937	106.236487	256.0	653.733333	10363.0	0.0
010052	36.17987	106.27533	256.0	653.6	10363.0	0.0
010112	36.171803	106.314063	256.0	654.933333	10363.0	0.0
010132	36.163494	106.353816	256.0	656.83871	10363.0	0.0
010152	36.155042	106.394242	256.0	657.225806	10363.0	0.0
010212	36.146397	106.435597	256.0	655.290323	10363.0	0.0
010232	36.138073	106.475007	255.433333	653.866667	10363.0	0.0
010252	36.129923	106.51363	255.0	654.866667	10363.0	0.0
010312	36.12199	106.55143	255.0	660.2	10363.0	0.0
010332	36.113671	106.590716	255.0	662.096774	10363.0	0.0
010352	36.10528	106.63034	255.2	663.4	10363.0	0.0
010412	36.09688	106.67014	255.866667	664.733333	10363.0	0.0
010432	36.08864	106.709033	255.466667	665.533333	10363.0	0.0
010452	36.08036	106.748	255.0	665.8	10363.0	0.0
010512	36.071893	106.787667	255.0	665.133333	10363.0	0.0
010532	36.063373	106.827547	255.0	662.866667	10363.0	0.0
010552	36.05482	106.86752	255.0	661.4	10363.0	0.0
010612	36.04622	106.907587	255.0	662.733333	10363.0	0.0
010632	36.0381	106.945733	255.0	663.0	10363.0	0.0
010652	36.029926	106.984003	255.0	662.612903	10363.0	0.0
010712	36.021345	107.023681	255.0	661.322581	10363.0	0.0
010732	36.01285	107.0629	255.0	660.5	10363.0	0.0
010752	36.004387	107.101926	255.0	660.0	10363.0	0.0
010812	35.995935	107.140829	255.0	660.0	10363.0	0.0
010832	35.987287	107.180827	255.0	660.0	10363.0	0.0
010852	35.978593	107.221027	255.0	660.0	10363.0	0.0
010912	35.97006	107.26016	255.0	660.0	10363.0	0.0
010932	35.961667	107.298453	255.0	660.466667	10363.0	0.0
010952	35.953267	107.336787	255.0	661.0	10363.0	0.0
011012	35.9446	107.37672	255.0	661.0	10363.0	0.0
011032	35.935933	107.416327	255.0	661.0	10363.0	0.0
011052	35.927293	107.455633	255.0	660.6	10363.0	0.0
011112	35.91876	107.4943	255.0	658.6	10363.0	0.0
011132	35.91018	107.53348	255.0	658.0	10363.0	-3.733
011152	35.901597	107.57269	255.0	658.258065	10362.097	-6.968
011212	35.893081	107.611142	255.0	659.548387	10357.581	-1.806
011232	35.88451	107.649907	255.0	660.433333	10359.033	3.467
011252	35.87589	107.68889	255.0	661.0	10363.0	7.2
011312	35.867157	107.728157	255.0	661.0	10363.0	1.867
011332	35.858439	107.767439	255.0	661.0	10363.0	0.0
011352	35.84974	107.806627	255.0	661.133333	10363.0	0.0
011412	35.84114	107.844893	255.0	662.466667	10363.0	0.0
011432	35.83238	107.88424	255.0	663.0	10363.0	3.2
011452	35.8235	107.9243	255.0	663.0	10363.533	8.0
011512	35.8145	107.9643	255.0	663.0	10368.867	8.0
011532	35.80574	108.00334	255.0	663.0	10371.0	1.6
011552	35.797107	108.041867	255.0	663.0	10370.467	-8.0
011612	35.788173	108.081533	255.0	663.0	10365.133	-8.0
011632	35.7792	108.12116	254.6	663.8	10363.0	-4.8
011652	35.770223	108.160665	254.064516	665.0	10363.0	-0.516
011712	35.761448	108.19931	254.709677	665.0	10363.0	-5.677
011732	35.75266	108.23815	255.0	664.266667	10360.433	-5.067
011752	35.74385	108.277177	254.966667	663.0	10356.233	0.267
011812	35.73485	108.31671	254.3	663.0	10360.9	5.6
011832	35.725923	108.35573	254.0	663.733333	10363.0	32.567
011852	35.717052	108.394374	254.0	665.0	10365.452	77.903
011912	35.708084	108.433858	254.0	665.0	10414.484	135.968
011932	35.698867	108.474133	254.0	669.333333	10469.667	175.333
011952	35.6894	108.5152	254.0	678.0	10531.0	196.0
012012	35.680309	108.554715	254.0	683.454545	10600.091	235.394
012032	35.67111	108.594703	254.0	686.766667	10682.333	263.1
012052	35.66171	108.63557	254.0	686.1	10789.0	269.1
012112	35.652294	108.676303	254.0	686.548387	10867.516	210.774
012132	35.642952	108.716626	254.0	687.580645	10929.452	139.935
012152	35.63379	108.756045	254.0	689.516129	10964.29	66.387
012212	35.624386	108.796586	254.0	687.428571	10973.0	27.429
012232	35.6149	108.8375	254.0	684.0	10973.0	0.0
012252	35.605633	108.877233	254.0	684.0	10973.0	0.0
012312	35.596267	108.917333	254.0	683.0	10973.0	0.0
012332	35.5868	108.9578	254.0	681.0	10973.0	0.0
012352	35.577574	108.997348	254.0	682.935484	10973.0	0.0
012412	35.568253	109.037184	254.0	684.5625	10973.0	0.0
012432	35.558816	109.077372	254.0	685.8125	10973.0	0.0
012452	35.549297	109.117967	254.0	686.566667	10973.0	4.533
012512	35.539763	109.158517	254.0	686.766667	10974.633	8.0
012532	35.53023	109.19885	254.0	686.1	10979.3	8.0
012552	35.520527	109.239693	254.0	682.033333	10980.0	-1.067
012612	35.510887	109.28023	254.0	679.0	10978.367	-8.0
012632	35.50142	109.32003	254.0	679.0	10973.7	-8.0
012652	35.491897	109.360453	254.0	688.066667	10973.0	-3.467
012712	35.482317	109.400917	254.0	694.3	10973.0	0.0
012732	35.47265	109.44125	254.0	692.3	10973.0	0.0
012752	35.463084	109.481355	254.0	690.354839	10973.0	0.0
012812	35.45354	109.52134	254.0	689.2	10973.0	1.4
012832	35.444007	109.56114	254.0	689.866667	10973.0	6.067
012852	35.434053	109.602559	254.0	690.941176	10976.294	10.294
012912	35.424052	109.644148	254.0	691.806452	10980.516	13.097
012932	35.414568	109.683632	254.0	689.870968	10985.677	4.065
012952	35.4048	109.724023	253.633333	690.1	10985.067	-5.5
013012	35.394813	109.765113	253.033333	692.0	10979.767	-14.5
013032	35.38508	109.80538	253.7	692.0	10975.1	-4.5
013052	35.375273	109.84594	254.0	692.0	10975.567	0.0
013112	35.365407	109.886743	253.966667	692.166667	10979.767	-0.267
013132	35.35554	109.92761	253.3	695.5	10975.1	-5.6
013152	35.34571	109.96811	253.0	697.0	10973.0	-2.133
013212	35.33592	110.008267	253.0	696.933333	10973.233	7.733
013232	35.32632	110.0476	253.0	695.6	10977.9	2.4
013252	35.316216	110.088755	253.0	699.612903	10977.516	-2.839
013312	35.3057	110.1314	253.0	708.0	10973.0	-8.0
013332	35.2957	110.172267	253.0	724.0	10973.0	-2.667
013352	35.285313	110.214506	253.0	736.193548	10973.0	0.0
013412	35.274539	110.258119	253.0	744.580645	10973.0	0.0
013432	35.263613	110.30248	253.0	748.166667	10973.0	0.0
013452	35.25259	110.34709	253.0	750.0	10973.0	0.0
013512	35.241457	110.391957	253.0	750.0	10973.0	0.0
013532	35.231083	110.43391	253.0	748.1	10973.0	0.0
013552	35.22048	110.47664	253.0	748.8	10973.0	2.4
013612	35.209547	110.520507	253.0	752.8	10973.0	7.733
013632	35.198487	110.56469	253.0	756.166667	10977.433	12.433
013652	35.18729	110.609439	253.0	758.580645	10982.323	12.968
013712	35.175935	110.654858	253.0	759.870968	10987.484	8.452
013732	35.16484	110.69888	253.0	758.8	10988.0	-1.6
013752	35.153747	110.74296	253.0	756.666667	10985.867	-9.867
013812	35.142613	110.78736	253.0	753.333333	10980.533	-14.533
013832	35.131919	110.830006	253.0	753.0	10975.935	-10.935
013852	35.12101	110.87321	252.766667	754.166667	10973.0	-6.133
013912	35.10961	110.91781	252.1	757.5	10973.0	-0.8
013932	35.09855	110.961447	252.566667	758.0	10973.0	0.0
013952	35.087573	111.00482	253.0	756.6	10973.0	-1.633
014012	35.07664	111.04802	253.0	752.6	10973.0	-6.3
014032	35.065544	111.091475	253.0	746.6875	10968.75	-11.25
014052	35.054483	111.134817	253.0	740.833333	10963.833	-13.833
014112	35.043617	111.177683	253.0	736.166667	10959.167	-9.167
014132	35.0328	111.22025	253.0	735.0	10958.0	0.0
014152	35.021958	111.262777	253.0	735.0	10959.129	9.129
014212	35.01099	111.305487	253.0	735.0	10963.645	13.645
014232	34.999752	111.348965	252.548387	742.677419	10968.613	11.387
014252	34.988455	111.392674	252.193548	753.16129	10973.0	6.323
014312	34.977487	111.435835	253.483871	760.903226	10973.0	1.806
014332	34.9679	111.480731	255.230769	768.0	10973.0	0.0
014352	34.959233	111.526782	257.282051	774.666667	10973.0	0.0
014412	34.950523	111.57449	258.0	775.7	10973.0	0.0
014432	34.94193	111.6222	258.0	771.8	10973.0	-11.4
014452	34.93413	111.664867	258.0	757.133333	10973.0	-87.4
014512	34.926287	111.7084	258.0	742.033333	10923.6	-163.833
014532	34.91845	111.75223	258.0	728.2	10847.5	-229.7
014552	34.910783	111.795097	258.0	722.866667	10770.833	-234.367
014612	34.90316	111.837703	257.566667	714.066667	10691.133	-229.5
014632	34.89555	111.88007	257.0	704.8	10612.1	-220.2
014652	34.887883	111.92187	257.0	703.466667	10546.1	-214.867
014712	34.880303	111.963367	257.433333	706.033333	10473.6	-188.733
014732	34.872739	112.004829	257.903226	710.290323	10404.548	-145.968
014752	34.864997	112.047023	257.258065	712.225806	10374.871	-72.419
014812	34.857245	112.089209	257.0	712.272727	10363.0	-27.364
014832	34.849488	112.131391	257.0	711.060606	10363.0	-1.303
014852	34.841623	112.174319	257.612903	698.129032	10363.0	0.0
014912	34.833881	112.216435	257.741935	688.451613	10363.0	0.0
014932	34.826332	112.257274	257.096774	684.580645	10363.0	0.0
014952	34.819137	112.296267	257.0	681.166667	10363.0	0.0
015012	34.811968	112.334968	257.0	680.647059	10363.0	0.0
015032	34.804732	112.373732	257.0	685.352941	10363.0	0.0
015052	34.797079	112.414758	257.0	688.181818	10363.0	2.758
015112	34.7892	112.457	257.0	690.0	10363.0	7.0
015132	34.7816	112.497867	257.0	688.0	10368.333	2.333
015152	34.773994	112.538494	257.0	686.677419	10368.419	-4.839
015212	34.766381	112.578881	257.0	686.032258	10363.258	-14.516
015232	34.75878	112.619343	257.0	687.9	10358.567	-10.567
015252	34.75112	112.66008	257.0	689.3	10356.0	-5.6
015312	34.743387	112.701147	257.0	689.966667	10356.0	-0.267
015332	34.735461	112.743161	257.0	691.225806	10356.0	0.0
015352	34.727713	112.78424	257.0	692.8	10356.0	2.133
015412	34.720247	112.82384	257.0	694.8	10356.0	7.467
015432	34.71242	112.86482	257.0	696.8	10360.2	12.2
015452	34.7045	112.906352	257.0	698.516129	10365.065	13.194
015512	34.6965	112.948481	257.0	699.806452	10370.226	8.677
015532	34.688783	112.9888	257.0	700.0	10371.0	3.467
015552	34.680977	113.029432	257.0	700.0	10371.0	0.0
015612	34.672913	113.071239	257.0	700.0	10371.0	0.0
015632	34.66474	113.11352	257.0	700.0	10371.0	0.0
015652	34.65662	113.15568	257.0	700.0	10371.0	0.0
015712	34.648687	113.19728	257.0	700.0	10371.0	0.0
015732	34.640913	113.2376	257.0	701.066667	10371.0	0.0
015752	34.63312	113.27784	257.0	701.2	10371.0	0.0
015812	34.625187	113.31864	257.0	698.533333	10371.0	0.0
015832	34.617406	113.358697	257.0	694.903226	10371.0	-7.742
015852	34.609617	113.398767	257.0	691.666667	10368.5	-15.0
015912	34.601683	113.439433	257.0	690.333333	10358.5	-15.0
015932	34.5935	113.48095	257.0	690.0	10356.0	-7.5
015952	34.5853	113.522533	257.0	690.0	10356.0	0.0
020012	34.5773	113.563467	257.0	690.0	10356.0	0.0
020032	34.56945	113.60425	258.0	692.5	10356.0	3.0
020052	34.5624	113.644987	259.5	695.0	10356.875	6.0
020112	34.5576	113.685738	261.5	695.0	10360.375	6.0
020132	34.552817	113.726717	262.833333	695.333333	10363.0	5.0
020152	34.548083	113.768383	262.166667	696.666667	10363.0	1.0
020212	34.5433	113.8113	262.0	697.5	10363.0	0.0
020232	34.538583	113.853883	262.166667	697.5	10363.0	0.0
020252	34.534117	113.894217	262.833333	695.5	10363.0	0.0
020312	34.5293	113.93695	262.5	693.5	10363.0	-4.0
020332	34.5244	113.979833	262.0	691.666667	10361.833	-7.667
020352	34.5196	114.020767	262.0	690.333333	10357.167	-6.333
020412	34.512933	114.0607	260.0	689.666667	10356.0	-2.0
020432	34.505644	114.1003	257.333333	689.222222	10356.0	3.333
020452	34.497636	114.140827	256.0	689.30303	10358.121	8.424
020512	34.488909	114.182282	256.0	689.909091	10362.364	13.273
020532	34.480635	114.221568	256.0	691.096774	10367.387	10.161
020552	34.472384	114.260723	256.0	691.612903	10371.0	4.097
020612	34.463997	114.300465	256.0	690.322581	10371.0	-5.581
020632	34.4551	114.34215	256.0	697.5	10367.0	-8.0
020652	34.446067	114.3843	256.0	709.833333	10363.0	-6.667
020712	34.437133	114.4259	256.0	729.166667	10363.0	-1.333
020732	34.42805	114.4685	256.0	738.0	10363.0	0.0
020752	34.418967	114.511183	255.833333	740.833333	10363.0	0.0
020812	34.410033	114.553117	255.166667	736.166667	10363.0	0.0
020832	34.40075	114.59635	255.5	733.5	10363.0	0.0
020852	34.39135	114.6399	255.833333	732.333333	10363.0	-1.333
020912	34.38195	114.6831	255.166667	733.666667	10363.0	-6.667
020932	34.3728	114.72545	255.0	734.0	10359.5	-8.0
020952	34.363633	114.767883	255.0	734.0	10356.0	-6.667
021012	34.354167	114.811417	255.0	734.0	10356.0	-1.333
021032	34.344977	114.853606	255.0	735.451613	10356.0	3.871
021052	34.33578	114.895813	255.0	737.266667	10356.933	8.933
021112	34.32618	114.93988	255.0	738.6	10361.6	13.6
021132	34.316953	114.982127	255.0	739.0	10366.733	11.733
021152	34.307753	115.024153	255.0	739.0	10371.0	8.0
021212	34.29802	115.06842	255.0	739.0	10371.0	8.0
021232	34.288333	115.112313	255.0	737.133333	10374.267	-9.733
021252	34.278665	115.156061	255.0	734.870968	10373.097	-49.355
021312	34.268987	115.199868	255.0	734.225806	10348.581	-146.129
021332	34.259707	115.242673	255.433333	730.966667	10277.6	-223.333
021352	34.250736	115.284571	256.0	727.142857	10182.357	-280.0
021412	34.242307	115.324381	256.0	728.095238	10091.405	-280.0
021432	34.233827	115.364387	256.033333	729.166667	10000.167	-280.333
021452	34.22436	115.40812	256.7	732.5	9903.5	-287.0
021512	34.215077	115.45134	257.0	735.833333	9807.2	-292.567
021532	34.20596	115.49403	256.933333	739.566667	9710.9	-297.267
021552	34.19716	115.53463	255.6	750.9	9608.9	-302.6
021612	34.187517	115.579337	255.0	756.733333	9507.267	-303.9
021632	34.177226	115.627326	255.130435	758.0	9406.0	-299.739
021652	34.167748	115.673848	257.73913	758.0	9306.0	-254.522
021712	34.162102	115.719198	260.195122	757.121951	9229.268	-196.878
021732	34.156883	115.764417	262.634146	756.146341	9155.122	-137.854
021752	34.15253	115.80826	263.0	758.266667	9144.0	-55.9
021812	34.14819	115.852863	263.0	759.533333	9144.0	0.0
021832	34.14359	115.89933	263.0	758.2	9144.0	0.0
021852	34.139226	115.944194	263.0	758.0	9144.0	0.0
021912	34.13484	115.9893	263.0	758.0	9144.0	0.0
021932	34.130307	116.035633	263.0	758.0	9144.0	0.0
021952	34.125933	116.07994	263.0	758.0	9144.0	0.0
022012	34.12158	116.1239	263.0	759.2	9144.0	0.0
022032	34.11718	116.168233	263.0	763.2	9144.0	0.0
022052	34.112567	116.214647	263.0	767.733333	9144.0	0.0
022112	34.1079	116.26154	263.0	769.4	9144.0	-1.4
022132	34.103233	116.30834	263.0	764.066667	9144.0	-6.067
022152	34.098321	116.35491	263.0	766.692308	9140.718	-32.846
022212	34.093346	116.401423	263.0	771.307692	9136.615	-65.154
022232	34.088605	116.445715	263.85	772.0	9084.15	-235.75
022252	34.083537	116.492193	263.433333	772.0	8984.333	-340.933
022312	34.078561	116.538185	263.0	764.317073	8861.732	-419.317
022332	34.073878	116.582429	263.0	742.365854	8709.537	-477.366
022352	34.069432	116.626379	263.315789	725.105263	8537.947	-560.632
022412	34.06557	116.66913	264.0	717.966667	8320.7	-655.333
022432	34.06177	116.71093	264.0	709.3	8102.7	-662.0
022452	34.057913	116.752333	264.0	704.6	7879.6	-615.4
022512	34.054023	116.793877	264.0	695.466667	7677.067	-565.7
022532	34.05009	116.83581	264.0	676.8	7514.4	-527.7
022552	34.046296	116.875315	262.692308	660.269231	7331.115	-607.654
022612	34.041923	116.91369	261.633333	648.966667	7112.8	-679.033
022632	34.037053	116.951513	261.0	641.733333	6869.067	-722.733
022652	34.03212	116.98978	261.0	636.4	6630.4	-697.4
022712	34.027187	117.02823	261.366667	635.1	6402.733	-666.933
022732	34.022283	117.066765	262.0	636.975	6184.725	-632.525
022752	34.017933	117.104065	262.0	636.475	5979.225	-603.025
022812	34.013577	117.1414	262.0	635.233333	5775.367	-573.0
022832	34.00911	117.1794	262.0	619.9	5602.7	-533.0
022852	34.0049	117.215628	262.0	607.5	5431.5	-549.833
022912	34.000683	117.251113	262.0	598.8	5239.833	-568.533
022932	33.99637	117.28676	262.0	590.7	5041.1	-560.2
022952	33.99217	117.32116	262.0	582.033333	4868.433	-534.867
023012	33.9881	117.355257	262.0	571.633333	4692.733	-502.6
023032	33.98416	117.3889	262.0	556.0	4521.4	-469.6
023052	33.98056	117.4209	262.0	516.0	4384.067	-453.6
023112	33.977071	117.450176	262.0	503.238095	4227.667	-482.048
023132	33.9745	117.479553	269.578947	504.0	4059.947	-463.211
023152	33.977031	117.509849	276.971429	502.142857	3912.971	-433.314
023212	33.982003	117.540077	281.542857	499.285714	3777.543	-423.029
023232	33.98705	117.569223	282.0	493.566667	3628.4	-419.3
023252	33.99205	117.59769	282.0	484.9	3496.4	-445.3
023312	33.997129	117.626738	282.0	483.619048	3336.952	-504.143
023332	34.00215	117.65555	282.0	488.5	3154.5	-483.5
023352	34.004894	117.685482	272.0	491.0	3018.294	-388.235
023412	34.003461	117.714574	264.434783	491.0	2892.043	-383.522
023432	34.000867	117.7426	263.666667	489.333333	2758.333	-366.333
023452	33.9982	117.771	263.0	486.0	2637.0	-305.0
023512	33.995467	117.799467	263.666667	465.333333	2555.667	-243.667
023532	33.992886	117.826736	263.642857	444.285714	2485.0	-226.929
023552	33.990447	117.852753	263.0	423.933333	2420.333	-257.533
023612	33.987913	117.878287	263.0	413.266667	2313.667	-312.867
023632	33.9855	117.90294	263.0	408.2	2201.0	-338.2
023652	33.983173	117.926933	263.0	406.6	2084.8	-345.0
023712	33.980907	117.950267	263.0	402.6	1972.8	-365.0
023732	33.97856	117.97412	263.0	401.0	1845.6	-382.2
023752	33.976167	117.99826	263.0	401.2	1709.333	-384.333
023812	33.973833	118.02186	263.0	403.2	1582.667	-267.667
023832	33.97154	118.04462	263.4	410.4	1519.6	-178.2
023852	33.969233	118.06732	263.933333	420.0	1495.4	-123.667
023912	33.966567	118.09452	263.266667	420.0	1439.4	-220.333
023932	33.96398	118.12048	263.0	417.6	1347.0	-307.8
023952	33.961453	118.145547	263.0	413.666667	1228.267	-380.467
024012	33.958987	118.170013	263.0	410.333333	1090.933	-375.133
024032	33.9566	118.19396	263.0	397.8	969.2	-367.0
024052	33.954273	118.217453	263.0	380.266667	856.267	-357.133
024112	33.952007	118.239987	263.0	372.933333	728.933	-348.467
024132	33.949691	118.262513	263.0	361.652174	618.522	-327.261
024152	33.9475	118.28387	263.0	340.5	516.0	-293.3
024212	33.9455	118.303803	263.0	310.5	409.333	-253.967
024232	33.943785	118.32076	263.0	283.35	356.5	-240.6
024252	33.942127	118.336948	263.0	278.140625	269.391	-245.938
024312	33.94047	118.353105	263.0	274.078125	180.328	-252.188
024332	33.938814	118.369261	263.0	270.015625	91.266	-258.438
024352	33.937181	118.385019	263.0	254.0	11.812	-110.0
