205217	40.6437	73.8069	300.0	307.0	53.0	0.0
205237	40.649325	73.8252	284.25	314.25	304.75	532.25
205257	40.6463	73.84645	246.0	360.5	415.0	314.5
205317	40.63315	73.8674	225.0	412.75	514.0	266.25
205337	40.618178	73.886778	224.888889	473.555556	594.333	353.667
205357	40.598965	73.906613	211.956522	512.608696	760.565	693.696
205417	40.57627	73.924874	211.086957	524.782609	1031.87	847.609
205437	40.55336	73.9432	211.6	525.4	1329.0	839.0
205457	40.530827	73.961453	212.266667	526.6	1608.467	801.133
205517	40.508893	73.979587	212.933333	530.6	1857.133	746.467
205537	40.4869	73.99778	212.1	537.3	2101.6	772.5
205557	40.464587	74.015878	212.782609	532.521739	2370.174	819.826
205617	40.440906	74.035119	213.0	529.125	2652.688	778.562
205637	40.418167	74.053517	212.366667	533.433333	2898.8	759.167
205657	40.395485	74.071925	213.35	533.75	3149.55	664.05
205717	40.374506	74.09425	226.8125	536.625	3334.75	418.375
205737	40.360533	74.121467	240.333333	554.722222	3439.5	312.611
205757	40.34665	74.1548	241.5	585.0	3543.5	378.0
205817	40.331867	74.19005	241.0	613.5	3668.167	464.833
205837	40.316933	74.22505	241.0	627.5	3860.833	556.167
205857	40.30135	74.2619	241.0	637.5	4054.0	556.0
205917	40.28565	74.299067	241.0	646.666667	4239.5	548.333
205937	40.27025	74.335333	241.0	657.333333	4401.5	609.667
205957	40.25435	74.37295	241.0	656.0	4632.5	594.5
210017	40.238233	74.41115	241.0	655.166667	4853.5	508.833
210037	40.221967	74.44975	241.0	667.833333	4975.5	288.167
210057	40.206871	74.489753	248.941176	689.529412	5006.0	49.471
210117	40.20054	74.53088	262.6	708.2	5020.4	125.8
210137	40.19652	74.57892	264.0	729.2	5081.4	251.6
210157	40.1926	74.627533	264.0	744.666667	5181.8	354.4
210217	40.1886	74.675867	264.0	751.333333	5333.8	420.4
210237	40.18478	74.72288	264.0	757.4	5467.8	454.0
210257	40.1809	74.770867	264.0	760.733333	5620.333	478.133
210317	40.1769	74.820533	264.0	760.066667	5803.667	493.467
210337	40.17278	74.87002	264.0	760.6	5954.6	439.2
210357	40.16866	74.92018	264.0	763.0	6088.6	376.4
210417	40.164547	74.97114	264.0	767.6	6201.8	332.933
210437	40.160413	75.02174	264.0	771.6	6313.8	320.267
210457	40.156243	75.072113	264.0	779.826087	6414.217	298.652
210517	40.1521	75.12245	264.0	785.5	6511.5	306.5
210537	40.147933	75.172783	264.0	789.666667	6613.167	323.833
210557	40.143667	75.223117	264.0	792.333333	6729.833	339.167
210617	40.1394	75.2734	264.0	795.0	6843.0	327.5
210637	40.135083	75.324383	264.0	797.5	6951.0	309.5
210657	40.130617	75.377517	264.0	799.5	7047.0	299.5
210717	40.12605	75.43115	264.0	800.5	7147.5	339.0
210737	40.12145	75.484633	264.0	800.0	7262.0	397.167
210757	40.11685	75.537167	264.0	796.0	7414.0	461.833
210817	40.112571	75.587114	264.428571	787.285714	7576.286	466.0
210837	40.1084	75.6362	265.0	777.0	7742.0	450.0
210857	40.1068	75.68692	269.0	773.0	7870.0	376.4
210917	40.10665	75.7368	270.0	772.0	7986.0	369.5
210937	40.106933	75.78635	270.0	770.666667	8105.5	387.333
210957	40.107067	75.83575	270.0	765.333333	8247.5	412.667
211017	40.1072	75.88435	270.0	761.0	8386.0	411.5
211037	40.107333	75.933317	270.0	757.0	8522.0	401.5
211057	40.107467	75.984183	270.0	753.0	8654.0	391.5
211117	40.10755	76.0327	270.0	747.0	8782.0	370.0
211137	40.107617	76.08085	270.0	741.5	8903.667	339.5
211157	40.107683	76.13025	270.0	739.5	9010.333	293.5
211217	40.1077	76.1784	270.0	739.0	9098.0	274.5
211237	40.1077	76.22595	270.0	738.666667	9183.167	271.5
211257	40.1077	76.27295	270.0	737.333333	9279.833	289.5
211317	40.107665	76.321049	270.0	735.255814	9378.302	291.907
211337	40.107619	76.369514	270.0	732.930233	9477.372	289.116
211357	40.10756	76.4175	270.0	730.0	9572.2	285.6
211417	40.107493	76.465193	270.0	726.933333	9664.6	281.467
211437	40.107427	76.513127	270.0	726.266667	9760.6	276.133
211457	40.10728	76.56014	270.0	724.8	9851.0	281.6
211517	40.107083	76.606465	270.0	722.391304	9940.217	294.826
211537	40.106909	76.652117	270.0	716.304348	10052.391	313.087
211557	40.106748	76.699924	270.0	713.72	10150.72	290.44
211617	40.106535	76.746253	270.0	711.352941	10243.412	184.176
211637	40.106338	76.793617	270.0	713.02381	10290.595	128.19
211657	40.106148	76.841283	270.0	715.404762	10330.119	87.238
211717	40.105917	76.887883	270.0	720.756098	10348.415	55.78
211737	40.105673	76.934127	270.0	727.097561	10359.634	27.488
211757	40.105367	76.98146	269.533333	732.733333	10363.0	10.133
211817	40.10502	77.02918	269.0	736.733333	10363.0	0.0
211837	40.10462	77.07658	269.0	735.4	10363.0	0.0
211857	40.104267	77.1244	269.0	735.0	10363.0	0.0
211917	40.10392	77.172147	269.0	735.0	10363.0	0.0
211937	40.10352	77.21888	269.0	735.0	10363.0	0.0
211957	40.103073	77.266593	269.0	735.0	10363.0	3.733
212017	40.102714	77.3149	269.285714	734.857143	10364.143	6.857
212037	40.102786	77.3639	270.714286	734.142857	10369.857	1.143
212057	40.103173	77.411993	271.0	734.533333	10366.733	-4.267
212117	40.10358	77.46006	270.8	735.0	10363.0	-6.4
212137	40.103847	77.508593	270.133333	735.0	10363.0	-1.067
212157	40.104113	77.554833	270.0	735.0	10363.0	0.0
212217	40.10436	77.6017	270.0	735.0	10363.0	0.0
212237	40.10456	77.651367	270.0	735.0	10363.0	0.0
212257	40.104813	77.698153	270.0	734.466667	10363.0	0.0
212317	40.10506	77.74514	270.0	734.0	10363.0	0.0
212337	40.10526	77.794273	270.0	734.0	10363.0	0.0
212357	40.105353	77.84234	270.0	734.0	10363.0	0.0
212417	40.10542	77.89018	270.0	734.0	10363.0	0.0
212437	40.105487	77.938113	270.0	734.0	10363.0	0.0
212457	40.105553	77.986047	270.0	732.933333	10363.0	0.0
212517	40.10562	78.03328	270.0	732.0	10363.0	0.0
212537	40.105687	78.07888	270.0	732.0	10363.0	0.0
212557	40.1057	78.125173	270.533333	733.066667	10363.0	0.0
212617	40.1057	78.1726	270.8	734.0	10363.0	0.0
212637	40.1057	78.222267	270.133333	734.0	10363.0	0.0
212657	40.105647	78.27044	270.0	734.533333	10363.0	0.0
212717	40.1056	78.31824	270.0	735.0	10363.0	0.0
212737	40.1056	78.36604	270.0	735.0	10363.0	0.0
212757	40.105493	78.412347	270.533333	735.0	10363.0	5.333
212817	40.105329	78.460347	270.647059	735.0	10365.824	10.0
212837	40.10514	78.51037	270.0	734.7	10371.0	4.6
212857	40.105007	78.55697	270.0	734.033333	10371.0	-7.4
212917	40.104873	78.602493	270.0	734.0	10365.933	-8.0
212937	40.10468	78.65009	270.0	733.4	10363.0	-5.6
212957	40.104413	78.70029	270.0	732.066667	10363.0	-0.267
213017	40.10421	78.74631	270.633333	730.1	10363.0	0.0
213037	40.10398	78.79289	271.0	729.0	10363.0	0.0
213057	40.103713	78.840423	271.0	729.0	10363.0	0.0
213117	40.103447	78.888717	269.733333	727.733333	10363.0	0.0
213137	40.10312	78.93726	269.0	727.0	10363.0	0.0
213157	40.10272	78.98606	269.0	727.0	10363.0	0.0
213217	40.10232	79.031693	269.0	727.0	10363.0	0.0
213237	40.10189	79.07812	269.3	726.7	10363.0	0.0
213257	40.101423	79.12572	269.966667	726.033333	10363.0	0.0
213317	40.101083	79.170913	270.0	724.733333	10363.0	0.0
213337	40.10072	79.21748	269.7	724.0	10363.0	0.0
213357	40.10032	79.26588	269.033333	724.0	10363.0	0.0
213417	40.099857	79.31333	269.0	724.0	10363.0	0.0
213437	40.09939	79.361	269.0	724.0	10363.0	0.0
213457	40.098923	79.409	269.0	724.0	10363.0	0.0
213517	40.098393	79.455227	269.0	724.0	10363.0	0.0
213537	40.09783	79.50265	269.0	724.0	10363.0	0.0
213557	40.09723	79.55165	269.0	724.0	10363.0	0.0
213617	40.096693	79.597103	269.0	724.0	10363.0	0.0
213637	40.09613	79.64303	269.0	724.0	10363.0	0.0
213657	40.09553	79.689763	269.0	724.0	10363.0	0.0
213717	40.094867	79.738397	269.0	724.0	10363.0	0.0
213737	40.09417	79.78656	269.0	724.0	10363.0	0.0
213757	40.093437	79.834027	269.0	724.0	10363.0	0.0
213817	40.092767	79.880543	269.0	724.0	10363.0	0.0
213837	40.09207	79.92758	269.0	724.6	10363.0	0.0
213857	40.091337	79.975313	269.0	725.933333	10363.0	0.0
213917	40.09054	80.023427	269.0	726.0	10363.0	0.0
213937	40.08974	80.07063	269.0	726.3	10363.0	0.0
213957	40.08894	80.116697	269.0	726.966667	10363.0	0.0
214017	40.088203	80.162827	269.0	727.0	10363.0	0.0
214037	40.08741	80.20983	269.0	727.0	10363.0	0.0
214057	40.086543	80.257897	269.0	727.0	10363.0	0.0
214117	40.08574	80.30381	269.0	727.0	10363.0	5.7
214137	40.084874	80.350411	269.473684	727.0	10366.789	9.0
214157	40.083916	80.398748	269.677419	727.0	10371.0	6.097
214217	40.082948	80.447845	269.032258	727.0	10371.0	0.29
214237	40.082013	80.493937	268.366667	727.0	10371.0	-5.067
214257	40.08108	80.54038	268.3	727.0	10368.6	-8.0
214317	40.080147	80.587447	268.966667	727.0	10363.267	-8.0
214337	40.079087	80.635653	268.366667	727.0	10363.0	-2.933
214357	40.07805	80.68323	268.0	727.0	10363.0	0.0
214417	40.07705	80.729963	268.0	727.0	10363.0	0.0
214437	40.075987	80.777773	268.0	726.366667	10363.0	0.0
214457	40.07489	80.82558	268.0	726.0	10363.0	0.0
214517	40.073757	80.873313	268.0	726.0	10363.0	0.0
214537	40.072687	80.91921	268.0	726.0	10363.0	0.0
214557	40.07159	80.96543	268.0	725.4	10363.0	-2.4
214617	40.070457	81.012163	268.0	724.066667	10363.0	-7.733
214637	40.06926	81.05972	268.0	725.266667	10358.567	-2.933
214657	40.06803	81.10792	268.0	726.0	10358.1	2.4
214717	40.066763	81.156853	268.0	726.0	10362.767	7.733
214737	40.065623	81.202113	268.0	726.0	10363.0	2.933
214757	40.064419	81.248877	268.0	726.0	10363.0	-2.323
214817	40.063129	81.297716	268.0	726.0	10363.0	-7.484
214837	40.06186	81.3461	268.0	726.6	10358.8	-3.2
214857	40.060567	81.393233	268.0	727.0	10357.867	4.0
214917	40.059233	81.438567	268.0	727.0	10362.533	14.0
214937	40.05784	81.48546	268.0	727.0	10367.8	10.8
214957	40.056467	81.532367	268.0	727.0	10371.0	5.867
215017	40.055133	81.579033	268.0	727.0	10371.0	0.533
215037	40.05374	81.62714	268.0	726.4	10371.0	0.0
215057	40.052313	81.675673	268.0	726.0	10371.0	-2.133
215117	40.050847	81.724607	268.0	726.0	10371.0	-7.467
215137	40.04938	81.77246	268.0	726.0	10366.2	-8.0
215157	40.04794	81.81878	268.0	726.0	10363.0	-8.0
215217	40.04654	81.86298	268.0	726.0	10363.0	-8.0
215237	40.04496	81.91	268.0	726.0	10358.8	-8.0
215257	40.043387	81.95752	268.0	726.266667	10356.0	-5.867
215317	40.041853	82.00532	268.0	726.933333	10356.0	-0.533
215337	40.04026	82.0533	268.0	727.0	10356.0	4.8
215357	40.03866	82.100073	267.733333	727.533333	10357.867	8.0
215417	40.03706	82.145007	267.066667	728.866667	10362.533	8.0
215437	40.0354	82.1933	267.0	730.8	10363.0	3.2
215457	40.03368	82.24234	267.0	732.0	10363.0	0.0
215517	40.03188	82.29194	267.0	732.0	10363.0	0.0
215537	40.0302	82.33806	267.0	733.8	10363.0	4.8
215557	40.028533	82.384407	267.0	735.0	10365.133	8.0
215617	40.026867	82.431673	267.0	735.0	10370.467	8.0
215637	40.02508	82.47906	267.0	734.4	10371.0	3.2
215657	40.023307	82.52646	267.0	734.0	10371.0	-2.133
215717	40.021573	82.57386	267.0	734.0	10371.0	-7.467
215737	40.01966	82.62336	267.0	734.0	10366.2	-8.0
215757	40.017807	82.671093	267.0	734.0	10363.0	-5.867
215817	40.016073	82.715827	267.0	734.0	10363.0	-0.533
215837	40.01422	82.76308	267.0	732.8	10363.0	0.0
215857	40.012353	82.81064	267.0	732.0	10363.0	0.0
215917	40.010487	82.85824	267.0	732.0	10363.0	0.0
215937	40.0085	82.90698	267.0	732.0	10363.0	0.0
215957	40.0065	82.955927	267.0	732.0	10363.0	0.0
220017	40.0045	83.004993	267.0	732.0	10363.0	0.0
220037	40.00256	83.05016	267.0	730.2	10363.0	0.0
220057	40.000581	83.09594	267.0	729.55814	10363.0	0.0
220117	39.998535	83.143288	267.0	730.953488	10363.0	0.0
220137	39.996488	83.190467	267.119048	732.0	10363.0	0.0
220157	39.99444	83.237133	267.595238	732.0	10363.0	0.0
220217	39.99236	83.28433	267.9	732.2	10363.0	0.0
220237	39.990093	83.33453	267.233333	733.533333	10363.0	0.0
220257	39.987913	83.383257	267.0	734.0	10363.0	0.0
220317	39.98578	83.43091	267.0	734.0	10363.0	0.0
220337	39.983647	83.476977	267.0	734.0	10363.0	0.0
220357	39.98147	83.52378	267.0	734.0	10363.0	0.0
220417	39.979245	83.570871	266.763158	734.0	10363.0	0.0
220437	39.976876	83.617345	265.184211	734.0	10363.0	0.0
220457	39.9739	83.6647	263.75	734.0	10363.0	2.25
220517	39.969183	83.71385	263.0	734.0	10364.333	8.833
220537	39.964717	83.76045	263.0	734.0	10369.667	8.167
220557	39.9601	83.8079	263.0	733.0	10371.0	-0.5
220617	39.955489	83.855228	263.0	732.0	10368.778	-9.0
220637	39.950967	83.901767	263.0	732.466667	10363.0	-6.9
220657	39.9463	83.9491	263.0	733.8	10363.0	-0.9
220717	39.941577	83.99632	263.0	734.0	10363.0	0.0
220737	39.936867	84.04345	263.0	734.0	10363.0	0.0
220757	39.9322	84.09045	263.0	734.0	10363.0	0.0
220817	39.92759	84.136657	262.433333	735.7	10363.0	0.0
220837	39.92278	84.18431	262.233333	736.533333	10363.0	0.0
220857	39.91758	84.23491	262.9	735.2	10363.0	0.0
220917	39.912833	84.281883	263.0	735.0	10363.0	0.0
220937	39.908143	84.328147	262.766667	735.466667	10363.0	0.0
220957	39.90341	84.37428	262.1	736.8	10363.0	0.0
221017	39.89845	84.42268	262.0	738.133333	10363.0	0.0
221037	39.893497	84.47085	262.0	738.533333	10363.0	0.0
221057	39.88863	84.51785	262.0	737.2	10363.0	0.0
221117	39.883593	84.565983	262.0	737.0	10363.0	0.0
221137	39.878573	84.613803	262.0	737.0	10363.0	0.0
221157	39.87364	84.66067	262.0	737.0	10363.0	0.0
221217	39.868593	84.708557	262.0	738.133333	10363.0	0.0
221237	39.863573	84.75611	262.0	739.0	10363.0	0.0
221257	39.85864	84.80271	262.0	739.0	10363.0	0.0
221317	39.853593	84.850217	262.0	739.0	10363.0	0.0
221337	39.848527	84.897603	262.0	739.0	10363.0	0.0
221357	39.84346	84.94447	262.0	739.0	10363.0	0.0
221417	39.838337	84.99264	262.0	739.0	10363.0	4.533
221437	39.833297	85.03971	262.0	738.533333	10364.867	6.133
221457	39.82843	85.08431	262.0	737.2	10370.2	0.8
221517	39.82328	85.131502	262.0	736.15	10367.6	-5.525
221537	39.81808	85.179153	262.0	735.15	10363.6	-12.025
221557	39.812767	85.22727	262.0	735.0	10359.033	-10.167
221617	39.807503	85.274817	262.233333	735.466667	10356.0	-6.133
221637	39.80237	85.32115	262.9	736.8	10356.0	-0.8
221657	39.797165	85.367865	263.0	737.0	10356.0	6.652
221717	39.791773	85.416013	262.533333	737.0	10359.267	8.533
221737	39.786373	85.46412	262.0	737.0	10363.0	6.933
221757	39.78124	85.50972	262.0	737.0	10363.0	1.6
221817	39.77592	85.556627	262.0	737.0	10363.0	0.0
221837	39.770533	85.603973	262.0	737.0	10363.0	0.0
221857	39.7652	85.65084	262.0	737.0	10363.0	0.0
221917	39.759867	85.697287	262.0	737.0	10363.0	0.0
221937	39.754467	85.744167	262.0	737.266667	10363.0	0.0
221957	39.7488	85.7935	262.0	738.6	10363.0	0.0
222017	39.74318	85.841947	262.0	739.466667	10363.0	0.0
222037	39.737626	85.8896	262.0	740.0	10363.0	0.0
222057	39.7322	85.936133	261.833333	740.333333	10363.0	0.0
222117	39.7266	85.984267	261.166667	741.666667	10363.0	0.0
222137	39.72115	86.03095	261.0	742.0	10363.0	0.0
222157	39.715667	86.077733	261.0	742.0	10363.0	0.0
222217	39.709933	86.126267	261.0	742.0	10363.0	0.0
222237	39.70435	86.17345	261.0	743.5	10363.0	0.0
222257	39.698783	86.220383	261.0	745.0	10363.0	0.0
222317	39.693117	86.267917	261.0	745.0	10363.0	0.0
222337	39.6875	86.3149	261.0	745.0	10363.0	4.0
222357	39.681767	86.3627	261.0	744.5	10364.333	8.0
222417	39.675633	86.4135	261.0	742.5	10369.667	8.0
222437	39.6702	86.4591	261.0	742.0	10371.0	0.0
222457	39.664817	86.50405	261.0	742.0	10369.667	-8.0
222517	39.658883	86.55225	261.0	742.0	10364.333	-8.0
222537	39.65305	86.5997	261.0	742.0	10363.0	-4.0
222557	39.647217	86.64705	261.166667	742.0	10363.0	0.0
222617	39.641283	86.69485	261.833333	742.0	10363.0	0.0
222637	39.6353	86.7431	261.5	742.0	10363.0	-4.0
222657	39.629383	86.790817	261.0	742.5	10361.833	-8.0
222717	39.623717	86.836483	261.0	744.5	10357.167	-8.0
222737	39.6177	86.8846	261.0	745.0	10356.0	0.0
222757	39.611617	86.93305	261.0	745.333333	10357.167	8.0
222817	39.605683	86.98005	261.0	746.666667	10361.833	8.0
222837	39.5997	87.02725	261.0	747.0	10363.0	8.0
222857	39.59365	87.074867	261.0	747.166667	10364.333	8.0
222917	39.58745	87.123533	261.0	747.833333	10369.667	8.0
222937	39.58155	87.17045	261.5	748.0	10371.0	4.0
222957	39.575667	87.217067	261.833333	748.0	10371.0	-1.333
223017	39.569533	87.264533	261.166667	748.0	10371.0	-6.667
223037	39.5633	87.3129	261.5	748.0	10367.0	-8.0
223057	39.55705	87.361383	261.833333	748.333333	10363.0	-6.667
223117	39.55085	87.409317	261.166667	749.666667	10363.0	-1.333
223137	39.54465	87.457	260.5	751.0	10363.0	0.0
223157	39.538383	87.504967	260.0	752.0	10363.0	0.0
223217	39.531917	87.554033	260.0	752.0	10363.0	0.0
223237	39.5256	87.6018	260.0	752.0	10363.0	0.0
223257	39.51935	87.649067	260.0	752.0	10363.0	0.0
223317	39.51315	87.696133	260.0	752.0	10363.0	0.0
223337	39.50675	87.74455	260.0	752.0	10363.0	0.0
223357	39.500317	87.793017	260.0	751.666667	10363.0	0.0
223417	39.493983	87.840283	260.0	750.333333	10363.0	0.0
223437	39.4872	87.88795	259.5	751.0	10363.0	0.0
223457	39.48025	87.935783	259.0	752.0	10363.0	-1.333
223517	39.47325	87.983717	259.0	752.0	10363.0	-6.667
223537	39.46645	88.0303	259.0	754.0	10359.5	-8.0
223557	39.4596	88.0772	259.0	756.333333	10356.0	-5.333
223617	39.4524	88.1264	259.0	757.666667	10356.0	5.333
223637	39.4456	88.17325	259.0	759.0	10359.5	8.0
223657	39.438717	88.22045	259.0	760.166667	10363.0	6.667
223717	39.431183	88.27105	259.0	760.833333	10363.0	1.333
223737	39.42415	88.31835	259.0	762.5	10363.0	0.0
223757	39.417117	88.365567	259.0	764.833333	10363.0	0.0
223817	39.409583	88.415833	259.0	768.166667	10363.0	0.0
223837	39.403674	88.462189	262.947368	771.368421	10363.0	7.105
223857	39.402084	88.511819	267.612903	774.064516	10367.129	8.484
223917	39.401683	88.562667	270.833333	776.0	10371.0	6.667
223937	39.402017	88.613733	270.166667	776.0	10371.0	1.333
223957	39.40225	88.66335	270.0	776.5	10371.0	0.0
224017	39.402433	88.712883	270.0	777.0	10371.0	-1.333
224037	39.402567	88.763617	270.0	777.0	10371.0	-6.667
224057	39.402794	88.813994	270.0	777.0	10367.129	-4.129
224117	39.40304	88.86378	270.2	777.0	10364.6	0.0
224137	39.403293	88.911847	271.0	776.866667	10369.933	-1.067
224157	39.40376	88.96058	271.0	776.2	10364.6	-6.4
224217	39.40404	89.0123	270.533333	775.066667	10363.0	-4.267
224237	39.404227	89.064487	270.133333	774.266667	10363.0	0.0
224257	39.40436	89.11342	270.8	775.6	10363.0	0.0
224317	39.40468	89.163007	271.0	775.066667	10363.0	0.0
224337	39.405027	89.213087	270.866667	773.733333	10363.0	0.0
224357	39.40516	89.26402	270.2	772.4	10363.0	0.0
224417	39.404827	89.31444	269.533333	771.533333	10363.0	-3.733
224437	39.404213	89.364253	269.0	771.0	10362.067	-8.0
224457	39.40328	89.41252	269.0	771.0	10357.4	-8.0
224517	39.40216	89.461253	268.533333	771.0	10356.0	-4.267
224537	39.4009	89.5106	268.0	771.0	10356.0	0.0
224557	39.399432	89.56151	268.0	771.774194	10356.0	2.065
224617	39.398013	89.612284	268.0	773.709677	10356.0	7.226
224637	39.396723	89.659907	268.0	774.0	10359.967	8.0
224657	39.395363	89.708233	268.0	774.0	10363.0	6.133
224717	39.39383	89.7589	268.0	774.0	10363.0	0.8
224737	39.392467	89.808887	268.0	775.133333	10363.0	0.0
224757	39.390932	89.858736	267.363636	776.318182	10363.0	0.0
224817	39.388417	89.908663	265.375	777.416667	10363.0	1.667
224837	39.384071	89.958987	263.032258	779.0	10363.258	8.0
224857	39.37949	90.010729	263.677419	779.0	10368.419	8.0
224917	39.375133	90.060133	263.666667	778.333333	10371.0	5.333
224937	39.371	90.1072	263.0	777.0	10371.0	0.0
224957	39.366733	90.155267	263.0	777.0	10371.0	-5.333
225017	39.362233	90.205533	263.0	777.0	10368.333	-8.0
225037	39.3575	90.258	263.0	777.0	10363.0	-8.0
225057	39.352855	90.308194	263.0	777.0	10363.0	-2.839
225117	39.348239	90.3583	263.0	776.709677	10363.0	0.0
225137	39.343658	90.4083	263.0	776.064516	10363.0	0.0
225157	39.33918	90.4583	263.0	776.0	10363.0	0.0
225217	39.334793	90.506567	263.0	776.0	10363.0	0.0
225237	39.330527	90.552233	263.0	776.0	10363.0	0.0
225257	39.32578	90.6027	263.0	776.0	10363.0	0.0
225317	39.321033	90.653193	263.0	776.0	10363.0	2.133
225337	39.316367	90.702927	263.0	776.0	10363.0	7.467
225357	39.31164	90.75326	263.0	774.8	10367.8	8.0
225417	39.306933	90.802993	263.0	773.466667	10371.0	3.733
225437	39.302267	90.851727	263.0	772.133333	10371.0	-6.933
225457	39.29754	90.90106	263.0	772.0	10366.2	-8.0
225517	39.292727	90.95094	263.0	771.733333	10363.0	-5.867
225537	39.287793	91.00154	263.0	771.066667	10363.0	-0.533
225557	39.2837	91.043358	263.947368	771.0	10363.0	0.0
225617	39.27856	91.096193	263.366667	771.0	10363.0	-5.067
225637	39.27354	91.14744	263.0	771.0	10360.9	-8.0
225657	39.26874	91.195973	263.0	771.0	10356.233	-8.0
225717	39.26394	91.24438	263.0	771.0	10356.0	2.767
225737	39.258986	91.293929	263.0	771.428571	10359.0	9.0
225757	39.254007	91.343247	263.0	771.733333	10363.0	6.6
225817	39.249273	91.390113	263.0	771.066667	10363.0	0.6
225837	39.244429	91.437936	263.642857	771.642857	10363.0	0.0
225857	39.2394	91.487867	263.666667	772.666667	10363.0	0.0
225917	39.2342	91.5398	263.0	774.0	10363.0	0.0
225937	39.229067	91.59	263.666667	772.666667	10363.0	0.0
225957	39.224033	91.639167	263.333333	772.666667	10363.0	0.0
230017	39.2191	91.6873	262.0	774.0	10363.0	0.0
230037	39.2141	91.735833	262.0	772.666667	10363.0	0.0
230057	39.208967	91.785233	262.333333	771.666667	10363.0	0.0
230117	39.2037	91.8355	263.0	771.0	10363.0	0.0
230137	39.198567	91.884433	262.333333	771.666667	10363.0	5.333
230157	39.193419	91.933319	262.0	771.677419	10365.581	8.0
230217	39.188258	91.982158	262.0	771.032258	10370.742	8.0
230237	39.182933	92.032987	262.0	771.0	10371.0	-2.133
230257	39.17772	92.08203	262.3	770.4	10368.6	-5.6
230317	39.172653	92.128763	262.966667	769.066667	10363.267	-0.267
230337	39.167435	92.177006	262.387097	765.935484	10367.903	4.29
230357	39.162184	92.225794	262.0	763.225806	10371.0	1.323
230417	39.156894	92.275277	262.0	761.290323	10371.0	-12.871
230437	39.15168	92.323783	262.0	760.433333	10362.5	-15.0
230457	39.14641	92.372117	262.0	759.533333	10356.0	-13.367
230517	39.14101	92.42045	262.0	758.2	10356.0	-8.7
230537	39.135837	92.468047	262.0	758.0	10351.467	-3.467
230557	39.13061	92.515863	262.0	757.533333	10349.867	1.867
230617	39.12521	92.56433	262.0	756.2	10355.2	7.2
230637	39.119697	92.613363	262.0	758.266667	10356.0	3.467
230657	39.114303	92.66147	262.0	760.233333	10356.0	1.867
230717	39.10917	92.70767	262.0	760.9	10356.0	7.2
230737	39.103753	92.756647	262.0	761.0	10359.967	8.0
230757	39.098217	92.806347	262.0	761.7	10363.0	4.267
230817	39.09255	92.85648	262.0	763.7	10363.0	-6.4
230837	39.087167	92.903723	262.0	765.133333	10359.033	-3.467
230857	39.081693	92.95146	262.0	766.7	10357.633	3.5
230917	39.07596	93.00106	262.0	768.7	10362.3	13.5
230937	39.070623	93.047543	262.0	770.133333	10367.533	11.033
230957	39.065123	93.095273	261.766667	771.0	10371.0	8.0
231017	39.05919	93.14634	261.1	771.0	10371.0	8.0
231037	39.05354	93.19531	261.0	771.0	10374.967	8.0
231057	39.047893	93.243957	261.0	770.533333	10378.0	6.133
231117	39.04216	93.29269	261.0	769.2	10378.0	0.8
231137	39.036483	93.340857	261.0	767.3	10378.0	-4.533
231157	39.030813	93.388945	261.0	765.548387	10376.419	-9.581
231217	39.025135	93.437074	261.0	764.258065	10371.903	-14.097
231237	39.019147	93.487447	261.0	763.466667	10366.733	-15.0
231257	39.01322	93.53714	261.0	762.6	10361.6	-12.0
231317	39.00762	93.58394	261.0	761.266667	10356.933	-2.0
231337	39.0017	93.632447	261.0	761.0	10359.733	4.267
231357	38.99582	93.68066	261.0	760.8	10363.0	6.4
231417	38.99022	93.727193	261.0	760.133333	10363.0	1.067
231437	38.984407	93.7749	261.0	760.0	10363.0	0.0
231457	38.97848	93.82322	261.0	759.2	10363.0	0.0
231517	38.972413	93.872287	261.0	756.533333	10363.0	0.0
231537	38.966507	93.920447	261.0	756.0	10363.0	0.0
231557	38.96064	93.96836	261.0	755.4	10363.0	-1.6
231617	38.954773	94.016227	261.0	753.4	10363.0	-6.933
231637	38.949173	94.061267	261.0	753.0	10359.267	-8.0
231657	38.9434	94.10758	261.0	753.0	10356.0	-6.4
231717	38.937067	94.158513	261.0	753.0	10356.0	-1.067
231737	38.931084	94.206089	261.421053	753.0	10356.0	0.0
231757	38.925189	94.252826	261.947368	753.0	10356.0	0.0
231817	38.91926	94.29986	262.0	756.0	10356.0	0.0
231837	38.913193	94.347887	261.733333	758.533333	10356.0	2.133
231857	38.906927	94.397353	261.066667	759.866667	10356.0	7.467
231917	38.90078	94.44556	261.0	760.6	10360.2	12.2
231937	38.894727	94.4928	261.0	761.0	10365.133	15.0
231957	38.888793	94.5388	261.0	761.0	10370.467	15.0
232017	38.88256	94.58666	261.0	760.4	10375.2	12.0
232037	38.8763	94.63515	261.0	759.0	10378.0	5.0
232057	38.87016	94.68284	261.0	757.2	10378.0	-3.2
232117	38.86408	94.72962	260.933333	755.733333	10377.533	-8.467
232137	38.85788	94.77682	260.266667	753.066667	10372.867	-13.133
232157	38.85164	94.8245	260.0	750.4	10367.8	-5.8
232217	38.845387	94.872333	260.0	747.8	10364.0	14.6
232237	38.839253	94.918667	260.0	745.8	10374.0	80.6
232257	38.83316	94.96464	260.0	745.8	10414.8	140.6
232317	38.827027	95.010853	260.0	747.066667	10476.6	193.533
232337	38.820293	95.061387	260.0	747.733333	10542.6	218.867
232357	38.81404	95.10856	260.0	745.6	10620.6	231.8
232417	38.808093	95.15352	260.0	741.866667	10705.133	235.0
232437	38.802027	95.19872	260.0	740.533333	10776.467	225.0
232457	38.79572	95.24564	260.0	738.8	10850.6	199.8
232517	38.789287	95.293447	260.0	736.8	10922.6	160.333
232537	38.783153	95.338913	260.0	734.8	10958.6	83.667
232557	38.77698	95.38474	260.0	732.0	10973.0	31.8
232617	38.770753	95.43088	260.0	728.866667	10973.0	0.0
232637	38.764287	95.47768	260.0	727.533333	10973.0	0.0
232657	38.75794	95.52344	260.0	727.0	10973.0	0.0
232717	38.75168	95.56854	260.0	726.8	10973.0	0.0
232737	38.74548	95.61394	260.0	724.8	10973.0	0.0
232757	38.73916	95.65982	260.0	723.6	10973.0	-3.2
232817	38.73278	95.705833	260.0	722.866667	10972.467	-8.467
232837	38.72658	95.750167	260.0	721.533333	10967.133	-13.133
232857	38.7203	95.79506	260.0	720.2	10962.2	-9.0
232917	38.713927	95.840567	260.0	719.133333	10958.467	0.533
232937	38.707193	95.888233	260.0	720.466667	10963.133	5.867
232957	38.70082	95.93338	260.0	721.0	10965.0	8.0
233017	38.69466	95.976953	260.0	721.0	10965.533	8.0
233037	38.68826	96.021487	260.0	721.0	10970.867	8.0
233057	38.6817	96.06742	260.0	721.0	10973.0	1.6
233117	38.675067	96.114033	260.0	721.2	10972.467	-7.467
233137	38.668733	96.158367	260.0	723.2	10967.133	-2.133
233157	38.66236	96.20286	260.0	724.0	10968.2	6.0
233217	38.65592	96.247733	260.0	724.333333	10973.467	15.0
233237	38.64912	96.295067	260.0	727.666667	10978.133	15.0
233257	38.64252	96.341	260.0	729.0	10983.2	12.2
233317	38.63604	96.385967	260.0	729.2	10988.0	7.467
233337	38.62944	96.430633	260.0	731.2	10988.0	2.133
233357	38.6226	96.47702	260.0	730.8	10988.0	0.0
233417	38.61564	96.524293	259.933333	728.8	10988.0	0.0
233437	38.60904	96.569227	259.266667	726.8	10988.0	0.0
233457	38.60256	96.61344	259.0	725.2	10988.0	-6.0
233517	38.596093	96.657553	259.0	723.666667	10987.0	-15.533
233537	38.589027	96.705087	259.0	720.333333	10977.0	-20.867
233557	38.58232	96.75042	259.0	717.8	10969.8	-17.0
233617	38.57584	96.794327	259.0	715.8	10965.0	-8.0
233637	38.56924	96.838593	259.0	713.8	10965.0	-8.0
233657	38.56272	96.88222	259.0	713.0	10962.2	-8.0
233717	38.556229	96.925565	259.0	713.0	10958.0	-7.484
233737	38.549519	96.97021	259.0	713.0	10958.0	-2.323
233757	38.542797	97.014903	259.0	713.733333	10958.0	2.933
233817	38.536053	97.059663	259.0	715.133333	10958.233	8.233
233837	38.52912	97.10493	259.0	717.8	10962.9	12.9
233857	38.522187	97.15027	259.0	719.733333	10967.933	15.0
233917	38.515252	97.1957	259.0	721.0	10973.226	15.0
233937	38.508284	97.2417	259.0	721.0	10977.742	15.0
233957	38.501467	97.286267	259.0	721.666667	10982.667	12.667
234017	38.4948	97.3294	259.0	723.0	10988.0	8.0
234037	38.487733	97.375067	259.0	720.333333	10988.0	-2.667
234057	38.480733	97.4203	259.0	719.0	10985.333	-10.333
234117	38.4738	97.4651	259.0	719.0	10980.0	-15.0
234137	38.467133	97.5081	259.0	720.333333	10975.333	-5.0
234157	38.460233	97.552667	259.0	720.333333	10975.333	0.0
234217	38.4531	97.5988	259.0	719.0	10980.0	0.0
234237	38.4461	97.643267	259.0	719.0	10975.333	0.0
234257	38.439	97.688433	259.0	719.0	10975.333	0.0
234317	38.4318	97.7343	259.0	719.0	10980.0	0.0
234337	38.4248	97.778633	259.0	717.0	10975.333	-5.333
234357	38.4179	97.822333	259.0	716.0	10973.0	-5.333
234417	38.4111	97.8654	259.0	716.0	10973.0	0.0
234437	38.4039	97.910333	259.0	714.0	10973.0	0.0
234457	38.396733	97.9552	259.0	712.333333	10973.0	-2.667
234517	38.3896	98.0	259.0	711.0	10973.0	-8.0
234537	38.382533	98.044067	258.333333	711.0	10967.667	-8.0
234557	38.3754	98.088667	258.333333	710.666667	10965.0	-5.333
234617	38.3682	98.1338	259.0	710.0	10965.0	0.0
234637	38.3612	98.177	258.333333	710.666667	10965.0	0.0
234657	38.3541	98.220833	258.0	711.666667	10965.0	2.667
234717	38.3469	98.2653	258.0	713.0	10965.0	8.0
234737	38.339833	98.308633	258.0	713.0	10970.333	8.0
234757	38.332533	98.353133	258.0	713.0	10973.0	5.333
234817	38.325	98.3988	258.0	713.0	10973.0	0.0
234837	38.3178	98.442467	258.0	714.333333	10973.0	0.0
234857	38.3105	98.486833	258.0	715.0	10973.0	0.0
234917	38.3031	98.5319	258.0	715.0	10973.0	0.0
234937	38.295767	98.5759	258.0	715.0	10973.0	0.0
234957	38.288367	98.6206	258.0	715.0	10973.0	0.0
235017	38.2809	98.666	258.0	715.0	10973.0	0.0
235037	38.273633	98.709533	258.0	715.0	10973.0	0.0
235057	38.266367	98.753067	258.0	715.0	10973.0	0.0
235117	38.2591	98.7966	258.0	715.0	10973.0	0.0
235137	38.2517	98.841	258.0	715.0	10973.0	0.0
235157	38.2442	98.885667	258.0	715.333333	10973.0	0.0
235217	38.2366	98.9306	258.0	716.0	10973.0	0.0
235237	38.22931	98.973761	258.0	716.0	10973.0	0.0
235257	38.221869	99.017609	258.0	716.84375	10973.0	0.0
235317	38.214244	99.062297	258.0	718.71875	10973.0	0.0
235337	38.206629	99.107168	258.0	719.0	10973.0	0.0
235357	38.19906	99.1517	258.0	719.0	10973.0	0.0
235417	38.191593	99.195367	258.0	719.0	10973.0	0.0
235437	38.183855	99.240384	258.0	719.0	10973.0	0.0
235457	38.176133	99.285283	258.0	718.5	10973.0	0.0
235517	38.168667	99.328817	258.0	716.5	10973.0	0.0
235537	38.161	99.3735	258.0	717.5	10973.0	4.0
235557	38.153283	99.418317	258.0	719.0	10974.167	8.0
235617	38.145617	99.462383	258.0	719.0	10978.833	8.0
235637	38.1378	99.5074	258.0	720.0	10980.0	4.0
235657	38.129983	99.552383	258.0	720.666667	10980.0	0.0
235717	38.122317	99.596317	258.0	719.333333	10980.0	0.0
235737	38.11455	99.6404	257.5	717.5	10980.0	0.0
235757	38.10675	99.684583	257.0	715.833333	10980.0	-1.167
235817	38.09895	99.728917	257.0	715.166667	10980.0	-5.833
235837	38.091188	99.772813	257.46875	715.0	10976.719	-10.75
235857	38.08341	99.81678	257.9	714.8	10972.2	-14.3
235917	38.075477	99.86198	257.233333	713.466667	10966.867	-9.633
235937	38.067919	99.904848	257.0	712.16129	10965.0	-4.645
235957	38.0605	99.946794	257.0	711.0	10965.0	0.438
000017	38.0525	99.991731	257.0	711.0	10965.0	4.812
000037	38.044567	100.036233	257.0	711.0	10967.667	4.667
000057	38.0367	100.0803	257.0	711.0	10973.0	0.0
000117	38.028765	100.124171	257.0	712.290323	10967.839	-5.161
000137	38.02074	100.16858	257.0	713.0	10965.0	-5.6
000157	38.012607	100.213647	257.0	713.0	10965.0	-0.267
000217	38.004906	100.256229	257.0	713.0	10965.0	4.903
000237	37.996967	100.299967	257.0	713.533333	10967.133	7.733
000257	37.988633	100.345633	257.0	714.866667	10972.467	7.067
000317	37.980825	100.388731	257.0	713.875	10973.0	7.0
000337	37.97298	100.43198	257.0	712.6	10974.4	7.2
000357	37.964913	100.476247	257.0	711.266667	10979.067	7.867
000417	37.956953	100.519873	257.0	711.0	10980.0	3.733
000437	37.949	100.563256	257.0	711.375	10980.0	0.0
000457	37.941	100.606444	257.0	712.625	10980.0	0.0
000517	37.932813	100.650667	257.0	713.933333	10980.0	0.0
000537	37.924787	100.69528	257.533333	715.8	10980.0	0.0
000557	37.91772	100.73968	260.2	719.8	10980.0	0.0
000617	37.911867	100.782867	261.0	720.066667	10980.0	-3.733
000637	37.906427	100.826133	261.0	719.0	10979.067	-8.0
000657	37.90056	100.8718	261.0	719.0	10974.4	-8.0
000717	37.894647	100.917933	261.0	717.6	10973.0	-8.0
000737	37.888793	100.963653	261.0	716.0	10971.933	-8.0
000757	37.88326	101.00692	261.0	716.0	10966.6	-8.0
000817	37.877587	101.051027	261.0	716.0	10965.0	-4.267
000837	37.87184	101.095613	261.0	716.4	10965.0	1.067
000857	37.86604	101.14068	261.0	718.4	10965.0	6.4
000917	37.86038	101.184487	261.0	717.6	10968.733	8.0
000937	37.854713	101.228327	261.0	716.0	10973.0	8.0
000957	37.84878	101.27446	261.0	716.0	10973.0	8.0
001017	37.842935	101.319371	261.0	716.0	10976.161	8.0
001037	37.83715	101.36369	261.0	715.9	10980.0	6.4
001057	37.831483	101.407623	261.0	715.233333	10980.0	-4.267
001117	37.825642	101.452271	260.580645	714.16129	10977.065	-7.581
001137	37.819719	101.497148	260.0	713.193548	10973.0	-6.548
001157	37.813913	101.540632	260.0	715.129032	10973.0	-2.032
001217	37.808	101.584547	260.0	714.9	10973.0	2.933
001237	37.802003	101.628837	260.033333	712.933333	10973.233	8.0
001257	37.79607	101.67357	260.7	711.6	10977.9	8.0
001317	37.790135	101.718113	260.645161	712.419355	10980.0	5.161
001337	37.7842	101.7625	260.0	715.0	10980.0	0.0
001357	37.778267	101.8061	260.0	711.666667	10980.0	0.0
001417	37.772267	101.850167	260.0	707.333333	10980.0	-2.667
001437	37.7662	101.8947	260.0	702.0	10980.0	-8.0
001457	37.760333	101.9375	260.0	702.0	10975.333	-18.0
001517	37.754303	101.981706	260.0	702.0	10968.161	-20.419
001537	37.74811	102.027319	260.0	702.0	10958.484	-15.258
001557	37.741973	102.0714	260.0	703.9	10958.0	-0.433
001617	37.73599	102.11447	260.0	705.0	10960.1	10.1
001637	37.73019	102.156403	260.0	705.0	10964.767	14.767
001657	37.724263	102.19916	260.0	705.0	10970.067	10.567
001717	37.71836	102.24175	260.0	705.0	10973.0	5.6
001737	37.712493	102.284083	260.0	705.0	10973.0	0.267
001757	37.70612	102.330217	260.0	705.0	10973.0	0.0
001817	37.69993	102.37487	260.0	704.4	10973.0	-2.4
001837	37.693997	102.41747	260.0	703.066667	10973.0	-7.733
001857	37.687873	102.460957	260.0	707.433333	10967.933	-8.0
001917	37.68165	102.50479	260.0	711.5	10965.0	-5.6
001937	37.675317	102.54899	260.0	714.833333	10965.0	-0.267
001957	37.669019	102.593844	260.0	715.703704	10965.0	0.0
002017	37.6627	102.63848	260.0	716.0	10965.0	3.2
002037	37.65636	102.682887	260.0	716.333333	10965.533	8.467
002057	37.64996	102.726753	260.0	719.666667	10970.867	13.133
002117	37.64368	102.77066	260.0	724.2	10975.8	17.0
002137	37.637476	102.814494	260.117647	729.588235	10980.941	18.824
002157	37.63115	102.858117	260.833333	733.666667	10988.0	7.0
002217	37.62455	102.903783	260.166667	732.333333	10988.0	-5.0
002237	37.6176	102.95135	260.0	733.0	10984.0	-8.0
002257	37.610717	102.998383	260.0	733.666667	10980.0	-6.667
002317	37.604383	103.041917	260.0	732.333333	10980.0	-1.333
002337	37.5978	103.0868	260.0	733.0	10980.0	-4.0
002357	37.591083	103.1325	260.0	734.5	10978.833	-8.0
002417	37.584217	103.1793	260.0	736.5	10974.167	-8.0
002437	37.57755	103.22415	259.5	738.5	10973.0	-8.0
002457	37.5709	103.268733	259.166667	739.833333	10971.667	-6.667
002517	37.5641	103.314467	259.833333	739.166667	10966.333	-1.333
002537	37.5574	103.3598	259.5	738.0	10969.0	0.0
002557	37.550642	103.405361	259.0	737.0	10971.71	0.0
002617	37.54361	103.452006	259.0	737.0	10966.548	0.0
002637	37.536765	103.497459	259.0	737.823529	10968.294	2.882
002657	37.53	103.5424	259.0	739.0	10973.0	7.0
002717	37.523226	103.587368	259.0	740.935484	10973.0	2.484
002737	37.51638	103.63274	259.0	743.5	10973.0	0.0
002757	37.509447	103.678607	259.0	746.833333	10973.0	0.0
002817	37.502323	103.72555	259.0	745.733333	10973.0	-5.067
002837	37.49522	103.77216	259.0	746.5	10970.6	-10.1
002857	37.488153	103.818293	259.0	749.833333	10965.267	-14.767
002917	37.481213	103.863477	259.0	751.9	10960.567	-10.567
002937	37.47413	103.90969	259.0	756.0	10958.0	-3.2
002957	37.466863	103.957223	259.0	762.666667	10958.0	7.467
003017	37.459343	104.0052	259.0	768.7	10962.433	21.933
003037	37.45184	104.0532	259.0	772.0	10971.9	23.4
003057	37.444373	104.1012	259.0	772.0	10987.233	8.733
003117	37.437287	104.146793	259.0	773.266667	10978.5	-6.567
003137	37.42998	104.19388	259.0	775.5	10973.0	-7.8
003157	37.42238	104.242947	259.0	778.833333	10973.0	8.2
003217	37.41478	104.290715	259.95	783.75	10979.65	9.0
003237	37.407243	104.338067	259.366667	782.733333	10980.0	8.367
003257	37.39965	104.38576	259.0	780.5	10982.4	5.6
003317	37.391983	104.433893	259.0	777.166667	10987.733	0.267
003337	37.38438	104.48209	259.633333	776.366667	10982.933	-9.5
003357	37.3766	104.53104	259.7	776.9	10977.9	-12.9
003417	37.3686	104.580907	259.033333	778.9	10973.233	-8.233
003437	37.361007	104.628389	259.0	782.392857	10973.0	2.857
003457	37.353347	104.675917	259.0	784.0	10975.567	8.367
003517	37.345645	104.723427	259.0	783.909091	10980.0	9.0
003537	37.338555	104.767973	259.0	782.090909	10980.0	9.0
003557	37.330534	104.81711	259.655172	783.310345	10985.241	8.345
003617	37.322661	104.86551	259.677419	780.774194	10988.0	0.258
003637	37.314984	104.912929	259.032258	774.322581	10988.0	-15.226
003657	37.307219	104.960315	259.0	774.0	10977.038	-10.154
003717	37.299603	105.006843	258.566667	770.533333	10976.033	-8.0
003737	37.29197	105.05345	258.0	765.7	10978.5	-8.7
003757	37.28377	105.103117	258.0	763.7	10968.5	-13.367
003817	37.27596	105.150703	258.0	763.0	10965.0	-11.967
003837	37.26833	105.19723	258.0	762.8	10964.3	-5.7
003857	37.26053	105.244097	258.0	761.466667	10959.633	9.633
003917	37.252643	105.291267	258.0	759.7	10967.533	18.467
003937	37.24477	105.33824	258.0	756.7	10980.0	18.4
003957	37.237237	105.383173	258.0	748.033333	10980.0	-12.267
004017	37.22979	105.427587	258.0	742.833333	10970.467	-16.5
004037	37.22235	105.47191	258.0	740.8	10959.5	-5.7
004057	37.214683	105.51731	258.0	746.133333	10969.5	9.633
004117	37.207017	105.56271	258.0	746.7	10973.0	8.5
004137	37.19931	105.60829	258.0	745.0	10973.0	0.0
004157	37.191377	105.65489	258.0	745.0	10973.0	0.0
004217	37.183617	105.700493	258.0	742.4	10973.0	0.0
004237	37.17598	105.74536	258.0	738.6	10973.0	-0.8
004257	37.168513	105.789093	258.0	735.933333	10973.0	-6.133
004317	37.16096	105.833173	258.0	734.566667	10969.533	-11.033
004337	37.15336	105.87744	258.0	734.1	10964.3	-12.7
004357	37.14576	105.921707	258.0	734.766667	10959.633	2.633
004417	37.137816	105.967855	258.0	735.0	10964.29	7.581
004437	37.129752	106.014623	258.0	735.258065	10972.484	7.516
004457	37.122268	106.057848	258.0	737.83871	10967.323	12.677
004517	37.114463	106.1026	258.0	739.0	10973.433	17.933
004537	37.1064	106.148577	258.0	739.033333	10988.0	22.233
004557	37.0984	106.19411	258.0	739.7	10988.0	6.9
004617	37.0904	106.23968	258.0	740.733333	10988.0	0.0
004637	37.082417	106.285187	258.0	742.0	10988.0	-0.5
004657	37.07475	106.32892	258.0	742.0	10988.0	-10.5
004717	37.0669	106.373403	258.0	739.16129	10982.677	-15.0
004737	37.0589	106.4185	258.0	734.0	10973.0	-15.0
004757	37.051088	106.462875	258.0	724.625	10973.0	-5.625
004817	37.043226	106.507281	258.0	714.612903	10973.0	0.0
004837	37.03529	106.551732	258.0	703.645161	10973.0	0.0
004857	37.02781	106.593533	257.433333	700.866667	10973.0	0.0
004917	37.020223	106.63587	257.0	699.533333	10973.0	-1.867
004937	37.01229	106.68007	257.0	698.2	10973.0	-7.2
004957	37.004697	106.722287	257.0	698.0	10968.467	-3.467
005017	36.997093	106.764643	257.0	698.466667	10966.867	1.867
005037	36.98936	106.80791	257.0	699.8	10972.2	7.2
005057	36.98157	106.850327	257.0	698.866667	10973.0	3.467
005117	36.973817	106.89264	257.0	698.0	10973.0	-1.867
005137	36.96615	106.93504	257.0	698.0	10973.0	-7.2
005157	36.958313	106.978007	257.0	700.266667	10968.467	-11.967
005217	36.950581	107.020316	257.0	703.354839	10963.419	-9.806
005237	36.943097	107.061219	257.0	707.225806	10958.903	5.032
005257	36.935467	107.103267	257.0	709.066667	10966.0	16.0
005317	36.9277	107.14602	257.0	710.2	10974.4	21.4
005337	36.9197	107.189753	257.0	710.866667	10979.067	16.067
005357	36.911648	107.233132	257.0	712.032258	10984.129	11.387
005417	36.903583	107.276467	257.0	713.0	10988.0	6.667
005437	36.895517	107.319933	257.0	713.0	10988.0	1.333
005457	36.8876	107.363	257.0	712.0	10988.0	-7.5
005517	36.879683	107.406117	257.0	710.5	10985.5	-16.333
005537	36.871617	107.449783	257.0	708.5	10975.5	-21.667
005557	36.86365	107.49235	257.0	706.5	10969.0	-15.5
005617	36.8557	107.534667	257.0	704.5	10965.0	-6.667
005637	36.8477	107.577333	257.0	702.5	10965.0	-1.333
005657	36.83975	107.61915	257.0	701.0	10965.0	0.0
005717	36.8318	107.660933	257.0	699.666667	10965.0	0.0
005737	36.8238	107.703467	257.0	698.333333	10965.0	0.0
005757	36.8157	107.74685	257.0	697.5	10965.0	0.0
005817	36.807583	107.790183	257.0	697.0	10965.0	0.0
005837	36.799517	107.832517	257.0	697.0	10965.0	0.0
005857	36.79155	107.8742	257.0	696.0	10965.0	0.0
005917	36.783632	107.915542	257.0	695.322581	10965.0	1.29
005937	36.775761	107.95651	257.0	696.612903	10965.0	6.452
005957	36.76766	107.998433	257.0	697.0	10968.733	8.467
010017	36.759317	108.0407	256.333333	696.666667	10973.0	7.5
010037	36.7504	108.0827	253.0	695.0	10973.0	0.0
010057	36.737667	108.122833	247.666667	691.666667	10973.0	0.0
010117	36.724167	108.1615	245.0	690.666667	10973.0	2.333
010137	36.7099	108.1987	245.0	692.0	10973.0	7.0
010157	36.695018	108.237818	245.0	692.0	10977.118	7.0
010217	36.6801	108.2769	245.0	691.6	10980.0	5.6
010237	36.6651	108.3159	245.0	690.266667	10980.0	0.933
010257	36.649993	108.35522	244.466667	690.0	10980.0	0.0
010317	36.634948	108.394258	244.193548	689.806452	10980.0	-1.548
010337	36.62011	108.432452	244.83871	689.16129	10980.0	-6.71
010357	36.6055	108.47035	244.5	689.0	10976.5	-8.0
010417	36.59075	108.50865	244.0	689.166667	10973.0	-6.667
010437	36.57535	108.54845	244.0	689.833333	10973.0	-1.333
010457	36.560371	108.587094	244.483871	688.548387	10973.0	-3.871
010517	36.5455	108.625393	244.866667	686.866667	10971.933	-8.0
010537	36.5305	108.66386	244.2	686.2	10966.6	-8.0
010557	36.51564	108.702	244.0	686.0	10965.0	-4.267
010617	36.50084	108.74	244.0	686.4	10965.0	0.0
010637	36.48604	108.778	244.0	688.4	10965.0	0.0
010657	36.471258	108.816	244.0	690.354839	10965.0	6.774
010717	36.45638	108.85419	244.0	692.0	10966.5	15.0
010737	36.440913	108.893457	244.0	692.0	10976.5	15.0
010757	36.425707	108.932203	244.0	693.3	10980.0	11.967
010817	36.410645	108.970648	244.0	694.709677	10980.774	7.226
010837	36.395613	109.008971	244.0	692.774194	10985.935	2.065
010857	36.38084	109.04666	244.0	690.8	10984.8	-6.0
010917	36.3662	109.084033	244.0	688.8	10979.533	-15.0
010937	36.3512	109.122367	244.0	686.8	10974.867	-15.0
010957	36.336	109.16098	244.0	686.0	10969.8	-12.2
011017	36.320687	109.199687	244.0	686.0	10965.0	-6.933
011037	36.305553	109.237553	244.0	686.0	10965.0	3.733
011057	36.29046	109.27534	244.0	686.4	10968.2	10.8
011117	36.275332	109.313229	244.0	686.935484	10973.452	14.548
011137	36.259655	109.352519	244.0	686.290323	10977.968	10.032
011157	36.244497	109.390623	244.0	686.0	10980.0	2.133
011217	36.229733	109.427827	244.0	686.0	10979.767	-8.233
011237	36.2144	109.46636	244.0	686.0	10975.1	-12.9
011257	36.199213	109.504563	244.0	685.266667	10970.067	-12.433
011317	36.184177	109.542407	244.0	684.1	10965.0	-7.733
011337	36.16971	109.57854	244.0	686.1	10965.0	-2.4
011357	36.154583	109.616287	244.0	687.733333	10965.0	2.567
011417	36.138941	109.655284	244.0	689.0	10965.25	7.25
011437	36.123753	109.692972	244.0	689.0	10970.25	12.25
011457	36.10871	109.73041	244.0	687.5	10975.1	12.6
011517	36.093843	109.767543	244.0	684.166667	10979.767	7.267
011537	36.078375	109.805856	244.0	682.21875	10980.0	2.844
011557	36.06291	109.844217	244.0	681.0	10980.0	-1.867
011617	36.04751	109.88255	244.0	681.0	10980.0	-7.2
011637	36.032313	109.920052	243.451613	682.645161	10976.161	-8.0
011657	36.01728	109.95708	243.2	683.4	10973.0	-6.4
011717	36.002547	109.993347	243.866667	681.4	10973.0	-1.067
011737	35.988027	110.031213	245.066667	677.266667	10973.0	0.0
011757	35.97374	110.06932	246.0	673.4	10973.0	0.0
011817	35.959873	110.107053	246.0	671.4	10973.0	0.0
011837	35.946055	110.144071	245.483871	668.419355	10973.0	0.0
011857	35.9323	110.180767	245.0	665.5	10973.0	-1.333
011917	35.9187	110.217033	245.0	663.5	10973.0	-6.667
011937	35.904316	110.255326	245.0	663.0	10969.129	-8.0
011957	35.88984	110.29378	245.0	663.0	10965.0	-6.133
012017	35.87604	110.33018	245.0	663.0	10965.0	3.2
012037	35.86196	110.36742	245.0	661.95	10967.8	6.0
012057	35.84776	110.40502	245.0	660.45	10971.8	6.0
012117	35.833887	110.441687	245.0	660.0	10973.0	3.2
012137	35.82006	110.47818	245.0	659.333333	10973.0	0.0
012157	35.80586	110.51558	245.0	656.0	10973.0	0.0
012217	35.79194	110.552373	245.0	654.066667	10973.0	0.0
012237	35.778167	110.58872	245.0	653.0	10973.0	0.0
012257	35.7645	110.62432	245.0	653.0	10973.0	0.0
012317	35.7513	110.658987	245.0	653.0	10973.0	0.0
012337	35.738033	110.693933	245.0	653.0	10973.0	0.0
012357	35.7237	110.7316	245.0	653.0	10973.0	0.0
012417	35.709775	110.768056	245.0	655.1875	10973.0	0.0
012437	35.695947	110.804207	245.0	658.0	10973.0	0.0
012457	35.681413	110.842273	245.0	658.0	10973.0	0.0
012517	35.667394	110.878945	245.0	658.0	10973.0	0.0
012537	35.653697	110.914727	245.0	658.0	10973.0	0.0
012557	35.63963	110.95126	245.0	658.0	10973.0	0.0
012617	35.625423	110.988068	245.0	658.0	10973.0	2.839
012637	35.6111	111.0251	245.0	658.0	10973.0	8.0
012657	35.5971	111.061433	245.0	658.0	10977.667	2.667
012717	35.583033	111.097933	245.0	658.666667	10977.667	-2.667
012737	35.5689	111.1346	245.0	660.0	10973.0	-8.0
012757	35.5547	111.1712	245.0	660.666667	10973.0	-2.667
012817	35.540761	111.207145	245.0	661.0	10973.0	0.0
012837	35.527084	111.242435	245.0	661.0	10973.0	0.0
012857	35.512783	111.27916	245.0	663.533333	10973.0	5.067
012917	35.49845	111.31602	245.0	663.8	10975.1	8.0
012937	35.484117	111.352953	245.0	661.133333	10979.767	8.0
012957	35.469973	111.389063	244.366667	660.366667	10980.0	2.933
013017	35.45587	111.42513	244.3	661.5	10980.0	0.0
013037	35.441803	111.461197	244.966667	664.833333	10980.0	0.0
013057	35.427357	111.498403	245.0	661.833333	10980.0	-5.067
013117	35.4131	111.53486	244.7	658.5	10977.9	-8.0
013137	35.3991	111.570327	244.033333	655.166667	10973.233	-8.0
013157	35.385161	111.605871	244.0	658.677419	10973.0	-8.0
013217	35.370907	111.642133	244.0	662.333333	10970.867	-8.0
013237	35.356173	111.679467	244.0	665.666667	10965.533	-8.0
013257	35.34138	111.71692	244.0	666.0	10965.0	1.6
013317	35.326713	111.754147	244.0	665.2	10967.133	9.867
013337	35.312247	111.791013	244.0	663.2	10972.467	14.533
013357	35.2991	111.82452	244.0	661.8	10977.2	15.0
013417	35.28538	111.859387	244.0	658.866667	10982.133	11.0
013437	35.27058	111.896853	244.0	653.533333	10987.467	1.0
013457	35.25638	111.93246	244.0	651.2	10983.2	-9.0
013517	35.242273	111.96786	244.0	649.2	10978.133	-15.0
013537	35.228207	112.00326	244.0	647.2	10973.467	-15.0
013557	35.2139	112.03944	244.0	645.2	10968.2	-10.8
013617	35.199913	112.07472	244.0	644.0	10965.0	-8.0
013637	35.186447	112.10852	244.0	644.0	10965.0	-8.0
013657	35.17208	112.1446	244.0	642.8	10960.8	-3.2
013717	35.1578	112.180427	244.0	642.0	10959.867	2.133
013737	35.1438	112.215493	244.0	642.0	10964.533	7.467
013757	35.13022	112.2493	244.0	643.2	10965.0	8.0
013817	35.11626	112.28406	244.0	644.0	10967.133	9.867
013837	35.10166	112.32046	244.0	644.0	10972.467	14.533
013857	35.087426	112.355919	244.0	646.903226	10977.065	10.935
013917	35.073137	112.39157	244.0	649.0	10980.0	4.267
013937	35.05867	112.42777	244.0	649.0	10980.0	-6.4
013957	35.0446	112.462667	244.0	649.566667	10976.033	-3.467
014017	35.03046	112.497683	244.0	650.466667	10974.633	1.867
014037	35.01606	112.53335	244.0	651.8	10979.3	7.2
014057	35.001263	112.56998	244.0	650.3	10980.0	-1.067
014117	34.986653	112.606127	244.0	648.533333	10978.367	-8.0
014137	34.97252	112.64106	244.0	647.2	10973.7	-8.0
014157	34.9585	112.675767	244.0	647.0	10973.0	-3.467
014217	34.944407	112.710573	244.0	647.0	10973.0	0.0
014237	34.93014	112.74564	244.0	647.0	10973.0	0.0
014257	34.91576	112.781047	244.0	647.0	10973.0	0.0
014317	34.901617	112.815837	244.0	647.466667	10973.0	0.0
014337	34.88795	112.84937	244.0	648.8	10973.0	0.0
014357	34.873263	112.88534	244.0	649.566667	10973.0	0.0
014417	34.858653	112.92118	244.0	650.466667	10973.0	0.0
014437	34.84452	112.95598	244.0	651.8	10973.0	0.0
014457	34.82982	112.991857	244.0	652.566667	10973.0	0.0
014517	34.815323	113.0272	244.0	652.766667	10973.0	0.0
014537	34.80139	113.0612	244.0	652.1	10973.0	0.0
014557	34.78638	113.097523	243.433333	652.0	10973.0	4.533
014617	34.771437	113.133743	243.233333	651.3	10974.633	6.133
014637	34.75697	113.16901	243.9	649.3	10979.3	0.8
014657	34.742163	113.205013	244.0	649.0	10976.033	-4.533
014717	34.727623	113.2404	243.766667	648.533333	10973.0	-6.133
014737	34.71369	113.2744	243.1	647.2	10973.0	-0.8
014757	34.699481	113.308839	243.0	647.0	10973.0	0.0
014817	34.6851	113.3436	243.0	646.4	10973.0	0.0
014837	34.670433	113.378933	243.0	644.4	10973.0	0.0
014857	34.65566	113.41448	243.0	642.4	10973.0	-4.267
014917	34.641158	113.449387	243.0	640.612903	10971.452	-8.0
014937	34.627352	113.482677	243.0	639.322581	10966.29	-8.0
014957	34.61295	113.51725	243.0	639.0	10965.0	-8.0
015017	34.598596	113.551808	243.384615	639.384615	10963.654	-6.462
015037	34.584981	113.585038	244.923077	640.923077	10958.269	-0.308
015057	34.572074	113.623543	249.956522	641.826087	10963.783	9.087
015117	34.56294	113.65946	255.0	646.0	10965.0	9.4
015137	34.55682	113.698607	259.733333	650.2	10969.267	16.467
015157	34.55158	113.73834	262.8	654.0	10976.0	21.4
015217	34.54718	113.77714	262.133333	657.333333	10986.0	16.067
015237	34.54262	113.817647	262.0	659.6	10988.0	7.0
015257	34.53814	113.85756	262.0	661.4	10988.0	-1.6
015317	34.53394	113.895093	262.0	662.733333	10988.0	-6.933
015337	34.529633	113.933427	262.0	663.0	10983.733	-8.0
015357	34.5252	113.97278	262.0	663.0	10980.0	-7.6
015417	34.520533	114.014047	262.0	663.0	10980.0	-6.267
015437	34.514353	114.052626	259.767442	661.139535	10977.395	-6.0
015457	34.507795	114.090533	256.976744	658.813953	10974.14	-6.0
015517	34.500006	114.129842	256.0	656.741935	10973.0	-3.484
015537	34.491606	114.169629	256.0	654.870968	10973.0	0.0
015557	34.483671	114.206919	256.0	653.580645	10973.0	0.0
015617	34.475425	114.245734	256.0	651.96875	10973.0	0.0
015637	34.466925	114.285797	256.0	650.09375	10973.0	0.0
015657	34.45939	114.321448	256.0	649.387097	10973.0	-4.903
015717	34.451567	114.358087	255.733333	649.0	10970.867	-8.0
015737	34.443233	114.396553	255.066667	649.0	10965.533	-8.0
015757	34.4352	114.43412	255.6	647.8	10965.0	-3.2
015817	34.427093	114.472067	256.0	647.533333	10965.0	-2.133
015837	34.418827	114.510733	256.0	648.866667	10965.0	-7.467
015857	34.41068	114.54868	256.0	649.6	10960.8	1.6
015917	34.402573	114.58652	256.0	649.2	10962.0	12.0
015937	34.394507	114.62432	256.0	647.2	10972.0	22.0
015957	34.38632	114.66272	255.4	648.2	10977.2	14.0
020017	34.378227	114.700333	255.0	649.266667	10980.0	3.733
020037	34.370293	114.736667	255.0	649.933333	10980.0	-6.933
020057	34.362	114.77462	255.0	651.2	10975.8	-8.0
020117	34.353693	114.812833	255.0	653.6	10973.0	-5.867
020137	34.345427	114.851167	255.0	657.6	10973.0	-0.533
020157	34.3371	114.88932	255.0	658.0	10973.0	9.0
020217	34.32858	114.928333	255.0	658.0	10977.0	15.0
020237	34.31978	114.968667	255.0	658.0	10987.0	15.0
020257	34.3114	115.0066	255.0	655.0	10988.0	6.0
020317	34.303093	115.04432	255.0	652.733333	10988.0	-2.133
020337	34.294827	115.08212	255.0	652.066667	10988.0	-7.467
020357	34.28674	115.1192	255.0	650.8	10983.2	-12.2
020417	34.278433	115.157187	255.266667	649.733333	10978.133	-17.133
020437	34.269767	115.196653	255.933333	649.066667	10973.467	-22.467
020457	34.26158	115.23414	256.0	650.8	10964.0	-14.0
020517	34.25342	115.271753	255.733333	651.2	10959.867	-1.867
020537	34.24522	115.309887	255.066667	649.2	10964.533	13.467
020557	34.2372	115.346797	255.0	649.0	10969.645	10.935
020617	34.229153	115.38421	255.233333	650.4	10973.0	4.267
020637	34.22102	115.42281	255.9	654.4	10973.0	-6.4
020657	34.21283	115.461523	256.0	658.4	10968.467	-8.567
020717	34.204589	115.500221	256.368421	661.736842	10965.0	-2.368
020737	34.196453	115.53812	256.466667	664.333333	10967.133	9.0
020757	34.188587	115.57492	255.133333	667.666667	10972.467	9.0
020817	34.179937	115.614979	256.894737	672.736842	10973.0	9.0
020837	34.17133	115.655697	257.0	674.9	10977.433	15.333
020857	34.164279	115.694821	259.368421	675.052632	10983.789	10.0
020917	34.159733	115.7338	262.333333	670.333333	10985.333	-5.0
020937	34.1558	115.7746	263.0	663.0	10980.0	-15.0
020957	34.151733	115.814867	263.0	652.333333	10975.333	-61.0
021017	34.147933	115.853567	263.0	643.666667	10947.667	-127.0
021037	34.1444	115.8907	263.0	637.0	10897.0	-213.0
021057	34.1408	115.928633	263.0	631.666667	10805.0	-253.667
021117	34.137233	115.965667	263.0	629.666667	10713.333	-274.0
021137	34.1337	116.0018	263.0	631.0	10622.0	-274.0
021157	34.129833	116.0404	263.0	638.333333	10530.667	-279.333
021217	34.126	116.078967	263.0	644.333333	10436.667	-282.0
021237	34.1222	116.1175	263.0	649.0	10340.0	-282.0
021257	34.118467	116.155033	263.0	651.0	10248.667	-292.0
021317	34.1146	116.1941	263.0	652.333333	10149.667	-342.667
021337	34.1106	116.2347	263.0	653.0	10043.0	-434.0
021357	34.1066	116.274567	263.0	656.333333	9860.333	-511.333
021417	34.1026	116.314079	263.0	653.789474	9676.895	-546.316
021437	34.09849	116.353012	263.275	647.525	9495.275	-546.575
021457	34.09429	116.391762	263.775	643.025	9315.775	-553.075
021517	34.090172	116.429818	263.717949	638.179487	9129.795	-555.154
021537	34.086121	116.467305	263.205128	633.051282	8938.513	-553.615
021557	34.082152	116.50463	263.0	624.217391	8758.696	-538.913
021617	34.07829	116.54094	263.0	611.7	8583.9	-521.5
021637	34.07449	116.57614	263.0	597.7	8405.9	-511.5
021657	34.071007	116.61115	263.633333	578.633333	8242.467	-492.633
021717	34.06775	116.645775	264.375	562.75	8081.75	-480.875
021737	34.064737	116.67955	264.875	555.125	7923.0	-481.5
021757	34.061687	116.71215	264.375	559.625	7763.0	-491.5
021817	34.05854	116.74574	264.0	565.4	7598.8	-499.0
021837	34.0551	116.7823	264.0	575.0	7422.0	-499.0
021857	34.052033	116.814967	264.0	580.333333	7264.667	-483.667
021917	34.048833	116.849133	264.0	587.444444	7105.444	-497.667
021937	34.0451	116.88436	262.8	591.4	6934.2	-513.4
021957	34.041067	116.919207	261.066667	591.8	6757.733	-509.933
022017	34.036733	116.953273	261.733333	589.8	6595.067	-499.267
022037	34.03228	116.98818	261.6	585.8	6429.6	-501.4
022057	34.027733	117.023719	261.190476	581.0	6261.571	-509.095
022117	34.023115	117.059735	263.05	581.1	6088.4	-492.5
022137	34.019387	117.092587	263.933333	584.066667	5934.6	-522.167
022157	34.01512	117.12832	262.6	605.4	5746.6	-545.5
022217	34.01078	117.164787	262.0	613.9	5561.167	-545.0
022237	34.006387	117.201803	262.0	611.733333	5378.633	-525.233
022257	34.00212	117.23787	262.0	606.4	5211.3	-509.9
022317	33.997853	117.273387	262.0	602.533333	5043.6	-505.933
022337	33.99359	117.308527	262.0	599.566667	4875.367	-511.0
022357	33.98939	117.34506	262.0	590.9	4702.7	-511.0
022417	33.985263	117.380273	262.0	584.066667	4532.967	-511.0
022437	33.9812	117.414403	262.0	578.566667	4365.367	-510.8
022457	33.9772	117.44847	262.0	569.9	4192.7	-506.8
022517	33.974728	117.482683	269.333333	570.277778	4026.389	-417.0
022537	33.977934	117.515795	276.363636	559.113636	3902.341	-362.182
022557	33.983525	117.54825	280.0	537.75	3798.25	-364.0
022617	33.98891	117.57936	282.0	519.7	3674.7	-407.0
022637	33.994043	117.608827	282.0	505.7	3527.367	-500.333
022657	33.999174	117.638626	281.956522	503.913043	3328.043	-600.304
022717	34.004652	117.671148	281.086957	502.173913	3128.913	-566.391
022737	34.005055	117.698682	264.909091	463.363636	2957.455	-451.909
022757	34.0026	117.7245	264.0	447.0	2812.0	-281.0
022817	33.999867	117.7511	263.333333	463.666667	2756.0	-233.667
022837	33.99725	117.77915	263.5	477.5	2682.5	-237.5
022857	33.994667	117.8079	263.666667	468.333333	2593.667	-324.0
022917	33.992	117.8359	263.0	439.0	2507.0	-442.0
022937	33.9894	117.861767	263.0	444.333333	2299.0	-432.0
022957	33.9868	117.8881	263.0	451.0	2156.667	-373.667
023017	33.9842	117.9149	263.0	459.0	2080.0	-267.0
023037	33.981533	117.9423	263.0	453.666667	1978.667	-271.667
023057	33.979	117.968167	263.666667	438.666667	1887.333	-261.333
023117	33.9766	117.9925	265.0	414.0	1806.0	-236.0
023137	33.974267	118.0171	264.333333	392.0	1730.0	-185.333
023157	33.9719	118.0408	263.666667	381.0	1676.667	-170.333
023217	33.9695	118.0636	263.0	381.0	1646.0	-191.0
023237	33.967367	118.086	263.0	383.666667	1549.333	-277.0
023257	33.96515	118.10825	263.0	384.0	1440.0	-330.0
023317	33.962926	118.130522	263.0	373.0	1325.296	-341.852
023337	33.96077	118.15274	263.0	353.2	1215.8	-341.7
023357	33.95857	118.173673	263.0	334.533333	1094.467	-319.7
023417	33.956543	118.193393	263.0	325.4	995.667	-295.533
023437	33.95462	118.21241	263.0	322.0	907.5	-275.6
023457	33.952753	118.231143	263.0	322.0	810.833	-286.267
023517	33.950843	118.25018	263.0	320.7	714.167	-290.0
023537	33.94893	118.26922	263.0	314.1	617.6	-286.9
023557	33.94713	118.287353	263.0	281.433333	521.6	-266.233
023617	33.945417	118.30384	263.0	268.7	438.167	-243.4
023637	33.94375	118.31955	263.0	266.5	363.5	-226.0
023657	33.942168	118.335278	263.0	264.391892	288.527	-224.865
023717	33.9406	118.3509	263.0	262.5	211.5	-220.0
023737	33.939032	118.366522	263.0	260.608108	134.473	-215.135
023757	33.937475	118.382031	263.0	258.0625	63.188	-192.812
