203758	40.6452	73.8087	303.0	285.0	160.0	0.0
203818	40.65105	73.827675	280.5	298.0	371.75	461.25
203838	40.64745	73.8459	243.0	335.5	472.5	278.5
203858	40.63575	73.863075	225.0	388.75	556.75	331.25
203918	40.62012	73.88336	226.4	437.0	693.6	585.6
203938	40.603441	73.901718	214.764706	458.235294	953.647	939.471
203958	40.582916	73.919092	212.48	462.04	1291.76	943.56
204018	40.562887	73.93564	212.0	467.2	1597.0	898.867
204038	40.543127	73.95188	212.0	472.8	1884.867	851.533
204058	40.52326	73.96828	212.0	476.8	2164.2	844.2
204118	40.504285	73.98383	212.0	482.148148	2445.556	825.407
204138	40.484617	73.99986	212.233333	487.166667	2719.767	768.7
204158	40.46295	74.01746	212.9	490.5	2979.1	650.7
204218	40.443086	74.035477	222.272727	511.090909	3141.636	320.818
204238	40.425552	74.064205	228.75	549.727273	3209.023	281.5
204258	40.408689	74.096477	233.75	593.363636	3250.386	351.5
204318	40.39197	74.128453	236.0	613.733333	3408.7	513.533
204338	40.375353	74.16023	236.0	615.266667	3661.933	735.967
204358	40.35842	74.19283	236.0	620.6	3900.6	675.3
204418	40.341267	74.22598	236.0	628.866667	4114.333	636.633
204438	40.323867	74.259707	236.0	639.333333	4308.9	618.267
204458	40.3052	74.29584	236.0	646.0	4526.9	643.6
204518	40.286717	74.332047	236.733333	649.366667	4745.267	582.4
204538	40.268832	74.368555	239.045455	649.272727	4956.136	446.636
204558	40.259468	74.409645	259.954545	634.727273	5018.864	239.364
204618	40.255073	74.45008	261.633333	637.166667	5103.7	315.767
204638	40.25088	74.49072	262.0	643.8	5221.8	416.1
204658	40.246613	74.531653	262.0	654.466667	5379.133	527.433
204718	40.242157	74.574803	262.0	658.8	5575.733	523.5
204738	40.23769	74.61813	262.0	664.9	5751.3	504.2
204758	40.233223	74.66153	262.0	673.566667	5898.633	473.533
204818	40.228693	74.705437	262.0	680.333333	6064.967	467.567
204838	40.22419	74.74913	262.0	687.3	6220.9	476.4
204858	40.219723	74.79253	262.0	694.633333	6362.9	501.733
204918	40.215003	74.837703	262.0	696.266667	6553.667	532.133
204938	40.21024	74.88291	262.0	697.0	6737.7	551.1
204958	40.20544	74.928043	262.0	697.0	6910.367	555.767
205018	40.20064	74.973493	262.0	692.566667	7107.1	454.667
205038	40.1959	75.01839	262.0	694.5	7245.7	309.3
205058	40.191233	75.06259	262.0	704.5	7311.7	116.633
205118	40.186503	75.10755	262.0	706.9	7320.067	44.3
205138	40.18168	75.15261	262.0	708.0	7323.0	5.6
205158	40.176747	75.197743	262.0	708.0	7323.0	0.267
205218	40.171687	75.24484	262.0	708.0	7323.0	0.0
205238	40.16668	75.29132	262.0	708.0	7323.0	0.0
205258	40.161747	75.33692	262.0	708.0	7323.0	0.0
205318	40.156687	75.383343	262.0	709.266667	7323.0	0.0
205338	40.15162	75.4296	262.0	709.4	7323.0	0.0
205358	40.146553	75.4756	262.0	708.066667	7323.0	0.0
205418	40.14174	75.519257	262.0	708.0	7323.0	9.5
205438	40.13688	75.56345	262.0	708.0	7327.5	80.1
205458	40.131947	75.60845	262.0	708.0	7337.5	224.767
205518	40.126877	75.653913	262.0	710.435897	7460.769	306.051
205538	40.1218	75.6994	262.0	713.0	7590.0	384.0
205558	40.116533	75.746133	262.0	717.0	7716.667	372.0
205618	40.1113	75.7928	262.0	720.666667	7838.333	355.667
205638	40.1061	75.8394	262.0	724.0	7955.0	335.0
205658	40.1007	75.8864	262.0	729.333333	8061.667	325.0
205718	40.095333	75.933467	262.0	733.666667	8168.333	312.333
205738	40.09	75.9806	262.0	737.0	8275.0	297.0
205758	40.084467	76.029333	261.333333	743.666667	8366.333	307.0
205818	40.078967	76.077033	261.0	747.333333	8470.667	341.667
205838	40.0735	76.1237	261.0	748.0	8588.0	401.0
205858	40.067722	76.174811	261.740741	743.555556	8739.852	336.556
205918	40.064833	76.222971	268.190476	735.809524	8821.476	164.81
205938	40.065761	76.269826	273.043478	730.434783	8843.174	39.609
205958	40.068145	76.316371	274.0	729.870968	8847.0	6.387
210018	40.070468	76.362306	274.0	731.806452	8847.0	0.581
210038	40.07279	76.409055	274.580645	729.096774	8847.0	0.0
210058	40.075117	76.4563	274.766667	727.0	8847.0	0.0
210118	40.07745	76.5043	274.1	727.0	8847.0	0.0
210138	40.079783	76.552413	274.0	728.133333	8847.0	56.1
210158	40.082117	76.600383	274.0	729.7	8870.1	138.2
210218	40.08445	76.64805	274.0	731.7	8936.1	250.2
210238	40.086613	76.693847	274.0	732.0	9041.2	232.433
210258	40.088817	76.74034	274.0	730.833333	9122.867	166.8
210318	40.09115	76.78874	274.0	727.5	9148.2	54.8
210338	40.09337	76.837423	274.0	726.433333	9152.0	16.467
210358	40.095547	76.885184	274.0	726.0	9152.0	0.0
210418	40.09768	76.93114	274.0	726.0	9152.0	0.0
210438	40.099813	76.97716	273.933333	726.0	9152.0	0.0
210458	40.101947	77.02376	273.266667	726.0	9152.0	0.0
210518	40.10408	77.071	273.0	725.2	9152.0	0.0
210538	40.106207	77.118553	273.0	723.933333	9152.0	0.0
210558	40.108273	77.165087	273.0	723.266667	9152.0	0.0
210618	40.1103	77.21198	273.0	723.0	9152.0	0.0
210638	40.112307	77.259167	273.0	722.866667	9152.0	-0.533
210658	40.114373	77.306833	273.0	721.533333	9152.0	-5.867
210718	40.11632	77.35362	273.0	721.8	9148.8	-8.0
210738	40.118193	77.399887	273.0	723.0	9144.0	-6.933
210758	40.120127	77.446753	273.0	723.0	9144.0	3.733
210818	40.12206	77.49374	273.0	722.2	9147.2	8.0
210838	40.123987	77.540713	273.0	721.0	9152.0	7.467
210858	40.125853	77.586847	273.0	721.0	9152.0	2.133
210918	40.12776	77.6343	273.0	721.0	9152.0	0.0
210938	40.12968	77.682393	273.0	721.0	9152.0	0.0
210958	40.13148	77.728327	273.0	721.0	9152.0	0.0
211018	40.1332	77.77426	273.0	720.2	9152.0	0.0
211038	40.134864	77.820309	272.909091	718.727273	9152.0	0.0
211058	40.1365	77.8674	272.0	716.0	9152.0	0.0
211118	40.136833	77.9144	271.333333	716.0	9152.0	-5.333
211138	40.137167	77.961467	271.0	716.0	9149.333	-8.0
211158	40.1375	78.0086	271.0	716.0	9144.0	-8.0
211218	40.138033	78.054933	271.0	716.0	9144.0	1.333
211238	40.13852	78.101124	271.243902	716.0	9145.951	6.0
211258	40.138959	78.147173	271.731707	716.0	9149.854	6.0
211318	40.13938	78.19365	271.7	716.9	9152.0	4.2
211338	40.13978	78.24065	271.033333	718.9	9152.0	0.2
211358	40.140117	78.288093	271.0	719.0	9152.0	0.0
211418	40.14048	78.33475	271.0	719.0	9152.0	0.0
211438	40.14088	78.380417	271.0	719.0	9152.0	0.0
211458	40.141217	78.427413	270.366667	719.0	9152.0	0.0
211518	40.14155	78.47472	270.0	719.0	9152.0	0.0
211538	40.141883	78.52232	270.0	719.0	9152.0	0.0
211558	40.14209	78.569983	270.0	719.0	9152.0	0.0
211618	40.14232	78.61648	270.0	718.1	9152.0	0.0
211638	40.142587	78.661547	270.0	716.1	9152.0	0.0
211658	40.14279	78.707437	270.0	716.0	9152.0	0.0
211718	40.14299	78.75529	270.0	716.0	9152.0	-2.4
211738	40.14319	78.80549	270.0	716.0	9152.0	-7.733
211758	40.143327	78.849547	270.0	716.0	9146.933	-2.933
211818	40.14346	78.89487	270.0	716.0	9146.4	2.4
211838	40.143593	78.942137	270.0	716.0	9151.733	7.733
211858	40.143663	78.989657	270.0	716.0	9152.0	2.933
211918	40.14376	79.03641	270.0	716.9	9152.0	0.0
211938	40.143893	79.08221	270.0	718.9	9152.0	0.0
211958	40.143963	79.128137	270.0	719.0	9152.0	0.0
212018	40.144352	79.174804	270.782609	719.0	9152.0	0.0
212038	40.1453	79.22228	272.0	719.0	9152.0	0.0
212058	40.146633	79.269547	272.0	719.0	9152.0	0.0
212118	40.147773	79.316455	272.0	719.0	9152.0	-2.182
212138	40.148864	79.363273	272.0	719.0	9152.0	-4.909
212158	40.1499	79.40832	272.4	719.8	9148.8	-7.2
212218	40.150908	79.452742	272.916667	721.0	9144.0	-7.583
212238	40.151992	79.502158	272.083333	721.0	9144.0	6.583
212258	40.153024	79.549619	272.486486	721.972973	9147.892	57.135
212318	40.15405	79.596827	272.966667	723.1	9155.8	113.233
212338	40.15505	79.64336	272.3	725.1	9231.8	197.9
212358	40.156013	79.69114	272.0	728.2	9310.733	269.733
212418	40.156943	79.739817	271.966667	731.733333	9394.867	329.267
212438	40.15781	79.78615	271.3	726.4	9532.2	354.6
212458	40.158713	79.833473	271.366667	722.9	9652.667	293.4
212518	40.159643	79.881423	271.966667	720.933333	9754.233	162.667
212538	40.16051	79.92589	271.3	719.6	9758.9	56.0
212558	40.161303	79.971823	271.0	717.9	9761.0	5.067
212618	40.16204	80.018997	271.0	716.0	9761.0	0.0
212638	40.16284	80.06693	271.0	716.0	9761.0	0.0
212658	40.163603	80.114387	271.0	716.0	9761.0	0.0
212718	40.164333	80.161517	271.0	716.0	9761.0	-0.267
212738	40.165	80.20985	271.0	716.0	9761.0	-5.6
212758	40.165703	80.256387	271.0	716.0	9758.433	-8.0
212818	40.166437	80.30154	271.0	716.0	9754.0	-7.733
212838	40.16717	80.34834	271.0	716.0	9754.0	-2.4
212858	40.167793	80.39415	271.0	717.1	9754.0	0.0
212918	40.168333	80.4393	271.0	719.0	9754.0	0.267
212938	40.169	80.4873	271.0	719.0	9754.0	5.6
212958	40.16963	80.535153	271.0	719.733333	9756.567	8.0
213018	40.170227	80.582853	271.0	721.0	9761.0	7.733
213038	40.17076	80.62992	271.0	721.0	9761.0	2.4
213058	40.171293	80.676437	271.0	721.0	9761.0	8.433
213118	40.171827	80.722553	271.0	720.833333	9761.767	26.567
213138	40.17236	80.76962	271.0	717.5	9777.1	97.9
213158	40.172857	80.81588	271.0	717.833333	9823.233	159.333
213218	40.173322	80.861611	271.0	721.166667	9894.389	214.722
213238	40.17377	80.9097	271.0	723.5	9969.5	298.3
213258	40.174237	80.957033	271.0	720.166667	10086.167	320.3
213318	40.174227	81.00467	270.133333	717.266667	10192.867	285.1
213338	40.17392	81.05204	269.0	715.4	10286.7	215.2
213358	40.173387	81.096973	269.0	718.066667	10338.033	123.2
213418	40.172853	81.144073	269.0	716.4	10362.5	58.067
213438	40.17234	81.19197	269.0	713.0	10371.0	13.5
213458	40.17194	81.23777	269.0	713.0	10371.0	3.5
213518	40.17141	81.28461	269.0	713.0	10371.0	0.0
213538	40.17083	81.3317	269.0	713.2	10371.0	0.0
213558	40.170363	81.377033	269.0	714.533333	10371.0	0.0
213618	40.169767	81.423017	269.0	715.433333	10371.0	3.467
213638	40.16911	81.46933	269.0	716.0	10371.7	8.0
213658	40.16851	81.51553	269.0	716.0	10376.367	8.0
213718	40.167823	81.563333	269.0	716.0	10378.0	1.067
213738	40.1671	81.61155	269.0	716.0	10377.3	-8.0
213758	40.166433	81.657217	269.0	716.0	10372.633	-8.0
213818	40.165897	81.703533	269.0	716.0	10371.0	-4.533
213838	40.1654	81.75012	269.0	715.7	10371.0	0.0
213858	40.164733	81.796253	269.0	713.7	10371.0	0.0
213918	40.16411	81.842473	269.0	712.133333	10371.0	0.0
213938	40.16349	81.88871	269.0	710.9	10371.0	0.0
213958	40.162757	81.934777	269.0	710.233333	10371.0	0.0
214018	40.162067	81.98158	269.0	710.0	10371.0	-3.467
214038	40.16139	82.02841	269.0	710.0	10370.2	-8.0
214058	40.160657	82.073143	269.0	710.0	10364.867	-8.0
214118	40.159923	82.119003	269.0	710.0	10363.0	-4.533
214138	40.15918	82.16525	269.0	709.8	10363.0	0.0
214158	40.15838	82.21025	269.0	708.466667	10363.0	0.0
214218	40.15758	82.257937	269.0	708.0	10363.0	0.0
214238	40.15678	82.30625	269.0	708.0	10363.0	0.0
214258	40.15598	82.349917	269.0	708.0	10363.0	0.0
214318	40.155093	82.395273	269.0	708.866667	10363.0	0.0
214338	40.154174	82.441484	269.0	710.078947	10363.0	0.0
214358	40.153332	82.487379	269.0	710.605263	10363.0	0.0
214418	40.15239	82.533972	268.482759	711.689655	10363.0	1.207
214438	40.151148	82.582662	266.413793	714.448276	10363.0	6.034
214458	40.1483	82.62808	265.6	716.6	10366.2	7.0
214518	40.14505	82.67268	265.1	718.6	10370.2	7.0
214538	40.141531	82.721103	265.0	720.103448	10371.0	7.552
214558	40.138057	82.7686	265.0	721.0	10372.633	8.0
214618	40.13479	82.8126	265.0	721.0	10377.3	8.0
214638	40.131353	82.85949	264.433333	722.7	10378.0	3.467
214658	40.127817	82.90703	264.0	724.0	10378.0	0.0
214718	40.12415	82.95483	264.0	724.0	10378.0	0.0
214738	40.12054	83.001837	264.0	723.433333	10378.0	-4.533
214758	40.116987	83.048563	264.0	722.533333	10376.367	-8.0
214818	40.11352	83.09503	264.0	721.2	10371.7	-8.0
214838	40.10994	83.141497	264.0	719.866667	10371.0	-8.0
214858	40.106363	83.187497	264.0	718.3	10369.133	-8.0
214918	40.10283	83.23263	264.0	716.3	10363.8	-8.0
214938	40.09907	83.2802	264.0	716.0	10363.0	-3.467
214958	40.095363	83.327313	264.0	716.0	10363.0	0.0
215018	40.09183	83.37278	264.0	716.0	10363.0	0.0
215038	40.088183	83.419097	264.0	716.0	10363.0	0.0
215058	40.084423	83.466053	264.0	715.766667	10363.0	0.0
215118	40.08049	83.51392	264.0	715.1	10363.0	0.0
215138	40.076897	83.558783	264.0	715.566667	10363.0	0.0
215158	40.073247	83.60419	264.0	716.7	10363.0	0.0
215218	40.06938	83.65159	264.0	718.7	10363.0	0.0
215238	40.06557	83.698027	264.0	720.133333	10363.0	4.533
215258	40.06177	83.74434	264.0	721.466667	10364.867	7.533
215318	40.05797	83.79074	264.0	722.8	10370.2	6.2
215338	40.054043	83.83816	264.0	723.425	10371.0	3.45
215358	40.050093	83.88576	264.0	723.925	10371.0	0.45
215418	40.04644	83.929393	264.566667	725.133333	10371.0	0.0
215438	40.04263	83.97452	264.766667	726.233333	10371.0	1.867
215458	40.03843	84.02372	264.1	726.9	10371.0	7.2
215518	40.034287	84.0719	264.0	728.133333	10374.967	8.0
215538	40.030177	84.119783	264.0	729.0	10378.0	4.267
215558	40.02611	84.16745	264.0	729.0	10378.0	-6.4
215618	40.022043	84.21404	264.0	729.0	10374.033	-8.0
215638	40.017953	84.261023	264.0	729.0	10371.0	-6.133
215658	40.01382	84.30909	264.0	729.0	10371.0	-0.8
215718	40.009687	84.356023	263.433333	727.866667	10371.0	0.0
215738	40.005553	84.402547	263.0	726.766667	10371.0	0.0
215758	40.00142	84.44868	263.0	726.1	10371.0	0.0
215818	39.997287	84.494983	263.0	724.866667	10371.0	0.0
215838	39.993153	84.54127	263.0	724.0	10371.0	-1.867
215858	39.98902	84.58747	263.0	724.0	10371.0	-7.2
215918	39.984773	84.63401	263.0	725.133333	10366.467	-8.0
215938	39.98053	84.680703	263.0	726.0	10363.0	-6.133
215958	39.97633	84.72757	263.0	726.0	10363.0	-0.8
220018	39.97196	84.775287	263.0	726.0	10363.0	0.0
220038	39.96763	84.822407	263.0	726.233333	10363.0	0.0
220058	39.96343	84.86814	263.0	726.9	10363.0	0.0
220118	39.959003	84.915913	263.0	728.133333	10363.0	4.533
220138	39.95463	84.963043	263.0	729.7	10364.867	9.633
220158	39.95043	85.00831	263.0	731.7	10370.2	14.3
220218	39.94589	85.05607	263.0	733.133333	10374.967	11.033
220238	39.941313	85.104293	263.0	734.233333	10378.0	6.133
220258	39.93678	85.15256	263.0	734.9	10378.0	0.8
220318	39.932303	85.199807	263.0	734.433333	10378.0	-4.533
220338	39.927813	85.246827	263.0	734.233333	10376.367	-8.0
220358	39.92328	85.29376	263.0	734.9	10371.7	-8.0
220418	39.91869	85.341203	263.0	735.0	10371.0	-3.467
220438	39.91416	85.388153	263.0	735.0	10371.0	-1.633
220458	39.90976	85.43402	263.0	735.0	10371.0	-6.3
220518	39.905046	85.482092	263.0	735.871795	10367.513	-7.0
220538	39.900277	85.530554	263.0	736.897436	10363.41	-7.0
220558	39.8956	85.57782	263.0	738.2	10363.0	2.0
220618	39.890907	85.625167	263.0	739.266667	10365.133	7.467
220638	39.886173	85.672833	263.0	739.933333	10370.467	6.133
220658	39.881472	85.72013	263.0	740.0	10371.0	3.488
220718	39.876774	85.767386	263.0	740.0	10371.0	0.698
220738	39.871972	85.814677	263.0	740.0	10371.0	0.0
220758	39.867135	85.861979	263.0	740.0	10371.0	0.0
220818	39.8622	85.91114	262.6	740.8	10371.0	0.0
220838	39.85722	85.96112	262.0	742.0	10371.0	0.0
220858	39.85242	86.00732	262.0	742.0	10371.0	0.0
220918	39.84762	86.0542	262.0	742.0	10371.0	0.0
220938	39.842807	86.101507	262.0	741.866667	10371.0	0.0
220958	39.837873	86.148573	262.0	740.533333	10371.0	0.0
221018	39.83294	86.19608	262.0	740.0	10371.0	0.0
221038	39.82798	86.24402	262.0	740.0	10371.0	-0.533
221058	39.82278	86.29322	262.0	740.0	10371.0	-5.867
221118	39.817811	86.341878	262.888889	740.0	10367.444	-8.0
221138	39.813391	86.389512	264.147059	740.294118	10363.0	-5.794
221158	39.810156	86.435159	264.735294	741.470588	10363.0	3.029
221218	39.80683	86.482467	265.0	741.266667	10365.933	7.367
221238	39.803427	86.531077	265.0	740.0	10371.0	7.733
221258	39.79996	86.57861	265.0	740.0	10371.0	2.4
221318	39.796493	86.625887	265.0	740.0	10371.0	0.0
221338	39.793023	86.673	264.966667	740.066667	10371.0	0.0
221358	39.78949	86.721	264.3	741.4	10371.0	0.0
221418	39.78592	86.769165	264.0	742.825	10371.0	0.0
221438	39.78232	86.817465	264.0	744.325	10371.0	0.0
221458	39.778647	86.865783	264.0	745.0	10371.0	0.0
221518	39.77492	86.91407	264.0	745.0	10371.0	0.0
221538	39.77132	86.96147	264.0	745.0	10371.0	0.0
221558	39.767683	87.008943	264.0	745.733333	10371.0	0.0
221618	39.76401	87.056577	264.0	747.0	10371.0	0.0
221638	39.76021	87.10611	264.0	747.0	10371.0	0.0
221658	39.75652	87.15403	264.0	747.366667	10371.0	-2.933
221718	39.75291	87.200763	264.0	748.066667	10370.733	-8.0
221738	39.74911	87.25003	264.0	749.4	10365.4	-8.0
221758	39.74531	87.298233	264.0	750.733333	10363.0	-2.133
221818	39.741503	87.34565	264.0	752.033333	10363.267	8.0
221838	39.73757	87.39465	264.0	752.7	10368.6	8.0
221858	39.733637	87.443577	264.0	754.1	10371.0	5.067
221918	39.7297	87.492487	264.0	756.066667	10371.0	0.0
221938	39.7257	87.54222	264.0	757.4	10371.0	0.0
221958	39.721847	87.590413	264.0	758.0	10371.0	0.0
222018	39.718097	87.637453	264.0	758.0	10371.0	0.0
222038	39.71403	87.68652	264.0	758.0	10371.0	0.0
222058	39.709915	87.736015	264.0	758.564103	10371.0	0.0
222118	39.705762	87.785862	264.0	759.589744	10371.0	0.0
222138	39.7017	87.834657	264.0	759.428571	10371.0	0.0
222158	39.6977	87.882752	264.0	758.47619	10371.0	0.0
222218	39.693633	87.9312	264.0	759.0	10371.0	0.0
222238	39.6895	87.98	264.0	761.0	10371.0	0.0
222258	39.6853	88.0288	264.0	761.0	10371.0	-5.333
222318	39.681135	88.077426	264.0	761.0	10368.419	-5.419
222338	39.677006	88.125877	264.0	761.0	10363.258	-0.258
222358	39.67281	88.174217	264.0	761.0	10368.067	5.067
222418	39.66861	88.22291	264.0	761.0	10371.0	5.6
222438	39.66441	88.272043	264.0	761.0	10371.0	0.267
222458	39.660147	88.320733	263.366667	760.366667	10371.0	0.0
222518	39.65582	88.36979	263.0	760.3	10371.0	0.0
222538	39.65142	88.419323	263.0	760.966667	10371.0	0.0
222558	39.647135	88.467709	263.0	759.674419	10371.0	0.0
222618	39.642856	88.516035	263.0	758.27907	10371.0	0.0
222638	39.63848	88.56506	263.0	758.0	10371.0	0.0
222658	39.63406	88.61424	263.0	757.6	10371.0	0.0
222718	39.629593	88.663373	263.0	756.266667	10371.0	0.0
222738	39.625233	88.71096	263.0	756.0	10371.0	0.0
222758	39.62088	88.75852	263.0	756.0	10371.0	-1.6
222818	39.61648	88.80692	263.0	756.0	10371.0	-6.933
222838	39.61192	88.8558	263.0	754.4	10366.733	-8.0
222858	39.60734	88.90466	263.0	753.0	10363.0	-6.4
222918	39.602807	88.953193	263.0	753.0	10363.0	-1.067
222938	39.59838	89.001033	263.0	753.0	10363.0	0.0
222958	39.59394	89.04898	263.0	753.6	10363.0	1.6
223018	39.589407	89.09758	263.0	755.6	10363.0	6.933
223038	39.58482	89.146233	263.0	756.0	10367.267	8.0
223058	39.580206	89.194719	263.0	756.387097	10371.0	6.452
223118	39.575561	89.242784	263.0	757.677419	10371.0	1.29
223138	39.57095	89.29065	263.0	758.0	10371.0	0.0
223158	39.566283	89.339033	263.0	758.333333	10371.0	-1.333
223218	39.561417	89.389167	263.0	759.666667	10371.0	-6.667
223238	39.5567	89.437	263.0	760.5	10367.0	-4.0
223258	39.551956	89.484954	263.0	761.384615	10364.026	0.897
223318	39.546982	89.535569	263.0	762.923077	10368.128	4.487
223338	39.54206	89.5855	263.0	764.0	10371.0	7.2
223358	39.53726	89.633833	263.0	764.0	10371.0	7.867
223418	39.5323	89.682487	263.0	767.733333	10374.733	3.733
223438	39.527341	89.731438	263.0	771.0	10376.865	-1.135
223458	39.522476	89.780897	263.0	771.0	10373.081	-4.919
223518	39.51758	89.82976	263.0	771.9	10371.0	-2.5
223538	39.512647	89.877893	263.0	773.9	10371.0	7.5
223558	39.507587	89.927547	262.366667	774.0	10375.433	8.0
223618	39.50189	89.97674	260.5	774.0	10378.0	5.6
223638	39.495423	90.025273	257.166667	774.0	10378.0	0.267
223658	39.486613	90.074123	257.0	774.0	10378.0	-5.067
223718	39.47774	90.1229	257.0	773.4	10375.9	-8.0
223738	39.46894	90.171567	257.0	772.066667	10371.233	-8.0
223758	39.460077	90.220423	257.0	771.366667	10371.0	-8.0
223818	39.45112	90.2695	257.0	771.0	10368.6	-8.0
223838	39.442053	90.318833	257.0	771.0	10363.267	-8.0
223858	39.43362	90.365063	257.0	769.733333	10363.0	-2.933
223918	39.42495	90.41239	257.0	769.0	10363.0	0.0
223938	39.41595	90.461257	257.0	769.0	10363.0	0.0
223958	39.406823	90.510757	257.0	769.0	10363.0	0.0
224018	39.39775	90.55966	257.0	769.6	10363.0	2.4
224038	39.38875	90.607793	257.0	770.933333	10363.0	7.733
224058	39.380067	90.654153	257.0	771.0	10368.067	8.0
224118	39.371148	90.701781	256.709677	770.419355	10371.0	5.677
224138	39.361923	90.751071	256.064516	769.129032	10371.0	0.516
224158	39.35296	90.79896	256.0	770.2	10371.0	0.0
224218	39.343973	90.846827	256.0	770.466667	10371.0	0.0
224238	39.334907	90.894893	256.0	769.133333	10371.0	0.0
224258	39.32572	90.94374	256.0	770.2	10371.0	-4.8
224318	39.316587	90.992145	256.258065	771.0	10368.935	-8.0
224338	39.307555	91.039758	256.903226	771.0	10363.774	-8.0
224358	39.29855	91.087133	256.433333	772.7	10363.0	1.067
224418	39.289403	91.135152	256.0	774.0	10364.806	8.0
224438	39.279984	91.184442	256.0	774.0	10369.968	8.0
224458	39.27058	91.23334	256.0	774.0	10371.0	3.733
224518	39.2613	91.28156	256.0	774.4	10371.0	0.0
224538	39.2523	91.328427	256.0	775.733333	10371.0	0.0
224558	39.24282	91.377427	256.0	776.533333	10371.0	0.0
224618	39.23326	91.42678	256.0	777.4	10371.0	0.0
224638	39.223793	91.475713	256.0	778.733333	10371.0	0.0
224658	39.2147	91.5223	256.666667	779.0	10371.0	0.0
224718	39.205294	91.570429	256.612903	779.0	10371.0	0.0
224738	39.195606	91.620021	256.0	779.090909	10371.0	0.0
224758	39.185727	91.670445	256.0	780.909091	10371.0	0.0
224818	39.176093	91.71934	256.0	782.0	10371.0	0.0
224838	39.166827	91.76594	256.0	782.0	10371.0	0.0
224858	39.15726	91.81452	256.0	782.0	10371.0	0.0
224918	39.147706	91.863077	256.0	782.516129	10371.0	0.0
224938	39.138223	91.911271	256.0	783.806452	10371.0	0.0
224958	39.128527	91.95981	256.0	784.566667	10371.0	0.0
225018	39.118747	92.008643	256.0	785.0	10371.0	0.0
225038	39.10888	92.05791	256.0	785.0	10371.0	0.0
225058	39.09907	92.107063	256.0	785.0	10371.0	0.0
225118	39.08934	92.155543	255.766667	785.466667	10371.0	0.0
225138	39.07974	92.20281	255.1	786.8	10371.0	0.0
225158	39.069743	92.2524	255.0	787.0	10371.0	0.0
225218	39.059747	92.301863	255.0	787.0	10371.0	0.0
225238	39.04988	92.35033	255.0	787.0	10371.0	0.0
225258	39.039843	92.399477	255.0	785.866667	10371.0	0.0
225318	39.029893	92.448277	255.0	785.0	10371.0	0.0
225338	39.02016	92.49621	255.0	785.0	10371.0	0.0
225358	39.010087	92.545447	255.0	785.0	10371.0	0.0
225418	39.00007	92.594237	255.0	784.766667	10371.0	-1.867
225438	38.99027	92.64177	255.0	784.1	10371.0	-7.2
225458	38.980243	92.690663	255.0	784.566667	10366.467	-8.0
225518	38.97013	92.739727	255.0	785.466667	10363.0	-4.267
225538	38.95993	92.78866	255.0	786.8	10363.0	6.4
225558	38.950127	92.836063	255.0	787.0	10367.533	8.0
225618	38.940207	92.883967	255.0	787.466667	10371.0	6.133
225638	38.92994	92.9333	255.0	788.8	10371.0	0.8
225658	38.919955	92.980952	255.0	789.0	10371.0	0.0
225718	38.90976	93.02952	255.0	789.0	10371.0	0.0
225738	38.89896	93.08092	255.0	789.0	10371.0	0.0
225758	38.888747	93.1296	255.0	789.533333	10371.0	0.0
225818	38.8786	93.17782	255.0	790.0	10371.0	0.0
225838	38.868267	93.226553	255.0	790.0	10371.0	0.0
225858	38.857827	93.275927	255.0	790.0	10371.0	0.0
225918	38.84738	93.32526	255.0	790.6	10371.0	0.0
225938	38.83698	93.374127	255.0	792.6	10371.0	0.0
225958	38.826687	93.42214	255.0	793.0	10371.0	0.0
230018	38.81642	93.47006	255.0	793.0	10371.0	0.0
230038	38.806153	93.51826	255.0	793.0	10371.0	0.0
230058	38.795673	93.567153	255.0	793.0	10371.0	0.0
230118	38.78512	93.61634	255.0	793.0	10371.0	0.0
230138	38.77452	93.665807	255.0	793.0	10371.0	0.0
230158	38.764293	93.71346	255.0	793.0	10371.0	-4.267
230218	38.75388	93.76174	254.8	793.4	10369.4	-8.0
230238	38.742813	93.81254	254.133333	794.733333	10364.067	-8.0
230258	38.73212	93.861527	254.0	795.0	10363.0	0.533
230318	38.7214	93.9106	254.2	795.4	10364.6	6.4
230338	38.7104	93.960933	254.866667	796.733333	10369.933	1.067
230358	38.699773	94.009667	255.0	797.0	10366.733	0.0
230418	38.68976	94.05762	255.8	796.2	10364.6	1.4
230438	38.68096	94.104687	258.466667	793.533333	10369.933	6.067
230458	38.673156	94.155167	259.0	793.0	10371.0	3.889
230518	38.6656	94.2065	259.0	793.0	10371.0	0.0
230538	38.658333	94.2551	259.0	794.333333	10371.0	0.0
230558	38.65099	94.304335	259.0	795.645161	10371.0	0.0
230618	38.643571	94.354206	259.0	796.935484	10371.0	0.0
230638	38.636423	94.40192	259.0	797.633333	10371.0	0.0
230658	38.62893	94.45192	259.0	798.0	10371.0	0.0
230718	38.620997	94.504853	259.0	798.0	10371.0	0.0
230738	38.613697	94.553037	259.0	798.0	10371.0	0.0
230758	38.60619	94.60241	259.0	798.0	10371.0	0.0
230818	38.59839	94.653543	259.0	798.0	10371.0	0.0
230838	38.591074	94.701639	259.0	798.0	10371.0	0.0
230858	38.5835	94.75128	259.0	798.0	10371.0	0.0
230918	38.5755	94.80348	259.0	798.0	10371.0	0.0
230938	38.567965	94.852655	259.0	798.0	10371.0	0.0
230958	38.5603	94.902345	259.318182	798.0	10371.0	0.0
231018	38.5524	94.953167	259.833333	798.333333	10371.0	0.0
231038	38.5448	95.002633	259.166667	799.666667	10371.0	0.0
231058	38.53705	95.05255	259.0	800.0	10371.0	0.0
231118	38.529283	95.102283	259.0	800.166667	10371.0	0.0
231138	38.521617	95.151017	259.0	800.833333	10371.0	0.0
231158	38.5135	95.20265	259.0	800.5	10371.0	0.0
231218	38.5054	95.254133	259.0	800.0	10371.0	0.0
231238	38.4978	95.302267	259.0	800.0	10371.0	0.0
231258	38.490289	95.349911	259.0	800.0	10371.0	-4.444
231318	38.482467	95.399387	259.0	800.266667	10368.867	-8.0
231338	38.474133	95.451853	259.0	800.933333	10363.533	-8.0
231358	38.46604	95.50252	259.0	801.0	10363.0	1.6
231418	38.457947	95.553147	259.0	801.0	10365.133	8.0
231438	38.449813	95.604013	259.0	801.0	10370.467	8.0
231458	38.44192	95.65296	258.4	801.0	10371.0	3.2
231518	38.434	95.701865	258.0	801.0	10371.0	0.0
231538	38.426	95.751026	258.0	801.0	10371.0	0.0
231558	38.418	95.80039	258.0	801.0	10371.0	0.0
231618	38.409953	95.849907	258.0	801.466667	10371.0	0.0
231638	38.40182	95.89964	258.0	802.8	10371.0	0.0
231658	38.393635	95.94971	258.0	803.0	10371.0	0.0
231718	38.38542	95.99988	258.0	803.0	10371.0	0.0
231738	38.377153	96.050147	258.0	803.0	10371.0	0.0
231758	38.368673	96.101267	258.0	803.0	10371.0	0.0
231818	38.36026	96.1519	258.0	803.0	10371.0	0.0
231838	38.352127	96.2009	258.0	803.0	10371.0	0.0
231858	38.343887	96.25022	258.0	803.0	10371.0	0.0
231918	38.3356	96.29978	258.0	803.0	10371.0	0.0
231938	38.327267	96.349713	258.0	803.0	10371.0	0.0
231958	38.31872	96.400767	258.0	803.0	10371.0	0.0
232018	38.31028	96.45098	258.0	803.0	10371.0	0.0
232038	38.302213	96.49858	258.0	803.0	10371.0	0.0
232058	38.29372	96.548687	258.0	803.0	10371.0	-4.267
232118	38.2851	96.59946	258.0	803.0	10369.4	-8.0
232138	38.276433	96.650327	258.0	803.0	10364.067	-8.0
232158	38.268247	96.69842	258.0	804.6	10363.0	0.533
232218	38.25988	96.74748	258.0	805.4	10364.6	8.0
232238	38.250813	96.800413	258.0	803.4	10369.933	8.0
232258	38.242387	96.849187	258.0	803.0	10371.0	3.733
232318	38.234	96.89752	258.0	803.0	10371.0	0.0
232338	38.225333	96.947253	258.0	803.0	10371.0	0.0
232358	38.216581	96.997871	258.0	803.0	10371.0	0.0
232418	38.20795	97.047833	258.0	803.0	10371.0	0.0
232438	38.19975	97.095167	258.0	803.0	10371.0	0.0
232458	38.19085	97.14595	258.0	803.0	10371.0	-4.0
232518	38.18185	97.19715	257.833333	803.5	10369.667	-6.667
232538	38.17325	97.24615	257.166667	805.5	10364.333	-1.333
232558	38.1647	97.29475	257.5	806.0	10367.0	4.5
232618	38.156595	97.343895	258.909091	804.863636	10371.0	6.955
232638	38.150296	97.39478	262.48	800.64	10371.0	0.0
232658	38.146936	97.44398	265.68	798.24	10371.0	0.0
232718	38.144008	97.49498	266.0	799.44	10371.0	-5.76
232738	38.141113	97.546239	266.0	800.0	10367.645	-8.0
232758	38.138207	97.59748	266.0	800.066667	10363.0	-7.0
232818	38.135273	97.64828	266.0	800.733333	10363.0	3.0
232838	38.132413	97.698	266.0	801.0	10366.0	7.0
232858	38.1296	97.747	266.0	801.0	10371.0	7.0
232918	38.126697	97.797581	266.0	801.0	10371.0	2.484
232938	38.123706	97.849061	266.0	801.0	10371.0	0.0
232958	38.12061	97.901642	266.0	801.0	10371.0	0.0
233018	38.11766	97.9513	266.0	802.2	10371.0	0.0
233038	38.114647	98.002047	266.0	803.0	10371.0	0.0
233058	38.111513	98.054913	266.0	803.0	10371.0	0.0
233118	38.10838	98.10634	266.0	803.0	10371.0	0.0
233138	38.105287	98.156481	266.0	803.0	10371.0	0.0
233158	38.102255	98.204932	266.0	803.0	10371.0	0.0
233218	38.09908	98.257023	266.0	804.7	10371.0	0.0
233238	38.095939	98.308439	266.0	806.0	10371.0	0.0
233258	38.092906	98.357406	266.0	806.0	10371.0	0.0
233318	38.089633	98.408693	265.466667	807.066667	10371.0	0.0
233338	38.086306	98.460581	265.0	807.625	10371.0	0.0
233358	38.082994	98.512519	265.0	806.375	10371.0	0.0
233418	38.07976	98.56198	265.0	806.933333	10371.0	0.0
233438	38.076493	98.61138	265.0	808.0	10371.0	0.0
233458	38.07296	98.66478	265.0	808.0	10371.0	0.0
233518	38.06966	98.715053	265.0	808.0	10371.0	0.0
233538	38.066403	98.764703	265.0	808.0	10371.0	0.0
233558	38.062919	98.817219	265.0	808.0	10371.0	0.0
233618	38.059533	98.86719	265.0	807.133333	10371.0	0.0
233638	38.05619	98.91616	265.0	806.0	10371.0	0.0
233658	38.05279	98.967227	265.0	806.0	10371.0	0.0
233718	38.049303	99.018163	265.0	806.0	10371.0	0.0
233738	38.045777	99.068871	265.0	806.0	10371.0	0.0
233758	38.042294	99.118677	265.0	806.0	10371.0	0.0
233818	38.038694	99.170032	265.0	806.0	10371.0	0.0
233838	38.035023	99.222253	265.0	806.0	10371.0	0.0
233858	38.03149	99.27132	265.0	806.0	10371.0	0.0
233918	38.027883	99.321743	265.0	806.0	10371.0	0.0
233938	38.024216	99.373242	265.0	806.0	10371.0	0.0
233958	38.020539	99.424081	265.0	806.0	10371.0	0.0
234018	38.016867	99.474533	265.0	806.0	10371.0	0.0
234038	38.0132	99.5246	265.0	806.0	10371.0	0.0
234058	38.009533	99.5756	265.0	804.0	10371.0	0.0
234118	38.005833	99.6264	265.0	803.0	10371.0	0.0
234138	38.0021	99.677	265.0	803.0	10371.0	0.0
234158	37.9985	99.724867	265.0	803.0	10371.0	0.0
234218	37.9947	99.775	264.666667	802.333333	10371.0	0.0
234238	37.9907	99.8274	264.0	801.0	10371.0	0.0
234258	37.986833	99.878933	264.666667	801.0	10371.0	0.0
234318	37.982933	99.930233	264.666667	801.0	10371.0	0.0
234338	37.979	99.9813	264.0	801.0	10371.0	0.0
234358	37.9752	100.030767	264.0	801.0	10371.0	0.0
234418	37.9713	100.081167	264.0	801.0	10371.0	0.0
234438	37.9673	100.1325	264.0	801.0	10371.0	0.0
234458	37.963429	100.181339	264.0	800.354839	10371.0	0.0
234518	37.9595	100.23097	264.0	800.0	10371.0	0.0
234538	37.9555	100.28157	264.0	800.0	10371.0	0.0
234558	37.9515	100.3316	264.0	800.0	10371.0	0.0
234618	37.947529	100.381223	264.0	799.419355	10371.0	-2.323
234638	37.943594	100.430384	264.0	798.129032	10371.0	-7.484
234658	37.93948	100.48108	264.0	798.0	10366.2	-7.4
234718	37.935325	100.531825	264.0	798.5	10363.0	-5.25
234738	37.931138	100.582387	264.0	799.75	10363.0	-0.875
234758	37.92694	100.632767	264.0	800.533333	10363.0	4.267
234818	37.92266	100.68284	263.6	801.4	10364.6	8.0
234838	37.918193	100.732307	262.266667	802.733333	10369.933	8.0
234858	37.912767	100.78188	262.0	801.933333	10371.0	8.0
234918	37.90706	100.83176	262.0	801.4	10372.4	6.4
234938	37.90126	100.882293	262.0	802.733333	10377.067	1.067
234958	37.895558	100.931884	262.0	801.967742	10374.387	-4.129
235018	37.889867	100.98135	262.0	801.0	10371.0	-8.0
235038	37.884133	101.03115	262.0	801.0	10371.0	-8.0
235058	37.8782	101.08175	262.0	800.5	10367.0	-8.0
235118	37.872233	101.132467	262.0	800.0	10363.0	-6.667
235138	37.866367	101.182733	262.0	800.0	10363.0	-1.333
235158	37.8604	101.23375	262.0	800.5	10363.0	0.0
235218	37.854481	101.2842	262.0	801.0	10363.0	1.129
235238	37.848803	101.3322	262.0	801.0	10363.0	5.645
235258	37.842855	101.381961	262.0	801.0	10366.613	7.452
235318	37.8368	101.43242	261.9	801.0	10371.0	7.2
235338	37.8308	101.482553	261.233333	801.0	10371.0	1.867
235358	37.824842	101.532139	261.0	801.0	10371.0	0.0
235418	37.8189	101.581473	261.0	801.0	10371.0	0.0
235438	37.8129	101.631207	261.0	801.0	10371.0	0.0
235458	37.80678	101.68134	261.0	801.0	10371.0	0.0
235518	37.800593	101.73162	261.0	800.933333	10371.0	0.0
235538	37.794527	101.78082	261.0	800.266667	10371.0	0.0
235558	37.788461	101.830539	261.0	800.0	10371.0	-3.097
235618	37.78238	101.88064	261.0	800.0	10370.733	-8.0
235638	37.77598	101.93144	261.0	800.0	10365.4	-8.0
235658	37.769727	101.981543	261.0	800.0	10363.0	-2.133
235718	37.76359	102.031067	261.0	800.0	10363.267	8.0
235738	37.75739	102.0804	261.0	800.0	10368.6	8.0
235758	37.751153	102.1301	261.0	800.0	10371.0	5.067
235818	37.74488	102.18012	261.0	800.0	10371.0	0.0
235838	37.73848	102.23052	261.0	800.0	10371.0	0.0
235858	37.73219	102.280003	261.0	800.0	10371.0	0.0
235918	37.726005	102.328643	261.0	800.0	10371.0	0.0
235938	37.7201	102.3755	261.0	800.0	10371.0	0.0
235958	37.7135	102.4269	261.0	798.666667	10371.0	0.0
000018	37.7069	102.477967	261.0	798.0	10371.0	-2.667
000038	37.7003	102.5287	261.0	798.0	10371.0	-8.0
000058	37.6939	102.577833	261.0	797.333333	10365.667	-8.0
000118	37.687467	102.6274	261.0	797.0	10363.0	-5.333
000138	37.681	102.6774	261.0	797.0	10363.0	0.0
000158	37.6746	102.726	261.0	797.0	10363.0	0.0
000218	37.668167	102.774667	261.0	797.0	10363.0	0.0
000238	37.6617	102.8234	261.0	797.0	10363.0	0.0
000258	37.6551	102.873467	261.0	797.666667	10363.0	0.0
000318	37.648542	102.923081	261.0	798.645161	10363.0	2.581
000338	37.642026	102.972242	261.0	799.935484	10363.0	7.742
000358	37.63543	103.02144	261.0	800.0	10368.067	8.0
000418	37.62877	103.07121	260.7	800.0	10371.0	8.0
000438	37.622037	103.121677	260.033333	800.0	10371.0	8.0
000458	37.61551	103.169861	260.0	800.0	10375.29	8.0
000518	37.60888	103.218833	260.0	800.0	10378.0	3.733
000538	37.60208	103.269167	260.0	800.0	10378.0	-6.933
000558	37.59522	103.31914	260.0	800.0	10373.8	-3.2
000618	37.588416	103.368713	260.0	800.0	10372.806	0.0
000638	37.581706	103.417745	260.0	800.0	10377.323	0.0
000658	37.574863	103.467713	260.0	800.0	10374.033	-4.533
000718	37.56795	103.517893	260.0	800.0	10371.0	-6.133
000738	37.56095	103.56816	260.0	800.0	10371.0	-0.8
000758	37.554007	103.61786	260.0	798.866667	10371.0	0.0
000818	37.547152	103.666855	260.0	798.451613	10371.0	0.0
000838	37.540442	103.714726	260.0	799.741935	10371.0	0.0
000858	37.5335	103.764247	260.0	798.933333	10371.0	-4.267
000918	37.5265	103.81416	260.0	798.4	10369.4	-8.0
000938	37.5195	103.864027	260.0	799.733333	10364.067	-8.0
000958	37.5125	103.913307	260.0	800.0	10363.0	-3.733
001018	37.50546	103.96276	260.0	800.0	10363.0	1.6
001038	37.498327	104.01296	260.0	800.0	10363.0	6.933
001058	37.491119	104.062019	260.0	800.0	10367.129	8.0
001118	37.483867	104.11095	259.833333	800.166667	10371.0	6.667
001138	37.476533	104.16035	259.166667	800.833333	10371.0	1.333
001158	37.46905	104.21035	259.0	801.0	10371.0	0.0
001218	37.461783	104.25885	259.0	801.0	10371.0	0.0
001238	37.455317	104.30225	259.0	801.0	10371.0	0.0
001258	37.44765	104.3533	259.0	802.0	10371.0	0.0
001318	37.439733	104.405883	259.0	803.0	10371.0	0.0
001338	37.432267	104.455417	259.0	803.0	10371.0	0.0
001358	37.4245	104.50675	259.0	804.5	10371.0	0.0
001418	37.4168	104.557533	259.0	806.0	10371.0	0.0
001438	37.4096	104.604867	259.0	806.0	10371.0	0.0
001458	37.40205	104.65395	259.0	806.0	10371.0	0.0
001518	37.394429	104.70341	259.0	806.322581	10371.0	0.0
001538	37.386945	104.752248	259.0	807.612903	10371.0	0.0
001558	37.379147	104.80316	259.0	807.066667	10371.0	0.0
001618	37.37128	104.854387	259.0	806.0	10371.0	1.067
001638	37.36368	104.90332	259.0	806.0	10371.0	6.4
001658	37.356173	104.95174	259.0	806.0	10374.267	4.267
001718	37.348627	105.000393	259.0	806.0	10377.067	-2.0
001738	37.34076	105.05086	259.0	806.0	10372.4	-12.0
001758	37.3328	105.101607	259.0	806.0	10367.267	-8.0
001818	37.324882	105.151945	259.0	806.181818	10363.727	0.545
001838	37.317291	105.200173	259.0	807.090909	10367.364	3.273
001858	37.3097	105.2484	259.0	808.0	10371.0	6.0
001918	37.301633	105.299067	259.0	809.333333	10371.0	2.0
001938	37.293782	105.348127	259.0	810.0	10371.0	0.0
001958	37.286094	105.395965	259.0	809.529412	10371.0	0.0
002018	37.278329	105.444376	259.0	808.352941	10371.0	0.0
002038	37.270167	105.495207	259.0	808.0	10371.0	0.0
002058	37.261913	105.546553	259.0	807.733333	10371.0	0.0
002118	37.25398	105.59582	259.0	806.4	10371.0	0.0
002138	37.246	105.64532	259.0	806.0	10371.0	-3.733
002158	37.238053	105.69448	259.0	806.0	10369.933	-8.0
002218	37.23032	105.74188	259.0	806.0	10364.6	-8.0
002238	37.22226	105.79096	258.533333	804.6	10363.0	-0.533
002258	37.214087	105.840658	258.0	803.0	10364.032	8.0
002318	37.206023	105.889948	258.0	803.0	10369.194	8.0
002338	37.198	105.938747	258.0	802.133333	10371.0	4.533
002358	37.18999	105.98736	258.0	800.9	10371.0	0.0
002418	37.181923	106.036427	258.0	800.233333	10371.0	0.0
002438	37.17377	106.085883	258.0	800.0	10371.0	0.0
002458	37.165542	106.1356	258.0	799.806452	10371.0	-0.677
002518	37.157155	106.1856	258.0	798.516129	10371.0	-5.194
002538	37.148961	106.234129	258.0	797.612903	10367.903	-4.29
002558	37.140897	106.281723	258.0	797.0	10363.267	0.267
002618	37.13283	106.33019	258.0	797.0	10368.6	5.6
002638	37.12458	106.379427	258.0	796.266667	10371.0	5.067
002658	37.1162	106.42916	258.0	795.0	10371.0	0.0
002718	37.1082	106.47636	258.0	795.0	10371.0	0.0
002738	37.100053	106.52433	258.0	795.733333	10371.0	0.0
002758	37.09178	106.57295	258.0	796.933333	10371.0	0.0
002818	37.08338	106.62195	258.0	795.6	10371.0	0.0
002838	37.07498	106.670913	258.0	794.266667	10371.0	-2.933
002858	37.066587	106.719807	258.0	793.066667	10370.733	-7.733
002918	37.05832	106.76794	258.0	794.4	10365.4	-2.4
002938	37.050163	106.81534	258.0	795.0	10365.933	2.933
002958	37.04208	106.862227	258.0	795.0	10371.0	7.733
003018	37.03368	106.91076	258.0	795.0	10371.0	2.4
003038	37.025207	106.95944	258.0	795.0	10371.0	0.0
003058	37.016673	107.008253	258.0	795.0	10371.0	0.0
003118	37.00814	107.05732	258.0	795.0	10371.0	0.0
003138	36.99968	107.105727	258.0	795.0	10371.0	0.0
003158	36.991267	107.15366	258.0	794.933333	10371.0	0.0
003218	36.9826	107.20286	258.0	793.6	10371.0	0.0
003238	36.974117	107.25096	258.0	793.0	10371.0	0.0
003258	36.965767	107.298223	258.0	793.0	10371.0	0.0
003318	36.9571	107.34669	258.0	793.0	10371.0	0.0
003338	36.94847	107.394973	258.0	793.0	10371.0	0.0
003358	36.939867	107.44313	258.0	793.0	10371.0	0.0
003418	36.9312	107.49173	258.0	793.0	10371.0	0.0
003438	36.922533	107.540183	258.0	793.0	10371.0	-2.933
003458	36.913863	107.588533	258.0	793.0	10370.733	-8.0
003518	36.90513	107.6372	258.0	793.0	10365.4	-8.0
003538	36.896507	107.685207	257.633333	793.0	10363.0	-2.133
003558	36.887957	107.73274	257.0	793.066667	10363.267	8.0
003618	36.87909	107.78154	257.0	794.4	10368.6	8.0
003638	36.870333	107.829533	257.0	795.0	10371.0	5.067
003658	36.861657	107.87692	257.0	795.0	10371.0	0.0
003718	36.85279	107.92532	257.0	795.0	10371.0	0.0
003738	36.843903	107.973961	257.0	794.290323	10371.0	0.0
003758	36.835	108.0228	257.0	793.0	10371.0	0.0
003818	36.82629	108.07009	257.0	793.0	10371.0	0.0
003838	36.81736	108.11851	257.0	792.1	10371.0	-2.4
003858	36.80816	108.16831	257.0	790.1	10371.0	-7.733
003918	36.79953	108.2145	257.0	790.0	10365.933	-2.933
003938	36.79075	108.26164	257.0	790.0	10365.4	0.0
003958	36.78175	108.310173	257.0	790.0	10370.733	0.0
004018	36.77275	108.358327	257.0	789.366667	10365.933	-5.067
004038	36.76378	108.40625	257.0	789.0	10363.0	-5.6
004058	36.754847	108.453917	257.0	789.0	10363.0	-0.267
004118	36.745723	108.502217	257.0	789.0	10363.0	0.0
004138	36.73665	108.55043	257.0	789.0	10363.0	2.4
004158	36.72765	108.598497	257.0	789.0	10363.0	7.733
004218	36.71911	108.643313	257.0	789.0	10367.903	12.29
004238	36.710293	108.68954	257.0	788.466667	10372.867	13.133
004258	36.701027	108.73814	257.0	787.133333	10377.533	8.467
004318	36.69176	108.78668	257.0	787.0	10378.0	-1.6
004338	36.682653	108.83428	257.0	786.466667	10376.133	-8.0
004358	36.673787	108.88048	257.0	785.133333	10371.467	-8.0
004418	36.66444	108.92926	257.0	784.4	10371.0	-8.0
004438	36.6552	108.977553	257.0	784.0	10368.867	-5.867
004458	36.6462	109.024687	257.0	784.0	10363.533	-0.533
004518	36.63708	109.07182	257.0	782.8	10367.8	0.0
004538	36.62792	109.118953	256.733333	781.2	10368.867	-2.133
004558	36.61872	109.166087	256.066667	779.2	10363.533	-7.467
004618	36.60958	109.21286	256.0	779.0	10363.0	-3.2
004638	36.60042	109.259727	256.0	779.0	10363.0	0.0
004658	36.59122	109.306793	256.0	779.0	10363.0	0.0
004718	36.582287	109.352726	256.0	779.0	10363.0	0.0
004738	36.573226	109.399052	256.0	779.0	10363.0	1.581
004758	36.563871	109.446342	256.0	779.0	10363.0	6.097
004818	36.554921	109.491533	256.0	779.0	10366.879	7.0
004838	36.54596	109.5368	256.0	779.3	10371.0	6.3
004858	36.53636	109.585467	256.0	781.3	10371.0	1.633
004918	36.52702	109.632703	256.0	780.7	10371.0	3.467
004938	36.51776	109.67936	256.0	779.0	10371.7	8.0
004958	36.50816	109.727093	256.0	779.0	10376.367	8.0
005018	36.498647	109.774653	256.0	779.0	10378.0	4.533
005038	36.48921	109.82195	256.0	778.7	10378.0	-0.8
005058	36.479943	109.868283	256.0	776.7	10378.0	-6.133
005118	36.470633	109.9144	256.0	776.0	10374.967	-8.0
005138	36.461287	109.960477	256.0	776.0	10371.0	-8.0
005158	36.451868	110.006994	256.0	776.0	10371.0	-8.0
005218	36.44246	110.05336	256.0	775.2	10367.8	-8.0
005238	36.433067	110.099573	256.0	774.0	10363.0	-6.933
005258	36.423733	110.145307	256.0	774.0	10363.0	3.733
005318	36.41431	110.191471	256.0	773.225806	10366.097	4.903
005338	36.404823	110.237932	256.0	771.967742	10370.742	-0.226
005358	36.395274	110.284577	256.0	771.322581	10365.581	-4.742
005418	36.385694	110.331255	256.0	771.0	10363.0	-4.742
005438	36.376081	110.377965	256.0	771.0	10363.0	-0.226
005458	36.366774	110.422958	256.0	771.0	10363.0	0.0
005518	36.35744	110.468193	256.0	771.0	10363.0	1.867
005538	36.34804	110.513927	256.0	771.0	10363.0	6.533
005558	36.338212	110.561475	256.0	771.5625	10367.5	7.0
005618	36.328532	110.608139	255.806452	772.0	10371.0	5.645
005638	36.319306	110.652268	255.16129	772.0	10371.0	1.129
005658	36.30945	110.69955	255.5	772.0	10371.0	4.0
005718	36.299529	110.747187	256.0	771.83871	10372.129	7.839
005738	36.290045	110.792735	256.0	771.193548	10376.645	7.194
005758	36.280471	110.838239	255.548387	771.0	10378.0	0.226
005818	36.27084	110.88386	255.0	770.8	10377.3	-8.0
005838	36.261107	110.93026	255.0	769.466667	10372.633	-8.0
005858	36.251326	110.97661	255.0	767.741935	10371.0	-4.645
005918	36.24154	111.022833	255.0	765.866667	10371.0	0.0
005938	36.23194	111.068167	255.0	764.533333	10371.0	0.0
005958	36.22226	111.1137	255.0	763.6	10371.0	0.0
010018	36.212513	111.159431	255.0	762.875	10371.0	0.0
010038	36.202638	111.205744	255.0	761.625	10371.0	0.0
010058	36.192958	111.251126	255.0	760.032258	10371.0	-2.258
010118	36.183474	111.295577	255.0	758.096774	10371.0	-6.774
010138	36.173684	111.340826	255.0	758.0	10366.097	-7.0
010158	36.16395	111.38585	255.0	758.0	10363.0	-5.25
010218	36.154325	111.430475	255.0	758.0	10363.0	-0.875
010238	36.144667	111.475293	255.0	758.0	10363.0	0.0
010258	36.1349	111.52054	255.0	758.0	10363.0	0.0
010318	36.1249	111.566673	255.0	758.0	10363.0	0.0
010338	36.11506	111.612113	255.0	758.0	10363.0	4.267
010358	36.105335	111.656884	255.0	758.0	10364.548	6.452
010418	36.095787	111.700497	255.0	758.0	10369.71	1.29
010438	36.086	111.74525	255.0	758.0	10367.0	-4.0
010458	36.075529	111.790564	253.928571	759.071429	10363.0	-5.143
010518	36.063243	111.836421	249.642857	763.357143	10363.0	6.286
010538	36.049606	111.880275	249.0	764.0	10367.25	7.469
010558	36.035748	111.923739	249.0	764.322581	10371.0	7.0
010618	36.021942	111.967094	249.0	765.612903	10371.0	7.0
010638	36.007458	112.012435	249.0	766.0	10374.161	7.452
010658	35.99285	112.0581	248.9	765.8	10378.0	7.2
010718	35.979183	112.100767	248.233333	764.466667	10378.0	1.867
010738	35.965426	112.143461	248.0	763.580645	10378.0	0.0
010758	35.951573	112.186333	248.0	762.866667	10378.0	-0.533
010818	35.937307	112.230667	248.0	761.533333	10378.0	-5.867
010838	35.92328	112.27408	248.0	759.8	10375.2	-10.8
010858	35.909387	112.316967	248.0	757.866667	10370.467	-14.533
010918	35.895253	112.360633	248.0	756.533333	10365.133	-9.867
010938	35.88136	112.40346	248.0	756.0	10363.0	-4.8
010958	35.867639	112.445687	248.0	756.0	10363.0	0.0
011018	35.854026	112.487558	248.0	756.0	10363.0	0.0
011038	35.839907	112.53082	248.0	754.9	10363.0	0.0
011058	35.825417	112.575097	248.0	753.0	10363.0	0.267
011118	35.81175	112.61703	248.0	753.0	10363.0	5.6
011138	35.797533	112.66043	248.0	753.0	10365.933	10.567
011158	35.782933	112.704833	248.0	752.833333	10371.233	14.767
011218	35.7696	112.7455	248.0	749.5	10375.9	10.1
011238	35.755753	112.787707	248.0	747.633333	10378.0	2.133
011258	35.741493	112.831133	248.0	746.933333	10377.767	-8.0
011318	35.72736	112.8738	248.0	745.6	10373.1	-8.0
011338	35.713263	112.91643	248.0	745.0	10371.0	-5.067
011358	35.69922	112.958953	248.0	744.9	10371.0	-0.267
011418	35.68562	113.00002	248.0	742.9	10371.0	-5.6
011438	35.6718	113.041747	248.0	742.0	10368.067	-8.0
011458	35.65781	113.083983	248.0	742.0	10363.0	-7.733
011518	35.64401	113.12565	248.0	742.0	10363.0	-2.4
011538	35.630066	113.167637	248.0	741.3125	10363.0	0.0
011558	35.616003	113.209888	248.0	740.0625	10363.0	0.0
011618	35.601683	113.25247	248.0	741.266667	10363.0	0.0
011638	35.58768	113.2942	248.0	742.9	10363.0	2.4
011658	35.57408	113.334867	248.0	744.9	10363.0	7.733
011718	35.559657	113.377877	248.0	746.266667	10368.067	8.0
011738	35.54504	113.42146	248.0	747.0	10371.0	8.0
011758	35.53024	113.465593	248.0	747.0	10371.0	8.0
011818	35.516327	113.507067	248.0	747.633333	10375.433	8.0
011838	35.50234	113.54858	248.0	747.7	10378.0	5.6
011858	35.488207	113.590313	248.0	747.033333	10378.0	0.267
011918	35.474263	113.631857	248.0	747.0	10378.0	0.0
011938	35.46018	113.67354	248.0	746.4	10378.0	-2.4
011958	35.445913	113.715407	248.0	745.066667	10378.0	-7.733
012018	35.431583	113.757527	247.366667	743.1	10373.567	-8.0
012038	35.41728	113.7996	247.0	742.0	10371.0	-8.0
012058	35.403013	113.8416	247.0	742.0	10371.0	-8.0
012118	35.388493	113.884107	247.0	740.733333	10365.933	-8.0
012138	35.37417	113.92604	247.3	740.0	10363.0	-5.6
012158	35.360103	113.96724	247.966667	740.0	10363.0	-0.267
012218	35.345847	114.008693	247.366667	740.0	10363.0	0.0
012238	35.33164	114.05016	247.0	740.6	10363.0	0.0
012258	35.317507	114.091627	247.0	741.933333	10363.0	0.0
012318	35.302677	114.13493	247.0	743.9	10363.0	5.067
012338	35.28832	114.17674	247.0	745.6	10365.4	8.0
012358	35.274587	114.216607	247.0	746.933333	10370.733	8.0
012418	35.259865	114.259174	247.0	747.0	10371.0	3.097
012438	35.24524	114.301467	247.0	747.0	10371.0	0.0
012458	35.23084	114.343133	247.0	747.0	10371.0	0.0
012518	35.21608	114.3857	247.0	747.0	10371.0	0.0
012538	35.201523	114.427635	247.0	747.0	10371.0	0.0
012558	35.187329	114.468474	247.0	747.0	10371.0	0.0
012618	35.172733	114.51047	247.0	747.0	10371.0	0.0
012638	35.15788	114.553207	247.0	747.0	10371.0	0.0
012658	35.14268	114.59694	247.0	747.0	10371.0	0.0
012718	35.128613	114.637387	247.0	747.0	10371.0	0.0
012738	35.11456	114.67779	247.0	746.533333	10371.0	0.0
012758	35.10016	114.71919	247.0	745.2	10371.0	0.0
012818	35.085216	114.761984	247.0	739.56	10371.0	0.0
012838	35.07064	114.80372	247.0	735.8	10371.0	0.0
012858	35.056378	114.844559	246.925926	734.074074	10371.0	0.0
012918	35.042156	114.885152	246.185185	734.814815	10371.0	0.0
012938	35.026506	114.924034	244.125	736.875	10371.0	0.0
012958	35.01012	114.96281	242.0	739.1	10371.0	0.0
013018	34.992253	115.00421	242.0	739.766667	10371.0	0.0
013038	34.97495	115.044223	242.0	740.866667	10371.0	0.0
013058	34.95788	115.08365	242.0	742.0	10371.0	-11.4
013118	34.940413	115.123983	242.0	742.0	10371.0	-87.4
013138	34.922947	115.164143	242.0	742.0	10321.6	-176.833
013158	34.90546	115.20425	242.0	740.5	10242.5	-262.8
013218	34.88786	115.244583	242.0	730.5	10145.833	-288.133
013238	34.870953	115.283357	242.0	724.4	10045.7	-303.5
013258	34.85438	115.32135	242.0	720.5	9943.0	-311.3
013318	34.83758	115.359683	242.0	717.166667	9836.333	-306.633
013338	34.820563	115.398493	242.0	715.566667	9736.6	-301.1
013358	34.803629	115.437386	242.428571	714.428571	9639.714	-297.286
013418	34.788	115.475313	245.066667	710.466667	9537.8	-305.0
013438	34.774	115.513447	245.733333	705.133333	9435.8	-305.0
013458	34.75988	115.55186	246.0	701.8	9334.2	-279.0
013518	34.745706	115.590374	246.0	699.677419	9237.129	-230.129
013538	34.731771	115.628116	246.0	696.451613	9178.419	-131.419
013558	34.717456	115.666962	246.0	695.6875	9152.0	-57.094
013618	34.702831	115.706712	246.0	696.9375	9152.0	-2.719
013638	34.688293	115.745877	246.0	695.733333	9152.0	0.0
013658	34.674	115.78438	246.0	694.1	9152.0	0.0
013718	34.66	115.822113	246.0	692.1	9152.0	0.0
013738	34.645683	115.860797	246.0	692.0	9152.0	0.0
013758	34.63153	115.89899	246.0	693.5	9152.0	0.0
013818	34.617597	115.936523	246.0	696.833333	9152.0	0.0
013838	34.603477	115.974929	246.0	697.612903	9152.0	0.0
013858	34.589267	116.0136	246.266667	697.733333	9152.0	-2.133
013918	34.574933	116.0526	246.933333	697.066667	9152.0	-7.467
013938	34.56072	116.09106	246.4	697.0	9147.2	-3.2
013958	34.546523	116.129429	246.0	696.483871	9146.065	2.065
014018	34.532329	116.167752	246.0	695.193548	9151.226	7.226
014038	34.518867	116.20393	246.0	693.3	9152.0	-65.667
014058	34.505347	116.240243	246.233333	691.533333	9123.533	-159.1
014118	34.49148	116.27751	246.9	690.2	9042.2	-265.1
014138	34.477597	116.314671	246.514286	690.0	8941.114	-290.229
014158	34.463577	116.352177	246.0	689.769231	8837.615	-299.077
014218	34.448346	116.392946	246.0	687.461538	8743.769	-289.846
014238	34.43346	116.43278	246.0	682.2	8645.8	-306.4
014258	34.418767	116.47094	244.933333	677.266667	8540.667	-316.333
014318	34.404159	116.507988	244.0	672.941176	8433.529	-313.941
014338	34.38963	116.5433	244.0	671.0	8330.8	-297.7
014358	34.37503	116.578633	244.0	671.0	8234.8	-290.367
014418	34.359791	116.615636	244.0	677.909091	8137.591	-295.614
014438	34.344518	116.652727	244.0	685.181818	8040.318	-301.523
014458	34.32925	116.6903	244.0	698.5	7936.0	-315.5
014518	34.313917	116.728267	244.0	710.5	7828.167	-352.0
014538	34.298383	116.766933	244.0	712.5	7716.833	-448.0
014558	34.2827	116.80585	244.0	710.5	7536.5	-563.5
014618	34.267117	116.844467	244.0	706.166667	7325.5	-660.167
014638	34.251983	116.881933	244.0	698.833333	7091.5	-680.833
014658	34.2368	116.9195	244.0	692.0	6865.5	-669.0
014718	34.2219	116.956729	244.882353	686.117647	6646.529	-641.118
014738	34.209129	116.993932	247.97561	684.0	6441.244	-616.951
014758	34.198202	117.032761	250.414634	684.0	6236.854	-621.829
014818	34.187367	117.071697	252.0	682.133333	6029.333	-626.633
014838	34.1767	117.11083	252.0	676.8	5816.0	-631.3
014858	34.166373	117.148943	252.0	670.333333	5606.633	-634.267
014918	34.15585	117.187512	252.0	665.5625	5394.438	-627.25
014938	34.145217	117.225933	252.366667	660.233333	5187.1	-596.933
014958	34.134903	117.263207	252.966667	651.633333	4990.1	-558.4
015018	34.12497	117.29934	252.3	644.3	4812.1	-446.4
015038	34.114963	117.33562	252.0	624.866667	4684.333	-373.633
015058	34.10498	117.37184	252.066667	595.433333	4595.167	-341.867
015118	34.09658	117.40464	253.4	564.1	4458.5	-479.2
015138	34.088583	117.43656	253.633333	550.0	4273.8	-557.133
015158	34.080895	117.467765	252.9	549.7	4053.4	-577.85
015218	34.072676	117.498988	250.902439	543.731707	3901.756	-442.537
015238	34.062188	117.528744	248.95122	538.365854	3756.878	-453.268
015258	34.0517	117.5585	247.0	533.0	3612.0	-464.0
015318	34.041033	117.588233	247.0	531.666667	3444.0	-480.0
015338	34.030467	117.6175	247.0	530.0	3281.333	-468.667
015358	34.02	117.6463	247.0	528.0	3124.0	-430.0
015418	34.01	117.675157	249.857143	523.238095	3001.143	-375.714
015438	34.005429	117.706796	258.821429	519.607143	2875.571	-349.929
015458	34.00185	117.737527	263.0	517.633333	2763.267	-371.267
015518	33.998843	117.76749	263.0	517.633333	2657.867	-428.5
015538	33.99571	117.79929	263.0	530.3	2475.2	-458.5
015558	33.992613	117.830943	263.0	531.233333	2320.4	-416.267
015618	33.98955	117.862413	263.0	522.733333	2190.933	-318.233
015638	33.98655	117.89268	263.0	517.4	2109.6	-282.9
015658	33.983513	117.923827	263.0	510.233333	2019.833	-261.133
015718	33.98046	117.9555	263.0	500.566667	1924.433	-250.267
015738	33.97766	117.9835	263.0	471.9	1853.1	-235.6
015758	33.975	118.0104	263.0	445.0	1775.5	-299.0
015818	33.97246	118.0361	263.3	426.2	1661.3	-358.8
015838	33.969927	118.061433	263.966667	415.533333	1508.633	-336.133
015858	33.96771	118.08474	263.366667	377.633333	1433.233	-305.867
015918	33.965553	118.1065	263.0	355.052632	1332.895	-311.263
015938	33.9634	118.127167	263.0	352.333333	1216.667	-323.0
015958	33.9612	118.1485	263.0	349.0	1120.0	-297.0
020018	33.959	118.1695	263.0	352.333333	1018.667	-297.0
020038	33.956867	118.190667	263.0	353.333333	919.667	-297.0
020058	33.9548	118.212	263.0	352.0	823.0	-297.0
020118	33.9526	118.233267	263.0	353.333333	721.667	-302.333
020138	33.950467	118.254033	263.0	350.333333	620.0	-302.333
020158	33.9484	118.2743	263.0	343.0	518.0	-297.0
020218	33.946533	118.293033	263.0	313.666667	421.333	-233.667
020238	33.944648	118.311352	263.0	292.333333	360.619	-226.286
020258	33.942841	118.328653	263.0	284.015625	300.312	-257.5
020318	33.941153	118.345216	263.0	281.828125	196.562	-267.5
020338	33.939466	118.361778	263.0	279.640625	92.812	-277.5
