204354	40.6277	73.7813	211.0	328.0	38.0	0.0
204414	40.614825	73.792125	213.0	301.0	360.0	754.0
204434	40.60145	73.8036	213.0	319.5	541.0	471.5
204454	40.587925	73.81515	213.0	353.0	676.25	356.25
204514	40.571762	73.828723	213.0	400.615385	785.308	450.846
204534	40.553933	73.843667	212.666667	435.333333	955.0	617.333
204554	40.5352	73.8594	212.0	454.0	1189.0	808.0
204614	40.515267	73.875867	212.0	454.0	1493.667	828.0
204634	40.495967	73.8917	211.666667	457.0	1773.0	805.0
204654	40.4773	73.9069	211.0	463.0	2027.0	739.0
204714	40.4561	73.923233	210.333333	476.333333	2265.667	750.333
204734	40.434921	73.939663	211.578947	486.157895	2521.316	746.0
204754	40.416924	73.9592	228.529412	492.235294	2762.412	632.176
204814	40.404207	73.986288	239.04878	508.341463	2954.366	514.902
204834	40.392646	74.015556	241.97561	528.829268	3136.317	429.049
204854	40.380193	74.047077	243.0	545.1	3242.9	379.5
204914	40.367144	74.08011	243.0	559.341463	3322.488	369.073
204934	40.353437	74.114841	243.0	574.95122	3479.073	469.561
204954	40.3398	74.149413	243.0	589.533333	3642.8	568.867
205014	40.3268	74.182547	243.0	594.866667	3870.8	657.533
205034	40.31324	74.21708	243.8	598.2	4102.4	668.2
205054	40.29997	74.25261	246.6	601.8	4330.5	604.6
205114	40.292937	74.289359	261.04878	620.731707	4497.659	367.634
205134	40.288302	74.331944	261.536585	648.04878	4594.244	373.976
205154	40.283653	74.374633	262.0	674.5	4694.4	385.633
205214	40.27872	74.4193	262.0	684.5	4862.4	498.3
205234	40.273897	74.46283	262.0	690.1	5046.9	543.133
205254	40.269137	74.505643	262.0	692.533333	5242.867	531.5
205314	40.26387	74.55251	262.0	703.2	5400.2	501.5
205334	40.258567	74.599303	262.0	710.933333	5563.4	488.0
205354	40.253247	74.64591	262.0	716.233333	5730.867	487.2
205414	40.24818	74.69011	262.0	720.9	5888.2	471.2
205434	40.242881	74.736528	261.744186	725.813953	6042.907	468.605
205454	40.237393	74.78476	261.27907	730.930233	6195.465	476.977
205514	40.231967	74.83234	261.266667	734.266667	6356.067	475.333
205534	40.226633	74.87894	261.933333	734.933333	6528.733	458.667
205554	40.22124	74.9256	261.4	742.2	6664.8	420.4
205614	40.215653	74.973893	261.266667	747.8	6796.8	396.0
205634	40.209787	75.024627	261.933333	749.8	6928.8	396.0
205654	40.2041	75.07398	261.4	751.2	7060.8	378.0
205714	40.198407	75.12278	261.0	753.066667	7184.8	353.733
205734	40.192673	75.17098	261.0	755.733333	7296.8	323.067
205754	40.18712	75.21876	261.0	760.8	7399.2	311.0
205814	40.181453	75.267	261.0	765.866667	7500.533	311.133
205834	40.175587	75.316	261.0	770.533333	7601.867	326.467
205854	40.1699	75.36446	261.6	771.0	7717.6	328.6
205914	40.165641	75.4143	264.37037	774.259259	7828.593	324.259
205934	40.163593	75.466207	270.0	782.0	7930.333	312.467
205954	40.16346	75.51634	270.0	782.0	8037.0	301.8
210014	40.16329	75.56761	270.0	783.1	8135.233	300.667
210034	40.163092	75.619675	270.0	784.925	8227.525	308.475
210054	40.162942	75.669175	270.0	783.425	8338.025	337.975
210114	40.16279	75.71886	270.0	781.8	8449.867	366.5
210134	40.16259	75.77206	270.0	777.8	8587.2	376.5
210154	40.16239	75.822217	270.0	774.166667	8713.167	372.567
210214	40.16219	75.870097	270.0	770.766667	8830.1	356.467
210234	40.16199	75.92203	270.0	766.1	8952.1	325.8
210254	40.161753	75.971507	270.0	759.6	9054.3	247.833
210314	40.16148	76.01913	269.966667	751.933333	9136.267	132.7
210334	40.16108	76.06973	269.3	750.6	9141.6	46.7
210354	40.160717	76.119047	269.0	752.2	9144.0	5.067
210414	40.16038	76.167393	269.0	756.066667	9144.0	0.0
210434	40.15998	76.21726	269.0	757.4	9144.0	0.0
210454	40.159543	76.26709	269.0	757.266667	9144.0	-2.933
210514	40.15908	76.316843	269.0	756.0	9143.733	-8.0
210534	40.15868	76.36571	269.0	756.0	9138.4	-8.0
210554	40.158207	76.414723	269.0	756.0	9136.0	-5.067
210614	40.157673	76.463893	269.0	756.066667	9136.0	0.0
210634	40.15714	76.51376	269.0	757.4	9136.0	0.0
210654	40.156607	76.562563	269.0	758.0	9136.0	2.933
210714	40.15607	76.610543	269.0	758.066667	9136.267	8.0
210734	40.15547	76.65941	269.0	759.4	9141.6	8.0
210754	40.154833	76.709157	269.0	760.366667	9144.0	5.067
210814	40.15417	76.759507	269.0	761.1	9144.0	0.0
210834	40.15357	76.80764	269.0	763.1	9144.0	0.0
210854	40.15286	76.8579	269.0	764.733333	9144.0	2.933
210914	40.152067	76.909813	269.0	766.1	9144.267	8.0
210934	40.1514	76.96008	269.0	768.1	9149.6	8.0
210954	40.15066	77.009503	269.0	769.0	9152.0	5.067
211014	40.14986	77.05827	269.0	769.066667	9152.0	0.0
211034	40.14906	77.10767	269.0	770.4	9152.0	0.0
211054	40.148223	77.158097	269.0	771.0	9152.0	-2.933
211114	40.14736	77.209297	269.0	771.033333	9151.733	-8.0
211134	40.14656	77.25923	269.0	771.7	9146.4	-8.0
211154	40.145723	77.308577	269.366667	772.0	9144.0	-5.067
211214	40.144857	77.357607	269.966667	772.0	9144.0	0.0
211234	40.14399	77.40974	269.3	772.0	9144.0	0.0
211254	40.143087	77.460737	269.0	772.0	9144.0	0.0
211314	40.142153	77.510807	269.0	772.0	9144.0	0.0
211334	40.14122	77.56094	269.0	772.0	9144.0	0.0
211354	40.14058	77.61111	270.1	772.733333	9144.0	0.0
211414	40.140327	77.66131	272.066667	774.1	9144.0	0.0
211434	40.14286	77.71151	273.4	776.1	9144.0	0.0
211454	40.14543	77.762663	274.0	777.0	9144.0	0.0
211514	40.14802	77.81446	274.0	777.0	9144.0	0.0
211534	40.15042	77.86366	274.0	777.0	9144.0	0.0
211554	40.15282	77.91341	274.0	777.0	9144.0	0.0
211614	40.155223	77.963657	274.0	777.0	9144.0	0.0
211634	40.15769	78.01479	274.0	777.0	9144.0	0.0
211654	40.160125	78.06595	274.0	777.5	9144.0	0.0
211714	40.162534	78.117132	274.0	778.409091	9144.0	0.0
211734	40.164917	78.168437	273.766667	779.0	9144.0	1.867
211754	40.16725	78.21997	273.1	779.0	9144.0	7.2
211814	40.16947	78.268727	273.0	779.0	9148.533	8.0
211834	40.171717	78.318207	273.0	779.0	9152.0	4.267
211854	40.17405	78.36994	273.0	779.0	9152.0	-6.4
211914	40.176383	78.422013	273.0	779.0	9147.467	-8.0
211934	40.1786	78.47214	273.0	779.0	9144.0	-8.0
211954	40.1806	78.51854	273.0	779.0	9144.0	-8.0
212014	40.18277	78.57004	273.0	777.866667	9139.467	-8.0
212034	40.184993	78.622067	273.0	777.466667	9136.0	-6.133
212054	40.18726	78.6734	273.0	778.8	9136.0	-0.8
212114	40.189357	78.72428	273.0	780.7	9136.0	0.0
212134	40.1914	78.77459	273.0	782.7	9136.0	0.0
212154	40.1934	78.82399	273.0	784.7	9136.0	0.0
212214	40.195513	78.87628	273.0	786.133333	9136.0	4.533
212234	40.197623	78.928263	273.0	787.7	9137.867	8.0
212254	40.19969	78.97873	273.0	789.7	9143.2	8.0
212314	40.201643	79.03033	273.0	791.7	9144.0	8.0
212334	40.203577	79.082223	273.0	793.451613	9145.806	9.581
212354	40.205513	79.134287	273.0	794.741935	9150.968	14.097
212414	40.207393	79.185927	273.0	795.0	9155.733	7.0
212434	40.20924	79.2373	273.0	795.0	9157.6	-1.2
212454	40.21104	79.2883	273.0	795.0	9152.933	-5.2
212514	40.212924	79.340214	273.0	794.238095	9152.0	-6.0
212534	40.214829	79.392357	273.0	793.285714	9152.0	-6.0
212554	40.216707	79.443467	273.0	791.6	9148.267	-6.933
212614	40.218547	79.494307	273.0	790.4	9144.0	-6.933
212634	40.22028	79.54584	273.0	792.4	9144.0	-1.6
212654	40.22206	79.5977	273.0	791.133333	9144.0	0.0
212714	40.223847	79.649433	272.866667	788.733333	9144.0	0.0
212734	40.22558	79.7001	272.2	787.4	9144.0	0.0
212754	40.227267	79.750673	272.0	786.066667	9144.0	0.0
212814	40.228933	79.801487	272.0	784.866667	9144.0	0.0
212834	40.2306	79.85342	272.0	784.2	9144.0	0.0
212854	40.232229	79.904858	272.0	784.0	9144.0	-3.613
212914	40.23383	79.95586	272.0	784.0	9143.2	-8.0
212934	40.235363	80.005593	272.0	784.0	9137.867	-8.0
212954	40.23694	80.056713	272.0	784.0	9136.0	-4.533
213014	40.23852	80.10866	272.0	784.1	9136.0	0.0
213034	40.239987	80.16106	272.0	784.766667	9136.0	0.0
213054	40.241453	80.213027	272.0	785.866667	9136.0	3.467
213114	40.24292	80.26442	272.0	787.2	9136.8	8.0
213134	40.244387	80.313887	272.0	788.533333	9142.133	8.0
213154	40.245767	80.364437	272.0	789.433333	9144.0	4.533
213214	40.24711	80.41574	272.0	790.0	9144.0	0.0
213234	40.24851	80.468007	272.0	790.0	9144.0	0.0
213254	40.24991	80.520923	272.0	791.3	9144.0	3.467
213314	40.25128	80.57357	272.0	793.0	9144.8	7.2
213334	40.25248	80.622703	272.0	793.0	9150.133	1.867
213354	40.253767	80.673613	272.0	793.866667	9148.533	0.0
213414	40.25509	80.72543	272.0	795.0	9144.8	0.0
213434	40.256357	80.776963	272.0	795.0	9150.133	0.0
213454	40.25758	80.829103	272.0	796.3	9148.533	-3.467
213514	40.25877	80.88171	272.0	798.2	9144.0	-7.2
213534	40.259903	80.93511	272.0	799.533333	9144.0	-1.867
213554	40.26108	80.987903	272.0	800.433333	9144.0	3.467
213614	40.26226	81.04018	272.0	801.2	9144.8	7.2
213634	40.263327	81.09138	272.0	802.533333	9150.133	1.867
213654	40.264393	81.142927	272.0	803.0	9148.533	-3.467
213714	40.26545	81.19504	272.0	803.0	9144.0	-6.4
213734	40.26645	81.249307	272.0	803.0	9144.0	4.267
213754	40.26745	81.30197	272.0	802.133333	9147.467	60.867
213814	40.26845	81.3537	271.9	800.6	9164.2	139.9
213834	40.26945	81.405033	271.233333	797.933333	9245.533	205.9
213854	40.270363	81.45719	271.0	798.733333	9319.933	225.533
213914	40.27123	81.50978	271.0	801.2	9391.5	229.4
213934	40.272097	81.562313	271.0	802.533333	9468.167	285.4
213954	40.273007	81.614413	271.0	800.4	9577.333	288.533
214014	40.27391	81.66632	271.0	797.1	9692.6	257.8
214034	40.274643	81.718453	271.0	797.766667	9743.267	196.467
214054	40.275463	81.770673	271.0	798.866667	9803.9	175.0
214114	40.27631	81.82267	271.0	800.6	9867.6	187.2
214134	40.277043	81.873137	271.0	804.6	9918.267	268.533
214154	40.27782	81.92473	271.0	798.633333	10031.767	303.5
214214	40.2786	81.97702	271.0	789.6	10166.2	300.6
214234	40.279267	82.02982	271.0	793.6	10227.533	224.6
214254	40.279933	82.082273	271.0	795.866667	10295.367	161.6
214314	40.2806	82.13478	271.0	797.1	10356.7	103.4
214334	40.281267	82.188647	271.0	797.766667	10361.367	32.733
214354	40.281847	82.239653	271.0	797.566667	10363.0	4.533
214414	40.28239	82.28967	271.0	796.8	10363.0	0.0
214434	40.28299	82.342803	271.0	795.466667	10363.0	0.0
214454	40.283547	82.39364	271.0	794.133333	10363.0	0.0
214514	40.28407	82.44376	271.1	793.0	10363.0	0.0
214534	40.284537	82.496827	271.766667	793.0	10363.0	0.0
214554	40.28496	82.547727	271.566667	793.866667	10363.0	0.0
214614	40.28536	82.597836	271.0	795.24	10363.0	0.96
214634	40.28576	82.650076	271.0	796.84	10363.0	7.36
214654	40.28622	82.70312	271.0	797.0	10367.8	12.2
214714	40.28666	82.756173	270.733333	796.466667	10372.867	13.133
214734	40.28706	82.809107	270.066667	795.133333	10377.533	8.467
214754	40.28734	82.86066	270.0	793.8	10378.0	-1.6
214814	40.28758	82.91222	270.0	792.2	10376.133	-9.867
214834	40.28778	82.96402	270.0	790.2	10371.467	-14.533
214854	40.28798	83.01438	270.0	789.4	10366.2	-10.8
214914	40.28818	83.066287	270.0	788.466667	10363.0	-8.0
214934	40.28838	83.120753	270.0	787.133333	10363.0	-8.0
214954	40.28852	83.173	270.0	787.0	10358.8	-8.0
215014	40.288653	83.224093	270.0	787.0	10356.0	-5.867
215034	40.288787	83.273827	270.0	787.0	10356.0	-0.533
215054	40.28886	83.32398	270.0	785.8	10356.0	9.0
215114	40.288927	83.374447	270.0	784.733333	10360.0	13.133
215134	40.288993	83.425313	270.0	784.066667	10370.0	8.467
215154	40.289	83.47672	270.0	782.8	10366.2	-5.8
215214	40.289	83.527867	270.0	782.0	10361.133	-13.133
215234	40.289	83.578533	270.0	782.0	10356.467	-8.467
215254	40.28894	83.63046	270.0	782.0	10356.0	1.6
215314	40.288873	83.681433	270.0	781.2	10357.867	8.0
215334	40.288807	83.730767	270.0	779.2	10362.533	8.0
215354	40.28868	83.78292	270.0	779.0	10363.0	3.2
215414	40.288547	83.834213	270.0	779.0	10363.0	0.0
215434	40.288413	83.883747	270.0	779.0	10363.0	0.0
215454	40.28822	83.93604	270.0	779.0	10363.0	0.0
215514	40.288047	83.986987	270.0	779.0	10363.0	0.0
215534	40.287913	84.035453	270.0	779.0	10363.0	0.0
215554	40.289074	84.088822	271.565217	782.913043	10363.0	-7.043
215614	40.2903	84.1405	272.0	784.5	10359.5	-4.5
215634	40.2915	84.191	272.0	785.0	10357.4	1.6
215654	40.2927	84.2402	272.0	785.0	10363.0	8.0
215714	40.293967	84.2934	272.0	786.333333	10363.0	2.667
215734	40.295133	84.344433	272.0	787.666667	10363.0	5.0
215754	40.2962	84.3933	272.0	789.0	10363.0	15.0
215814	40.297333	84.445367	272.0	787.666667	10373.0	16.333
215834	40.298525	84.498358	272.0	787.0	10378.0	6.167
215854	40.2997	84.55098	272.0	786.6	10376.6	-10.2
215914	40.3007	84.60058	272.0	785.266667	10371.933	-14.2
215934	40.3017	84.651087	272.0	784.466667	10366.733	-15.0
215954	40.3027	84.70184	272.0	783.6	10361.6	-13.6
220014	40.3037	84.75264	272.0	782.266667	10356.933	-8.933
220034	40.3047	84.803493	271.466667	782.0	10356.0	-3.733
220054	40.30568	84.85488	271.0	782.0	10356.0	1.6
220114	40.306613	84.90748	271.0	782.0	10356.0	6.933
220134	40.30744	84.957147	271.0	783.066667	10359.733	11.733
220154	40.30828	85.00714	271.0	783.6	10364.6	12.0
220214	40.309213	85.059607	271.0	782.266667	10369.933	2.0
220234	40.31004	85.11106	271.0	776.666667	10366.733	-4.267
220254	40.31088	85.16158	271.0	770.4	10363.0	-6.4
220314	40.311813	85.210513	271.0	765.066667	10363.0	-1.067
220334	40.312587	85.26254	271.0	765.066667	10363.0	0.0
220354	40.31328	85.31404	271.0	766.6	10363.0	0.0
220414	40.31388	85.362507	271.0	768.6	10363.0	0.0
220434	40.31464	85.412467	271.0	771.666667	10363.0	0.0
220454	40.31538	85.46322	271.0	774.4	10363.0	0.0
220514	40.31598	85.514953	271.0	775.733333	10363.0	0.0
220534	40.316527	85.5661	271.0	777.6	10363.0	0.0
220554	40.317065	85.61695	271.0	779.75	10363.0	0.0
220614	40.317615	85.66745	271.0	782.25	10363.0	0.0
220634	40.318171	85.717821	271.0	784.642857	10363.0	1.714
220654	40.318743	85.767893	271.0	786.785714	10363.0	7.429
220714	40.31922	85.82024	271.0	787.0	10367.8	12.2
220734	40.319687	85.872093	271.0	786.466667	10372.867	11.0
220754	40.320153	85.922827	271.0	785.133333	10377.533	1.0
220814	40.32056	85.97014	271.6	781.4	10373.8	-9.0
220834	40.320987	86.019393	271.733333	775.0	10368.867	-13.133
220854	40.321453	86.072127	271.066667	765.0	10363.533	-8.467
220914	40.32192	86.12234	271.0	762.2	10363.0	-3.2
220934	40.32228	86.172647	270.733333	762.333333	10363.0	0.0
220954	40.32248	86.223513	270.066667	765.666667	10363.0	0.0
221014	40.32274	86.2727	270.0	769.0	10363.0	4.8
221034	40.323007	86.32226	270.0	771.8	10365.133	8.0
221054	40.323273	86.37266	270.0	773.8	10370.467	8.0
221114	40.32354	86.42468	270.0	775.2	10371.0	8.0
221134	40.32378	86.476107	270.0	776.266667	10372.867	5.867
221154	40.32398	86.526373	270.0	776.933333	10377.533	0.533
221214	40.32418	86.57652	270.0	778.2	10373.8	-9.0
221234	40.324327	86.626333	270.0	779.0	10368.867	-13.133
221254	40.324393	86.675667	270.0	779.0	10363.533	-8.467
221314	40.32458	86.72866	270.0	780.8	10363.0	-3.2
221334	40.324753	86.78182	270.0	782.0	10363.0	2.133
221354	40.324887	86.83462	270.0	782.0	10363.0	7.467
221414	40.32496	86.88328	270.0	782.0	10367.8	12.2
221434	40.325	86.932893	270.0	779.866667	10372.867	8.867
221454	40.325	86.984627	270.0	774.533333	10377.533	-6.467
221514	40.325	87.03528	270.0	768.0	10369.0	-12.2
221534	40.325	87.085253	270.0	760.8	10363.0	-11.0
221554	40.325	87.134387	270.0	752.8	10363.0	-1.0
221614	40.32488	87.18418	270.0	752.6	10363.0	0.0
221634	40.324747	87.233513	270.0	753.8	10363.0	0.0
221654	40.324613	87.282047	270.0	755.8	10363.0	0.0
221714	40.32448	87.33124	270.0	757.2	10363.0	0.0
221734	40.32432	87.380853	270.0	759.333333	10363.0	0.0
221754	40.32412	87.430987	270.0	762.666667	10363.0	0.0
221814	40.32392	87.47962	270.0	764.8	10363.0	4.2
221834	40.323727	87.528239	270.0	767.212121	10364.939	26.394
221854	40.323545	87.577088	270.0	770.242424	10369.788	74.879
221914	40.32325	87.62965	270.0	768.5	10413.0	196.0
221934	40.32295	87.6817	269.833333	763.0	10491.833	305.0
221954	40.32275	87.7285	269.166667	751.0	10639.167	305.0
222014	40.32235	87.777	269.0	750.0	10717.5	228.5
222034	40.3219	87.825967	269.0	753.0	10770.5	159.667
222054	40.3215	87.874633	269.0	757.0	10816.5	190.333
222114	40.3211	87.9238	269.0	755.0	10893.0	171.5
222134	40.320683	87.973433	269.0	752.0	10960.5	123.0
222154	40.320217	88.023967	269.0	752.0	10970.5	35.0
222214	40.319743	88.07285	269.0	754.142857	10973.0	8.357
222234	40.319267	88.121183	269.0	757.0	10973.0	2.167
222254	40.318753	88.170643	269.0	760.166667	10973.0	0.0
222314	40.318243	88.220621	269.142857	763.428571	10973.0	0.0
222334	40.317862	88.270098	270.095238	766.285714	10973.0	0.0
222354	40.317616	88.319611	271.210526	769.526316	10973.0	-0.474
222414	40.320264	88.369861	275.242424	779.484848	10972.515	-8.455
222434	40.3259	88.420467	277.666667	784.333333	10967.667	-3.0
222454	40.3317	88.4711	279.0	786.0	10969.0	5.0
222514	40.337814	88.522803	279.0	784.62069	10973.0	3.172
222534	40.343993	88.575141	279.0	784.068966	10972.448	-8.483
222554	40.349924	88.625555	279.0	784.758621	10966.931	-13.31
222614	40.355984	88.677377	279.0	785.83871	10962.065	-8.71
222634	40.362022	88.7291	279.0	787.0	10958.778	2.111
222654	40.367453	88.774847	279.0	787.0	10966.067	17.533
222714	40.37372	88.82758	279.0	787.0	10971.4	10.2
222734	40.3798	88.87966	279.0	787.0	10973.0	0.533
222754	40.38572	88.93074	279.0	787.266667	10971.933	-8.0
222814	40.39132	88.97894	279.0	788.6	10966.6	-8.0
222834	40.3972	89.029987	279.0	789.466667	10965.0	-4.267
222854	40.403133	89.081707	279.0	790.4	10965.0	0.0
222914	40.4088	89.13124	279.0	792.4	10965.0	0.0
222934	40.414653	89.18278	278.533333	794.866667	10965.0	0.0
222954	40.4206	89.235367	278.0	797.4	10965.0	2.0
223014	40.4266	89.2887	278.0	799.4	10965.0	12.0
223034	40.432413	89.340213	278.0	800.0	10972.0	15.0
223054	40.438133	89.390907	278.0	800.133333	10980.0	14.067
223114	40.4438	89.44144	278.0	800.8	10980.0	9.4
223134	40.449607	89.493607	278.0	800.533333	10983.733	8.0
223154	40.455447	89.54626	278.0	799.6	10988.0	6.933
223214	40.46118	89.59806	278.0	797.6	10988.0	1.6
223234	40.466727	89.648927	278.0	796.066667	10988.0	-3.733
223254	40.472233	89.699673	278.0	794.733333	10986.933	-8.933
223314	40.4779	89.75154	278.0	793.4	10981.6	-13.6
223334	40.48352	89.80378	278.0	791.6	10976.733	-15.0
223354	40.48908	89.855753	278.0	790.0	10971.933	-14.067
223414	40.49448	89.90602	278.0	790.0	10966.6	-9.4
223434	40.499973	89.957407	278.0	789.533333	10965.0	-8.0
223454	40.505453	90.009007	278.0	789.0	10964.067	-6.933
223514	40.51072	90.05954	278.0	789.0	10959.4	-1.6
223534	40.516173	90.111287	278.0	789.466667	10961.267	7.0
223554	40.521667	90.163247	278.0	789.866667	10966.067	15.0
223614	40.527	90.21398	278.0	789.2	10971.4	15.0
223634	40.532333	90.265133	278.0	788.066667	10976.267	11.733
223654	40.537693	90.31672	278.0	786.733333	10980.0	6.933
223714	40.54316	90.36932	278.0	785.4	10980.0	1.6
223734	40.5483	90.41898	278.7	784.3	10980.0	0.0
223754	40.553232	90.467642	278.548387	783.096774	10980.0	0.0
223814	40.55819	90.51688	277.9	781.5	10980.0	-0.8
223834	40.563457	90.568747	277.233333	778.166667	10980.0	-6.133
223854	40.568529	90.619232	277.0	775.741935	10977.065	-10.935
223914	40.5735	90.669033	277.066667	773.8	10972.467	-14.0
223934	40.5785	90.719367	277.733333	771.8	10967.133	-4.0
223954	40.58362	90.77098	277.6	768.2	10968.2	3.2
224014	40.588753	90.82284	277.0	763.933333	10973.0	6.933
224034	40.593287	90.86924	277.0	763.266667	10973.0	-3.733
224054	40.59806	90.91836	277.0	763.0	10969.8	-10.8
224114	40.60299	90.969265	277.0	763.0	10964.548	-14.032
224134	40.607894	91.01991	277.0	763.0	10960.032	-4.355
224154	40.612703	91.069393	277.0	762.266667	10960.567	5.5
224214	40.617433	91.117943	277.0	761.0	10965.267	14.5
224234	40.6221	91.16681	277.0	761.0	10970.6	4.5
224254	40.62695	91.21762	277.0	761.733333	10970.067	-2.933
224314	40.631929	91.269832	277.0	763.0	10965.0	-7.484
224334	40.63651	91.318477	277.0	763.0	10965.0	2.839
224354	40.6412	91.368133	277.0	764.0	10967.667	10.333
224414	40.646	91.4188	277.0	766.0	10973.0	15.0
224434	40.650533	91.465667	277.0	764.666667	10977.667	10.333
224454	40.655133	91.514667	277.0	764.0	10980.0	5.333
224514	40.6598	91.5658	277.0	764.0	10980.0	0.0
224534	40.664252	91.614574	277.0	764.0	10980.0	5.161
224554	40.66886	91.66477	277.0	763.7	10982.4	8.0
224614	40.67366	91.716703	277.0	763.033333	10987.733	8.0
224634	40.678017	91.7649	277.0	761.1	10988.0	2.933
224654	40.68235	91.81299	277.0	758.8	10988.0	-4.5
224714	40.686683	91.86119	277.0	756.133333	10988.0	-14.5
224734	40.691207	91.91205	277.0	754.1	10978.5	-18.8
224754	40.695553	91.961224	277.0	752.205882	10970.882	-19.147
224814	40.699671	92.008165	277.0	750.441176	10966.176	-15.029
224834	40.7039	92.05675	277.0	750.0	10961.5	-11.0
224854	40.708167	92.106033	277.0	750.333333	10958.0	-4.167
224914	40.712433	92.155767	277.0	751.666667	10958.0	11.167
224934	40.7167	92.20485	277.0	755.0	10965.5	15.0
224954	40.720983	92.253733	277.0	758.333333	10973.0	12.5
225014	40.725317	92.302667	277.0	759.666667	10973.0	2.5
225034	40.72965	92.3527	276.5	756.5	10973.0	-4.0
225054	40.733933	92.402833	276.0	752.833333	10971.667	-8.0
225114	40.738067	92.452167	276.0	752.166667	10966.333	-8.0
225134	40.7421	92.50075	276.0	749.5	10965.0	-8.0
225154	40.746116	92.549177	276.0	747.0	10963.871	-6.71
225214	40.750181	92.597887	276.0	747.0	10959.355	-1.548
225234	40.75411	92.64601	276.0	747.0	10961.161	3.613
225254	40.75802	92.69432	276.0	747.0	10965.0	7.2
225314	40.762153	92.74512	276.0	747.0	10965.0	1.867
225334	40.766284	92.794687	276.419355	749.096774	10965.0	0.0
225354	40.770433	92.843627	277.0	752.266667	10965.0	1.0
225414	40.774767	92.892893	277.0	754.933333	10965.0	11.0
225434	40.778975	92.941475	276.625	757.5	10970.625	17.625
225454	40.7831	92.9896	276.0	760.0	10980.0	22.0
225514	40.787367	93.0394	276.0	760.0	10985.333	12.0
225534	40.791621	93.08927	276.0	758.787879	10988.0	2.758
225554	40.795864	93.139209	276.0	756.363636	10988.0	-5.727
225614	40.800006	93.189041	276.0	756.0	10983.75	-11.25
225634	40.804083	93.238467	276.0	756.0	10978.833	-13.833
225654	40.808017	93.286733	276.0	756.0	10974.167	-9.167
225714	40.81205	93.33535	276.0	758.0	10973.0	-4.0
225734	40.8161	93.384335	276.0	760.0	10973.0	1.29
225754	40.8201	93.434077	276.0	760.0	10973.0	6.452
225814	40.82424	93.484933	276.0	760.466667	10976.267	8.0
225834	40.828387	93.535832	276.0	760.870968	10980.0	6.968
225854	40.832323	93.584994	276.0	760.225806	10980.0	1.806
225914	40.8363	93.634787	276.0	760.0	10980.0	0.0
225934	40.840281	93.684823	276.0	759.806452	10980.0	0.0
225954	40.844152	93.734306	276.0	758.516129	10980.0	0.0
230014	40.84802	93.78362	276.0	757.2	10980.0	-3.2
230034	40.851887	93.832887	276.0	755.8	10979.533	-8.0
230054	40.855753	93.882753	276.0	753.8	10974.867	-8.0
230114	40.85962	93.93262	276.0	752.6	10973.0	-4.8
230134	40.86346	93.98216	276.0	752.0	10973.0	-0.533
230154	40.86706	94.02876	276.0	752.0	10973.0	-5.867
230214	40.87078	94.07764	276.0	750.4	10969.8	-8.0
230234	40.874567	94.127873	276.0	748.0	10965.0	-7.467
230254	40.878233	94.176607	276.0	748.0	10965.0	-2.133
230314	40.88194	94.2265	276.0	748.0	10965.0	0.0
230334	40.88566	94.276933	276.0	748.0	10965.0	0.0
230354	40.88926	94.325267	276.0	748.0	10965.0	0.0
230414	40.89286	94.37396	276.0	748.0	10965.0	0.0
230434	40.896467	94.423013	276.0	748.133333	10965.0	0.0
230454	40.900133	94.473147	276.0	749.466667	10965.0	0.0
230514	40.90364	94.52156	275.6	750.8	10965.0	3.2
230534	40.907042	94.568958	275.0	752.064516	10965.516	7.935
230554	40.910461	94.617539	275.0	752.709677	10970.677	7.29
230614	40.913987	94.668035	275.0	754.774194	10973.0	4.516
230634	40.9176	94.7201	275.0	758.0	10973.0	0.0
230654	40.92089	94.767261	275.0	759.935484	10973.0	0.0
230714	40.92426	94.81573	275.0	761.9	10973.0	0.0
230734	40.927727	94.865797	275.0	763.9	10973.0	0.0
230754	40.93121	94.916535	275.0	765.225806	10973.0	4.903
230814	40.934713	94.96772	275.0	767.333333	10974.867	9.867
230834	40.938247	95.01952	275.0	770.666667	10979.533	14.533
230854	40.94154	95.06988	275.0	771.6	10984.8	10.8
230914	40.944833	95.120053	275.0	772.0	10988.0	5.867
230934	40.948167	95.170187	275.0	772.0	10988.0	0.533
230954	40.951635	95.222406	275.0	771.419355	10988.0	0.0
231014	40.95502	95.273603	275.0	770.533333	10988.0	-3.5
231034	40.95822	95.32247	275.0	769.2	10988.0	-13.5
231054	40.96159	95.373943	275.0	767.3	10979.5	-19.533
231114	40.964897	95.424827	275.0	765.3	10971.133	-19.5
231134	40.96803	95.47376	275.0	763.3	10965.8	-9.5
231154	40.971107	95.523203	275.0	763.0	10965.0	-8.0
231214	40.974197	95.57269	275.0	763.233333	10963.367	-6.133
231234	40.97733	95.62209	275.0	763.9	10958.7	-0.8
231254	40.980633	95.674493	275.0	764.0	10961.967	4.533
231314	40.98385	95.72612	275.0	764.0	10965.0	8.0
231334	40.98685	95.77532	275.0	764.0	10965.0	8.0
231354	40.98985	95.825257	274.433333	765.133333	10969.533	8.0
231414	40.992897	95.876047	274.0	766.0	10973.0	6.133
231434	40.99603	95.92818	274.0	766.0	10973.0	0.8
231454	40.997775	95.977905	271.45	761.75	10973.0	0.0
231514	40.9963	96.02457	267.033333	756.466667	10973.0	0.0
231534	40.993367	96.072543	263.766667	753.7	10973.0	0.0
231554	40.9887	96.12381	263.1	755.7	10973.0	0.0
231614	40.984317	96.17247	263.0	756.0	10973.0	0.0
231634	40.979843	96.221463	263.0	755.3	10973.0	0.0
231654	40.97511	96.27193	263.0	753.3	10973.0	0.0
231714	40.97032	96.322397	263.0	754.7	10973.0	0.0
231734	40.965613	96.37207	263.0	756.466667	10973.0	0.0
231754	40.96108	96.42027	263.0	757.8	10973.0	0.0
231814	40.956433	96.46983	263.0	758.0	10973.0	0.0
231834	40.951673	96.520003	263.0	758.466667	10973.0	0.0
231854	40.94674	96.57087	263.0	759.8	10973.0	0.0
231914	40.942203	96.61828	263.0	760.0	10973.0	4.533
231934	40.93755	96.666853	263.0	760.0	10974.633	8.0
231954	40.93255	96.71872	263.0	760.0	10979.3	8.0
232014	40.927663	96.768717	263.0	760.0	10980.0	3.467
232034	40.92282	96.81822	263.0	760.0	10980.0	0.0
232054	40.91802	96.86742	263.0	760.0	10980.0	0.0
232114	40.913107	96.917243	262.433333	760.0	10980.0	0.0
232134	40.908127	96.9672	262.0	760.0	10980.0	-1.867
232154	40.90306	97.0172	262.0	760.0	10980.0	-7.2
232214	40.898242	97.06539	262.548387	758.903226	10976.161	-8.0
232234	40.89342	97.11372	263.0	758.0	10973.0	-6.4
232254	40.888487	97.16312	263.0	758.0	10973.0	-1.067
232314	40.883393	97.213533	262.466667	759.066667	10973.0	0.0
232334	40.8783	97.26346	262.0	759.6	10973.0	0.0
232354	40.8733	97.31166	262.0	758.266667	10973.0	0.0
232414	40.868193	97.361193	262.0	756.933333	10973.0	0.0
232434	40.86306	97.41092	262.0	756.0	10973.0	-1.6
232454	40.857927	97.46032	262.0	756.0	10973.0	-6.933
232514	40.852926	97.508342	262.0	754.451613	10968.871	-8.0
232534	40.847917	97.556383	262.0	753.0	10965.0	-6.667
232554	40.842783	97.605517	262.0	753.0	10965.0	-1.333
232614	40.8376	97.65465	262.0	754.5	10965.0	4.0
232634	40.832383	97.70385	262.0	755.5	10966.333	6.667
232654	40.827117	97.75325	262.0	753.5	10971.667	1.333
232714	40.82175	97.8037	262.0	754.5	10969.0	4.0
232734	40.8164	97.853867	262.0	756.0	10967.5	9.167
232754	40.8112	97.902133	262.0	756.0	10977.5	13.833
232814	40.8058	97.9517	262.0	756.0	10980.0	3.5
232834	40.8004	98.001033	262.0	756.333333	10978.833	-9.167
232854	40.7952	98.048367	262.0	757.666667	10974.167	-13.833
232914	40.78975	98.0982	262.0	758.0	10969.0	-7.5
232934	40.784277	98.148248	262.0	758.322581	10966.29	1.29
232954	40.778987	98.196442	262.0	759.612903	10971.452	6.452
233014	40.773527	98.2459	262.0	760.466667	10973.0	4.267
233034	40.767993	98.2959	262.0	761.266667	10973.0	0.0
233054	40.76246	98.3459	262.0	762.6	10973.0	0.0
233114	40.756927	98.395947	262.0	763.466667	10973.0	3.733
233134	40.751407	98.446107	262.0	764.0	10973.933	6.933
233154	40.74594	98.49664	262.0	764.0	10978.6	1.6
233214	40.740613	98.54554	262.0	766.333333	10976.733	-3.267
233234	40.735297	98.594185	262.0	769.242424	10973.0	-5.303
233254	40.729782	98.644609	262.0	770.454545	10973.0	3.182
233314	40.72422	98.694983	262.0	772.1	10975.567	7.367
233334	40.718613	98.74533	262.0	774.0	10980.0	7.733
233354	40.71288	98.79593	262.0	774.0	10980.0	2.4
233414	40.70722	98.84587	262.0	774.0	10980.0	0.0
233434	40.701603	98.895427	262.0	774.0	10980.0	-0.267
233454	40.69567	98.94796	262.0	774.0	10980.0	-5.6
233514	40.689883	98.99932	262.0	774.733333	10977.433	-8.0
233534	40.684216	99.049648	262.0	775.935484	10973.0	-7.742
233554	40.678539	99.098616	262.0	774.645161	10973.0	-2.581
233614	40.6728	99.148367	262.0	774.0	10973.0	0.0
233634	40.667	99.1989	262.0	774.0	10973.0	0.0
233654	40.6612	99.248967	261.333333	772.666667	10973.0	0.0
233714	40.655567	99.297867	261.0	772.666667	10973.0	0.0
233734	40.6501	99.3456	261.0	774.0	10973.0	0.0
233754	40.644033	99.3968	261.0	772.666667	10973.0	0.0
233814	40.6381	99.447233	261.0	772.0	10973.0	0.0
233834	40.6323	99.4969	261.0	772.0	10973.0	0.0
233854	40.626367	99.546633	261.0	772.0	10973.0	0.0
233914	40.6204	99.596435	261.0	771.677419	10973.0	0.0
233934	40.6144	99.646306	261.0	771.032258	10973.0	0.0
233954	40.608463	99.696047	261.0	771.0	10973.0	-5.067
234014	40.60247	99.74599	261.0	771.0	10970.6	-8.0
234034	40.596403	99.79619	261.0	771.0	10965.267	-8.0
234054	40.59021	99.846897	261.0	771.0	10965.0	-2.933
234114	40.58401	99.89742	261.0	771.3	10965.0	0.0
234134	40.57781	99.947687	261.0	771.966667	10965.0	0.0
234154	40.571673	99.998017	261.0	773.266667	10965.0	5.067
234214	40.56566	100.04724	261.0	774.9	10967.4	8.0
234234	40.559793	100.095107	261.0	776.9	10972.733	8.0
234254	40.553432	100.146287	261.0	778.225806	10973.0	3.097
234314	40.547093	100.197047	261.0	779.0	10973.0	0.0
234334	40.540827	100.246913	261.0	779.0	10973.0	0.0
234354	40.53456	100.29702	261.0	780.8	10973.0	4.8
234414	40.528245	100.347694	261.0	782.0	10974.806	7.742
234434	40.521858	100.399177	261.0	782.0	10979.323	7.097
234454	40.515361	100.450058	260.451613	780.354839	10980.0	3.161
234514	40.5089	100.50038	260.0	778.6	10980.0	-1.6
234534	40.502567	100.549647	260.0	777.266667	10980.0	-6.933
234554	40.496127	100.599607	260.0	776.466667	10976.267	-8.0
234614	40.48972	100.6496	260.2	776.0	10973.0	-8.0
234634	40.483453	100.699267	260.866667	776.0	10973.0	-8.0
234654	40.477027	100.74888	260.466667	774.933333	10968.733	-8.0
234714	40.47052	100.7987	260.0	774.4	10965.0	-6.4
234734	40.46392	100.849033	260.0	775.733333	10965.0	-1.067
234754	40.457267	100.899793	260.0	776.0	10965.0	0.0
234814	40.4508	100.9502	260.2	776.0	10965.0	1.6
234834	40.4448	100.999533	260.866667	776.0	10965.0	6.933
234854	40.438533	101.050307	261.0	776.533333	10969.267	8.0
234914	40.43222	101.10136	261.0	777.0	10973.0	8.0
234934	40.425953	101.152227	261.0	777.0	10973.0	8.0
234954	40.4199	101.200907	261.0	777.0	10976.733	3.733
235014	40.41384	101.24976	261.0	777.4	10978.6	-1.6
235034	40.40764	101.300293	261.0	778.733333	10973.933	-6.933
235054	40.40128	101.349973	261.0	780.6	10973.0	-3.733
235114	40.39486	101.40022	261.0	782.0	10973.0	1.6
235134	40.388393	101.452287	261.0	782.0	10973.0	6.933
235154	40.382134	101.501045	261.551724	780.344828	10976.862	8.0
235214	40.375767	101.550423	261.533333	779.0	10980.0	6.133
235234	40.3691	101.60249	260.2	779.0	10980.0	0.8
235254	40.362717	101.652517	260.0	779.0	10980.0	-4.533
235314	40.356267	101.702673	260.0	779.0	10978.367	-9.633
235334	40.3496	101.75374	260.0	779.0	10973.7	-14.3
235354	40.342877	101.80543	260.0	779.0	10968.467	-11.033
235414	40.33626	101.85618	260.0	780.166667	10965.0	-4.267
235434	40.32986	101.90498	260.0	783.5	10965.0	6.4
235454	40.323252	101.956116	260.548387	784.548387	10969.387	8.0
235514	40.3167	102.00682	260.8	785.0	10973.0	8.0
235534	40.310367	102.055553	260.133333	785.0	10973.0	8.0
235554	40.303713	102.10546	260.0	785.0	10976.733	3.733
235614	40.2969	102.15632	260.0	785.4	10978.6	-1.6
235634	40.2899	102.20872	260.0	786.733333	10973.933	-6.933
235654	40.28338	102.257387	260.0	788.066667	10973.0	-3.733
235714	40.27674	102.30672	260.0	789.0	10973.0	0.0
235734	40.26954	102.359787	260.0	789.0	10973.0	0.0
235754	40.262713	102.40992	260.0	789.0	10973.0	0.0
235814	40.25594	102.45966	260.0	789.0	10973.0	0.0
235834	40.249073	102.510193	260.0	789.0	10973.0	0.0
235854	40.24194	102.562167	260.0	789.0	10973.0	0.0
235914	40.2348	102.6138	260.0	789.0	10973.0	0.0
235934	40.2278	102.6638	260.0	789.0	10973.0	0.0
235954	40.220853	102.714707	260.0	789.0	10973.0	0.0
000014	40.21396	102.76538	260.0	789.0	10973.0	-1.6
000034	40.20716	102.81498	260.0	789.0	10973.0	-6.933
000054	40.199987	102.865647	260.0	789.533333	10968.733	-7.467
000114	40.192832	102.916237	260.0	790.473684	10965.0	-4.789
000134	40.185937	102.966026	260.0	792.052632	10965.0	2.579
000154	40.178973	103.016167	260.0	793.0	10967.133	7.267
000214	40.171907	103.066833	260.0	793.0	10972.467	7.933
000234	40.1646	103.11816	259.4	793.0	10973.0	8.6
000254	40.156689	103.168956	257.222222	793.888889	10976.111	9.0
000314	40.146606	103.219372	254.722222	795.0	10980.0	6.5
000334	40.135217	103.270317	254.166667	795.0	10980.0	1.5
000354	40.1241	103.319713	254.0	795.933333	10980.0	-3.733
000414	40.113127	103.368273	254.0	797.0	10979.067	-8.0
000434	40.10226	103.41614	254.0	797.0	10974.4	-8.0
000454	40.09116	103.465313	254.0	797.0	10973.0	-4.267
000514	40.07988	103.515313	254.0	797.0	10973.0	0.0
000534	40.06828	103.56638	254.0	797.0	10973.0	0.0
000554	40.05668	103.61698	253.533333	796.066667	10973.0	0.0
000614	40.045187	103.6669	253.0	795.0	10973.0	0.0
000634	40.03412	103.7149	253.0	795.0	10973.0	0.0
000654	40.022773	103.764487	253.0	795.0	10973.0	0.0
000714	40.01128	103.814767	253.133333	795.0	10973.0	0.0
000734	39.99968	103.8651	253.8	795.0	10973.0	0.0
000754	39.9885	103.91338	253.533333	795.0	10973.0	0.0
000814	39.97746	103.96094	253.0	795.0	10973.0	0.0
000834	39.96626	104.00914	253.0	795.0	10973.0	0.0
000854	39.954593	104.05916	253.0	795.0	10973.0	0.0
000914	39.942807	104.109667	253.0	794.733333	10973.0	-1.067
000934	39.93134	104.159	253.0	793.4	10973.0	-6.4
000954	39.919267	104.21034	253.0	793.933333	10969.267	-8.0
001014	39.90708	104.2619	253.0	795.266667	10965.0	-5.867
001034	39.89548	104.3109	253.0	796.6	10965.0	4.8
001054	39.884207	104.35878	253.0	797.0	10968.733	11.267
001114	39.872965	104.406571	253.0	797.0	10973.903	13.065
001134	39.861287	104.455926	253.0	797.0	10978.419	3.387
001154	39.849573	104.50531	253.0	797.0	10976.967	-3.467
001214	39.83786	104.55459	253.0	797.0	10973.0	-6.6
001234	39.82626	104.60319	253.0	797.0	10973.0	2.733
001254	39.813227	104.65308	251.731707	797.95122	10975.22	4.098
001314	39.799422	104.703666	249.780488	799.414634	10978.634	1.171
001334	39.785655	104.752081	249.0	800.0	10977.29	-3.097
001354	39.771873	104.799133	249.0	800.033333	10973.0	-7.733
001414	39.75734	104.8478	249.0	800.7	10973.0	-2.4
001434	39.74299	104.896247	249.0	801.0	10973.0	-2.933
001454	39.728797	104.94448	249.0	801.066667	10972.733	-7.733
001514	39.71473	104.99208	249.0	802.4	10967.4	-2.4
001534	39.700627	105.039863	249.0	803.0	10967.933	5.5
001554	39.686432	105.087971	249.0	802.935484	10973.226	14.774
001614	39.671077	105.13939	249.0	801.645161	10977.742	10.258
001634	39.6564	105.188367	249.0	800.666667	10980.0	5.333
001654	39.6424	105.2349	249.0	800.0	10980.0	0.0
001714	39.627497	105.284513	249.0	798.709677	10980.0	0.0
001734	39.61365	105.3308	249.0	796.5	10980.0	0.0
001754	39.600007	105.376127	249.366667	794.266667	10980.0	-2.933
001814	39.585467	105.42403	249.966667	792.8	10979.767	-8.067
001834	39.5708	105.47263	249.3	788.8	10975.1	-9.4
001854	39.555659	105.522647	249.0	787.0	10973.0	-10.0
001914	39.54106	105.570713	249.0	786.066667	10969.267	-12.333
001934	39.527007	105.616967	249.0	785.0	10964.067	-14.333
001954	39.51354	105.6613	249.0	785.0	10959.4	-11.0
002014	39.498387	105.711263	248.125	786.75	10958.0	-1.25
002034	39.48444	105.757	248.6	788.2	10958.0	0.0
002054	39.47028	105.803307	248.733333	789.0	10958.0	4.0
002114	39.45548	105.851573	248.066667	789.0	10958.0	14.0
002134	39.44056	105.9002	248.6	791.4	10967.0	15.0
002154	39.425947	105.9478	249.0	793.0	10973.0	11.0
002214	39.411813	105.9938	249.0	793.0	10973.0	1.0
002234	39.3972	106.04166	249.0	794.2	10973.0	0.0
002254	39.382507	106.089567	248.733333	795.533333	10973.0	2.133
002314	39.367773	106.137233	248.066667	796.866667	10973.0	7.467
002334	39.35286	106.18496	248.0	797.6	10977.2	7.4
002354	39.338075	106.23235	248.0	798.0	10980.0	7.0
002414	39.323512	106.279225	248.0	798.0	10980.0	7.0
002434	39.308867	106.326176	248.0	797.515152	10983.879	7.0
002454	39.2942	106.37312	248.0	797.0	10988.0	4.8
002514	39.279533	106.41992	248.0	797.0	10988.0	-9.867
002534	39.26452	106.46776	248.433333	797.0	10981.5	-15.0
002554	39.24929	106.51626	248.9	797.1	10973.0	-13.5
002614	39.23389	106.565327	248.233333	797.766667	10973.0	-3.5
002634	39.219053	106.612443	248.0	797.566667	10973.0	0.0
002654	39.20449	106.65861	248.0	796.8	10973.0	0.0
002714	39.189757	106.705343	248.0	795.466667	10973.0	0.0
002734	39.17485	106.752597	248.0	794.133333	10973.0	0.0
002754	39.15978	106.80028	248.0	793.0	10973.0	0.0
002814	39.144313	106.848813	248.0	793.0	10973.0	0.0
002834	39.129193	106.89635	248.0	791.7	10973.0	0.0
002854	39.1143	106.94316	248.0	790.0	10973.0	0.0
002914	39.099633	106.988893	248.0	790.0	10973.0	0.0
002934	39.084826	107.035042	248.0	789.697674	10973.0	0.0
002954	39.069942	107.081414	248.0	789.232558	10973.0	0.0
003014	39.0549	107.1282	248.0	787.666667	10973.0	0.0
003034	39.0397	107.1754	248.0	785.0	10973.0	0.0
003054	39.025233	107.220533	248.0	785.0	10973.0	-5.333
003114	39.0101	107.267667	248.0	785.0	10970.333	-8.0
003134	38.9943	107.3168	248.0	785.0	10965.0	-8.0
003154	38.97959	107.362284	248.0	786.290323	10965.0	-8.0
003214	38.96469	107.40845	248.0	787.6	10962.9	-5.6
003234	38.949557	107.45545	248.0	788.933333	10958.233	-0.267
003254	38.934112	107.501865	246.538462	791.923077	10963.115	11.692
003314	38.917042	107.548629	245.16129	795.935484	10968.355	15.581
003334	38.89916	107.59544	244.0	800.2	10973.467	14.533
003354	38.88176	107.64084	244.0	802.2	10978.133	9.867
003414	38.864232	107.686523	244.0	804.16129	10980.0	4.903
003434	38.846603	107.732427	244.0	806.0	10980.0	0.0
003454	38.82867	107.77896	244.0	806.0	10980.0	0.0
003514	38.810957	107.82498	244.0	806.733333	10980.0	0.0
003534	38.793433	107.87054	244.0	808.0	10980.0	0.0
003554	38.7761	107.91534	244.0	808.0	10980.0	0.0
003614	38.758471	107.960906	244.0	808.0	10980.0	-2.839
003634	38.7406	108.0071	244.0	808.0	10980.0	-8.0
003654	38.722667	108.0531	243.333333	809.333333	10975.333	-2.667
003714	38.704377	108.099971	243.322581	809.354839	10975.258	2.258
003734	38.685732	108.147713	243.967742	808.064516	10979.774	6.774
003754	38.668129	108.192758	244.0	804.935484	10980.0	-1.581
003814	38.650374	108.238152	243.741935	803.0	10978.194	-9.065
003834	38.63231	108.284281	243.096774	803.0	10973.677	-14.226
003854	38.614583	108.329337	243.0	801.866667	10968.467	-11.033
003914	38.596567	108.37509	243.0	801.0	10965.0	-6.133
003934	38.5779	108.42249	243.0	801.0	10965.0	-0.8
003954	38.560027	108.467907	243.0	802.133333	10965.0	0.0
004014	38.54234	108.512857	243.0	803.7	10965.0	0.0
004034	38.52474	108.55759	243.0	805.7	10965.0	0.0
004054	38.5068	108.602947	243.0	807.133333	10965.0	4.533
004114	38.488497	108.649113	243.0	808.466667	10966.867	9.633
004134	38.46963	108.69658	243.0	809.8	10972.2	14.3
004154	38.4515	108.742743	243.0	808.866667	10976.967	11.033
004214	38.433477	108.788397	243.0	808.466667	10980.0	6.133
004234	38.41541	108.83353	243.0	809.8	10980.0	0.8
004254	38.397343	108.878437	243.0	808.866667	10980.0	4.533
004314	38.37895	108.924237	243.0	807.533333	10981.867	4.267
004334	38.35995	108.97177	243.0	806.2	10987.2	-6.4
004354	38.342027	109.01647	243.0	806.0	10979.5	-20.467
004414	38.324155	109.060916	243.0	806.451613	10969.613	-26.613
004434	38.306026	109.105819	243.0	807.741935	10959.935	-16.935
004454	38.287413	109.152133	243.0	809.6	10958.0	-7.0
004514	38.26886	109.19828	243.0	812.0	10958.0	2.8
004534	38.250727	109.243213	243.0	815.333333	10958.0	12.133
004554	38.231989	109.289311	243.0	815.111111	10964.667	16.667
004614	38.2131	109.3357	243.0	814.0	10973.0	20.0
004634	38.194191	109.382548	243.0	803.69697	10977.242	7.879
004654	38.175507	109.428657	243.0	794.666667	10978.367	-1.867
004714	38.15724	109.47339	243.0	788.0	10973.7	-7.2
004734	38.139313	109.517443	243.0	791.533333	10973.0	-3.467
004754	38.121353	109.56154	243.0	796.4	10973.0	1.867
004814	38.10322	109.60594	243.0	800.4	10973.0	7.2
004834	38.084871	109.650768	243.0	803.741935	10976.839	11.839
004854	38.06668	109.69518	242.8	805.4	10981.6	13.6
004914	38.048947	109.738447	242.133333	803.4	10986.933	8.933
004934	38.03036	109.783687	242.533333	803.0	10988.0	-3.733
004954	38.011491	109.8295	242.828571	801.971429	10985.429	-14.0
005014	37.992463	109.8755	242.257143	798.542857	10976.857	-14.0
005034	37.973963	109.92018	242.366667	789.666667	10973.0	-8.867
005054	37.955897	109.96378	242.966667	777.066667	10973.0	0.0
005114	37.93783	110.00738	242.3	778.4	10973.0	0.0
005134	37.91991	110.050613	242.0	781.933333	10973.0	0.0
005154	37.90206	110.093663	242.0	787.266667	10973.0	0.0
005214	37.88326	110.13893	242.0	792.6	10973.0	0.0
005234	37.864048	110.182152	240.580645	797.83871	10973.0	0.0
005254	37.8445	110.2237	238.0	803.0	10973.0	0.0
005314	37.823206	110.266229	238.0	801.235294	10973.0	-4.118
005334	37.801876	110.308865	238.0	800.176471	10971.588	-7.0
005354	37.780465	110.351747	238.0	800.764706	10966.882	-7.0
005414	37.75902	110.39466	238.0	800.6	10965.0	-1.4
005434	37.737452	110.437767	238.0	800.060606	10965.485	7.424
005454	37.714967	110.482433	238.0	800.666667	10970.333	11.667
005514	37.693109	110.525791	238.0	800.181818	10974.909	10.182
005534	37.672018	110.567548	238.0	798.363636	10979.152	1.697
005554	37.651126	110.608953	238.0	796.736842	10977.053	-2.526
005614	37.630284	110.650268	238.0	795.157895	10973.368	-5.684
005634	37.6084	110.6934	238.0	787.909091	10973.0	-2.727
005654	37.586948	110.735755	238.0	780.225806	10973.0	0.0
005714	37.567142	110.775174	238.0	773.129032	10973.0	0.0
005734	37.546456	110.815831	237.5625	761.8125	10973.0	0.0
005754	37.52554	110.856747	237.066667	749.333333	10973.0	0.0
005814	37.50594	110.895213	237.733333	742.666667	10973.0	0.0
005834	37.485868	110.934639	237.612903	740.0	10973.0	0.0
005854	37.465518	110.974621	237.030303	740.212121	10973.0	0.0
005914	37.445882	111.013045	237.636364	744.454545	10973.0	0.0
005934	37.426074	111.05179	237.741935	749.83871	10973.0	0.0
005954	37.40601	111.091016	237.096774	756.935484	10973.0	0.0
010014	37.38566	111.130673	237.0	758.0	10973.0	0.0
010034	37.36519	111.170477	237.0	756.833333	10973.0	0.0
010054	37.34459	111.21041	237.0	753.5	10973.0	0.0
010114	37.324387	111.249663	237.0	751.3	10973.0	-4.533
010134	37.303973	111.289333	237.0	750.466667	10971.133	-9.633
010154	37.28304	111.33	237.0	751.8	10965.8	-14.3
010214	37.263174	111.368565	237.0	752.0	10961.161	-10.613
010234	37.243218	111.407227	237.0	752.181818	10958.0	-4.455
010254	37.222612	111.446985	237.0	752.787879	10958.0	4.03
010314	37.20227	111.486163	237.0	754.3	10961.033	10.467
010334	37.181903	111.525387	237.0	756.1875	10965.75	15.0
010354	37.160591	111.566637	237.0	757.4375	10970.75	15.0
010414	37.139633	111.60698	237.0	759.1	10975.567	15.0
010434	37.118927	111.64667	237.0	761.066667	10980.267	14.767
010454	37.09746	111.68807	237.0	762.4	10985.6	10.1
010514	37.0768	111.72771	237.0	763.0	10988.0	2.133
010534	37.056757	111.766	237.0	763.0	10987.733	-8.233
010554	37.03589	111.806	237.0	763.0	10982.4	-12.9
010614	37.014987	111.84589	237.0	761.166667	10977.433	-17.933
010634	36.994065	111.885668	237.0	758.0	10972.516	-22.742
010654	36.973355	111.925023	237.0	758.0	10962.839	-17.581
010714	36.952567	111.964467	237.0	758.0	10958.0	-10.0
010734	36.9317	112.004	237.0	758.0	10958.0	0.0
010754	36.9111	112.043	237.0	758.0	10958.0	4.667
010814	36.889925	112.083094	237.0	758.625	10960.188	11.688
010834	36.868175	112.124281	237.0	759.875	10964.562	21.062
010854	36.84829	112.161845	237.0	758.83871	10973.71	17.935
010914	36.827963	112.200233	237.0	756.833333	10980.0	11.5
010934	36.80643	112.2409	237.0	753.5	10980.0	1.5
010954	36.786087	112.279357	237.0	752.433333	10980.0	-5.667
011014	36.766087	112.31775	237.875	749.8125	10976.938	-15.25
011034	36.747935	112.35785	241.538462	740.653846	10969.615	-16.077
011054	36.731961	112.398987	245.645161	730.709677	10965.0	-8.0
011114	36.718606	112.440535	248.225806	725.548387	10965.0	-8.0
011134	36.705453	112.482447	249.0	723.533333	10961.733	-8.0
011154	36.692533	112.524127	249.0	723.133333	10958.0	-5.867
011214	36.6802	112.56426	249.0	723.8	10958.0	4.8
011234	36.667377	112.605926	249.0	724.0	10961.161	13.871
011254	36.654251	112.648483	249.0	724.0	10966.286	20.4
011314	36.640594	112.692369	249.0	724.0	10974.857	16.4
011334	36.62725	112.73525	249.0	723.75	10980.0	10.5
011354	36.614375	112.776625	249.0	723.125	10980.0	1.75
011414	36.60156	112.81802	249.0	721.933333	10980.0	0.0
011434	36.58866	112.8596	249.0	720.6	10980.0	0.0
011454	36.575527	112.9016	249.0	719.266667	10980.0	0.0
011514	36.562767	112.94264	249.0	717.4	10980.0	-4.267
011534	36.55002	112.98358	249.0	715.4	10978.6	-9.4
011554	36.537087	113.024847	249.0	713.4	10973.933	-14.067
011614	36.52426	113.065633	249.0	711.933333	10968.733	-15.0
011634	36.51144	113.1063	249.0	711.0	10963.6	-13.6
011654	36.498573	113.146967	249.0	711.0	10958.933	-8.933
011714	36.48576	113.187687	249.0	711.0	10958.0	-3.733
011734	36.472948	113.228413	249.0	711.387097	10958.0	1.548
011754	36.46011	113.269123	249.0	712.677419	10958.0	6.71
011814	36.44705	113.3104	249.0	714.5	10961.5	11.5
011834	36.433883	113.351983	248.833333	716.5	10966.333	15.167
011854	36.420617	113.393917	248.166667	718.5	10971.667	15.833
011914	36.405819	113.4359	246.269231	723.038462	10977.038	11.385
011934	36.39062	113.47727	245.0	726.0	10980.0	8.0
011954	36.375553	113.51787	245.0	726.0	10980.0	8.0
012014	36.360297	113.558723	245.0	726.0	10985.067	8.0
012034	36.345	113.59962	245.0	726.0	10988.0	1.1
012054	36.329667	113.640553	245.0	726.0	10988.0	-14.233
012114	36.314887	113.679769	245.0	724.8125	10979.094	-19.156
012134	36.299957	113.71955	245.0	723.766667	10971.133	-20.367
012154	36.28469	113.76055	245.0	723.1	10965.8	-15.7
012214	36.269367	113.801267	245.0	721.866667	10961.033	-11.033
012234	36.25415	113.841583	245.0	721.466667	10958.0	-4.267
012254	36.23915	113.88125	245.0	722.8	10958.0	6.4
012314	36.22398	113.92154	245.0	723.566667	10961.967	11.967
012334	36.2085	113.962523	245.0	724.7	10966.867	15.0
012354	36.1925	114.00459	245.0	726.7	10972.2	15.0
012414	36.17735	114.044333	245.0	730.966667	10976.967	15.0
012434	36.162023	114.084577	245.0	734.0	10981.806	11.613
012454	36.146087	114.126513	245.0	734.0	10986.968	1.935
012514	36.1309	114.166687	245.0	734.0	10983.733	-4.267
012534	36.115092	114.207446	244.076923	735.153846	10980.0	-6.154
012554	36.0974	114.2506	241.0	739.0	10980.0	0.0
012614	36.077511	114.287267	236.555556	745.111111	10980.0	0.0
012634	36.056613	114.32376	232.333333	750.4	10980.0	0.0
012654	36.03168	114.35956	229.0	752.4	10980.0	0.0
012714	36.00731	114.393829	228.451613	755.258065	10980.0	0.0
012734	35.983013	114.42765	228.90625	757.8125	10980.0	0.0
012754	35.957763	114.46265	228.28125	756.5625	10980.0	0.0
012814	35.932173	114.498017	228.0	756.0	10980.0	-2.933
012834	35.906363	114.533607	228.0	755.9	10979.767	-7.733
012854	35.88163	114.56774	228.0	753.9	10975.1	-2.4
012914	35.856677	114.60213	228.0	752.633333	10975.567	0.0
012934	35.831544	114.636731	228.0	751.9375	10979.781	-0.219
012954	35.806419	114.671356	228.0	750.6875	10975.406	-4.594
013014	35.781365	114.705758	228.0	749.419355	10973.0	-7.29
013034	35.756397	114.739887	228.0	748.129032	10973.0	-7.935
013054	35.7314	114.77414	228.0	749.2	10968.2	-8.0
013114	35.706507	114.808247	228.0	749.466667	10965.0	-5.867
013134	35.681773	114.842113	228.0	748.133333	10965.0	-0.533
013154	35.65662	114.87646	228.0	748.0	10965.0	4.2
013214	35.631415	114.91087	228.0	748.0	10966.939	7.0
013234	35.606203	114.945294	228.0	748.0	10971.788	7.0
013254	35.58185	114.97855	228.0	748.0	10973.0	3.5
013314	35.557284	115.012103	228.0	748.0	10973.0	0.0
013334	35.531219	115.047716	228.0	748.0	10973.0	0.0
013354	35.505713	115.0822	227.533333	748.0	10973.0	0.0
013414	35.480524	115.115849	227.0	747.902439	10973.0	0.0
013434	35.455646	115.148093	227.0	747.414634	10973.0	0.0
013454	35.43066	115.18052	227.0	747.0	10973.0	-0.9
013514	35.40506	115.213987	227.0	747.0	10973.0	-6.9
013534	35.379652	115.247122	227.565217	745.869565	10968.478	-9.0
013554	35.353667	115.280967	227.666667	745.666667	10965.0	-6.0
013614	35.327	115.3157	227.0	747.0	10965.0	0.0
013634	35.302667	115.3473	227.0	747.0	10965.0	5.333
013654	35.277967	115.379367	227.0	747.0	10967.667	8.0
013714	35.2529	115.4119	227.0	747.0	10973.0	8.0
013734	35.2267	115.445767	227.0	749.0	10973.0	2.667
013754	35.200733	115.479333	227.0	750.0	10973.0	2.667
013814	35.175	115.5126	227.0	750.0	10973.0	8.0
013834	35.149	115.546267	227.0	748.666667	10977.667	2.667
013854	35.123433	115.579233	226.666667	748.666667	10977.667	-2.667
013914	35.0983	115.6115	226.0	750.0	10973.0	-8.0
013934	35.0719	115.6453	226.666667	750.0	10973.0	-2.667
013954	35.045933	115.678533	227.0	750.0	10973.0	0.0
014014	35.0204	115.7112	227.0	750.0	10973.0	0.0
014034	34.9936	115.745333	226.333333	750.0	10973.0	5.333
014054	34.967267	115.778867	226.0	750.666667	10975.333	8.0
014114	34.9414	115.8118	226.0	752.0	10980.0	8.0
014134	34.916933	115.8428	226.0	750.666667	10980.0	2.667
014154	34.891467	115.875133	226.0	750.0	10980.0	0.0
014214	34.865	115.9088	226.0	750.0	10980.0	0.0
014234	34.839067	115.941667	226.0	748.666667	10980.0	-5.333
014254	34.81339	115.974132	226.0	747.677419	10977.742	-10.258
014314	34.787971	116.006197	226.0	747.032258	10973.226	-14.774
014334	34.76219	116.03896	226.633333	747.0	10967.933	-10.567
014354	34.73612	116.07218	226.7	747.3	10965.0	-28.4
014414	34.70972	116.105913	226.033333	747.966667	10965.0	-73.733
014434	34.684017	116.138633	227.266667	747.366667	10916.867	-167.833
014454	34.65832	116.17133	227.4	748.5	10845.5	-246.2
014514	34.632587	116.204063	226.066667	751.833333	10748.833	-302.2
014534	34.60565	116.238127	226.0	764.033333	10642.667	-391.767
014554	34.57898	116.27187	226.0	772.8	10499.4	-487.6
014614	34.552713	116.305137	226.0	776.8	10311.4	-588.933
014634	34.526573	116.33815	226.0	771.933333	10104.4	-565.5
014654	34.50053	116.37106	226.0	762.4	9919.2	-539.4
014714	34.474597	116.40386	226.0	747.733333	9761.867	-518.067
014734	34.448606	116.438388	229.529412	736.470588	9558.882	-644.471
014754	34.426545	116.473509	233.363636	731.954545	9336.909	-609.909
014814	34.407364	116.509873	237.909091	725.136364	9143.273	-596.273
014834	34.388479	116.546508	242.051282	718.179487	8949.462	-586.0
014854	34.372274	116.585585	242.564103	709.974359	8754.077	-606.0
014914	34.3562	116.62435	243.1	702.9	8554.4	-625.3
014934	34.340867	116.66135	243.766667	702.233333	8330.4	-640.633
014954	34.325457	116.699228	244.0	699.725	8115.825	-633.325
015014	34.310007	116.737578	244.0	696.225	7906.325	-613.825
015034	34.294547	116.775917	244.0	691.533333	7707.767	-591.833
015054	34.279314	116.813668	244.0	685.5	7515.909	-576.773
015114	34.265357	116.848243	244.0	676.0	7327.333	-606.333
015134	34.25049	116.88511	244.0	676.0	7114.0	-593.0
015154	34.23577	116.921463	244.0	670.5	6920.1	-582.967
015214	34.221225	116.957413	244.25	661.125	6740.062	-579.0
015234	34.208433	116.994253	248.555556	662.722222	6525.167	-622.611
015254	34.197767	117.032864	250.777778	661.611111	6321.833	-617.056
015314	34.187337	117.070865	252.0	660.790698	6117.488	-610.86
015334	34.177198	117.108121	252.0	660.325581	5911.907	-603.884
015354	34.167059	117.1453	252.0	659.045455	5709.909	-598.591
015414	34.156923	117.1823	252.0	655.863636	5516.273	-597.227
015434	34.1467	117.219573	252.0	652.727273	5321.182	-597.0
015454	34.1357	117.2593	252.0	650.0	5113.0	-607.0
015514	34.125833	117.295167	252.0	648.0	4915.0	-544.333
015534	34.115479	117.332784	252.0	640.157895	4751.789	-483.526
015554	34.105252	117.370376	252.37931	627.931034	4601.448	-459.655
015614	34.095644	117.406398	253.046512	616.883721	4435.488	-458.977
015634	34.087086	117.441374	253.511628	605.72093	4290.372	-408.744
015654	34.078528	117.476351	253.976744	594.55814	4145.256	-358.512
015714	34.069265	117.508975	248.3	574.05	4080.05	-361.7
015734	34.058148	117.539848	247.424242	566.666667	3927.879	-425.333
015754	34.04716	117.5702	247.0	558.0	3770.6	-490.4
015814	34.036693	117.599533	247.0	544.666667	3612.6	-551.733
015834	34.025907	117.629453	247.0	542.0	3406.6	-612.0
015854	34.015186	117.660214	248.714286	541.714286	3188.571	-616.0
015914	34.006536	117.692045	255.5	540.318182	2992.045	-496.455
015934	34.00313	117.72236	263.9	536.7	2858.7	-417.4
015954	33.999997	117.753427	263.233333	528.033333	2716.7	-446.733
020014	33.99682	117.785403	263.0	525.433333	2561.267	-460.467
020034	33.99368	117.81768	263.12	525.88	2401.04	-449.16
020054	33.99088	117.84888	263.92	525.08	2254.64	-343.56
020114	33.98796	117.87888	263.4	503.4	2166.8	-256.8
020134	33.98508	117.90792	263.0	479.133333	2095.867	-210.0
020154	33.98228	117.93572	263.0	454.466667	2040.533	-220.0
020214	33.9796	117.96286	263.0	440.6	1952.2	-285.2
020234	33.976987	117.98942	263.0	432.466667	1846.333	-342.133
020254	33.974453	118.01522	263.0	431.133333	1719.667	-377.467
020314	33.97186	118.04114	263.0	431.0	1592.4	-316.8
020334	33.969233	118.06726	263.0	434.2	1493.867	-267.6
020354	33.966567	118.09366	263.0	442.2	1438.533	-251.6
020414	33.96403	118.119622	263.0	439.086957	1325.0	-337.652
020434	33.9616	118.14375	263.0	424.0	1204.0	-371.5
020454	33.959217	118.1673	263.0	406.833333	1079.833	-377.167
020514	33.956883	118.1909	263.0	394.166667	947.167	-361.833
020534	33.9546	118.2132	263.0	366.0	834.0	-335.0
020554	33.952383	118.234767	263.0	338.0	728.667	-308.333
020614	33.950317	118.255433	263.0	326.0	627.333	-293.667
020634	33.9485	118.2734	263.0	300.5	533.5	-274.5
020654	33.9468	118.290217	263.0	276.166667	444.667	-241.0
020714	33.9452	118.306283	263.0	268.833333	363.333	-169.0
020734	33.94362	118.32208	263.0	262.0	350.204	-172.944
020754	33.942028	118.337672	263.0	262.0	274.278	-211.833
020814	33.940435	118.353265	263.0	262.0	198.352	-250.722
