205025	40.6393	73.7966	302.0	248.0	160.0	0.0
205045	40.64595	73.8115	299.0	258.25	394.5	539.25
205105	40.65045	73.82835	279.0	293.0	518.0	328.5
205125	40.6473	73.84715	239.5	354.75	619.0	385.5
205145	40.6344	73.867	225.0	406.0	777.0	600.0
205205	40.616183	73.880569	204.8	448.771429	1021.029	849.171
205225	40.593097	73.876911	168.8	487.628571	1326.171	880.029
205245	40.5734	73.8638	135.0	521.0	1623.5	845.0
205305	40.562688	73.833038	103.125	548.125	1883.625	807.438
205325	40.563719	73.795131	80.9375	561.5625	2171.75	836.5
205345	40.568723	73.759219	78.538462	571.5	2437.654	723.269
205405	40.577535	73.725518	60.411765	578.058824	2640.882	586.176
205425	40.595767	73.6968	48.333333	584.333333	2832.333	501.667
205445	40.617471	73.668793	44.571429	605.0	2995.857	473.786
205505	40.640257	73.640614	43.857143	635.0	3137.286	473.429
205525	40.663043	73.612436	43.142857	665.0	3278.714	473.071
205545	40.687493	73.582373	42.466667	683.8	3457.4	523.133
205605	40.714312	73.553313	35.25	688.625	3646.0	596.625
205625	40.7445	73.537	11.777778	653.555556	3859.889	694.889
205645	40.775156	73.534536	1.04	632.56	4104.76	680.72
205705	40.806889	73.535084	132.263158	639.842105	4320.421	583.211
205725	40.8387	73.535629	359.0	661.0	4486.0	532.429
205745	40.8707	73.5362	359.0	676.0	4671.0	576.0
205805	40.906382	73.537735	357.117647	680.941176	4865.647	473.706
205825	40.940412	73.549265	336.235294	645.352941	4991.235	381.059
205845	40.962556	73.5735	311.111111	596.333333	5110.111	230.444
205905	40.975105	73.605737	290.526316	560.894737	5147.684	101.526
205925	40.98199	73.642343	282.0	551.466667	5176.3	190.167
205945	40.987787	73.67986	281.966667	554.3	5229.633	364.1
210005	40.99352	73.71706	281.3	560.3	5422.3	486.1
210025	40.99896	73.752867	281.0	566.666667	5601.4	563.367
210045	41.004183	73.787693	281.0	572.9	5772.667	602.5
210105	41.00985	73.82556	281.0	570.9	6006.0	612.5
210125	41.015443	73.86273	281.0	572.2	6208.9	592.067
210145	41.02097	73.899333	281.0	576.066667	6387.4	549.767
210205	41.02637	73.936	281.0	577.4	6575.4	565.1
210225	41.03188	73.973327	281.0	577.266667	6765.967	538.267
210245	41.037473	74.011167	281.0	576.333333	6955.367	476.967
210305	41.04294	74.0485	281.0	583.0	7082.7	416.3
210325	41.04848	74.08631	281.0	588.2	7212.6	402.933
210345	41.05408	74.124507	281.0	592.0	7345.633	421.9
210405	41.05968	74.16264	281.0	592.0	7498.3	319.9
210425	41.06539	74.201543	281.0	590.9	7583.5	192.967
210445	41.071167	74.240943	281.0	589.0	7612.267	51.733
210505	41.0765	74.27781	281.0	589.0	7617.6	26.4
210525	41.082053	74.316033	281.0	591.933333	7622.933	69.267
210545	41.087777	74.355346	281.0	597.269231	7633.538	170.5
210605	41.093315	74.394269	281.0	602.653846	7744.308	320.5
210625	41.0989	74.43298	281.6	604.0	7868.0	358.0
210645	41.1045	74.472	281.666667	606.666667	7988.0	355.667
210705	41.1101	74.5114	281.0	612.0	8100.0	351.0
210725	41.1159	74.551933	281.0	612.666667	8222.0	315.0
210745	41.1217	74.5927	280.666667	616.333333	8321.0	279.0
210805	41.1275	74.6337	280.0	623.0	8397.0	243.0
210825	41.134827	74.673692	286.153846	633.192308	8487.077	287.077
210845	41.145673	74.712308	293.846154	647.807692	8580.923	360.923
210905	41.160591	74.749164	297.575758	649.484848	8720.697	361.697
210925	41.176314	74.785814	300.0	649.571429	8855.429	333.286
210945	41.192386	74.822886	300.0	652.428571	8937.571	239.714
211005	41.209413	74.8623	300.0	658.333333	9006.8	257.8
211025	41.2264	74.90154	300.0	662.4	9091.0	311.2
211045	41.242733	74.939007	300.0	660.4	9217.667	381.867
211105	41.25864	74.975727	300.0	654.133333	9352.867	363.467
211125	41.2746	75.01268	300.0	648.6	9474.8	316.4
211145	41.290933	75.050613	300.0	647.266667	9560.8	254.4
211205	41.307	75.0878	300.0	647.888889	9639.333	238.0
211225	41.323	75.1248	300.0	649.0	9716.0	233.0
211245	41.339476	75.163276	300.0	649.0	9795.048	215.857
211305	41.355247	75.200097	300.0	652.8	9861.7	199.8
211325	41.37113	75.23725	300.0	656.8	9925.6	195.5
211345	41.387197	75.274917	300.0	660.8	9986.933	205.5
211405	41.403263	75.312393	300.0	659.1	10062.2	237.667
211425	41.41946	75.35024	300.0	658.0	10145.2	249.2
211445	41.435816	75.388551	300.0	658.0	10236.756	234.089
211505	41.452084	75.426752	299.68	656.56	10318.48	195.76
211525	41.468004	75.464512	298.08	649.36	10360.88	64.56
211545	41.480897	75.503197	293.566667	637.6	10363.0	21.267
211605	41.49285	75.54169	291.0	632.5	10363.0	0.0
211625	41.50385	75.57989	291.0	635.833333	10363.0	0.0
211645	41.515167	75.619673	291.0	644.233333	10363.0	0.0
211705	41.52671	75.66032	291.0	649.3	10363.0	2.4
211725	41.53851	75.70192	291.0	649.966667	10363.0	7.733
211745	41.550057	75.741747	291.0	649.366667	10368.067	12.433
211805	41.56186	75.78244	291.0	646.9	10373.1	10.5
211825	41.573993	75.824307	291.0	642.233333	10377.767	0.5
211845	41.58505	75.86364	291.0	641.366667	10373.567	-14.567
211905	41.59617	75.90314	291.0	641.9	10366.5	-23.0
211925	41.607437	75.943007	291.0	643.9	10356.5	-23.0
211945	41.618957	75.983633	291.0	645.9	10350.933	-13.5
212005	41.63046	76.02409	291.0	647.0	10348.0	-5.6
212025	41.641927	76.06429	291.0	647.0	10348.0	-0.267
212045	41.65318	76.10403	291.0	647.2	10349.5	19.5
212105	41.66438	76.143563	291.0	648.533333	10359.5	16.167
212125	41.675667	76.18366	290.566667	650.3	10363.0	11.967
212145	41.68704	76.22425	290.1	652.1	10363.8	8.7
212205	41.69864	76.265917	290.766667	652.766667	10369.133	13.367
212225	41.710457	76.308277	291.0	653.866667	10374.033	8.5
212245	41.7222	76.35034	290.9	655.3	10377.3	-0.8
212305	41.732867	76.388607	290.233333	657.3	10372.633	-6.133
212325	41.743923	76.42839	290.0	656.7	10371.0	-8.0
212345	41.75531	76.46944	290.1	655.0	10370.2	-8.4
212405	41.767377	76.51304	290.766667	655.0	10364.867	-11.067
212425	41.778909	76.554676	290.711111	654.133333	10360.978	-8.533
212445	41.790153	76.595253	290.266667	652.8	10357.867	-3.2
212505	41.801167	76.63512	290.0	651.466667	10357.867	0.0
212525	41.811833	76.67392	290.0	650.133333	10362.533	0.0
212545	41.82328	76.71548	290.0	650.0	10358.8	-4.8
212605	41.834547	76.75644	290.0	650.533333	10356.0	-5.867
212625	41.845413	76.79604	290.0	651.866667	10356.0	-0.533
212645	41.85694	76.83816	290.0	656.8	10356.0	4.8
212705	41.868353	76.879867	290.0	660.0	10357.867	9.867
212725	41.879487	76.920533	290.0	660.0	10362.533	14.533
212745	41.89074	76.96198	290.0	658.8	10367.8	10.8
212805	41.901953	77.003353	290.0	658.533333	10371.0	5.867
212825	41.913087	77.044487	290.0	659.866667	10371.0	0.533
212845	41.92458	77.0867	290.0	660.0	10371.0	0.0
212905	41.9359	77.128527	290.0	659.466667	10371.0	-2.133
212925	41.9469	77.169593	290.0	658.133333	10371.0	-7.467
212945	41.95844	77.21252	290.0	656.2	10366.2	-8.0
213005	41.969507	77.253733	290.0	654.2	10363.0	-3.733
213025	41.979773	77.292067	290.0	652.2	10363.0	6.933
213045	41.991	77.334	290.0	650.8	10367.8	3.2
213105	42.00204	77.375373	290.0	650.0	10368.867	-2.133
213125	42.01264	77.415307	290.0	650.0	10363.533	-7.467
213145	42.02366	77.45578	290.0	650.0	10363.0	-8.0
213205	42.034833	77.496873	290.0	650.0	10361.133	-9.867
213225	42.046167	77.538807	290.0	650.0	10356.467	-14.533
213245	42.05726	77.5799	290.0	651.2	10351.2	-6.0
213305	42.06838	77.62082	290.0	652.0	10350.133	1.6
213325	42.07958	77.66162	290.0	652.0	10355.467	5.6
213345	42.09086	77.70338	290.0	654.4	10356.0	6.0
213405	42.102149	77.745247	290.0	657.066667	10356.0	6.0
213425	42.113337	77.786767	290.0	658.866667	10359.033	6.867
213445	42.12449	77.82816	290.1	660.0	10363.0	8.7
213505	42.135757	77.869893	290.766667	660.0	10363.0	13.367
213525	42.14685	77.911237	290.566667	660.0	10369.5	15.0
213545	42.15789	77.9525	290.0	659.8	10378.0	13.5
213605	42.169157	77.9945	290.0	658.466667	10378.0	3.5
213625	42.180293	78.036327	290.0	655.833333	10378.0	-3.467
213645	42.19136	78.07807	289.9	652.9	10377.3	-8.7
213705	42.202427	78.11987	289.233333	652.233333	10372.633	-13.367
213725	42.213103	78.160283	289.0	651.133333	10367.533	-15.0
213745	42.2232	78.20039	288.1	649.2	10362.3	-14.4
213805	42.2312	78.24299	282.1	643.866667	10357.633	-10.4
213825	42.2366	78.286139	276.388889	641.277778	10356.0	-2.5
213845	42.237343	78.3291	270.714286	641.428571	10356.0	0.0
213905	42.237	78.3719	265.0	642.0	10356.0	0.0
213925	42.234467	78.4133	265.0	645.333333	10356.0	5.333
213945	42.231867	78.4565	265.0	647.0	10358.333	8.0
214005	42.2292	78.5015	265.0	647.0	10363.0	8.0
214025	42.2264	78.544233	265.0	647.0	10363.0	8.0
214045	42.223667	78.587633	265.0	648.0	10365.667	5.333
214105	42.221	78.6317	265.0	650.0	10371.0	0.0
214125	42.2182	78.676167	265.0	651.333333	10365.667	0.0
214145	42.215433	78.72	265.0	651.0	10365.667	2.667
214205	42.2127	78.7632	265.0	649.0	10371.0	8.0
214225	42.2097	78.807133	265.0	649.0	10371.0	2.667
214245	42.206867	78.8496	265.0	647.333333	10371.0	0.0
214305	42.2042	78.8906	265.0	644.0	10371.0	0.0
214325	42.201267	78.934467	265.0	642.666667	10371.0	-5.333
214345	42.198367	78.9782	265.0	640.0	10368.333	-8.0
214405	42.1955	79.0218	265.0	636.0	10363.0	-8.0
214425	42.192767	79.062	265.0	634.666667	10363.0	-8.0
214445	42.191054	79.1046	267.692308	634.769231	10360.308	-9.154
214505	42.190947	79.148576	272.941176	636.0	10356.0	-8.412
214525	42.193005	79.189391	274.090909	635.363636	10356.0	0.0
214545	42.193991	79.231785	269.705882	634.0	10356.0	-1.029
214605	42.192756	79.273726	268.529412	634.0	10356.0	-5.147
214625	42.19143	79.316837	267.633333	634.0	10353.067	-4.433
214645	42.19003	79.360853	267.033333	634.066667	10348.267	0.5
214705	42.18863	79.40392	267.7	635.4	10353.6	10.5
214725	42.18723	79.44673	267.633333	636.366667	10358.567	12.433
214745	42.185827	79.48927	267.0	637.0	10363.0	7.733
214805	42.18436	79.53067	267.0	637.0	10363.0	2.4
214825	42.18282	79.574123	267.0	637.733333	10363.0	2.933
214845	42.18123	79.619063	267.0	639.0	10363.267	8.0
214905	42.17983	79.66033	267.0	639.0	10368.6	8.0
214925	42.17832	79.702513	267.0	639.733333	10371.0	5.067
214945	42.176723	79.745473	267.0	641.1	10371.0	0.0
215005	42.17519	79.78894	267.0	643.1	10371.0	0.0
215025	42.173657	79.8316	267.0	645.1	10371.0	0.0
215045	42.172113	79.873767	267.0	647.066667	10371.0	0.267
215105	42.17038	79.9191	267.0	648.4	10371.0	5.6
215125	42.168757	79.962233	267.0	646.433333	10373.567	5.067
215145	42.16722	80.003693	267.0	642.0	10377.767	-0.267
215205	42.16562	80.04756	267.0	642.0	10373.1	-5.6
215225	42.163983	80.091097	267.0	641.633333	10371.0	-8.0
215245	42.162317	80.134343	267.0	640.933333	10370.733	-8.233
215305	42.16065	80.17721	267.0	639.6	10365.4	-12.9
215325	42.158947	80.21982	267.0	638.266667	10360.433	-12.433
215345	42.15721	80.262303	267.0	636.966667	10356.0	-7.733
215405	42.15541	80.30637	267.0	636.3	10356.0	-2.4
215425	42.153629	80.349429	267.0	636.0	10356.0	0.0
215445	42.151887	80.390893	267.0	636.0	10356.0	0.0
215505	42.15014	80.432227	267.0	636.0	10356.0	0.0
215525	42.14834	80.47436	267.0	636.0	10356.0	0.0
215545	42.146587	80.516913	267.0	636.0	10356.0	0.0
215605	42.14484	80.559513	267.133333	636.0	10356.0	0.0
215625	42.14304	80.60158	267.8	636.0	10356.0	0.0
215645	42.141193	80.64374	267.533333	638.333333	10356.0	3.733
215705	42.139313	80.686273	267.0	641.133333	10356.933	8.0
215725	42.13738	80.73014	267.0	641.8	10361.6	8.0
215745	42.135447	80.773213	267.0	642.933333	10363.0	4.267
215805	42.1335	80.81636	267.0	644.4	10363.0	0.0
215825	42.1315	80.86116	267.0	646.4	10363.0	0.0
215845	42.129578	80.903067	267.0	648.555556	10363.0	7.0
215905	42.1276	80.94656	266.466667	649.0	10367.267	4.2
215925	42.1256	80.99052	266.0	649.2	10369.4	-1.6
215945	42.1236	81.03392	266.0	649.866667	10364.067	-6.933
220005	42.121493	81.07796	266.0	651.066667	10363.0	0.533
220025	42.11938	81.12162	266.0	652.2	10364.6	8.0
220045	42.117313	81.16402	266.0	652.866667	10369.933	8.0
220105	42.11514	81.207647	266.0	653.0	10371.0	3.733
220125	42.11296	81.25134	266.0	653.0	10371.0	0.0
220145	42.110827	81.294473	266.0	653.0	10371.0	0.0
220205	42.108587	81.338407	266.0	653.0	10371.0	-4.267
220225	42.10634	81.38264	266.0	652.8	10369.4	-9.4
220245	42.10414	81.427107	266.0	652.133333	10364.067	-14.067
220305	42.101887	81.470773	266.0	652.533333	10359.267	-7.0
220325	42.09964	81.51412	266.0	653.0	10357.4	1.6
220345	42.09744	81.557187	266.0	653.0	10362.067	6.933
220405	42.095133	81.601533	266.0	653.0	10363.0	-0.533
220425	42.09284	81.6456	266.0	653.0	10361.6	-6.4
220445	42.09064	81.688267	266.0	653.0	10356.933	-1.067
220505	42.088227	81.733707	266.0	653.0	10359.733	0.0
220525	42.08582	81.77854	266.0	653.0	10361.6	-1.6
220545	42.083553	81.82034	266.0	653.0	10356.933	-6.933
220605	42.08118	81.8639	266.0	653.0	10356.0	-3.733
220625	42.07884	81.90718	266.0	654.0	10356.0	0.0
220645	42.07664	81.94878	266.0	657.333333	10356.0	0.0
220705	42.07428	81.992353	266.0	659.6	10356.0	4.267
220725	42.07184	82.03682	266.0	661.8	10357.4	8.0
220745	42.069307	82.08222	266.0	664.466667	10362.067	8.0
220805	42.06672	82.12794	266.0	668.2	10363.0	8.0
220825	42.06412	82.17336	266.0	671.6	10364.6	8.0
220845	42.06152	82.217893	266.0	673.6	10369.933	8.0
220905	42.058973	82.262853	266.0	674.0	10371.0	3.733
220925	42.05642	82.30768	265.8	674.0	10371.0	0.0
220945	42.05382	82.351947	265.133333	674.0	10371.0	0.0
221005	42.051113	82.3976	265.533333	675.066667	10371.0	-4.267
221025	42.04842	82.4431	265.8	676.0	10369.4	-8.0
221045	42.04582	82.487433	265.133333	676.0	10364.067	-8.0
221105	42.043167	82.531607	265.0	677.066667	10363.0	-3.733
221125	42.04042	82.57684	265.0	678.2	10363.0	0.0
221145	42.037487	82.62464	265.0	678.866667	10363.0	0.0
221205	42.034713	82.670093	265.0	680.066667	10363.0	0.0
221225	42.03194	82.71548	265.0	682.0	10363.0	1.6
221245	42.029073	82.76208	265.0	685.333333	10363.0	6.933
221305	42.02626	82.807347	265.0	686.533333	10367.267	8.0
221325	42.0234	82.85268	265.0	687.4	10371.0	6.4
221345	42.0204	82.898947	265.0	688.733333	10371.0	1.067
221405	42.017507	82.943827	265.0	687.4	10371.0	0.0
221425	42.01458	82.98924	265.0	685.6	10371.0	-1.6
221445	42.011513	83.036707	265.0	684.266667	10371.0	-6.933
221505	42.008553	83.08188	265.0	682.4	10366.733	-11.733
221525	42.00564	83.12676	265.0	680.6	10361.6	-13.6
221545	42.002773	83.172293	265.0	679.266667	10356.933	-8.933
221605	41.999853	83.217293	265.0	678.466667	10356.0	-3.733
221625	41.996911	83.261744	265.0	678.222222	10356.0	0.0
221645	41.993948	83.305226	265.0	678.962963	10356.0	0.0
221705	41.990697	83.353	265.0	678.366667	10356.0	0.0
221725	41.98752	83.39947	265.0	678.0	10356.0	0.0
221745	41.984453	83.44407	265.0	678.0	10356.0	0.0
221805	41.981387	83.488543	265.0	676.733333	10356.0	5.067
221825	41.97832	83.53268	265.0	676.0	10358.1	8.0
221845	41.975253	83.576413	265.0	676.0	10362.767	8.0
221905	41.971997	83.622997	265.0	676.0	10363.0	2.933
221925	41.96876	83.66952	265.0	676.6	10363.0	0.0
221945	41.96556	83.715787	265.0	677.933333	10363.0	0.0
222005	41.962233	83.760407	264.366667	679.9	10363.0	0.0
222025	41.95896	83.80512	264.3	681.0	10363.0	2.4
222045	41.95576	83.850053	264.966667	681.0	10363.0	7.733
222105	41.952497	83.895873	265.0	682.9	10368.067	8.0
222125	41.94929	83.94051	265.0	684.6	10371.0	5.6
222145	41.946157	83.983643	265.0	685.933333	10371.0	0.267
222205	41.942833	84.02912	264.366667	686.633333	10371.0	-5.067
222225	41.93953	84.0746	264.0	687.0	10368.6	-8.0
222245	41.936263	84.119933	264.0	687.0	10363.267	-8.0
222305	41.932617	84.16837	264.0	688.266667	10363.0	2.133
222325	41.9291	84.21556	264.0	689.0	10365.4	8.0
222345	41.925767	84.261027	264.0	689.0	10370.733	8.0
222405	41.922433	84.305797	264.633333	687.733333	10371.0	-2.133
222425	41.91895	84.35098	264.7	687.6	10368.6	-8.0
222445	41.915283	84.396713	264.033333	688.933333	10363.267	-8.0
222505	41.911807	84.44251	264.633333	689.0	10363.0	-2.933
222525	41.9084	84.48744	264.7	689.0	10363.0	0.0
222545	41.905067	84.531307	264.033333	689.0	10363.0	0.0
222605	41.901353	84.57967	264.0	689.0	10363.0	0.0
222625	41.89768	84.62632	264.0	689.3	10363.0	0.0
222645	41.89408	84.670587	264.0	689.966667	10363.0	0.0
222705	41.890353	84.717387	264.0	690.0	10363.0	0.0
222725	41.88665	84.76384	264.0	690.0	10363.0	0.0
222745	41.882983	84.809707	264.0	690.0	10363.0	0.0
222805	41.87938	84.853737	264.0	690.0	10363.0	0.0
222825	41.87566	84.89935	264.0	690.0	10363.0	0.0
222845	41.871793	84.947017	264.0	690.0	10363.0	0.0
222905	41.86799	84.993353	264.0	691.266667	10363.0	0.0
222925	41.86416	85.0392	263.7	693.5	10363.0	0.0
222945	41.860293	85.084533	263.033333	696.833333	10363.0	0.0
223005	41.856363	85.13145	263.633333	697.0	10363.0	0.0
223025	41.85255	85.17785	264.0	697.3	10363.0	0.0
223045	41.848883	85.223517	264.0	697.966667	10363.0	0.0
223105	41.844963	85.270197	264.0	698.0	10363.0	0.0
223125	41.84103	85.31708	264.0	698.0	10363.0	-2.4
223145	41.837097	85.364147	264.0	698.0	10363.0	-7.733
223205	41.833227	85.409693	264.0	700.533333	10358.567	-8.0
223225	41.82927	85.45567	263.7	702.3	10356.0	-3.2
223245	41.825203	85.50227	263.033333	702.966667	10356.0	7.467
223305	41.8212	85.547983	263.0	706.166667	10360.433	12.433
223325	41.81714	85.5947	263.3	708.0	10365.4	15.0
223345	41.813007	85.6427	263.966667	708.0	10370.733	15.0
223405	41.808873	85.689877	263.366667	709.266667	10375.433	5.5
223425	41.80471	85.7368	263.0	709.4	10375.9	-2.4
223445	41.80051	85.783467	263.0	708.066667	10371.233	-7.733
223505	41.796247	85.830387	263.0	706.1	10371.0	-8.0
223525	41.79198	85.87744	263.0	705.9	10368.6	-8.0
223545	41.787713	85.92464	263.0	707.9	10363.267	-8.0
223605	41.78332	85.97279	263.0	708.0	10363.0	-8.0
223625	41.77907	86.01925	263.0	708.6	10360.9	-8.0
223645	41.775003	86.063583	263.0	709.933333	10356.233	-8.0
223705	41.77043	86.113807	263.0	711.9	10356.0	-2.933
223725	41.76604	86.16152	263.0	713.9	10356.0	0.0
223745	41.761907	86.205787	263.0	715.9	10356.0	0.0
223805	41.757393	86.254297	263.0	717.9	10356.0	9.5
223825	41.752984	86.301945	263.0	719.580645	10360.355	15.0
223845	41.748726	86.348268	263.0	720.870968	10370.032	15.0
223905	41.7441	86.39682	263.0	722.2	10371.0	6.0
223925	41.739478	86.445167	263.0	723.444444	10371.0	0.0
223945	41.734967	86.492667	263.0	724.0	10371.0	0.0
224005	41.7305	86.54	263.0	724.0	10371.0	0.0
224025	41.725958	86.587982	263.0	726.0	10371.0	0.0
224045	41.721116	86.637613	263.0	726.0	10371.0	0.0
224105	41.71633	86.68676	263.0	725.8	10371.0	0.0
224125	41.711863	86.73316	263.0	724.466667	10371.0	0.0
224145	41.707231	86.780456	263.0	722.916667	10371.0	-2.889
224205	41.702508	86.828233	263.0	721.25	10371.0	-7.333
224225	41.697924	86.874908	263.0	719.64	10365.56	-14.12
224245	41.69322	86.9227	262.6	717.8	10360.2	-13.4
224305	41.688433	86.97116	262.0	716.2	10356.0	-8.0
224325	41.683767	87.01776	262.0	718.2	10356.0	-8.0
224345	41.67906	87.06436	262.0	717.8	10352.8	-4.8
224405	41.674327	87.111033	262.0	716.0	10348.533	0.0
224425	41.669593	87.158367	262.0	716.0	10353.867	0.0
224445	41.66474	87.20666	262.0	718.0	10352.8	-3.2
224505	41.659793	87.255647	262.0	721.133333	10348.0	-6.933
224525	41.654727	87.305113	262.0	722.466667	10348.0	3.733
224545	41.64986	87.35222	262.0	724.2	10351.2	10.8
224605	41.645093	87.398013	262.0	726.2	10356.467	15.0
224625	41.640027	87.446147	262.0	728.2	10361.133	15.0
224645	41.63492	87.49492	262.0	730.2	10366.2	15.0
224705	41.629813	87.54384	262.0	732.133333	10371.467	14.533
224725	41.624947	87.59024	262.0	733.466667	10376.133	9.867
224745	41.62	87.63748	262.0	733.2	10378.0	4.8
224805	41.614967	87.685433	262.0	732.0	10378.0	0.0
224825	41.609633	87.734767	262.0	732.0	10378.0	0.0
224845	41.60446	87.78354	262.0	730.8	10378.0	0.0
224905	41.5994	87.831793	262.0	728.8	10378.0	-0.533
224925	41.5944	87.878727	262.0	726.8	10378.0	-5.867
224945	41.58924	87.92618	262.0	725.2	10375.2	-14.0
225005	41.58398	87.974	262.0	723.8	10370.0	-22.467
225025	41.57878	88.022	262.0	721.8	10360.0	-17.133
225045	41.57358	88.06948	262.0	720.2	10356.0	-12.2
225105	41.568367	88.116693	262.0	719.0	10355.467	-8.067
225125	41.563033	88.164627	262.0	719.0	10350.133	-8.733
225145	41.557814	88.211857	262.0	719.0	10348.0	1.286
225205	41.552603	88.25853	262.0	719.733333	10350.933	8.633
225225	41.547333	88.305177	261.966667	721.066667	10356.0	7.733
225245	41.542	88.35271	261.3	722.4	10356.0	2.4
225305	41.536667	88.40006	261.366667	723.0	10356.0	2.933
225325	41.531333	88.44726	262.0	723.0	10356.233	8.0
225345	41.526	88.49446	262.0	723.0	10360.9	8.0
225405	41.52063	88.542063	261.633333	724.1	10363.0	8.0
225425	41.515227	88.589943	261.0	726.0	10363.267	8.0
225445	41.50976	88.63681	261.0	726.0	10368.6	8.0
225505	41.504257	88.68397	261.0	726.0	10371.0	1.4
225525	41.498725	88.731419	261.0	726.0	10370.5	-10.0
225545	41.493233	88.779517	261.0	726.0	10363.0	-8.333
225605	41.487767	88.826783	261.0	726.0	10363.0	-1.667
225625	41.4822	88.8745	261.0	726.0	10363.0	0.0
225645	41.476583	88.922567	261.0	726.0	10363.0	-1.333
225705	41.470917	88.971233	261.0	726.0	10363.0	-6.667
225725	41.46525	89.01945	261.0	726.0	10359.5	-4.0
225745	41.4596	89.067333	261.0	726.0	10357.167	1.333
225805	41.454	89.114667	261.0	726.0	10361.833	6.667
225825	41.4483	89.16245	261.0	726.5	10363.0	4.0
225845	41.4426	89.210133	261.0	727.0	10363.0	0.0
225905	41.437	89.257067	261.0	727.0	10363.0	0.0
225925	41.43135	89.30445	261.0	727.0	10363.0	0.0
225945	41.4257	89.351567	261.166667	727.333333	10363.0	0.0
230005	41.4201	89.397433	261.833333	728.666667	10363.0	0.0
230025	41.4142	89.44595	261.5	730.5	10363.0	0.0
230045	41.408232	89.494774	261.0	732.0	10363.0	1.129
230105	41.402361	89.541871	261.0	732.0	10363.0	5.645
230125	41.396445	89.589826	261.0	732.903226	10366.613	7.452
230145	41.3905	89.63817	261.0	734.0	10371.0	7.2
230205	41.3845	89.686637	261.0	734.0	10371.0	1.867
230225	41.378413	89.73545	261.0	734.0	10371.0	0.0
230245	41.37233	89.78409	261.0	733.8	10371.0	0.0
230305	41.36653	89.83069	261.0	732.466667	10371.0	0.0
230325	41.360513	89.878807	261.0	730.7	10371.0	0.0
230345	41.35438	89.92757	260.9	728.8	10371.0	-0.8
230405	41.348247	89.97537	260.233333	727.466667	10371.0	-6.133
230425	41.342287	90.02226	260.0	725.7	10367.533	-8.0
230445	41.33641	90.06869	260.0	724.0	10363.0	-8.0
230505	41.330477	90.11529	260.0	724.0	10363.0	-8.0
230525	41.32437	90.162973	260.0	723.566667	10359.967	-8.0
230545	41.31821	90.2109	260.0	722.8	10356.0	-7.2
230605	41.312277	90.2569	260.0	721.466667	10356.0	-1.867
230625	41.306213	90.303507	260.0	721.0	10356.0	0.0
230645	41.30004	90.35079	260.0	721.0	10356.0	0.0
230705	41.29364	90.400057	260.0	721.0	10356.0	0.0
230725	41.287543	90.44655	260.0	721.0	10356.0	3.467
230745	41.28155	90.49195	260.0	721.2	10356.7	8.0
230805	41.275217	90.539617	260.0	722.533333	10361.367	8.0
230825	41.268927	90.58672	260.0	723.433333	10363.0	4.533
230845	41.26267	90.63352	260.0	724.0	10363.0	0.0
230905	41.25647	90.68032	260.0	724.0	10363.0	0.0
230925	41.250097	90.728073	260.0	724.0	10363.0	0.0
230945	41.24366	90.77607	260.0	724.0	10363.0	0.0
231005	41.237393	90.822537	260.0	724.0	10363.0	0.0
231025	41.230997	90.86987	260.0	723.566667	10363.0	0.0
231045	41.22456	90.91741	260.0	723.0	10363.0	0.8
231105	41.218293	90.963477	260.0	723.0	10363.0	6.133
231125	41.212027	91.0095	260.0	723.0	10366.467	8.0
231145	41.20571	91.05583	260.0	723.0	10371.0	7.2
231205	41.19911	91.10403	260.0	723.0	10371.0	1.867
231225	41.192683	91.150843	260.0	722.133333	10371.0	-3.467
231245	41.18631	91.19717	260.0	720.8	10370.2	-8.0
231305	41.17971	91.24497	260.0	719.466667	10364.867	-8.0
231325	41.17298	91.29329	260.0	719.0	10363.0	-8.0
231345	41.16626	91.34139	260.0	719.0	10362.3	-8.0
231405	41.159993	91.386657	260.0	719.0	10357.633	-8.0
231425	41.153467	91.43305	259.566667	719.866667	10356.0	-4.533
231445	41.14684	91.47988	259.1	721.0	10356.0	0.8
231505	41.14044	91.525747	259.766667	721.0	10356.0	6.133
231525	41.13365	91.573823	259.566667	721.866667	10359.033	8.0
231545	41.12675	91.62242	259.0	723.0	10363.0	7.2
231605	41.120417	91.66722	259.0	723.0	10363.0	1.867
231625	41.113693	91.714403	259.0	723.0	10363.0	0.0
231645	41.10681	91.76251	259.0	723.1	10363.0	0.0
231705	41.10021	91.808577	259.0	723.766667	10363.0	0.0
231725	41.093567	91.854687	259.0	724.0	10363.0	0.0
231745	41.086855	91.9011	259.0	724.193548	10363.0	0.0
231805	41.079887	91.9491	259.0	725.483871	10363.0	0.0
231825	41.07286	91.99726	259.0	726.4	10363.0	0.0
231845	41.06584	92.04522	259.0	727.133333	10363.0	0.0
231905	41.05924	92.09042	259.0	728.466667	10363.0	0.0
231925	41.0524	92.13738	259.0	730.2	10363.0	0.0
231945	41.045387	92.185527	259.0	732.133333	10363.0	0.533
232005	41.038253	92.233793	259.0	733.466667	10363.0	5.867
232025	41.0312	92.28122	259.0	734.4	10366.2	8.0
232045	41.024173	92.328307	259.0	735.0	10371.0	7.467
232105	41.016907	92.377373	259.0	735.0	10371.0	2.133
232125	41.01	92.42392	259.0	735.0	10371.0	0.0
232145	41.003265	92.469158	259.0	735.0	10371.0	0.0
232205	40.99591	92.517739	259.0	735.0	10371.0	0.0
232225	40.98875	92.565267	259.0	734.633333	10371.0	-2.933
232245	40.981737	92.611963	259.0	734.0	10370.733	-8.233
232305	40.97447	92.65923	259.0	734.0	10365.4	-12.9
232325	40.967387	92.705763	259.0	734.366667	10360.433	-12.433
232345	40.960433	92.75182	259.0	735.0	10356.0	-7.733
232405	40.9531	92.80022	259.0	735.0	10356.0	-2.4
232425	40.94573	92.848253	258.633333	735.733333	10356.0	2.933
232445	40.938337	92.89595	258.0	737.0	10356.233	8.233
232505	40.93107	92.94295	258.0	737.0	10360.9	12.9
232525	40.92362	92.991013	258.0	737.0	10365.933	12.433
232545	40.91603	93.039883	258.0	737.0	10371.0	7.733
232605	40.90863	93.08755	258.0	737.0	10371.0	2.4
232625	40.90123	93.134923	258.0	736.266667	10371.0	0.0
232645	40.893833	93.182037	258.0	734.9	10371.0	-0.267
232705	40.8865	93.22877	258.0	732.9	10371.0	-5.6
232725	40.87902	93.2762	258.0	730.9	10368.067	-10.567
232745	40.87144	93.324097	258.0	728.933333	10362.767	-14.767
232805	40.86424	93.37003	258.0	727.6	10358.1	-10.1
232825	40.85682	93.416917	258.0	727.0	10356.0	-5.067
232845	40.849237	93.464483	258.0	727.0	10356.0	0.0
232905	40.84197	93.51015	258.0	727.0	10356.0	0.0
232925	40.83452	93.55688	258.0	728.833333	10356.0	0.0
232945	40.826926	93.604442	258.0	732.0	10356.0	0.0
233005	40.819442	93.651281	258.0	732.0	10356.0	0.0
233025	40.8118	93.698733	258.0	733.0	10356.0	2.667
233045	40.804	93.7468	258.0	735.0	10356.0	8.0
233105	40.796258	93.794413	258.0	736.290323	10360.516	8.0
233125	40.78852	93.84187	258.0	737.9	10363.0	8.0
233145	40.780787	93.889137	258.0	739.9	10363.0	8.0
233205	40.773106	93.936181	258.0	740.0	10367.903	8.0
233225	40.765327	93.983733	258.0	740.533333	10371.0	5.867
233245	40.757393	94.032067	258.0	741.866667	10371.0	0.533
233305	40.7497	94.07896	258.0	743.8	10371.0	0.0
233325	40.7419	94.126147	258.0	745.0	10371.0	0.0
233345	40.7339	94.174013	258.0	745.0	10371.0	0.0
233405	40.7259	94.22212	258.0	745.0	10371.0	-4.8
233425	40.717926	94.270071	258.0	743.709677	10368.935	-9.806
233445	40.70999	94.317748	258.0	740.483871	10363.774	-14.323
233505	40.702057	94.365247	257.433333	740.0	10359.033	-11.033
233525	40.694077	94.412713	257.233333	740.466667	10356.0	-6.133
233545	40.68601	94.46018	257.9	741.8	10356.0	-0.8
233605	40.677943	94.507817	258.0	743.7	10356.0	0.0
233625	40.669947	94.555087	258.0	745.7	10356.0	0.0
233645	40.66208	94.60162	258.0	747.7	10356.0	0.0
233705	40.65393	94.64957	257.433333	749.133333	10356.0	4.533
233725	40.645753	94.69756	257.0	750.466667	10357.633	9.633
233745	40.63762	94.74516	257.0	751.8	10362.3	14.3
233805	40.629147	94.794177	257.0	752.566667	10367.533	15.0
233825	40.620753	94.842767	257.0	753.0	10372.633	11.5
233845	40.61262	94.8901	257.0	753.0	10377.3	1.5
233905	40.604487	94.937603	257.0	752.433333	10374.033	-4.533
233925	40.59619	94.98572	257.0	752.0	10371.0	-8.0
233945	40.58759	95.03492	257.0	752.0	10371.0	-8.0
234005	40.579226	95.082826	257.0	752.548387	10366.613	-8.0
234025	40.57082	95.13094	257.0	753.0	10363.0	-8.0
234045	40.56222	95.180073	257.0	753.0	10363.0	-8.0
234105	40.55394	95.22718	257.0	753.0	10359.267	-8.0
234125	40.54568	95.274	257.0	753.6	10356.0	-6.4
234145	40.53728	95.321333	257.0	755.6	10356.0	-1.067
234205	40.528507	95.370907	257.0	757.066667	10356.0	4.267
234225	40.51974	95.4204	257.0	758.0	10357.4	8.0
234245	40.511207	95.4684	257.0	758.0	10362.067	8.0
234305	40.50262	95.516347	257.0	759.6	10363.0	3.733
234325	40.494006	95.564513	257.0	761.387097	10363.0	0.0
234345	40.485361	95.613223	257.0	762.677419	10363.0	0.0
234405	40.4767	95.6613	257.0	763.0	10363.0	4.0
234425	40.467983	95.70945	257.0	763.5	10364.333	8.0
234445	40.459117	95.75845	257.0	765.5	10369.667	8.0
234505	40.45015	95.80765	257.0	767.5	10371.0	4.0
234525	40.441158	95.856842	257.0	768.516129	10371.0	0.0
234545	40.43219	95.90581	257.0	766.580645	10371.0	0.0
234605	40.423387	95.954333	256.533333	766.0	10371.0	-3.733
234625	40.414613	96.00268	256.0	766.0	10369.933	-8.0
234645	40.40568	96.05108	256.0	766.0	10364.6	-8.0
234705	40.396653	96.100087	256.0	766.0	10363.0	-4.267
234725	40.38764	96.149087	256.0	766.0	10363.0	-1.067
234745	40.37884	96.19702	256.0	766.0	10363.0	-6.4
234805	40.369947	96.245093	256.0	766.0	10359.733	-4.267
234825	40.360933	96.293587	256.0	766.0	10356.933	0.0
234845	40.3516	96.34352	256.0	766.0	10361.6	0.0
234905	40.342453	96.392333	256.0	766.0	10359.733	0.0
234925	40.333387	96.440627	256.0	765.733333	10356.933	1.067
234945	40.32432	96.48876	256.0	764.4	10361.6	6.4
235005	40.315067	96.53792	256.0	764.0	10363.0	4.267
235025	40.30584	96.587	256.0	764.0	10363.0	0.0
235045	40.29704	96.634	256.0	764.0	10363.0	0.0
235105	40.28796	96.681933	256.0	764.933333	10363.0	0.0
235125	40.27872	96.730547	256.0	766.4	10363.0	0.0
235145	40.26932	96.78028	256.0	768.4	10363.0	0.0
235205	40.259873	96.82936	256.0	769.0	10363.0	0.0
235225	40.25046	96.87796	256.0	769.0	10363.0	0.0
235245	40.24126	96.92576	256.0	769.0	10363.0	0.0
235305	40.232042	96.973474	256.0	769.0	10363.0	0.0
235325	40.2228	97.02131	256.0	769.2	10363.0	-0.8
235345	40.213467	97.070043	256.0	770.533333	10363.0	-6.133
235405	40.203873	97.11947	256.0	771.0	10359.967	-4.533
235425	40.1942	97.16901	256.0	771.0	10356.7	0.8
235445	40.184867	97.217077	256.0	771.0	10361.367	6.133
235505	40.17523	97.26614	256.0	771.0	10363.0	4.533
235525	40.165497	97.315471	256.0	771.0	10363.0	0.0
235545	40.156142	97.363277	256.0	771.0	10363.0	0.0
235605	40.14664	97.4116	256.0	771.4	10363.0	0.0
235625	40.137027	97.46032	256.0	772.133333	10363.0	0.0
235645	40.127293	97.50952	256.0	773.466667	10363.0	0.0
235705	40.11764	97.55832	256.0	774.0	10363.0	0.0
235725	40.108047	97.606793	255.933333	774.2	10363.0	0.0
235745	40.098513	97.654727	255.266667	776.2	10363.0	0.0
235805	40.0887	97.703823	255.0	777.0	10363.0	0.0
235825	40.078707	97.753663	255.0	776.966667	10363.0	0.0
235845	40.06884	97.80293	255.0	776.3	10363.0	0.0
235905	40.059083	97.851463	255.0	776.366667	10363.0	0.0
235925	40.04939	97.899516	255.0	776.967742	10363.0	0.0
235945	40.039197	97.949839	255.0	776.322581	10363.0	0.0
000005	40.0292	97.9992	255.0	776.333333	10363.0	0.0
000025	40.0194	98.0476	255.0	777.0	10363.0	0.0
000045	40.009667	98.0958	255.0	778.333333	10363.0	0.0
000105	39.999867	98.1441	255.0	779.0	10363.0	0.0
000125	39.99	98.1925	255.0	779.0	10363.0	0.0
000145	39.979733	98.2423	255.0	781.0	10363.0	0.0
000205	39.969533	98.291733	255.0	783.0	10363.0	0.0
000225	39.9594	98.3408	255.0	785.0	10363.0	0.0
000245	39.949333	98.3896	255.0	785.0	10363.0	0.0
000305	39.939133	98.4391	255.0	785.666667	10363.0	0.0
000325	39.9288	98.4893	255.0	787.0	10363.0	0.0
000345	39.919123	98.535494	255.0	785.709677	10363.0	0.0
000405	39.90903	98.58382	255.0	785.6	10363.0	0.0
000425	39.89843	98.634753	255.0	786.933333	10363.0	0.0
000445	39.888339	98.682655	255.0	787.0	10363.0	0.0
000505	39.87798	98.73186	255.0	787.533333	10363.0	0.0
000525	39.86718	98.78326	255.0	788.866667	10363.0	0.0
000545	39.85686	98.8325	255.0	789.0	10363.0	0.0
000605	39.84654	98.8815	255.0	789.266667	10363.0	0.0
000625	39.83614	98.9305	255.0	789.933333	10363.0	0.0
000645	39.82562	98.98034	255.0	790.0	10363.0	0.0
000705	39.815171	99.029603	255.0	790.774194	10363.0	0.0
000725	39.804848	99.077861	255.0	792.709677	10363.0	0.0
000745	39.794063	99.128393	255.0	793.0	10363.0	0.0
000805	39.783365	99.178481	254.774194	793.0	10363.0	-1.806
000825	39.772977	99.226997	254.129032	793.0	10363.0	-6.968
000845	39.762633	99.275313	254.0	793.0	10359.267	-3.733
000905	39.75216	99.324	254.0	793.4	10357.4	1.6
000925	39.74136	99.373667	254.0	794.733333	10362.067	6.933
000945	39.730477	99.423961	254.0	796.032258	10363.0	3.871
001005	39.719533	99.474483	254.0	797.0	10363.0	2.5
001025	39.708467	99.525217	254.0	797.0	10363.0	12.5
001045	39.6974	99.57605	254.0	796.0	10370.5	72.5
001105	39.686383	99.626633	254.0	795.5	10397.167	150.833
001125	39.675517	99.676367	254.0	797.5	10473.833	234.167
001145	39.664913	99.724606	254.0	798.967742	10563.161	280.161
001205	39.654353	99.77248	254.0	799.333333	10660.267	308.733
001225	39.64362	99.82088	254.0	796.0	10771.6	317.4
001245	39.63242	99.871427	254.0	795.0	10876.4	246.267
001305	39.621187	99.922162	254.0	794.0	10959.875	143.625
001325	39.610625	99.969975	254.0	789.0	10969.25	51.75
001345	39.60008	100.01754	254.0	787.0	10973.0	9.0
001405	39.58946	100.065313	254.0	787.2	10973.0	0.0
001425	39.57806	100.116447	254.0	789.2	10973.0	0.0
001445	39.566958	100.165932	254.0	790.0	10973.0	0.0
001505	39.556067	100.21428	254.0	789.966667	10973.0	0.0
001525	39.5454	100.26188	254.0	789.3	10973.0	0.0
001545	39.534367	100.310727	254.0	789.366667	10973.0	0.0
001605	39.523057	100.3605	254.0	790.0	10973.0	-0.267
001625	39.51219	100.4085	254.0	790.0	10973.0	-5.6
001645	39.501213	100.456903	254.0	791.1	10970.067	-5.067
001705	39.49012	100.50575	254.0	793.0	10965.267	0.267
001725	39.47852	100.55675	254.0	793.0	10970.6	5.6
001745	39.467232	100.605994	254.0	793.0	10973.0	5.161
001805	39.4562	100.6538	254.0	793.0	10973.0	0.0
001825	39.4448	100.7038	254.0	794.333333	10973.0	5.333
001845	39.4335	100.753	253.666667	795.0	10975.333	5.333
001905	39.4223	100.8014	253.0	795.0	10980.0	0.0
001925	39.410833	100.851	253.666667	793.666667	10975.333	-5.333
001945	39.399633	100.899533	254.0	794.333333	10973.0	-5.333
002005	39.3887	100.947	254.0	797.0	10973.0	0.0
002025	39.376933	100.99834	254.933333	795.066667	10973.0	0.0
002045	39.3656	101.04714	253.6	796.4	10973.0	0.0
002105	39.354267	101.09561	253.0	797.366667	10973.0	0.0
002125	39.342907	101.143907	253.0	798.066667	10973.0	0.0
002145	39.33104	101.19404	253.0	799.4	10973.0	0.0
002205	39.31943	101.24333	253.0	800.0	10973.0	0.0
002225	39.308027	101.291943	253.0	800.0	10973.0	0.0
002245	39.29656	101.34081	253.0	800.0	10973.0	0.0
002305	39.284947	101.389933	253.0	800.0	10973.0	0.0
002325	39.273219	101.439263	253.0	800.03125	10973.0	0.0
002345	39.261594	101.488513	253.0	800.65625	10973.0	0.0
002405	39.24983	101.5381	253.0	801.0	10973.0	0.0
002425	39.237897	101.5881	253.0	801.0	10973.0	0.0
002445	39.226217	101.636707	253.0	801.0	10973.0	0.0
002505	39.21443	101.68593	253.0	801.6	10973.0	0.0
002525	39.202497	101.735997	253.0	802.933333	10973.0	0.0
002545	39.190806	101.784468	253.0	801.16129	10973.0	0.0
002605	39.17905	101.833225	253.0	800.25	10973.0	0.0
002625	39.167175	101.882537	253.0	800.875	10973.0	0.0
002645	39.1555	101.93075	253.5	800.5	10973.0	-3.5
002705	39.14376	101.979127	253.866667	800.133333	10971.933	-6.067
002725	39.13156	102.02926	253.2	800.8	10966.6	-1.4
002745	39.119407	102.079067	253.0	801.0	10968.733	3.733
002805	39.107365	102.128374	253.0	801.258065	10973.0	6.968
002825	39.095687	102.176245	253.0	802.548387	10973.0	1.806
002845	39.0838	102.22511	253.0	803.0	10973.0	3.467
002905	39.07177	102.27454	252.9	803.0	10973.7	8.0
002925	39.05957	102.32414	252.233333	803.0	10978.367	8.0
002945	39.04737	102.373567	252.0	803.0	10980.0	4.533
003005	39.03518	102.42286	252.0	802.7	10980.0	-0.8
003025	39.023047	102.471927	252.0	800.7	10980.0	-6.133
003045	39.01113	102.519823	252.0	800.0	10976.967	-8.0
003105	38.99925	102.56746	252.0	799.8	10973.0	-8.0
003125	38.986917	102.617193	252.0	798.466667	10973.0	-8.0
003145	38.974757	102.66606	252.0	798.0	10969.533	-11.033
003205	38.96262	102.71469	252.0	798.3	10964.3	-13.5
003225	38.950087	102.764623	252.0	800.3	10959.633	-3.5
003245	38.937727	102.81395	252.0	801.0	10961.033	6.5
003305	38.9255	102.862742	252.0	801.193548	10965.774	15.0
003325	38.9135	102.910355	252.0	802.483871	10970.935	15.0
003345	38.90126	102.95888	252.0	803.0	10975.8	12.2
003405	38.888873	103.007953	252.0	802.866667	10980.0	7.467
003425	38.876607	103.056487	252.0	801.533333	10980.0	2.133
003445	38.86422	103.10518	252.0	801.8	10980.0	0.0
003505	38.85172	103.154113	252.0	802.8	10980.0	-0.533
003525	38.83892	103.204247	252.0	800.8	10980.0	-5.867
003545	38.826523	103.252713	252.0	800.0	10977.29	-10.71
003605	38.814353	103.300247	252.0	800.033333	10972.733	-14.767
003625	38.80142	103.35118	252.0	800.7	10967.4	-10.1
003645	38.788927	103.39995	252.0	801.0	10965.0	-5.067
003705	38.776757	103.447097	252.0	801.0	10965.0	0.267
003725	38.76389	103.49703	252.0	801.0	10965.0	5.6
003745	38.751243	103.546047	252.0	801.0	10967.933	5.067
003805	38.7388	103.59422	252.0	801.066667	10972.733	0.0
003825	38.7268	103.64062	252.0	802.4	10967.4	0.0
003845	38.714433	103.688193	252.0	803.0	10967.933	2.567
003905	38.701763	103.736729	252.0	803.078947	10973.0	6.816
003925	38.689026	103.785308	252.0	804.657895	10973.0	3.132
003945	38.67625	103.83406	252.0	806.0	10973.0	0.0
004005	38.66325	103.883793	252.0	806.0	10973.0	0.0
004025	38.650293	103.933137	252.0	806.0	10973.0	0.0
004045	38.63741	103.98205	251.9	806.2	10973.0	0.0
004105	38.62481	104.029717	251.233333	807.533333	10973.0	0.0
004125	38.612253	104.07721	251.0	808.0	10973.0	0.0
004145	38.59963	104.12492	251.0	808.2	10973.0	0.0
004205	38.586497	104.174387	251.0	809.533333	10973.0	0.0
004225	38.573277	104.224373	251.0	810.433333	10973.0	0.0
004245	38.56005	104.27439	251.0	811.2	10973.0	0.0
004305	38.54705	104.32299	251.0	812.533333	10973.0	0.0
004325	38.53392	104.37198	251.0	813.433333	10973.0	3.467
004345	38.52076	104.42106	251.0	814.2	10973.7	8.0
004405	38.507827	104.46946	251.0	815.533333	10978.367	8.0
004425	38.49459	104.518813	251.0	816.0	10980.0	4.533
004445	38.48121	104.56857	251.0	816.3	10980.0	0.0
004505	38.467943	104.617703	251.0	818.3	10980.0	0.0
004525	38.45472	104.666533	251.0	819.0	10980.0	0.0
004545	38.441586	104.714943	251.0	818.571429	10980.0	-1.286
004605	38.428745	104.762181	251.064516	816.0	10979.548	-8.806
004625	38.415197	104.811987	251.709677	816.0	10975.032	-6.871
004645	38.401742	104.861436	251.755556	815.511111	10973.0	-4.533
004705	38.388364	104.910591	251.311111	814.622222	10973.0	-1.867
004725	38.375047	104.959576	251.0	814.0	10973.0	0.0
004745	38.361645	105.008626	251.0	814.0	10973.0	-2.323
004805	38.347968	105.058239	251.0	814.0	10973.0	-7.484
004825	38.33466	105.10652	251.0	814.0	10968.2	-8.0
004845	38.321357	105.1548	251.285714	813.142857	10965.0	-5.714
004905	38.308	105.2033	252.0	811.0	10965.0	0.0
004925	38.2944	105.2525	251.333333	812.333333	10965.0	0.0
004945	38.281084	105.300552	251.322581	812.354839	10965.0	0.0
005005	38.268052	105.347455	251.967742	811.064516	10965.0	0.0
005025	38.254353	105.397047	252.0	811.0	10965.0	0.0
005045	38.240553	105.4469	252.0	812.058824	10965.0	0.0
005105	38.22712	105.49502	251.6	814.2	10965.0	3.2
005125	38.21392	105.542127	250.933333	816.2	10965.533	8.0
005145	38.20012	105.591393	250.266667	818.2	10970.867	8.0
005205	38.1864	105.64026	250.4	819.0	10973.0	8.0
005225	38.172707	105.688953	250.933333	819.133333	10973.467	8.0
005245	38.158773	105.738487	250.266667	820.466667	10978.133	8.0
005305	38.14508	105.78694	250.0	820.2	10980.0	1.6
005325	38.131527	105.834747	250.0	819.0	10979.533	-8.0
005345	38.117793	105.883213	250.0	819.0	10974.867	-8.0
005405	38.10374	105.9328	250.0	819.0	10973.0	-4.8
005425	38.0895	105.982987	250.0	819.0	10973.0	0.0
005445	38.0755	106.031853	250.0	819.0	10973.0	0.0
005505	38.06162	106.08064	250.0	819.0	10973.0	0.0
005525	38.047827	106.129293	250.0	819.133333	10973.0	0.0
005545	38.034093	106.177227	250.0	820.466667	10973.0	0.0
005605	38.02028	106.22536	250.0	821.0	10973.0	0.0
005625	38.0064	106.27368	250.0	821.066667	10973.0	0.0
005645	37.9924	106.32248	250.0	821.733333	10973.0	0.0
005705	37.978323	106.371342	250.0	822.0	10973.0	0.0
005725	37.964197	106.420227	250.0	822.0	10973.0	0.267
005745	37.95013	106.46876	250.0	822.0	10973.0	5.6
005805	37.93588	106.517917	250.0	821.633333	10975.567	5.067
005825	37.921562	106.567294	250.0	821.0	10979.562	-0.812
005845	37.90825	106.6131	250.25	820.5	10973.0	-9.75
005905	37.893968	106.662155	251.0	819.0	10973.0	0.0
005925	37.881839	106.703574	251.0	819.0	10973.0	0.0
005945	37.867467	106.752727	251.0	819.0	10973.0	0.0
010005	37.852205	106.804915	251.0	819.0	10973.0	0.0
010025	37.837231	106.855992	251.0	819.0	10973.0	0.0
010045	37.822437	106.906425	250.84375	819.3125	10973.0	0.0
010105	37.808187	106.954925	250.21875	820.5625	10973.0	0.0
010125	37.7941	107.00258	250.0	820.133333	10973.0	-3.467
010145	37.78006	107.04993	250.0	819.0	10972.2	-7.2
010205	37.765793	107.09813	250.0	819.0	10966.867	-1.867
010225	37.75131	107.146893	250.0	819.0	10968.467	3.467
010245	37.73677	107.19578	249.9	819.0	10973.0	7.2
010305	37.72257	107.243647	249.233333	819.0	10973.0	1.867
010325	37.708153	107.292207	249.433333	819.866667	10973.0	0.0
010345	37.69364	107.34098	249.9	821.0	10973.0	-0.8
010405	37.67924	107.388847	249.233333	821.0	10973.0	-6.133
010425	37.664667	107.437233	249.0	821.0	10969.533	-8.0
010445	37.649974	107.485984	249.0	821.096774	10965.0	-6.452
010505	37.635135	107.53521	249.0	821.741935	10965.0	3.871
010525	37.6208	107.58302	249.0	822.0	10968.2	10.8
010545	37.606693	107.630173	249.0	822.0	10973.467	14.533
010605	37.591627	107.679907	249.0	822.0	10978.133	9.867
010625	37.577045	107.727981	249.0	822.0	10980.0	8.0
010645	37.562777	107.77498	249.0	822.0	10980.267	7.733
010705	37.54831	107.82258	249.0	822.0	10985.6	2.4
010725	37.53355	107.870877	249.0	820.9	10985.067	-2.933
010745	37.51858	107.91965	249.0	819.0	10980.0	-8.0
010805	37.50418	107.96665	249.0	819.0	10980.0	-8.0
010825	37.489929	108.013277	249.0	817.225806	10977.516	-10.484
010845	37.4758	108.0596	249.0	814.0	10973.0	-15.0
010905	37.4606	108.1092	249.0	815.333333	10967.667	-10.333
010925	37.4457	108.1576	249.0	816.0	10965.0	-5.333
010945	37.4311	108.2048	249.0	816.0	10965.0	0.0
011005	37.4163	108.2528	249.0	816.0	10965.0	-5.333
011025	37.4014	108.301067	249.0	817.0	10962.667	-5.333
011045	37.3864	108.3496	249.0	819.0	10958.0	0.0
011105	37.3716	108.397467	249.0	820.333333	10962.667	10.0
011125	37.356767	108.445167	249.0	822.0	10967.667	12.667
011145	37.3419	108.4927	249.0	824.0	10973.0	8.0
011205	37.327448	108.539087	249.0	825.290323	10973.0	8.0
011225	37.31254	108.58683	249.0	826.3	10975.1	8.0
011245	37.297073	108.63623	249.0	826.966667	10979.767	8.0
011305	37.28205	108.684173	249.0	828.9	10980.0	2.933
011325	37.26678	108.73282	248.7	830.6	10980.0	0.0
011345	37.25118	108.78242	248.033333	831.933333	10980.0	0.0
011405	37.236403	108.829297	248.633333	832.0	10980.0	0.0
011425	37.22122	108.87735	248.7	832.6	10980.0	0.0
011445	37.205487	108.927017	248.033333	833.933333	10980.0	0.0
011505	37.190197	108.97529	248.0	834.0	10980.0	0.0
011525	37.1749	109.02346	248.0	833.4	10980.0	-2.4
011545	37.159567	109.071593	248.0	832.066667	10980.0	-7.733
011605	37.144423	109.119283	248.0	832.0	10975.567	-8.0
011625	37.12908	109.16749	248.0	832.0	10973.0	-5.6
011645	37.11348	109.216357	248.0	832.0	10973.0	-0.267
011705	37.098297	109.263971	248.0	832.0	10973.0	-4.903
011725	37.082987	109.311887	248.0	832.0	10970.867	-5.867
011745	37.067453	109.360353	248.0	832.0	10965.533	-0.533
011805	37.05144	109.41008	248.0	832.0	10969.8	0.0
011825	37.035503	109.459432	248.0	832.0	10970.935	0.0
011845	37.019761	109.508013	248.0	832.0	10965.774	0.0
011905	37.004916	109.554081	248.0	833.0625	10969.25	3.719
011925	36.989933	109.60055	248.0	833.666667	10973.0	5.833
011945	36.974067	109.64955	248.0	832.333333	10973.0	1.167
012005	36.95865	109.6968	248.0	832.0	10973.0	0.0
012025	36.94325	109.743933	248.0	832.0	10973.0	0.0
012045	36.92745	109.792467	248.0	832.0	10973.0	0.0
012105	36.911922	109.840178	248.0	832.0	10973.0	0.0
012125	36.8964	109.887816	248.0	832.0	10973.0	0.0
012145	36.8804	109.93659	248.0	832.0	10973.0	0.0
012205	36.86432	109.9855	248.0	832.0	10973.0	0.0
012225	36.848333	110.034073	248.0	832.0	10973.0	0.0
012245	36.833667	110.078807	248.0	832.0	10973.0	0.0
012305	36.817916	110.1267	248.0	832.947368	10973.0	0.0
012325	36.801442	110.1767	248.0	834.526316	10973.0	0.0
012345	36.785487	110.224787	248.0	835.933333	10973.0	0.0
012405	36.769713	110.272265	248.0	837.0	10973.0	0.903
012425	36.753777	110.320587	248.0	837.0	10973.0	5.419
012445	36.737485	110.369645	247.606061	837.0	10975.758	7.0
012505	36.721	110.4191	247.0	837.0	10980.0	7.0
012525	36.703375	110.464975	243.875	840.75	10980.0	2.625
012545	36.684444	110.510633	241.111111	843.0	10980.0	-4.0
012605	36.663533	110.555967	240.0	843.0	10977.667	-8.667
012625	36.6426	110.6013	240.0	843.0	10973.0	-8.0
012645	36.6222	110.645367	240.0	841.0	10973.0	-2.667
012705	36.601394	110.690248	240.0	840.0	10973.0	-2.121
012725	36.580182	110.735945	240.0	840.0	10973.0	-6.364
012745	36.559073	110.781282	240.0	841.545455	10968.879	-6.485
012805	36.538016	110.826473	240.0	843.0	10965.0	-4.595
012825	36.517097	110.871338	240.0	843.0	10965.0	2.432
012845	36.495823	110.916857	240.0	843.0	10966.867	7.0
012905	36.47389	110.96359	240.0	843.0	10972.2	7.0
012925	36.452803	111.008584	240.0	844.0625	10973.0	3.281
012945	36.43175	111.0535	240.0	845.0	10973.0	0.0
013005	36.41035	111.0991	240.0	845.0	10973.0	0.0
013025	36.38895	111.14445	240.0	845.0	10973.0	0.0
013045	36.367869	111.189056	240.0	845.3125	10973.0	0.0
013105	36.347744	111.231681	240.0	846.5625	10973.0	0.0
013125	36.326676	111.276264	240.0	847.0	10973.0	2.758
013145	36.3051	111.3219	240.0	847.0	10973.0	7.0
013205	36.283681	111.367126	240.0	847.645161	10977.516	2.484
013225	36.261747	111.413319	239.71875	848.0	10978.031	-1.969
013245	36.239184	111.460694	239.09375	848.0	10973.656	-6.344
013305	36.217723	111.505767	239.566667	847.433333	10973.0	-3.033
013325	36.196807	111.54964	239.766667	847.233333	10973.0	0.0
013345	36.17654	111.59204	239.1	847.9	10973.0	0.0
013405	36.15531	111.636593	239.566667	848.0	10973.0	0.0
013425	36.133583	111.68211	239.766667	848.0	10973.0	0.0
013445	36.11125	111.72871	239.1	848.0	10973.0	0.0
013505	36.09005	111.774687	241.266667	846.3	10973.0	0.0
013525	36.070637	111.820647	244.4	843.366667	10973.0	0.0
013545	36.05417	111.86678	248.4	838.7	10973.0	0.0
013605	36.03878	111.91433	248.433333	838.0	10973.0	0.0
013625	36.023347	111.96262	248.0	838.0	10973.0	0.0
013645	36.00748	112.01182	248.0	838.0	10973.0	0.0
013705	35.992463	112.05847	248.0	838.0	10973.0	0.0
013725	35.977403	112.105187	248.0	838.0	10973.0	0.0
013745	35.961984	112.152865	248.0	838.0	10973.0	0.0
013805	35.946367	112.201387	248.0	838.0	10973.0	0.0
013825	35.93072	112.24998	248.0	838.0	10973.0	0.0
013845	35.91512	112.298247	248.0	838.0	10973.0	0.0
013905	35.899467	112.346407	248.0	839.066667	10973.0	0.0
013925	35.88388	112.39428	248.0	840.6	10973.0	0.0
013945	35.86848	112.441547	248.0	842.6	10973.0	0.0
014005	35.852813	112.489987	248.0	843.0	10973.0	0.0
014025	35.83722	112.53808	248.0	843.0	10973.0	1.6
014045	35.821953	112.58468	248.0	843.0	10973.0	6.933
014105	35.805887	112.63384	248.0	843.0	10976.733	3.733
014125	35.78992	112.68268	248.0	843.0	10978.6	-1.6
014145	35.774653	112.72928	248.0	843.0	10973.933	-6.933
014205	35.758747	112.777693	248.0	843.0	10973.0	-3.733
014225	35.74268	112.82654	248.0	843.0	10973.0	0.0
014245	35.726613	112.87534	248.0	843.0	10973.0	0.0
014305	35.711116	112.92221	248.0	844.032258	10973.0	0.0
014325	35.695517	112.9693	248.0	845.0	10973.0	0.0
014345	35.679183	113.0185	248.0	845.0	10973.0	0.0
014405	35.663245	113.066606	248.0	845.967742	10973.0	0.0
014425	35.647465	113.114181	248.0	846.741935	10973.0	0.0
014445	35.631787	113.161084	248.0	845.451613	10973.0	0.0
014505	35.615467	113.210043	248.0	845.0	10973.0	0.0
014525	35.59901	113.25945	248.0	845.0	10973.0	0.0
014545	35.583743	113.305117	248.0	845.0	10973.0	0.0
014605	35.568043	113.352127	248.0	845.0	10973.0	0.0
014625	35.5521	113.39984	248.0	845.0	10973.0	0.0
014645	35.5361	113.44744	248.0	845.0	10973.0	0.0
014705	35.520013	113.49543	248.0	845.866667	10973.0	0.0
014725	35.50392	113.54344	248.0	847.0	10973.0	0.0
014745	35.488053	113.590373	248.0	847.0	10973.0	0.0
014805	35.47171	113.638477	247.566667	846.133333	10973.0	0.0
014825	35.45519	113.68705	247.1	845.0	10973.0	0.0
014845	35.439123	113.734717	247.766667	845.0	10973.0	0.0
014905	35.423142	113.781803	247.580645	844.16129	10973.0	0.0
014925	35.407193	113.8286	247.0	842.8	10973.0	0.533
014945	35.391127	113.8756	247.0	840.8	10973.0	5.867
015005	35.37478	113.92344	247.0	840.0	10975.8	4.8
015025	35.358273	113.971753	247.0	839.866667	10979.533	-0.533
015045	35.342007	114.019287	247.0	838.533333	10974.867	-5.867
015105	35.32618	114.06554	247.0	838.0	10973.0	-4.8
015125	35.310547	114.11122	247.0	838.0	10973.0	0.0
015145	35.294013	114.15942	247.0	838.0	10973.0	0.0
015205	35.2776	114.20706	247.0	837.6	10973.0	0.0
015225	35.261273	114.254307	247.0	837.0	10973.0	0.0
015245	35.245007	114.301373	247.0	837.0	10973.0	0.0
015305	35.22862	114.34872	247.0	836.2	10973.0	0.0
015325	35.212193	114.396107	247.0	835.0	10973.0	0.0
015345	35.196127	114.442173	247.0	835.0	10973.0	0.0
015405	35.17946	114.48996	247.0	834.6	10973.0	0.0
015425	35.162513	114.53856	247.0	833.866667	10973.0	0.0
015445	35.146647	114.58416	247.0	832.533333	10973.0	0.0
015505	35.13082	114.62964	247.0	830.0	10973.0	0.0
015525	35.11498	114.675213	247.0	826.933333	10973.0	-1.0
015545	35.09878	114.722347	247.0	826.266667	10973.0	-11.0
015605	35.08234	114.76976	247.0	825.2	10967.0	-69.0
015625	35.065826	114.817084	247.0	824.129032	10949.097	-157.548
015645	35.050084	114.861923	247.0	825.419355	10860.065	-233.032
015705	35.033876	114.905847	245.058824	828.588235	10770.824	-289.0
015725	35.01504	114.950953	243.066667	831.866667	10669.333	-295.867
015745	34.99536	114.99658	242.133333	833.733333	10566.8	-280.8
015805	34.97616	115.04098	242.8	832.4	10480.8	-234.8
015825	34.957193	115.084727	242.533333	834.333333	10412.067	-160.333
015845	34.938073	115.128767	242.0	838.066667	10363.0	-78.867
015905	34.91794	115.1751	242.0	843.4	10363.0	-18.2
015925	34.897853	115.221107	242.0	844.066667	10363.0	0.0
015945	34.87788	115.266773	242.0	843.0	10363.0	0.0
020005	34.85828	115.31164	242.0	843.0	10363.0	0.0
020025	34.838353	115.357113	242.0	841.6	10363.0	0.0
020045	34.8183	115.40293	242.148148	840.0	10363.0	0.0
020105	34.7983	115.449078	242.888889	840.0	10363.0	0.0
020125	34.781078	115.494312	244.243902	839.170732	10363.0	0.0
020145	34.764346	115.539385	245.707317	838.195122	10363.0	0.0
020205	34.7474	115.5852	246.0	837.6	10363.0	0.0
020225	34.7304	115.6312	246.0	837.1	10363.0	0.0
020245	34.714118	115.675272	246.0	835.769231	10363.0	0.0
020305	34.698015	115.718862	246.0	834.230769	10363.0	0.0
020325	34.679733	115.768297	246.566667	834.0	10363.0	0.0
020345	34.66165	115.81713	246.766667	834.933333	10363.0	0.0
020405	34.64465	115.86293	246.1	837.6	10363.0	0.0
020425	34.627513	115.909229	246.0	838.0	10363.0	0.0
020445	34.61048	115.95534	246.0	837.8	10363.0	-6.0
020505	34.593747	116.000807	246.0	837.133333	10363.0	-26.0
020525	34.576533	116.047553	246.0	837.533333	10347.0	-111.6
020545	34.55928	116.0943	246.0	838.0	10302.4	-205.4
020605	34.542213	116.1403	246.0	838.0	10200.4	-280.067
020625	34.524756	116.187278	246.0	839.777778	10106.222	-378.556
020645	34.507048	116.234828	246.0	841.862069	9959.828	-479.621
020705	34.4901	116.28035	246.0	839.7	9784.5	-563.8
020725	34.4741	116.32335	246.0	832.366667	9581.167	-627.8
020745	34.45734	116.368535	246.0	822.5	9361.05	-671.85
020805	34.440131	116.414597	246.0	815.179487	9134.667	-661.821
020825	34.4229	116.4607	246.0	808.0	8908.0	-649.0
020845	34.405633	116.503567	244.666667	800.666667	8704.667	-637.667
020905	34.3882	116.5463	243.666667	793.666667	8493.667	-639.667
020925	34.3706	116.5889	243.0	787.0	8275.0	-655.0
020945	34.353067	116.631367	243.666667	780.333333	8057.0	-645.0
021005	34.335767	116.673367	244.0	773.333333	7843.667	-640.0
021025	34.3187	116.7149	244.0	766.0	7635.0	-640.0
021045	34.301967	116.7567	244.0	759.333333	7417.0	-634.667
021105	34.285833	116.796967	244.0	753.0	7206.333	-630.667
021125	34.2703	116.8357	244.0	747.0	7003.0	-628.0
021145	34.253157	116.878176	244.0	737.47619	6784.905	-628.0
021205	34.237353	116.91735	244.0	728.766667	6580.833	-607.1
021225	34.221813	116.956722	245.956522	720.478261	6382.522	-605.174
021245	34.207575	116.996825	250.125	713.5	6179.75	-625.5
021305	34.196483	117.036722	252.0	707.086957	5966.435	-621.261
021325	34.185955	117.07582	252.35	699.55	5764.9	-608.45
021345	34.17522	117.115207	252.766667	693.133333	5559.833	-608.333
021405	34.16442	117.15494	252.1	687.8	5356.5	-595.0
021425	34.153875	117.193412	252.708333	679.208333	5164.5	-597.25
021445	34.143844	117.229839	253.0	670.222222	4960.056	-618.5
021505	34.132625	117.2705	252.25	662.75	4753.25	-588.5
021525	34.1218	117.3097	252.0	657.0	4564.5	-574.0
021545	34.111283	117.3479	252.166667	651.166667	4377.5	-572.667
021605	34.100817	117.3863	252.833333	643.833333	4179.5	-575.333
021625	34.091575	117.422775	253.625	638.875	3991.875	-534.75
021645	34.083953	117.453837	254.0	632.368421	3825.053	-435.316
021705	34.074241	117.491312	251.176471	615.588235	3704.706	-388.765
021725	34.0626	117.52688	248.2	603.4	3566.0	-361.4
021745	34.051	117.559367	247.333333	587.666667	3449.333	-346.667
021805	34.0394	117.5917	248.0	565.0	3368.0	-358.0
021825	34.027867	117.623767	247.333333	558.333333	3210.667	-398.0
021845	34.016662	117.655113	247.0	546.875	3079.5	-383.625
021905	34.007878	117.685767	255.555556	539.666667	2953.111	-455.556
021925	34.003521	117.717332	262.210526	549.947368	2778.632	-350.632
021945	34.00028	117.750093	263.0	557.666667	2698.867	-261.967
022005	33.997057	117.78319	263.0	558.966667	2630.533	-230.967
022025	33.99379	117.81659	263.0	550.3	2549.2	-282.3
022045	33.990637	117.848403	263.0	538.8	2442.367	-280.933
022105	33.98755	117.87954	263.233333	521.666667	2345.033	-267.0
022125	33.98455	117.90994	263.9	495.0	2273.7	-247.0
022145	33.98172	117.93898	263.433333	470.6	2185.367	-278.567
022205	33.979037	117.96687	263.233333	450.333333	2086.8	-321.567
022225	33.97657	117.99307	263.9	437.0	1974.8	-368.9
022245	33.974095	118.019019	263.190476	435.0	1834.952	-433.476
022305	33.971583	118.044235	263.0	437.086957	1684.261	-442.13
022325	33.968967	118.07042	263.0	436.7	1538.267	-427.433
022345	33.96632	118.09693	263.0	434.3	1397.2	-408.8
022405	33.963787	118.121797	263.0	429.633333	1265.2	-394.133
022425	33.96121	118.146967	263.433333	423.666667	1136.667	-379.033
022445	33.95868	118.17188	263.9	415.5	1011.4	-366.0
022505	33.956547	118.194413	263.233333	398.833333	894.067	-366.0
022525	33.95411	118.21881	263.0	383.033333	770.667	-356.033
022545	33.95158	118.2435	263.0	367.3	647.8	-337.7
022605	33.949447	118.264167	263.0	349.3	546.467	-302.367
022625	33.947487	118.283317	263.0	320.466667	451.2	-275.7
022645	33.945644	118.301378	263.0	288.222222	361.222	-254.111
022705	33.943941	118.317896	263.0	269.703704	282.704	-234.852
022725	33.94235	118.33365	263.0	264.25	206.0	-229.0
022745	33.940787	118.349212	263.0	262.0625	129.75	-226.5
022805	33.939225	118.364775	263.0	259.875	53.5	-224.0
