221258	40.6257	73.7828	211.0	299.0	91.0	0.0
221318	40.61255	73.7926	209.0	289.5	388.5	646.75
221338	40.5994	73.80215	209.5	315.5	526.0	364.5
221358	40.5846	73.81125	198.75	351.25	634.25	284.0
221418	40.566556	73.808911	158.555556	424.777778	716.333	355.222
221438	40.550676	73.788959	123.176471	481.882353	882.0	658.706
221458	40.546967	73.757011	87.111111	516.666667	1152.667	860.0
221518	40.556995	73.724647	55.105263	534.894737	1448.737	834.053
221538	40.57572	73.70168	37.766667	541.566667	1709.267	776.9
221558	40.59892	73.67848	37.1	548.9	1978.6	730.9
221618	40.62059	73.657377	36.433333	559.066667	2200.333	663.367
221638	40.64269	73.636083	36.0	571.366667	2408.533	618.867
221658	40.66609	73.61375	36.0	586.7	2607.2	624.2
221718	40.69051	73.589887	36.566667	599.2	2822.3	576.267
221738	40.714658	73.566015	36.730769	616.961538	3011.115	484.615
221758	40.738388	73.542813	34.8125	645.375	3142.812	335.625
221818	40.771021	73.527488	14.97619	671.357143	3229.048	322.857
221838	40.806307	73.52544	6.880952	692.785714	3345.238	354.286
221858	40.8415	73.5253	56.166667	710.5	3466.833	398.167
221918	40.874437	73.539644	331.375	703.9375	3624.125	507.75
221938	40.899771	73.568579	317.071429	696.5	3805.357	563.643
221958	40.922152	73.601864	312.785714	699.833333	3997.262	571.738
222018	40.944584	73.635953	310.368421	701.263158	4189.421	551.579
222038	40.966759	73.6717	308.176471	704.705882	4362.412	597.882
222058	40.984394	73.711129	292.705882	689.294118	4604.941	739.765
222118	40.993551	73.753721	284.697674	673.767442	4860.558	778.93
222138	41.000481	73.796465	282.837209	667.72093	5087.07	803.116
222158	41.007267	73.838653	282.0	649.6	5373.433	814.367
222218	41.013897	73.88024	282.0	622.733333	5702.433	806.9
222238	41.01983	73.91904	282.0	617.4	5911.1	644.9
222258	41.025947	73.958977	281.633333	616.1	6099.967	540.467
222318	41.032206	73.999783	281.111111	618.166667	6271.167	486.0
222338	41.03832	74.03952	282.8	621.3	6418.9	477.1
222358	41.044453	74.079653	281.466667	623.3	6591.567	417.767
222418	41.052125	74.120025	289.125	627.25	6689.375	254.812
222438	41.0691	74.154	316.0	642.0	6774.0	375.0
222458	41.097373	74.175909	323.272727	653.818182	6912.636	374.545
222518	41.125645	74.197818	330.545455	665.636364	7051.273	374.091
222538	41.155227	74.219436	330.545455	676.0	7156.818	280.909
222558	41.183141	74.247312	315.176471	678.176471	7229.647	179.294
222618	41.199547	74.282768	293.210526	669.052632	7280.158	174.842
222638	41.21	74.325182	289.363636	681.090909	7342.818	178.727
222658	41.220117	74.368483	287.833333	695.833333	7405.0	176.167
222718	41.230583	74.412417	287.166667	711.166667	7461.0	156.833
222738	41.24155	74.45905	287.0	727.5	7509.5	142.0
222758	41.251673	74.507086	283.818182	741.818182	7554.455	121.545
222818	41.256906	74.556284	271.645161	748.967742	7592.903	81.258
222838	41.251616	74.60351	262.612903	755.419355	7612.258	49.645
222858	41.2449	74.652733	259.0	758.0	7620.0	37.0
222918	41.239211	74.700174	264.894737	759.473684	7636.947	142.368
222938	41.241395	74.750147	280.421053	772.631579	7714.842	255.789
222958	41.254854	74.800113	287.692308	784.615385	7806.205	287.897
223018	41.270546	74.849754	292.307692	795.384615	7896.462	302.769
223038	41.285933	74.897207	293.566667	797.566667	8009.167	305.0
223058	41.301803	74.945813	294.0	800.333333	8115.1	303.133
223118	41.31867	74.99728	294.0	807.0	8201.1	297.8
223138	41.334403	75.045347	294.0	808.0	8309.2	344.6
223158	41.350053	75.09328	293.766667	805.666667	8431.7	393.367
223218	41.36592	75.14208	293.1	799.0	8573.7	428.7
223238	41.38156	75.190087	293.0	792.9	8720.233	447.033
223258	41.397137	75.237953	293.0	785.966667	8871.3	444.633
223318	41.41267	75.28582	293.0	777.3	9029.3	409.3
223338	41.427977	75.33329	293.0	773.733333	9147.633	356.4
223358	41.443243	75.380573	293.233333	770.6	9255.7	318.367
223418	41.45851	75.42764	293.9	766.6	9357.7	313.7
223438	41.477233	75.469267	305.333333	771.666667	9464.375	319.375
223458	41.502167	75.508395	311.625	773.35	9571.55	276.5
223518	41.530118	75.546695	314.125	772.35	9678.55	206.5
223538	41.558009	75.584498	315.0	772.0	9727.488	136.349
223558	41.58587	75.622033	315.0	772.0	9745.163	66.116
223618	41.612767	75.6583	315.0	772.666667	9754.0	20.667
223638	41.6387	75.6933	315.0	774.0	9754.0	-0.0
223658	41.665833	75.729767	315.0	775.333333	9754.0	0.0
223718	41.693511	75.767074	314.62963	775.259259	9754.0	0.0
223738	41.720883	75.805317	312.333333	772.666667	9754.0	0.0
223758	41.741848	75.845352	300.904762	763.619048	9754.0	0.0
223818	41.757084	75.890196	290.644444	756.711111	9754.0	0.0
223838	41.768507	75.939173	288.866667	760.266667	9754.0	0.0
223858	41.779929	75.988151	287.088889	763.822222	9754.0	0.0
223918	41.79095	76.036643	287.0	772.233333	9754.0	0.0
223938	41.8021	76.08592	287.0	777.6	9754.0	0.0
223958	41.813433	76.136187	287.0	778.933333	9754.0	0.0
224018	41.824767	76.186517	287.0	777.733333	9754.0	0.0
224038	41.83595	76.23613	287.0	777.0	9754.0	0.0
224058	41.84695	76.284863	287.0	777.0	9754.0	0.0
224118	41.85814	76.335117	287.0	785.233333	9754.0	0.0
224138	41.86955	76.38638	287.0	791.5	9754.0	0.0
224158	41.881217	76.43878	287.0	794.833333	9754.0	0.0
224218	41.892567	76.489723	287.0	796.266667	9754.0	0.0
224238	41.90375	76.54011	287.0	797.0	9754.0	0.0
224258	41.91475	76.58991	287.0	797.0	9754.0	0.0
224318	41.926003	76.640723	287.0	797.633333	9754.0	5.067
224338	41.93724	76.69177	286.7	797.7	9756.1	8.0
224358	41.94844	76.743037	286.033333	797.033333	9760.767	8.0
224418	41.959513	76.793543	286.0	797.0	9761.0	2.933
224438	41.9707	76.84458	286.0	796.4	9761.0	-2.4
224458	41.982033	76.896313	286.0	795.066667	9761.0	-7.733
224518	41.99305	76.947223	286.0	796.266667	9756.567	-12.433
224538	42.00408	76.99812	286.0	797.3	9751.6	-10.5
224558	42.015147	77.049053	286.0	797.966667	9746.267	-0.5
224618	42.02634	77.101127	286.0	799.266667	9751.067	0.0
224638	42.03748	77.1529	286.0	800.3	9751.6	0.0
224658	42.048547	77.204233	286.0	800.966667	9746.267	0.0
224718	42.059487	77.25525	286.0	801.0	9751.067	5.067
224738	42.07054	77.30688	286.0	800.7	9754.0	5.6
224758	42.08174	77.35928	286.0	800.033333	9754.0	0.267
224818	42.093003	77.412187	286.0	800.633333	9754.0	0.0
224838	42.103847	77.463319	286.0	800.790698	9754.0	0.0
224858	42.114172	77.512249	286.0	800.325581	9754.0	0.0
224918	42.12472	77.56224	286.0	800.0	9754.0	0.0
224938	42.135787	77.614707	286.0	800.0	9754.0	0.0
224958	42.147227	77.66936	286.0	800.0	9754.0	0.0
225018	42.158397	77.722903	286.0	800.0	9754.0	0.0
225038	42.168719	77.772581	286.0	800.0	9754.0	0.0
225058	42.1796	77.8248	286.0	800.0	9754.0	0.0
225118	42.19055	77.877433	286.0	800.166667	9754.0	0.0
225138	42.20115	77.928767	286.0	800.833333	9754.0	0.0
225158	42.21185	77.9805	286.0	801.0	9754.0	-4.0
225218	42.222533	78.0322	286.0	801.833333	9752.667	-8.0
225238	42.233067	78.0834	286.0	805.166667	9747.333	-8.0
225258	42.2439	78.1362	285.5	808.0	9746.0	-4.0
225318	42.254733	78.1891	285.166667	810.5	9746.0	1.333
225338	42.265267	78.2407	285.833333	812.5	9746.0	6.667
225358	42.2759	78.2928	285.5	816.0	9750.0	8.0
225418	42.286633	78.34555	285.0	819.333333	9754.0	6.667
225438	42.297567	78.39975	285.0	820.666667	9754.0	1.333
225458	42.3083	78.4529	285.0	823.5	9754.0	4.0
225518	42.3191	78.506383	285.0	826.166667	9755.167	9.167
225538	42.3303	78.561917	285.0	826.833333	9759.833	13.833
225558	42.341	78.61525	285.0	827.0	9765.0	11.5
225618	42.351483	78.667583	285.0	826.5	9769.0	6.667
225638	42.361817	78.719117	285.0	824.5	9769.0	1.333
225658	42.37255	78.7731	285.0	823.0	9769.0	0.0
225718	42.38335	78.82755	285.0	821.5	9769.0	-1.167
225738	42.39395	78.88095	285.0	819.5	9769.0	-5.833
225758	42.405827	78.9333	286.363636	819.0	9765.364	-7.0
225818	42.418173	78.985313	288.0	818.6	9761.0	-7.067
225838	42.430907	79.037447	288.0	814.6	9761.0	-7.733
225858	42.4438	79.09022	288.0	811.8	9758.2	-8.0
225918	42.456753	79.143213	288.0	809.533333	9754.0	-7.467
225938	42.469287	79.194347	288.0	804.866667	9754.0	-2.133
225958	42.48174	79.24548	288.0	801.8	9754.0	-3.2
230018	42.494127	79.296593	288.0	799.866667	9753.467	-8.467
230038	42.506393	79.347527	288.0	798.533333	9748.133	-13.133
230058	42.51886	79.39922	288.0	797.6	9742.8	-12.2
230118	42.531433	79.451333	288.0	797.0	9738.0	-7.467
230138	42.543767	79.502667	288.0	797.0	9738.0	-2.133
230158	42.555335	79.551012	288.0	797.0	9738.0	7.059
230218	42.5674	79.60155	288.0	797.0	9742.0	9.0
230238	42.579767	79.65335	287.833333	797.0	9746.0	6.667
230258	42.592033	79.70475	287.166667	797.0	9746.0	1.333
230318	42.601331	79.756369	283.538462	794.307692	9746.0	2.692
230338	42.609638	79.808062	278.923077	790.717949	9746.0	6.282
230358	42.6145	79.862574	275.217391	787.913043	9751.565	8.391
230418	42.61746	79.91661	274.0	788.3	9754.0	5.1
230438	42.61986	79.97004	273.9	790.3	9754.0	0.0
230458	42.62226	80.02364	273.233333	792.3	9754.0	0.0
230518	42.624617	80.078583	273.0	794.733333	9754.0	3.467
230538	42.62694	80.13401	273.0	797.1	9754.7	7.2
230558	42.629207	80.188077	273.0	797.766667	9759.367	1.867
230618	42.631387	80.24002	273.0	799.3	9757.967	0.0
230638	42.63354	80.29142	273.0	801.0	9754.7	0.8
230658	42.635807	80.34622	273.0	801.0	9759.367	6.133
230718	42.637987	80.400023	273.0	801.0	9761.0	4.533
230738	42.64013	80.45361	273.0	801.0	9761.0	0.0
230758	42.64233	80.50901	273.0	801.0	9761.0	0.0
230818	42.64427	80.562417	273.0	801.0	9761.0	0.0
230838	42.64609	80.61527	273.0	801.0	9761.0	-0.8
230858	42.648023	80.67107	273.0	801.0	9761.0	-6.133
230918	42.64987	80.726307	273.0	799.7	9757.967	-8.0
230938	42.65166	80.78088	273.0	797.9	9754.0	-7.2
230958	42.653393	80.833413	273.0	797.233333	9754.0	-1.867
231018	42.655127	80.88729	272.566667	797.0	9754.0	-3.467
231038	42.65682	80.94163	271.9	797.0	9753.2	-7.2
231058	42.658287	80.994497	271.233333	797.0	9747.867	-1.867
231118	42.658294	81.0494	269.555556	795.555556	9751.778	13.722
231138	42.65745	81.10275	269.0	792.5	9757.5	13.5
231158	42.656567	81.155467	269.0	789.833333	9761.0	6.667
231218	42.655633	81.208933	269.0	789.166667	9761.0	1.333
231238	42.654733	81.262267	269.333333	787.333333	9761.0	0.0
231258	42.653844	81.315556	269.777778	785.111111	9761.0	0.0
231318	42.652867	81.369933	270.0	783.333333	9761.0	-2.667
231338	42.6518	81.4254	270.0	782.0	9761.0	-8.0
231358	42.650867	81.474867	268.666667	778.666667	9756.333	-8.0
231418	42.649833	81.5274	268.0	776.666667	9754.0	-8.0
231438	42.6487	81.583	268.0	776.0	9754.0	-8.0
231458	42.647633	81.635067	268.0	774.666667	9748.667	-8.0
231518	42.646533	81.686667	268.0	773.333333	9746.0	-5.333
231538	42.6454	81.7378	268.0	772.0	9746.0	0.0
231558	42.644267	81.788333	268.0	771.333333	9746.0	5.333
231618	42.643067	81.841	268.0	769.333333	9748.667	8.0
231638	42.6418	81.8958	268.0	766.0	9754.0	8.0
231658	42.640667	81.945067	268.0	764.666667	9754.0	2.667
231718	42.639433	81.996367	268.0	763.666667	9754.0	0.0
231738	42.6381	82.0497	268.0	763.0	9754.0	0.0
231758	42.636833	82.0999	268.0	761.666667	9754.0	0.0
231818	42.635567	82.15	268.0	761.0	9754.0	-2.667
231838	42.6343	82.2	268.0	761.0	9754.0	-8.0
231858	42.632967	82.251667	268.0	760.333333	9748.667	-8.0
231918	42.631567	82.304033	268.0	760.0	9746.0	-5.333
231938	42.6301	82.3571	268.0	760.0	9746.0	0.0
231958	42.6287	82.409367	268.0	760.666667	9746.0	5.333
232018	42.6273	82.460133	268.0	761.0	9748.667	10.333
232038	42.6259	82.5094	268.0	761.0	9754.0	15.0
232058	42.6243	82.561533	268.0	760.333333	9758.667	15.0
232118	42.6227	82.613833	268.0	758.666667	9763.667	10.0
232138	42.6211	82.6663	268.0	756.0	9769.0	0.0
232158	42.619567	82.716967	268.0	754.0	9763.667	-5.333
232218	42.618067	82.766567	268.0	752.666667	9761.0	-10.333
232238	42.6166	82.8151	268.0	752.0	9761.0	-15.0
232258	42.614867	82.867967	268.0	752.0	9751.0	-15.0
232318	42.6132	82.919667	268.0	752.333333	9746.0	-7.333
232338	42.6116	82.9702	268.0	753.0	9746.0	8.0
232358	42.609867	83.0228	267.333333	752.333333	9751.333	12.667
232418	42.608167	83.0736	267.0	751.333333	9756.333	12.667
232438	42.6065	83.1226	267.0	750.0	9761.0	8.0
232458	42.6047	83.174267	267.0	748.666667	9761.0	2.667
232518	42.6029	83.225767	267.0	748.0	9761.0	0.0
232538	42.6011	83.2771	267.0	748.0	9761.0	0.0
232558	42.5993	83.327767	267.0	747.333333	9761.0	-5.333
232618	42.597533	83.376933	267.0	747.0	9758.667	-8.0
232638	42.5958	83.4246	267.0	747.0	9754.0	-8.0
232658	42.593933	83.475533	267.0	743.666667	9754.0	-8.0
232718	42.592	83.526433	267.0	742.0	9751.333	-5.333
232738	42.59	83.5773	267.0	742.0	9746.0	0.0
232758	42.588133	83.626633	267.0	740.666667	9751.333	0.0
232818	42.5862	83.677167	267.0	740.0	9751.333	-3.0
232838	42.5842	83.7289	267.0	740.0	9746.0	-9.0
232858	42.5823	83.7776	267.0	739.0	9746.0	9.0
232918	42.580433	83.825	267.0	737.666667	9751.333	3.0
232938	42.578467	83.874067	267.0	737.666667	9751.333	-2.667
232958	42.5764	83.9248	267.0	739.0	9746.0	-8.0
233018	42.574267	83.9762	267.0	739.666667	9746.0	-2.667
233038	42.572167	84.026667	267.0	742.333333	9746.0	0.0
233058	42.5701	84.0762	267.0	747.0	9746.0	0.0
233118	42.568033	84.126	267.0	749.0	9746.0	5.333
233138	42.565867	84.176	267.0	750.0	9748.667	13.0
233158	42.5636	84.2262	267.0	750.0	9754.0	23.0
233218	42.5614	84.277533	267.0	750.0	9764.0	17.667
233238	42.5592	84.328	267.0	749.333333	9769.0	10.0
233258	42.557	84.3776	267.0	748.0	9769.0	0.0
233318	42.554667	84.4282	267.0	746.0	9769.0	-10.0
233338	42.552371	84.478371	266.677419	743.064516	9764.161	-17.581
233358	42.550113	84.528113	266.032258	739.193548	9754.484	-22.742
233418	42.547847	84.577467	266.0	737.733333	9748.933	-17.933
233438	42.54552	84.62713	266.0	736.4	9743.6	-12.9
233458	42.54312	84.677197	266.0	735.066667	9738.267	-8.233
233518	42.540671	84.727568	266.0	735.0	9738.0	6.097
233538	42.53824	84.777133	266.0	735.533333	9742.267	15.0
233558	42.53584	84.825467	266.0	736.866667	9752.933	15.0
233618	42.53338	84.8756	266.0	738.2	9754.0	6.0
233638	42.530887	84.925853	266.0	739.266667	9754.0	0.0
233658	42.528353	84.975987	266.0	739.933333	9754.0	0.0
233718	42.52582	85.02546	266.0	741.2	9754.0	4.8
233738	42.52326	85.0755	266.0	742.8	9755.867	8.0
233758	42.52066	85.1265	266.0	744.8	9760.533	8.0
233818	42.518	85.17762	266.0	745.0	9761.0	3.2
233838	42.515333	85.228273	266.0	745.0	9761.0	0.0
233858	42.512667	85.278207	266.0	745.0	9761.0	0.0
233918	42.51012	85.32712	266.0	743.2	9761.0	0.0
233938	42.507533	85.375787	266.0	742.0	9761.0	0.0
233958	42.504867	85.424253	266.0	742.0	9761.0	0.0
234018	42.50214	85.47506	266.0	742.0	9761.0	-4.8
234038	42.49938	85.52562	266.0	742.0	9759.133	-8.0
234058	42.49658	85.57542	266.0	742.0	9754.467	-8.0
234118	42.49378	85.6257	266.0	742.0	9754.0	-3.2
234138	42.490953	85.676007	266.0	742.0	9754.0	-2.133
234158	42.488087	85.726273	266.0	742.0	9754.0	-7.467
234218	42.48528	85.77552	266.0	743.8	9749.2	-3.2
234238	42.482427	85.82532	265.733333	745.533333	9748.133	2.133
234258	42.479493	85.87612	265.066667	746.866667	9753.467	7.467
234318	42.47662	85.92584	265.6	747.0	9754.0	9.2
234338	42.4737	85.976	265.5	746.0	9757.5	10.0
234358	42.47066	86.02708	265.0	743.8	9761.0	6.0
234418	42.46744	86.07786	264.666667	741.333333	9761.0	0.0
234438	42.46284	86.12546	261.333333	734.666667	9761.0	0.0
234458	42.45716	86.17514	260.4	732.0	9761.0	-3.2
234518	42.450793	86.225973	260.933333	732.0	9760.533	-8.0
234538	42.444727	86.274707	260.266667	732.0	9755.867	-8.0
234558	42.43894	86.321	260.0	730.8	9754.0	-4.8
234618	42.433273	86.366193	260.0	728.866667	9754.0	0.0
234638	42.427007	86.416127	260.0	727.533333	9754.0	0.0
234658	42.42082	86.46494	260.0	725.8	9754.0	0.0
234718	42.414693	86.51292	260.0	723.933333	9754.0	0.0
234738	42.408627	86.56012	260.0	723.266667	9754.0	0.0
234758	42.40236	86.60896	260.0	722.2	9754.0	0.0
234818	42.396	86.658547	260.0	720.466667	9754.0	0.0
234838	42.39	86.705013	260.0	715.133333	9754.0	0.0
234858	42.38388	86.75196	260.0	713.8	9754.0	0.0
234918	42.37766	86.799393	260.0	715.066667	9754.0	0.0
234938	42.37126	86.848327	260.0	715.733333	9754.0	0.0
234958	42.3651	86.89554	260.0	717.2	9754.0	0.0
235018	42.35908	86.941713	260.0	718.8	9754.0	0.0
235038	42.35288	86.988847	260.0	716.8	9754.0	0.0
235058	42.34656	87.03642	260.0	716.0	9754.0	0.0
235118	42.34016	87.0843	260.0	716.0	9754.0	0.0
235138	42.33376	87.1323	260.0	716.0	9754.0	0.0
235158	42.32748	87.17918	260.0	717.2	9754.0	0.0
235218	42.321247	87.22556	260.0	718.8	9754.0	0.0
235238	42.314713	87.27416	260.0	716.8	9754.0	0.0
235258	42.30818	87.32248	260.0	716.0	9754.0	0.0
235318	42.301673	87.37042	260.0	716.0	9754.0	0.0
235338	42.295407	87.41662	260.0	716.0	9754.0	0.0
235358	42.28894	87.4641	260.0	717.2	9754.0	0.0
235418	42.28236	87.512253	260.0	719.0	9754.0	0.0
235438	42.27596	87.558787	260.0	719.0	9754.0	0.0
235458	42.26948	87.60608	259.6	719.0	9754.0	0.0
235518	42.262933	87.65392	259.0	719.0	9754.0	0.0
235538	42.256267	87.70212	259.0	719.0	9754.0	0.0
235558	42.24968	87.74964	259.0	719.0	9754.0	3.2
235618	42.243127	87.796753	259.0	719.0	9754.467	8.0
235638	42.236393	87.844287	259.0	719.0	9759.133	8.0
235658	42.22958	87.8929	259.0	719.0	9761.0	4.8
235718	42.2227	87.941637	258.75	718.25	9761.0	0.0
235738	42.21536	87.98584	257.0	712.4	9761.0	-1.6
235758	42.207227	88.031973	257.0	710.4	9761.0	-6.933
235818	42.1992	88.078107	257.533333	707.333333	9757.267	-11.733
235838	42.19106	88.12472	257.8	704.6	9752.4	-13.6
235858	42.182593	88.172453	257.133333	703.266667	9747.067	-8.933
235918	42.17466	88.21768	257.0	703.0	9746.0	0.533
235938	42.16678	88.26266	257.0	702.4	9747.6	6.4
235958	42.158713	88.308527	257.0	700.4	9752.933	1.067
000018	42.150593	88.353913	256.466667	701.066667	9749.733	0.0
000038	42.14242	88.3996	256.2	701.2	9747.6	0.0
000058	42.134153	88.446267	256.866667	698.533333	9752.933	0.0
000118	42.125887	88.49224	257.0	699.066667	9749.733	0.0
000138	42.1177	88.53772	256.8	699.6	9747.6	1.6
000158	42.1097	88.582453	256.133333	698.266667	9752.933	6.933
000218	42.101593	88.627293	256.0	698.0	9754.0	8.0
000238	42.09334	88.67288	256.0	697.8	9755.4	8.0
000258	42.084807	88.720147	256.0	697.133333	9760.067	8.0
000318	42.0767	88.7648	256.0	697.0	9761.0	-0.533
000338	42.06862	88.80916	256.0	696.0	9759.6	-8.0
000358	42.060353	88.85436	256.0	692.666667	9754.933	-8.0
000418	42.05198	88.899933	256.0	690.933333	9754.0	-3.733
000438	42.0437	88.94498	256.0	690.0	9754.0	-1.6
000458	42.0357	88.98858	256.0	690.0	9754.0	-6.933
000518	42.02738	89.034047	256.0	690.0	9749.733	-3.733
000538	42.01904	89.07942	256.0	689.8	9747.6	1.6
000558	42.01084	89.123487	256.0	689.133333	9752.933	6.933
000618	42.002533	89.168087	256.0	690.6	9754.0	3.733
000638	41.9941	89.21342	256.0	692.6	9754.0	1.6
000658	41.985433	89.260153	256.0	694.6	9754.0	6.933
000718	41.976927	89.30518	256.0	696.066667	9757.733	8.0
000738	41.96854	89.3496	256.0	697.0	9761.0	6.4
000758	41.96034	89.3936	256.0	697.0	9761.0	1.067
000818	41.951447	89.440693	256.0	695.933333	9761.0	0.0
000838	41.94266	89.4872	256.0	695.0	9761.0	0.0
000858	41.934527	89.530533	256.0	695.0	9761.0	0.0
000918	41.92618	89.57456	256.0	692.333333	9761.0	0.0
000938	41.91768	89.61942	256.0	689.4	9761.0	0.0
000958	41.908947	89.66582	256.0	687.4	9761.0	0.0
001018	41.900716	89.708826	256.0	684.473684	9761.0	0.0
001038	41.892611	89.750984	256.0	681.315789	9761.0	0.0
001058	41.88412	89.79522	256.0	678.0	9761.0	-4.8
001118	41.875587	89.839633	255.733333	674.666667	9759.133	-12.0
001138	41.867053	89.883967	255.066667	671.333333	9754.467	-22.0
001158	41.85834	89.92872	255.0	668.0	9744.4	-18.2
001218	41.8499	89.972133	255.266667	665.733333	9738.0	-11.0
001238	41.8419	90.013467	255.933333	665.066667	9738.0	-1.0
001258	41.83348	90.05672	256.0	665.0	9738.0	9.0
001318	41.824987	90.100187	255.733333	667.933333	9742.267	15.0
001338	41.816453	90.143653	255.066667	675.266667	9752.933	15.0
001358	41.80792	90.18766	255.0	682.0	9754.0	6.0
001418	41.799445	90.231235	255.258065	686.774194	9754.0	0.0
001438	41.791058	90.274074	255.903226	688.709677	9754.0	0.0
001458	41.782093	90.31977	255.433333	689.0	9754.0	0.0
001518	41.773237	90.36485	255.0	689.0	9754.0	0.0
001538	41.76477	90.40785	255.0	689.0	9754.0	0.0
001558	41.755907	90.452437	255.0	690.7	9754.0	-4.533
001618	41.746973	90.497257	255.0	692.7	9752.133	-9.633
001638	41.73804	90.54199	255.0	694.7	9746.8	-14.3
001658	41.729163	90.586553	255.0	696.7	9741.467	-11.033
001718	41.720203	90.631437	255.0	699.166667	9738.0	-6.133
001738	41.71107	90.67697	255.0	702.5	9738.0	-0.8
001758	41.70188	90.722673	255.0	707.533333	9738.0	0.0
001818	41.692657	90.768407	255.0	713.8	9738.0	1.867
001838	41.68339	90.81414	255.0	721.8	9738.0	7.2
001858	41.67367	90.862083	255.0	726.4	9742.533	16.5
001918	41.664103	90.909343	255.0	730.866667	9749.5	21.133
001938	41.65497	90.95461	255.0	736.2	9759.5	15.8
001958	41.644881	91.004119	255.0	741.387097	9761.0	6.774
002018	41.63474	91.0538	255.0	746.6	9761.0	1.6
002038	41.624873	91.102133	255.0	751.933333	9761.0	6.933
002058	41.614953	91.150573	255.0	756.733333	9765.267	8.0
002118	41.60498	91.19904	255.0	760.6	9769.0	4.8
002138	41.594913	91.247507	255.0	762.6	9769.0	-5.867
002158	41.585003	91.295394	255.0	763.516129	9764.871	-3.871
002218	41.57505	91.343517	255.0	764.0	9762.333	1.333
002238	41.56485	91.392783	255.0	764.0	9767.667	6.667
002258	41.5545	91.4427	255.0	763.5	9769.0	-3.5
002318	41.544267	91.491983	255.0	762.666667	9766.5	-15.667
002338	41.534533	91.538717	255.0	761.333333	9756.5	-18.333
002358	41.5246	91.588689	256.578947	767.315789	9754.0	-4.0
002418	41.51799	91.640081	259.285714	777.0	9754.0	0.0
002438	41.512229	91.691557	262.142857	787.0	9754.0	0.0
002458	41.507113	91.742542	263.0	791.354839	9754.0	3.613
002518	41.50224	91.79362	263.0	793.2	9754.7	7.2
002538	41.497173	91.84642	263.0	794.533333	9759.367	1.867
002558	41.492213	91.898532	263.0	796.258065	9758.065	-6.29
002618	41.48726	91.950593	262.933333	798.2	9753.467	-14.533
002638	41.48186	92.005527	262.266667	800.2	9748.133	-9.867
002658	41.476797	92.057461	262.387097	802.935484	9746.0	-1.806
002718	41.471947	92.107563	263.0	806.133333	9746.267	8.233
002738	41.46688	92.16083	263.0	808.8	9751.6	12.9
002758	41.461667	92.214463	262.633333	809.266667	9756.567	15.0
002818	41.45633	92.268393	262.033333	807.933333	9761.267	14.5
002838	41.45093	92.32226	262.7	806.6	9766.6	4.5
002858	41.445626	92.374745	262.645161	804.225806	9766.161	-2.839
002918	41.4404	92.4261	262.0	801.0	9761.0	-8.0
002938	41.435067	92.479367	262.0	800.333333	9761.0	-8.0
002958	41.429658	92.532871	262.0	799.354839	9758.742	-10.258
003018	41.424174	92.586613	262.0	798.064516	9754.226	-14.774
003038	41.41877	92.64022	262.0	797.366667	9748.933	-5.5
003058	41.41346	92.69253	262.0	795.8	9748.4	0.0
003118	41.40826	92.743263	262.0	793.133333	9753.733	0.0
003138	41.402997	92.794377	262.0	791.1	9748.933	-5.067
003158	41.39761	92.84629	262.0	790.0	9746.0	-5.6
003218	41.392077	92.899157	262.0	790.0	9746.0	-0.267
003238	41.386733	92.950377	262.0	790.0	9746.0	0.0
003258	41.381332	93.002045	262.0	790.0	9746.0	0.0
003318	41.375848	93.054368	262.0	790.0	9746.0	0.0
003338	41.37044	93.10544	262.0	789.4	9746.0	4.8
003358	41.36496	93.156693	262.0	789.0	9748.133	8.0
003418	41.35936	93.208427	262.0	789.0	9753.467	8.0
003438	41.3537	93.26112	262.0	789.0	9754.0	3.2
003458	41.34806	93.31344	262.0	789.266667	9754.0	0.0
003518	41.34246	93.36504	262.0	789.933333	9754.0	0.0
003538	41.3368	93.41634	262.0	790.0	9754.0	0.0
003558	41.33116	93.467527	262.0	790.8	9754.0	0.0
003618	41.32556	93.518593	262.0	792.8	9754.0	0.0
003638	41.31966	93.57194	262.0	793.0	9754.0	-4.8
003658	41.313833	93.624927	262.0	793.533333	9751.867	-5.867
003718	41.308167	93.676993	262.0	794.866667	9746.533	-0.533
003738	41.3025	93.72774	262.0	796.2	9750.8	4.8
003758	41.29662	93.779833	261.733333	797.0	9754.0	8.0
003818	41.29042	93.834167	261.066667	797.0	9754.0	8.0
003838	41.28458	93.88484	261.0	797.0	9758.2	8.0
003858	41.278753	93.935853	261.266667	797.0	9761.0	1.867
003918	41.272887	93.987987	261.933333	797.0	9761.0	-13.467
003938	41.26678	94.04198	261.4	797.6	9752.0	-19.8
003958	41.260727	94.095033	261.0	798.8	9743.867	-16.867
004018	41.254793	94.146367	261.0	800.8	9738.533	-1.533
004038	41.248742	94.198068	261.0	803.903226	9742.645	4.645
004058	41.242653	94.250273	261.0	806.933333	9746.0	8.0
004118	41.23652	94.30334	261.0	809.6	9746.0	8.0
004138	41.230273	94.35669	261.0	811.7	9750.533	11.967
004158	41.22403	94.40974	261.0	813.7	9755.633	13.367
004218	41.21783	94.46214	261.0	815.7	9760.3	8.7
004238	41.21129	94.5176	261.0	818.833333	9761.0	8.0
004258	41.204807	94.57199	261.0	821.0	9762.867	8.0
004318	41.19854	94.62339	261.0	821.0	9768.2	8.0
004338	41.191933	94.678247	261.0	819.866667	9769.0	-1.067
004358	41.18536	94.732803	261.0	819.0	9767.133	-8.0
004418	41.17896	94.78567	261.0	819.0	9761.8	-8.0
004438	41.172673	94.837517	261.0	817.3	9761.0	-3.467
004458	41.166313	94.88993	261.0	815.3	9761.0	0.0
004518	41.15978	94.94373	261.0	813.3	9761.0	0.0
004538	41.153417	94.995547	261.0	811.866667	9761.0	4.533
004558	41.14692	95.048087	261.0	809.133333	9762.867	6.133
004618	41.14012	95.10262	261.0	803.8	9768.2	0.8
004638	41.133547	95.154943	261.0	800.166667	9764.467	-4.533
004658	41.12699	95.20704	261.0	795.9	9761.0	-8.0
004718	41.12039	95.25944	261.0	789.9	9761.0	-8.0
004738	41.11413	95.309177	261.0	786.166667	9757.033	-16.5
004758	41.107887	95.358881	261.0	782.870968	9750.387	-21.194
004818	41.101565	95.409397	261.0	779.645161	9740.065	-16.032
004838	41.094967	95.461153	260.466667	779.0	9738.0	1.0
004858	41.088345	95.512735	260.0	780.16129	9741.097	15.0
004918	41.081829	95.563187	260.0	784.032258	9751.419	15.0
004938	41.0751	95.6154	260.0	783.5	9754.0	7.5
004958	41.068391	95.667313	260.0	781.0625	9754.0	0.0
005018	41.061953	95.716563	260.0	777.3125	9754.0	0.0
005038	41.055367	95.766907	260.0	778.6	9754.0	3.467
005058	41.048694	95.817932	260.0	782.290323	9754.677	8.0
005118	41.041984	95.869481	260.0	784.225806	9759.194	8.0
005138	41.03534	95.92018	260.0	785.0	9761.0	1.6
005158	41.02872	95.97034	260.0	784.266667	9760.533	-8.0
005218	41.02192	96.02074	260.0	776.933333	9755.867	-8.0
005238	41.01508	96.07122	260.0	778.4	9754.0	-4.8
005258	41.008227	96.121807	260.066667	784.8	9754.0	0.0
005318	41.001493	96.172873	260.733333	782.8	9754.0	0.0
005338	40.99472	96.22414	260.6	780.0	9754.0	0.0
005358	40.98792	96.27528	260.0	777.133333	9754.0	0.533
005418	40.98112	96.32408	260.0	778.466667	9754.0	5.867
005438	40.97412	96.37524	260.0	779.0	9756.8	8.0
005458	40.967013	96.4278	260.0	778.866667	9761.0	6.933
005518	40.960147	96.4788	260.0	777.533333	9761.0	-3.733
005538	40.953297	96.52889	260.0	778.935484	9758.29	-8.0
005558	40.94645	96.578447	260.0	782.0	9754.0	-7.733
005618	40.93945	96.62938	260.0	782.0	9754.0	-2.4
005638	40.932413	96.680277	260.0	783.1	9754.0	0.0
005658	40.925445	96.731106	260.096774	785.16129	9754.0	0.484
005718	40.920348	96.781235	262.032258	788.387097	9754.0	10.161
005738	40.915284	96.832848	263.0	790.967742	9758.839	15.0
005758	40.910252	96.885945	263.0	792.903226	9768.516	15.0
005818	40.905369	96.936575	263.0	795.375	9769.0	-2.812
005838	40.900371	96.988345	263.0	796.096774	9765.613	-15.0
005858	40.895145	97.042474	263.0	793.516129	9755.935	-15.0
005918	40.890313	97.09282	263.0	788.733333	9754.0	-7.0
005938	40.88556	97.14208	262.8	782.8	9754.0	0.0
005958	40.88076	97.191013	262.133333	775.466667	9754.0	0.0
010018	40.875587	97.24256	262.533333	774.0	9754.0	0.0
010038	40.870371	97.294855	263.0	774.0	9754.0	0.0
010058	40.865274	97.347371	263.0	774.0	9754.0	0.0
010118	40.86055	97.3962	263.0	775.5	9754.0	0.0
010138	40.855717	97.445383	262.833333	777.333333	9754.0	0.0
010158	40.850183	97.499317	262.166667	778.666667	9754.0	0.0
010218	40.8451	97.5506	262.5	780.5	9754.0	4.0
010238	40.840174	97.600545	262.83871	782.0	9755.129	8.0
010258	40.835271	97.649126	262.193548	782.0	9759.645	8.0
010318	40.829973	97.700613	262.0	782.0	9761.0	0.533
010338	40.824573	97.752827	262.0	782.4	9760.067	-8.933
010358	40.81944	97.80296	262.0	784.4	9755.4	-13.6
010418	40.814073	97.855147	262.0	785.933333	9750.267	-4.267
010438	40.808647	97.907787	262.0	787.4	9748.0	8.933
010458	40.80338	97.95872	262.0	789.4	9758.0	13.6
010518	40.797973	98.01012	262.0	790.0	9761.0	8.0
010538	40.792507	98.06176	262.0	790.0	9761.0	-1.067
010558	40.78704	98.11356	262.0	790.0	9761.0	-6.4
010618	40.781667	98.164473	262.0	791.4	9757.733	-4.267
010638	40.776307	98.215087	262.0	792.6	9754.933	1.067
010658	40.77084	98.26602	262.0	790.6	9759.6	6.4
010718	40.765327	98.31686	262.0	789.533333	9761.0	0.533
010738	40.75978	98.3679	262.0	788.733333	9760.067	-8.933
010758	40.75418	98.4199	262.0	787.4	9755.4	-13.6
010818	40.748673	98.470733	262.0	787.0	9750.267	-8.0
010838	40.743167	98.521427	262.0	787.0	9747.067	3.067
010858	40.7375	98.57356	262.0	787.0	9752.4	18.4
010918	40.73188	98.62448	262.0	783.266667	9761.0	19.267
010938	40.726225	98.675225	262.0	778.375	9769.0	11.25
010958	40.72035	98.72735	262.0	775.25	9769.0	-7.5
011018	40.71471	98.777658	262.0	772.83871	9763.194	-20.806
011038	40.709217	98.826817	262.0	771.0	9753.467	-29.5
011058	40.70355	98.87715	262.0	771.0	9742.8	-19.5
011118	40.697906	98.927369	262.0	771.34375	9738.0	-9.844
011138	40.692281	98.977494	262.0	771.96875	9738.0	-0.469
011158	40.686553	99.028007	262.0	773.266667	9738.0	0.0
011218	40.68076	99.07851	261.7	774.9	9738.0	0.0
011238	40.674893	99.128977	261.033333	776.9	9738.0	0.0
011258	40.669407	99.176847	261.0	780.166667	9738.0	9.5
011318	40.66376	99.22608	261.0	782.6	9742.8	15.0
011338	40.657893	99.277147	261.0	783.933333	9753.467	15.0
011358	40.651716	99.329345	261.0	771.741935	9754.0	5.806
011418	40.645653	99.380513	261.0	762.4	9754.0	0.0
011438	40.639787	99.430047	261.0	758.4	9754.0	0.0
011458	40.63422	99.4782	261.0	755.0	9754.0	0.0
011518	40.628629	99.526174	261.0	752.741935	9754.0	0.0
011538	40.622952	99.57411	261.0	752.096774	9754.0	0.0
011558	40.617113	99.62295	261.0	752.566667	9754.0	4.533
011618	40.611223	99.672043	261.0	753.7	9755.633	6.133
011638	40.60529	99.72131	261.0	755.7	9760.3	0.8
011658	40.599527	99.768763	261.0	757.133333	9757.033	4.533
011718	40.593747	99.816177	261.0	758.0	9757.5	9.633
011738	40.58788	99.86411	261.0	758.0	9767.5	14.3
011758	40.581787	99.914593	261.0	756.866667	9769.0	-2.0
011818	40.57563	99.96534	261.0	753.9	9765.5	-15.0
011838	40.56943	100.01574	261.0	747.9	9755.5	-15.0
011858	40.56374	100.062173	261.0	748.7	9754.0	-6.5
011918	40.557977	100.109003	261.0	750.466667	9754.0	0.0
011938	40.55191	100.15787	261.0	751.8	9754.0	0.0
011958	40.5459	100.20583	261.0	749.733333	9754.0	0.0
012018	40.539877	100.253817	261.0	747.3	9754.0	0.0
012038	40.53381	100.30215	261.0	745.3	9754.0	0.0
012058	40.52763	100.35071	261.0	742.166667	9754.0	0.0
012118	40.521523	100.398716	260.774194	739.322581	9754.0	0.0
012138	40.515587	100.445619	260.129032	737.387097	9754.0	0.0
012158	40.509653	100.492653	260.533333	734.333333	9754.0	-4.267
012218	40.503681	100.539787	260.806452	732.0	9752.452	-8.0
012238	40.497616	100.587077	260.16129	732.0	9747.29	-8.0
012258	40.4914	100.63515	260.0	730.5	9746.0	-4.0
012318	40.485183	100.683133	260.0	728.666667	9746.0	1.333
012338	40.479117	100.730067	260.0	727.333333	9746.0	6.667
012358	40.473197	100.775865	260.0	727.0	9749.871	8.0
012418	40.467273	100.821627	260.0	726.866667	9754.0	6.933
012438	40.46114	100.86876	260.0	726.2	9754.0	1.6
012458	40.45496	100.916033	260.0	725.066667	9754.0	3.733
012518	40.44872	100.9633	260.0	723.866667	9754.933	5.867
012538	40.44232	101.0103	260.0	723.2	9759.6	-4.8
012558	40.43592	101.057907	260.0	723.0	9754.0	-14.533
012618	40.429515	101.10557	260.0	723.363636	9745.03	-19.333
012638	40.423091	101.152418	260.0	725.181818	9740.182	-6.0
012658	40.416643	101.199313	260.0	727.1	9740.933	2.933
012718	40.410196	101.246132	260.0	729.2	9746.0	8.36
012738	40.404116	101.290772	260.0	733.2	9746.0	15.56
012758	40.397673	101.33698	260.0	724.4	9754.0	12.2
012818	40.391145	101.383729	260.0	714.451613	9759.645	5.29
012838	40.384629	101.430826	260.0	709.290323	9755.129	-3.742
012858	40.37839	101.476076	260.0	708.731707	9754.0	-3.805
012918	40.372244	101.52071	260.0	709.707317	9754.0	-0.878
012938	40.365873	101.566533	260.0	715.133333	9754.0	0.0
012958	40.35942	101.612693	260.0	721.8	9754.0	0.0
013018	40.35302	101.65816	260.0	725.8	9754.0	0.0
013038	40.346247	101.706193	259.533333	725.6	9754.0	0.0
013058	40.339435	101.754352	259.0	723.354839	9754.0	0.0
013118	40.333113	101.79861	259.0	720.129032	9754.0	0.0
013138	40.326653	101.844043	259.0	717.7	9754.0	0.0
013158	40.32012	101.89003	259.0	715.9	9754.0	0.0
013218	40.313587	101.935563	259.0	715.233333	9754.0	0.0
013238	40.30675	101.982917	259.0	715.0	9754.0	0.0
013258	40.29986	102.03055	259.0	714.8	9754.0	0.0
013318	40.293593	102.074217	259.0	713.466667	9754.0	0.0
013338	40.28711	102.119053	259.0	712.133333	9754.0	0.0
013358	40.2805	102.16451	259.0	710.9	9754.0	0.0
013418	40.273833	102.20991	259.0	710.233333	9754.0	0.0
013438	40.267167	102.25583	259.0	710.0	9754.0	0.0
013458	40.26051	102.30183	259.0	710.0	9754.0	0.0
013518	40.25391	102.346697	259.0	710.0	9754.0	0.0
013538	40.247223	102.391823	259.0	710.0	9754.0	3.467
013558	40.24049	102.43718	259.0	709.8	9754.7	7.2
013618	40.233757	102.483047	259.0	708.466667	9759.367	1.867
013638	40.227123	102.527784	259.0	708.0	9758.065	-3.355
013658	40.220513	102.572113	259.0	707.8	9754.0	-8.467
013718	40.213647	102.618247	259.0	705.8	9754.0	-13.133
013738	40.20666	102.66482	259.0	707.0	9747.6	-12.2
013758	40.199647	102.711313	259.0	710.333333	9738.533	-5.8
013818	40.193113	102.754447	259.0	713.666667	9743.867	16.2
013838	40.186258	102.799691	259.0	715.27907	9752.419	23.326
013858	40.179188	102.846342	259.0	715.744186	9763.116	20.535
013918	40.172252	102.892003	259.0	715.129032	9769.0	13.484
013938	40.165477	102.936455	259.0	713.193548	9769.0	1.226
013958	40.158355	102.983055	259.0	713.0	9769.0	-8.71
014018	40.151367	103.028713	259.0	709.5	9765.5	-15.0
014038	40.1447	103.07218	259.0	699.5	9755.5	-15.0
014058	40.137807	103.116723	259.0	700.266667	9754.0	-1.967
014118	40.13078	103.162063	259.0	699.2	9755.633	6.133
014138	40.12358	103.20853	259.0	691.2	9760.3	0.8
014158	40.11706	103.250633	259.0	683.766667	9757.033	-4.533
014218	40.11045	103.29325	258.766667	681.566667	9754.0	-6.133
014238	40.10345	103.33825	258.1	688.9	9754.0	-0.8
014258	40.09645	103.383023	258.0	686.6	9754.0	13.033
014318	40.089613	103.426637	258.233333	685.166667	9759.133	53.1
014338	40.08308	103.46817	258.9	688.5	9773.8	139.1
014358	40.076207	103.51163	258.433333	692.4	9849.667	298.767
014418	40.06925	103.555477	258.0	690.566667	9971.8	418.233
014438	40.06225	103.59941	258.0	677.9	10159.8	438.9
014458	40.055307	103.642833	258.0	674.3	10278.667	289.567
014518	40.048406	103.685858	258.0	674.129032	10351.387	137.323
014538	40.041568	103.72831	258.0	677.354839	10361.065	35.387
014558	40.034653	103.771787	258.0	674.266667	10363.0	7.0
014618	40.02776	103.81504	258.0	671.6	10363.0	0.0
014638	40.02096	103.857173	258.0	673.6	10363.0	0.0
014658	40.013893	103.900907	258.0	674.0	10363.0	0.0
014718	40.006848	103.944535	258.0	674.387097	10363.0	0.0
014738	40.00001	103.986987	258.0	675.677419	10363.0	0.0
014758	39.99305	104.0294	258.0	674.5	10363.0	0.0
014818	39.9861	104.07165	258.0	672.666667	10363.0	-3.167
014838	39.9793	104.11345	258.0	671.333333	10363.0	-15.833
014858	39.971933	104.158817	258.0	672.666667	10350.5	-19.0
014918	39.964963	104.201273	258.0	674.7	10348.0	0.267
014938	39.958003	104.243497	258.0	676.466667	10351.5	15.0
014958	39.95087	104.28663	258.0	677.8	10361.5	15.0
015018	39.944077	104.327667	258.0	678.566667	10363.0	11.033
015038	39.93711	104.369733	258.0	678.3	10364.867	7.533
015058	39.92971	104.4144	258.0	676.3	10370.2	6.2
015118	39.922488	104.457488	258.0	676.809524	10371.0	1.143
015138	39.915298	104.500298	258.0	677.761905	10371.0	-4.571
015158	39.90815	104.5434	258.0	679.5	10367.0	-3.0
015218	39.900967	104.5866	258.0	680.166667	10364.333	-1.167
015238	39.893633	104.6298	258.0	676.833333	10369.667	-5.833
015258	39.885723	104.672138	257.230769	679.846154	10365.231	-9.308
015318	39.877621	104.71419	256.205128	684.974359	10357.538	-12.385
015338	39.869387	104.756947	256.0	684.933333	10356.0	-10.333
015358	39.86112	104.79994	256.0	684.4	10354.4	-8.0
015418	39.852853	104.843073	256.0	685.733333	10349.067	-8.0
015438	39.844533	104.88658	256.0	689.2	10348.0	4.267
015458	39.83614	104.93034	256.0	692.6	10351.0	18.0
015518	39.827607	104.974473	256.0	694.6	10361.0	28.0
015538	39.819233	105.0177	256.0	697.666667	10371.0	22.0
015558	39.81084	105.06114	256.0	701.0	10378.0	12.0
015618	39.802307	105.105607	256.0	704.333333	10378.0	2.0
015638	39.793613	105.15034	256.0	703.4	10378.0	-4.267
015658	39.78494	105.1948	256.0	702.2	10376.6	-9.4
015718	39.776407	105.238467	256.0	702.866667	10371.933	-14.067
015738	39.7675	105.28384	256.0	709.933333	10366.733	-15.0
015758	39.7585	105.32972	256.0	717.6	10361.6	-13.6
015818	39.7495	105.375787	256.0	722.933333	10356.933	-8.933
015838	39.74082	105.419827	256.0	725.066667	10356.0	6.933
015858	39.732147	105.463658	256.0	727.736842	10359.474	17.947
015918	39.723305	105.508184	256.0	733.526316	10371.053	11.105
015938	39.714187	105.554153	255.733333	732.733333	10374.0	-1.0
015958	39.704653	105.602287	255.066667	722.066667	10364.0	-21.0
020018	39.6959	105.64568	255.0	702.4	10358.8	-9.2
020038	39.687233	105.688653	255.266667	683.6	10357.867	2.133
020058	39.678567	105.731787	255.933333	667.6	10362.533	7.467
020118	39.67056	105.77222	256.0	662.4	10363.0	3.2
020138	39.662467	105.81278	255.733333	656.533333	10363.0	0.0
020158	39.654133	105.85398	255.066667	647.866667	10363.0	0.0
020218	39.6458	105.89548	255.0	648.2	10363.0	-4.8
020238	39.637547	105.936373	255.0	648.466667	10361.133	-5.867
020258	39.629413	105.976307	255.0	647.133333	10356.467	-0.533
020318	39.62122	106.01693	256.8	644.3	10362.3	-8.1
020338	39.61314	106.05676	255.8	647.0	10354.0	-8.4
020358	39.605073	106.096413	255.0	649.0	10350.133	0.267
020418	39.597007	106.135947	255.0	649.0	10355.467	20.933
020438	39.58858	106.17728	255.0	662.2	10365.0	9.2
020458	39.58006	106.21892	255.0	669.4	10367.0	-2.133
020518	39.57146	106.26072	255.0	665.4	10357.0	-7.467
020538	39.5625	106.30408	255.0	665.6	10360.2	1.6
020558	39.553767	106.34636	255.0	668.666667	10363.0	8.0
020618	39.545433	106.38676	255.0	675.333333	10363.0	8.0
020638	39.53656	106.42974	255.0	680.8	10367.8	8.0
020658	39.527547	106.473247	255.0	683.2	10371.0	5.867
020718	39.518413	106.517113	255.0	681.2	10371.0	0.533
020738	39.51012	106.5569	255.0	678.0	10371.0	-12.0
020758	39.501733	106.596972	255.0	672.307692	10366.282	-16.923
020818	39.493067	106.638151	255.0	663.076923	10354.487	-9.231
020838	39.484352	106.679782	255.0	662.090909	10351.068	-1.523
020858	39.47558	106.721964	255.0	671.181818	10357.886	6.205
020918	39.4668	106.764033	255.0	678.166667	10363.0	10.0
020938	39.458	106.805767	255.0	678.833333	10363.0	2.0
020958	39.449148	106.8477	255.652174	677.043478	10363.0	0.0
021018	39.4398	106.88974	254.4	680.0	10363.0	0.0
021038	39.430053	106.9318	252.0	686.0	10363.0	0.0
021058	39.419587	106.9738	252.0	686.0	10363.0	0.0
021118	39.4092	107.01524	252.0	685.2	10363.0	0.0
021138	39.398827	107.056487	252.0	684.2	10363.0	0.0
021158	39.388093	107.099353	252.0	686.2	10363.0	0.0
021218	39.37744	107.14186	252.0	687.8	10363.0	3.2
021238	39.36684	107.1841	252.0	688.866667	10363.533	8.0
021258	39.35624	107.2261	252.0	687.533333	10368.867	8.0
021318	39.3456	107.26814	252.0	687.0	10371.0	4.8
021338	39.334947	107.31018	252.0	687.0	10371.0	0.0
021358	39.324413	107.35198	252.0	687.0	10371.0	0.0
021418	39.31372	107.3941	252.0	687.8	10371.0	-3.2
021438	39.302933	107.4364	252.0	688.866667	10370.467	-7.933
021458	39.292267	107.4784	252.0	687.533333	10365.133	-7.267
021518	39.28152	107.520606	252.0	685.971429	10363.0	-4.6
021538	39.27072	107.562949	252.0	684.257143	10363.0	-0.6
021558	39.260161	107.604177	252.0	682.354839	10363.0	-3.29
021618	39.249533	107.645607	252.0	681.0	10362.067	-6.0
021638	39.238644	107.687962	252.0	681.0	10358.956	-6.0
021658	39.227769	107.730253	252.0	681.0	10356.0	-5.594
021718	39.217144	107.771316	252.0	681.0	10356.0	2.531
021738	39.20644	107.81283	252.0	683.7	10358.1	7.3
021758	39.19564	107.854897	252.0	689.7	10362.767	7.967
021818	39.184587	107.89747	252.0	697.6	10363.0	2.933
021838	39.17346	107.94019	252.0	701.4	10363.0	0.0
021858	39.16226	107.983057	252.0	700.066667	10363.0	0.0
021918	39.15106	108.02605	252.0	700.0	10363.0	0.0
021938	39.13989	108.06896	252.0	700.6	10363.0	2.4
021958	39.128757	108.11176	252.0	701.933333	10363.0	7.733
022018	39.117687	108.15418	252.0	703.9	10368.067	8.0
022038	39.10647	108.19691	251.7	705.0	10371.0	8.0
022058	39.09507	108.240043	251.033333	705.0	10371.0	8.0
022118	39.083958	108.282223	251.0	705.0	10375.29	3.097
022138	39.072758	108.324713	251.0	704.483871	10376.194	-3.871
022158	39.061403	108.367745	251.0	703.193548	10371.677	-13.548
022218	39.049897	108.411373	251.0	709.8	10366.467	-11.033
022238	39.038516	108.454365	251.0	715.0	10363.0	-6.194
022258	39.027419	108.495977	251.0	715.0	10363.0	-1.032
022318	39.01592	108.539233	251.0	715.533333	10363.0	0.0
022338	39.00432	108.58286	251.0	716.6	10363.0	0.0
022358	38.99272	108.626393	251.0	718.6	10363.0	0.0
022418	38.98096	108.67062	251.0	717.4	10363.0	0.0
022438	38.969419	108.713944	251.0	716.0	10363.0	-1.312
022458	38.958481	108.754756	251.0	716.0	10363.0	-5.688
022518	38.94708	108.797147	251.0	716.0	10359.733	-7.467
022538	38.935387	108.840568	251.0	715.870968	10356.0	-6.968
022558	38.923323	108.885406	251.0	715.225806	10356.0	-1.806
022618	38.911603	108.928877	251.0	714.133333	10356.0	0.0
022638	38.90003	108.97171	251.0	713.0	10356.0	0.0
022658	38.88823	109.01511	251.0	713.0	10356.0	0.0
022718	38.876473	109.058553	251.0	714.3	10356.0	3.467
022738	38.86474	109.10195	251.0	716.0	10356.7	8.0
022758	38.853007	109.14495	251.0	716.0	10361.367	8.0
022818	38.84136	109.187603	251.0	715.566667	10363.0	4.533
022838	38.82969	109.23031	251.0	715.1	10363.0	0.0
022858	38.817623	109.274377	251.0	715.766667	10363.0	0.0
022918	38.805903	109.317273	251.0	716.0	10363.0	0.0
022938	38.7943	109.35973	251.0	716.0	10363.0	0.0
022958	38.7823	109.403263	251.0	716.0	10363.0	0.0
023018	38.770426	109.446345	251.0	717.258065	10363.0	0.0
023038	38.758613	109.489227	251.0	719.0	10363.0	0.0
023058	38.746747	109.532493	251.0	719.0	10363.0	0.0
023118	38.73484	109.57564	251.0	720.6	10363.0	0.0
023138	38.7229	109.618707	251.0	723.2	10363.0	0.467
023158	38.7109	109.661773	251.0	725.2	10363.0	5.133
023218	38.698788	109.705325	251.0	726.375	10366.0	7.0
023238	38.6866	109.7492	251.0	727.0	10371.0	7.0
023258	38.674236	109.7932	250.393939	727.0	10371.0	2.758
023318	38.661883	109.83727	250.0	726.766667	10371.0	-1.867
023338	38.64955	109.88147	250.0	726.1	10371.0	-7.2
023358	38.637557	109.924197	250.0	726.0	10366.467	-8.0
023418	38.625413	109.967457	250.0	726.233333	10363.0	-6.133
023438	38.61288	110.01219	250.0	726.9	10363.0	-0.8
023458	38.600142	110.057342	250.0	727.0	10363.0	0.0
023518	38.587523	110.101929	250.0	727.0	10363.0	0.0
023538	38.575265	110.145026	250.0	727.0	10363.0	0.0
023558	38.5629	110.1888	250.0	728.0	10363.0	0.0
023618	38.550483	110.232767	250.0	729.5	10363.0	0.0
023638	38.538017	110.276633	250.0	731.5	10363.0	0.0
023658	38.52595	110.31905	250.0	733.0	10363.0	0.0
023718	38.513633	110.36225	250.0	734.166667	10363.0	1.167
023738	38.500167	110.40925	250.0	734.833333	10363.0	5.833
023758	38.488482	110.450136	250.0	735.909091	10366.636	3.818
023818	38.477145	110.489797	250.0	737.0	10370.484	0.0
023838	38.463597	110.536765	250.0	737.0	10365.323	0.0
023858	38.450093	110.58199	248.533333	739.933333	10365.933	0.0
023918	38.436438	110.625644	245.75	745.5	10370.75	0.0
023938	38.419187	110.666519	240.75	755.5	10365.75	0.0
023958	38.399687	110.707262	235.75	767.0	10366.0	0.0
024018	38.376517	110.74705	231.0	780.0	10369.667	-2.5
024038	38.350583	110.78445	227.0	792.0	10364.333	-12.5
024058	38.3233	110.8208	226.0	796.0	10359.5	-11.5
024118	38.295581	110.8568	226.0	797.16129	10356.0	-6.71
024138	38.267903	110.8928	226.0	797.806452	10356.0	-1.548
024158	38.239627	110.929484	226.0	798.622222	10356.0	1.867
024218	38.211093	110.966462	226.0	799.511111	10356.0	4.533
024238	38.183018	111.002809	226.0	800.0	10357.909	6.273
024258	38.155503	111.038385	226.0	800.0	10362.152	6.879
024318	38.127387	111.074513	226.0	801.6	10363.0	7.533
024338	38.099239	111.110681	226.0	803.580645	10364.548	6.452
024358	38.071368	111.146616	226.0	805.516129	10369.71	1.29
024418	38.04305	111.18305	225.5	803.5	10367.0	-4.0
024438	38.014617	111.219567	225.166667	800.0	10363.0	-6.667
024458	37.986283	111.255833	225.833333	796.0	10363.0	-1.333
024518	37.958781	111.291029	225.516129	796.451613	10363.0	-3.387
024538	37.9314	111.326061	225.0	798.0	10362.097	-6.097
024558	37.9034	111.361868	225.0	798.0	10357.581	-1.581
024618	37.875219	111.3978	225.0	798.0	10358.528	72.583
024638	37.846942	111.4338	225.0	798.0	10362.417	184.25
024658	37.81907	111.469177	225.0	779.866667	10484.267	329.067
024718	37.791387	111.504327	225.0	764.6	10626.7	409.5
024738	37.76392	111.53926	225.0	760.6	10768.7	359.5
024758	37.737371	111.572961	225.0	762.193548	10869.516	254.387
024818	37.711006	111.606431	225.0	766.8125	10942.125	147.75
024838	37.684694	111.639869	225.0	776.1875	10965.875	60.25
024858	37.657356	111.6744	225.0	781.333333	10973.0	20.778
024918	37.629578	111.7094	225.0	784.666667	10973.0	1.889
024938	37.601658	111.744603	225.0	785.0	10973.0	0.0
024958	37.573957	111.779517	225.0	785.0	10973.0	0.0
025018	37.54669	111.81385	225.0	785.0	10973.0	0.0
025038	37.51948	111.849657	227.266667	780.466667	10973.0	0.0
025058	37.493597	111.886597	230.09375	775.6875	10973.0	-1.531
025118	37.470159	111.925159	233.21875	771.9375	10973.0	-5.906
025138	37.447243	111.963814	234.0	772.285714	10969.571	-4.0
025158	37.4245	112.0025	234.0	774.0	10965.0	0.0
025218	37.4011	112.0423	234.0	772.0	10970.333	0.0
025238	37.378431	112.080856	234.0	771.0	10970.5	0.0
025258	37.356494	112.118169	234.0	771.0	10965.5	0.0
025318	37.333048	112.15819	234.0	771.0	10969.645	4.645
025338	37.30979	112.197863	234.0	771.0	10973.0	6.133
025358	37.28719	112.23633	234.0	771.0	10973.0	0.8
025418	37.264606	112.274784	234.0	772.645161	10973.0	0.0
025438	37.24202	112.31318	233.8	774.6	10973.0	0.0
025458	37.21942	112.351447	233.133333	776.6	10973.0	0.0
025518	37.19586	112.391313	233.533333	777.0	10973.0	4.267
025538	37.17234	112.43106	234.0	777.4	10974.4	9.4
025558	37.149473	112.469593	234.0	778.733333	10979.067	14.067
025618	37.126233	112.508873	233.466667	779.0	10984.267	11.267
025638	37.10288	112.5483	233.2	778.6	10988.0	4.8
025658	37.07948	112.587633	233.866667	777.266667	10988.0	-5.867
025718	37.056507	112.626273	234.0	777.0	10983.733	-11.733
025738	37.03346	112.66506	233.8	777.0	10978.6	-13.6
025758	37.009993	112.704593	233.133333	777.0	10973.933	-8.933
025818	36.98674	112.743593	233.0	777.0	10973.0	-3.733
025838	36.96352	112.7825	233.0	776.8	10973.0	-1.6
025858	36.940253	112.8215	233.0	776.133333	10973.0	-6.933
025918	36.917381	112.8597	233.0	776.516129	10968.871	-8.0
025938	36.8945	112.8979	233.0	777.333333	10965.0	-6.667
025958	36.8713	112.9367	233.0	778.666667	10965.0	-1.333
030018	36.8479	112.9757	233.0	779.0	10965.0	4.0
030038	36.824383	113.014833	233.0	779.0	10966.333	6.667
030058	36.800717	113.054167	233.0	779.0	10971.667	1.333
030118	36.7778	113.092318	233.0	780.363636	10969.364	-6.818
030138	36.755013	113.130247	233.0	782.2	10964.533	-13.467
030158	36.731147	113.169713	233.0	784.2	10959.867	1.867
030218	36.70716	113.20942	233.0	785.0	10964.0	16.8
030238	36.6832	113.249087	233.0	785.133333	10974.0	29.0
030258	36.6602	113.286953	233.0	786.466667	10984.0	19.0
030318	36.6368	113.32554	233.0	787.0	10988.0	5.8
030338	36.61328	113.36466	233.133333	786.666667	10987.467	-8.467
030358	36.59108	113.40426	234.466667	783.333333	10982.133	-13.133
030418	36.568768	113.443945	235.0	780.83871	10977.29	-14.613
030438	36.546366	113.483691	235.0	779.0	10972.771	-13.8
030458	36.52368	113.52352	235.0	779.0	10968.2	-9.8
030518	36.501161	113.563071	235.0	779.0	10965.0	-7.194
030538	36.479032	113.601974	235.0	779.0	10965.0	-7.839
030558	36.45615	113.64215	235.0	781.5	10961.5	-4.0
030618	36.4333	113.682197	235.0	784.483871	10959.129	2.419
030638	36.4113	113.720584	235.0	786.419355	10963.645	12.097
030658	36.388647	113.760147	235.0	787.0	10968.733	15.0
030718	36.365647	113.800307	235.0	787.4	10973.933	14.067
030738	36.34238	113.84084	235.0	789.4	10978.6	9.4
030758	36.319533	113.88058	235.0	789.533333	10980.0	8.0
030818	36.296827	113.920033	235.0	789.133333	10981.067	6.933
030838	36.27396	113.9597	235.0	789.8	10986.4	1.6
030858	36.251	113.99946	234.533333	790.0	10984.267	-7.0
030918	36.227994	114.039261	234.129032	789.870968	10979.097	-13.968
030938	36.204961	114.079068	234.774194	789.225806	10974.581	-8.806
030958	36.182055	114.118706	234.580645	789.419355	10973.0	-7.419
031018	36.159187	114.15828	234.066667	790.0	10972.467	-8.0
031038	36.136053	114.19808	234.733333	790.0	10967.133	-8.0
031058	36.1128	114.23792	234.2	792.8	10965.0	-4.8
031118	36.089337	114.277495	232.473684	797.947368	10965.0	0.947
031138	36.064355	114.314494	228.096774	806.0	10965.774	9.581
031158	36.037387	114.351784	228.741935	806.0	10970.935	13.452
031218	36.0104	114.38922	228.6	806.8	10975.8	12.2
031238	35.983473	114.426627	228.0	808.0	10980.0	6.933
031258	35.957207	114.462893	228.0	808.0	10980.0	-3.733
031318	35.930558	114.499697	228.0	808.0	10977.29	-8.0
031338	35.90367	114.536833	228.0	808.0	10973.0	-7.733
031358	35.87707	114.5735	228.0	808.0	10973.0	-2.4
031418	35.85003	114.610717	228.0	808.0	10973.0	0.0
031438	35.82267	114.648333	228.0	807.933333	10973.0	0.0
031458	35.79607	114.685	228.0	806.6	10973.0	0.0
031518	35.769323	114.721813	228.0	804.166667	10973.0	-2.933
031538	35.742473	114.758717	228.0	801.0	10972.733	-8.0
031558	35.71594	114.79505	228.0	801.0	10967.4	-8.0
031618	35.688637	114.83241	228.0	801.0	10965.0	-5.067
031638	35.660807	114.87047	228.0	801.166667	10965.0	0.0
031658	35.63494	114.90587	228.0	804.5	10965.0	0.0
031718	35.608743	114.94171	228.0	806.0	10965.0	0.0
031738	35.582223	114.97798	228.0	806.066667	10965.0	0.267
031758	35.55469	115.01558	228.0	807.4	10965.0	5.6
031818	35.528073	115.05186	228.0	808.0	10967.933	8.0
031838	35.502103	115.08713	227.966667	807.4	10973.0	7.733
031858	35.47417	115.12373	227.3	795.4	10973.0	2.4
031918	35.446933	115.15934	227.0	788.166667	10973.0	0.0
031938	35.42023	115.194183	227.0	785.066667	10973.0	0.0
031958	35.39283	115.22985	227.0	786.4	10973.0	0.0
032018	35.365833	115.264967	227.0	788.375	10973.0	0.0
032038	35.338677	115.300287	227.233333	790.7	10973.0	0.0
032058	35.31061	115.33682	227.9	792.7	10973.0	0.0
032118	35.283806	115.371584	227.451613	793.0	10973.0	0.0
032138	35.257113	115.406213	227.0	793.0	10973.0	-2.348
032158	35.23018	115.44119	227.0	793.2	10972.2	-8.9
032218	35.20338	115.47579	227.0	794.533333	10966.867	-8.233
032238	35.176293	115.510807	227.0	797.241379	10965.0	-1.276
032258	35.149044	115.546036	227.0	800.102564	10965.821	7.615
032318	35.121762	115.581215	227.0	800.615385	10969.923	10.692
032338	35.09425	115.616617	226.833333	801.833333	10974.167	12.167
032358	35.06605	115.652683	226.166667	805.166667	10978.833	8.833
032418	35.03805	115.6884	226.0	804.5	10980.0	4.0
032438	35.0104	115.7236	226.0	803.0	10980.0	0.0
032458	34.9836	115.7576	226.0	803.0	10980.0	0.0
032518	34.9556	115.79325	226.0	803.0	10980.0	-4.0
032538	34.927033	115.82965	226.0	803.0	10978.833	-13.333
032558	34.897967	115.86665	226.0	803.0	10974.167	-34.667
032618	34.870169	115.89765	218.5	807.6875	10951.438	-303.438
032638	34.8346	115.922895	205.333333	813.428571	10791.667	-504.667
032658	34.79716	115.93764	193.2	820.3	10610.3	-497.9
032718	34.756886	115.943436	188.142857	829.357143	10454.429	-302.786
032738	34.714981	115.948162	185.761905	839.238095	10374.429	-152.905
032758	34.671743	115.952686	185.285714	849.714286	10367.286	-66.714
032818	34.628705	115.957337	186.263158	852.210526	10363.0	-8.684
032838	34.587313	115.965925	192.875	841.375	10363.0	0.0
032858	34.548537	115.982633	204.703704	829.962963	10363.0	0.0
032918	34.512685	116.009967	219.518519	821.814815	10363.0	0.0
032938	34.485875	116.043425	231.125	815.25	10359.25	-75.25
032958	34.46467	116.08718	243.2	804.9	10305.4	-224.0
033018	34.453157	116.130643	254.428571	789.142857	10213.857	-278.429
033038	34.447681	116.176119	259.190476	776.285714	10123.381	-296.524
033058	34.442353	116.221767	263.0	764.933333	10026.6	-330.467
033118	34.43762	116.2681	263.0	759.6	9904.6	-427.8
033138	34.43298	116.314433	263.0	767.8	9740.133	-527.0
033158	34.428395	116.360258	262.578947	781.315789	9547.474	-621.316
033218	34.4228	116.40568	260.0	790.6	9318.0	-668.8
033238	34.414	116.456	256.0	793.0	9098.0	-644.0
033258	34.402162	116.501592	250.807692	776.0	8888.885	-650.731
033318	34.387392	116.545438	246.961538	776.0	8666.577	-665.346
033338	34.37085	116.5877	245.0	769.5	8443.0	-647.0
033358	34.353967	116.628783	243.833333	760.333333	8226.833	-622.0
033418	34.337833	116.667917	243.166667	749.666667	8034.167	-610.0
033438	34.321762	116.707588	243.375	738.375	7828.875	-604.75
033458	34.305712	116.747438	243.875	726.875	7619.375	-601.75
033518	34.28975	116.7871	244.5	714.5	7426.0	-586.5
033538	34.274	116.82625	244.833333	704.5	7236.667	-577.0
033558	34.2588	116.86405	244.166667	702.5	7043.333	-597.0
033618	34.24315	116.90285	244.0	707.5	6839.0	-604.5
033638	34.227618	116.94145	244.227273	710.045455	6634.364	-602.909
033658	34.213281	116.9786	246.125	696.4375	6439.0	-594.062
033718	34.20176	117.016927	251.233333	679.133333	6236.2	-608.767
033738	34.19136	117.05586	251.9	673.8	6028.2	-588.1
033758	34.181166	117.093418	252.0	666.289474	5839.974	-577.395
033818	34.171008	117.130734	252.0	658.394737	5655.237	-568.447
033838	34.16157	117.165375	252.0	650.4	5457.9	-579.4
033858	34.150514	117.205281	252.0	642.761905	5268.857	-533.857
033918	34.13998	117.24344	252.6	638.4	5099.4	-541.0
033938	34.129993	117.27964	252.733333	634.666667	4919.8	-534.6
033958	34.120727	117.31324	252.066667	631.333333	4721.8	-498.6
034018	34.11068	117.34978	252.0	613.6	4582.6	-434.4
034038	34.101305	117.385024	252.380952	590.952381	4450.81	-409.619
034058	34.093067	117.417833	253.333333	563.333333	4320.333	-448.667
034118	34.08508	117.4497	253.8	543.0	4169.6	-490.0
034138	34.07768	117.479367	253.133333	539.666667	3971.6	-536.667
034158	34.069952	117.509871	253.0	540.142857	3795.619	-526.571
034218	34.062143	117.540586	253.0	541.571429	3625.143	-502.286
034238	34.05406	117.5722	253.0	540.6	3463.867	-474.0
034258	34.045993	117.603707	253.0	537.533333	3309.467	-432.133
034318	34.03846	117.63324	253.0	530.2	3166.8	-342.8
034338	34.030376	117.665004	253.0	528.0	3081.44	-248.8
034358	34.023312	117.695706	257.764706	528.0	3015.706	-232.529
034418	34.019329	117.7254	262.571429	521.714286	2925.857	-308.429
034438	34.016313	117.75658	263.366667	515.166667	2812.9	-360.067
034458	34.01326	117.788075	264.0	511.85	2689.8	-397.35
034518	34.01045	117.817645	263.95	509.3	2544.2	-478.4
034538	34.007447	117.84853	263.0	514.733333	2370.4	-446.267
034558	34.00438	117.87913	263.0	509.4	2238.4	-411.6
034618	34.001387	117.90962	263.366667	506.266667	2106.4	-387.567
034638	33.99845	117.94002	263.966667	504.8	1975.167	-370.967
034658	33.99545	117.97042	263.3	500.8	1858.5	-330.3
034718	33.992487	118.000307	263.0	503.766667	1755.767	-272.4
034738	33.989554	118.029719	263.0	510.615385	1666.923	-202.423
034758	33.986631	118.058104	263.0	482.923077	1625.385	-170.885
034818	33.98385	118.08585	263.0	453.0	1565.5	-237.5
034838	33.981183	118.11285	263.0	427.5	1480.5	-328.5
034858	33.978717	118.13825	263.0	417.5	1338.5	-394.5
034918	33.97629	118.1626	263.0	404.137931	1204.724	-382.552
034938	33.97392	118.18638	263.0	388.0	1081.0	-348.8
034958	33.971653	118.209647	263.0	368.0	974.333	-324.8
035018	33.969493	118.230513	263.0	348.533333	867.133	-320.0
035038	33.96738	118.25082	263.0	335.0	760.0	-315.4
035058	33.965313	118.27122	263.0	335.0	653.333	-300.067
035118	33.96346	118.289913	263.0	307.266667	558.933	-249.533
035138	33.961692	118.307546	263.0	279.769231	481.846	-212.846
035158	33.96	118.3237	263.0	269.0	438.0	-229.0
035218	33.958438	118.339356	263.0	266.5	348.625	-236.812
035238	33.956875	118.355013	263.0	264.0	259.25	-244.625
035258	33.955312	118.370669	263.0	261.5	169.875	-252.438
035318	33.9536	118.3868	263.0	254.0	99.0	-214.0
