195837	40.6321	73.7816	124.0	315.0	99.0	0.0
195857	40.618625	73.771525	161.25	334.75	306.75	479.0
195917	40.6006	73.7673	172.0	373.5	419.0	279.0
195937	40.58025	73.763525	172.25	430.25	491.5	292.0
195957	40.558164	73.759673	172.727273	473.727273	613.545	609.727
200017	40.533993	73.755653	173.0	484.6	875.733	806.867
200037	40.509582	73.752635	178.176471	484.176471	1183.529	880.294
200057	40.486993	73.758222	198.111111	489.555556	1455.0	785.481
200117	40.4644	73.772	207.0	494.0	1715.0	744.0
200137	40.44505	73.79005	224.0	508.25	1944.75	710.25
200157	40.431943	73.818886	245.761905	513.142857	2189.714	734.905
200217	40.422052	73.849596	246.44	518.92	2435.92	719.12
200237	40.410852	73.881924	245.08	529.56	2667.76	687.04
200257	40.400372	73.912164	245.88	535.16	2905.36	517.44
200317	40.389015	73.945351	246.0	562.536585	3042.171	493.659
200337	40.377502	73.979059	246.0	593.756098	3161.195	495.61
200357	40.365227	74.015347	246.0	605.333333	3367.933	585.067
200417	40.3527	74.05244	246.0	612.6	3592.0	658.4
200437	40.340033	74.089907	246.0	621.266667	3805.333	643.067
200457	40.32742	74.127053	246.0	628.866667	4018.667	632.0
200517	40.31474	74.16434	246.2	635.4	4229.0	617.4
200537	40.301873	74.20214	246.866667	640.066667	4432.333	592.067
200557	40.288687	74.241007	246.466667	650.066667	4623.4	562.467
200617	40.2753	74.28046	246.0	659.6	4806.8	490.8
200637	40.261633	74.32066	246.0	664.933333	4979.467	323.467
200657	40.248287	74.359793	246.0	670.266667	5030.0	180.133
200717	40.23496	74.39884	246.0	674.0	5054.8	117.8
200737	40.221493	74.438307	246.0	674.0	5090.8	230.467
200757	40.207694	74.4798	247.882353	678.705882	5234.471	514.647
200817	40.200445	74.52313	263.2	683.75	5415.9	591.8
200837	40.196703	74.569058	264.0	685.151515	5622.485	570.242
200857	40.1931	74.61482	264.0	688.2	5815.4	533.0
200917	40.189433	74.659887	264.0	695.533333	5973.4	469.667
200937	40.186033	74.702767	264.0	700.2	6122.867	449.0
200957	40.18256	74.74664	264.0	705.6	6270.2	437.4
201017	40.17876	74.794107	264.0	714.266667	6417.533	422.067
201037	40.17496	74.8412	264.0	721.866667	6552.6	403.0
201057	40.17118	74.888	264.0	729.4	6683.0	385.6
201117	40.167447	74.934333	264.0	737.4	6809.667	374.267
201137	40.163322	74.9844	264.0	744.333333	6930.111	405.778
201157	40.15942	75.03222	264.0	748.0	7074.6	383.6
201217	40.1555	75.079953	264.0	752.133333	7201.667	308.933
201237	40.1515	75.128087	264.0	757.466667	7298.333	166.267
201257	40.14732	75.17826	264.0	759.2	7312.2	65.6
201317	40.14312	75.228207	264.0	760.266667	7315.0	5.867
201337	40.13892	75.277473	264.0	760.933333	7315.0	0.533
201357	40.13478	75.3262	264.0	761.0	7315.0	0.0
201417	40.130673	75.374627	264.0	761.533333	7315.0	6.133
201437	40.126607	75.422693	264.0	762.866667	7315.0	21.467
201457	40.12236	75.47292	264.0	763.0	7328.8	128.0
201517	40.11812	75.522507	264.0	764.6	7384.667	220.4
201537	40.11392	75.570773	264.0	768.6	7501.333	276.4
201557	40.10954	75.62138	264.0	770.2	7577.2	177.0
201617	40.105167	75.67174	263.733333	770.466667	7620.0	78.467
201637	40.100833	75.72134	263.066667	769.133333	7620.0	7.133
201657	40.0965	75.77028	263.0	770.2	7620.0	9.0
201717	40.09214	75.819573	263.0	769.133333	7624.0	67.8
201737	40.08774	75.869507	263.0	764.466667	7634.0	199.8
201757	40.08316	75.9204	263.0	765.2	7753.8	295.8
201817	40.078587	75.971027	263.0	768.666667	7873.8	336.6
201837	40.074053	76.021093	263.0	775.333333	7975.8	300.6
201857	40.0697	76.06912	263.0	780.8	8073.0	306.0
201917	40.06518	76.118813	263.0	784.8	8175.533	310.133
201937	40.06038	76.171347	263.0	786.8	8286.867	305.467
201957	40.055443	76.224	263.0	792.142857	8376.857	297.286
202017	40.050733	76.273947	263.0	794.133333	8480.667	327.167
202037	40.046043	76.32374	263.0	793.833333	8594.333	351.7
202057	40.04131	76.37414	263.0	790.5	8721.0	353.7
202117	40.034695	76.425095	257.631579	792.684211	8828.579	269.895
202137	40.023056	76.477144	251.24	798.04	8905.24	213.2
202157	40.008086	76.524986	245.413793	804.482759	8968.207	186.483
202217	39.990789	76.5703	240.777778	811.333333	9025.889	177.333
202237	39.970233	76.6148	239.666667	818.0	9085.333	184.0
202257	39.94914	76.66038	239.0	822.8	9148.6	202.8
202317	39.927373	76.707186	239.0	825.297297	9221.351	227.595
202337	39.905805	76.753403	239.0	828.540541	9299.73	234.081
202357	39.885876	76.796006	239.647059	828.058824	9379.0	265.471
202417	39.863627	76.843409	240.0	826.363636	9475.545	296.273
202437	39.841408	76.890931	240.0	824.153846	9577.0	297.154
202457	39.82018	76.93635	239.7	822.0	9674.3	240.0
202517	39.79858	76.9823	239.0	822.0	9741.2	105.0
202537	39.776513	77.0293	239.0	822.0	9751.867	28.333
202557	39.755553	77.073605	238.578947	822.842105	9754.0	7.526
202617	39.734868	77.117237	238.052632	823.894737	9754.0	0.684
202637	39.7139	77.16162	238.6	825.2	9754.0	0.0
202657	39.692393	77.207153	239.0	826.0	9754.0	0.0
202717	39.670127	77.254287	239.0	826.0	9754.0	0.0
202737	39.64816	77.30052	238.4	823.6	9754.0	0.0
202757	39.626467	77.346093	238.0	822.0	9754.0	0.0
202817	39.605133	77.390827	238.0	822.0	9754.0	0.0
202837	39.58404	77.43508	238.0	823.2	9754.0	0.0
202857	39.562653	77.479893	238.0	824.533333	9754.0	0.0
202917	39.540787	77.525627	238.0	825.866667	9754.0	0.0
202937	39.51916	77.57064	238.0	826.0	9754.0	0.0
202957	39.49756	77.615653	238.0	825.466667	9754.0	0.0
203017	39.47596	77.660787	238.0	824.133333	9754.0	0.0
203037	39.4537	77.707	238.0	822.8	9754.0	0.0
203057	39.43166	77.752747	238.0	822.533333	9754.0	0.0
203117	39.41006	77.797613	238.0	823.866667	9754.0	0.0
203137	39.3899	77.84164	240.4	825.2	9754.0	0.0
203157	39.370167	77.887573	242.266667	826.0	9754.0	0.0
203217	39.350833	77.936507	242.933333	826.0	9754.0	0.0
203237	39.33192	77.98412	243.0	824.8	9754.0	0.0
203257	39.31324	78.031027	243.0	821.866667	9754.0	0.0
203317	39.29484	78.077093	243.0	816.533333	9754.0	0.0
203337	39.27566	78.1252	243.0	814.8	9754.0	0.0
203357	39.25658	78.172947	243.0	815.333333	9754.0	0.0
203417	39.23778	78.219813	243.0	818.666667	9754.0	0.0
203437	39.22006	78.26416	243.0	820.2	9754.0	0.0
203457	39.201687	78.310013	243.0	821.266667	9754.0	0.0
203517	39.182153	78.358547	243.0	821.933333	9754.0	0.0
203537	39.16298	78.4063	243.0	824.4	9754.0	0.0
203557	39.144353	78.452553	243.0	826.0	9754.0	0.0
203617	39.126487	78.496687	243.0	826.0	9754.0	0.0
203637	39.10664	78.54568	243.0	824.8	9754.0	0.0
203657	39.088684	78.594693	244.860465	824.372093	9754.0	0.0
203717	39.073893	78.642926	249.511628	825.302326	9754.0	0.0
203737	39.060067	78.691817	253.333333	825.333333	9754.0	0.0
203757	39.049133	78.742683	254.666667	822.666667	9754.0	0.0
203817	39.0377	78.7955	255.0	822.0	9754.0	0.0
203837	39.026467	78.847267	254.833333	821.833333	9754.0	0.0
203857	39.016333	78.893933	254.166667	821.166667	9754.0	0.0
203917	39.00525	78.94455	254.0	821.5	9754.0	0.0
203937	38.9939	78.99625	254.0	822.0	9754.0	0.0
203957	38.9827	79.04725	254.0	822.0	9754.0	0.0
204017	38.9714	79.0986	254.0	821.5	9754.0	0.0
204037	38.960167	79.149617	254.0	821.166667	9754.0	0.0
204057	38.949233	79.199283	254.0	821.833333	9754.0	0.0
204117	38.937891	79.249852	253.347826	822.0	9754.0	0.0
204137	38.9245	79.297733	247.666667	822.0	9754.0	0.0
204157	38.9068	79.345007	244.066667	822.0	9754.0	0.0
204217	38.887845	79.392694	243.0	822.258065	9754.0	0.0
204237	38.869071	79.439661	243.0	823.548387	9754.0	0.0
204257	38.849977	79.487993	243.0	824.866667	9754.0	0.0
204317	38.830948	79.536416	243.0	826.096774	9754.0	0.0
204337	38.813271	79.58119	243.0	826.741935	9754.0	0.0
204357	38.79448	79.62878	243.0	827.0	9754.0	0.0
204417	38.775127	79.677767	243.0	826.8	9754.0	0.0
204437	38.757393	79.722433	243.0	824.8	9754.0	0.0
204457	38.73874	79.76902	243.0	822.8	9754.0	0.0
204517	38.719542	79.816739	243.0	820.870968	9754.0	0.0
204537	38.700961	79.863126	243.0	819.580645	9754.0	0.0
204557	38.682523	79.909052	243.0	819.709677	9754.0	0.0
204617	38.6642	79.9546	243.0	821.0	9754.0	0.0
204637	38.644733	80.002467	243.0	819.666667	9754.0	0.0
204657	38.626579	80.049242	245.105263	815.842105	9754.0	0.0
204717	38.612086	80.096671	250.666667	810.380952	9754.0	0.0
204737	38.601961	80.145326	255.612903	804.451613	9754.0	0.0
204757	38.594284	80.193777	258.83871	797.354839	9754.0	0.0
204817	38.586729	80.2437	259.0	790.870968	9754.0	0.0
204837	38.579258	80.293468	259.0	786.483871	9754.0	0.0
204857	38.571903	80.342887	259.0	785.193548	9754.0	0.0
204917	38.564453	80.392403	259.0	785.0	9754.0	0.0
204937	38.557057	80.441773	259.0	784.766667	9754.0	0.0
204957	38.54979	80.49084	259.0	784.1	9754.0	0.0
205017	38.54258	80.53849	259.0	784.0	9754.0	0.0
205037	38.535217	80.586893	259.0	784.233333	9754.0	0.0
205057	38.52755	80.63716	259.0	784.9	9754.0	0.0
205117	38.520053	80.686463	259.0	784.433333	9754.0	0.0
205137	38.51247	80.736227	259.0	783.533333	9754.0	0.0
205157	38.50467	80.78716	259.0	782.2	9754.0	0.0
205217	38.497493	80.833503	259.0	772.933333	9754.0	0.0
205237	38.49031	80.8799	259.0	764.833333	9754.0	0.0
205257	38.48291	80.9279	259.0	761.5	9754.0	0.0
205317	38.47568	80.97488	259.0	760.433333	9754.0	0.0
205337	38.468363	81.022217	259.0	759.533333	9754.0	0.0
205357	38.46083	81.07055	259.0	758.2	9754.0	0.0
205417	38.45358	81.117013	259.0	755.166667	9754.0	0.0
205437	38.44631	81.16352	259.0	752.3	9754.0	0.0
205457	38.43891	81.21072	259.0	750.3	9754.0	0.0
205517	38.431567	81.25707	259.0	748.866667	9754.0	0.0
205537	38.424271	81.303245	259.0	748.451613	9754.0	0.0
205557	38.417045	81.349374	259.0	749.741935	9754.0	0.0
205617	38.409627	81.396147	259.0	751.6	9754.0	0.0
205637	38.402155	81.443129	258.806452	753.967742	9754.0	0.0
205657	38.394671	81.490226	258.16129	757.193548	9754.0	0.0
205717	38.38685	81.53885	258.5	759.5	9754.0	0.0
205737	38.379033	81.587333	259.0	759.666667	9754.0	0.0
205757	38.371567	81.633867	259.0	754.333333	9754.0	0.0
205817	38.36395	81.68135	258.5	750.5	9754.0	0.0
205837	38.356259	81.728288	257.411765	748.588235	9754.0	0.0
205857	38.346927	81.772991	254.909091	752.363636	9754.0	0.0
205917	38.335245	81.818218	252.181818	758.272727	9754.0	0.0
205937	38.3233	81.863707	250.0	763.4	9754.0	0.0
205957	38.3103	81.91024	250.0	765.4	9754.0	0.0
210017	38.297236	81.956909	250.0	763.878788	9754.0	0.0
210037	38.284177	82.003517	250.0	760.9	9754.0	0.0
210057	38.27171	82.04785	250.0	758.9	9754.0	0.0
210117	38.259023	82.09288	250.0	756.166667	9754.0	0.0
210137	38.24616	82.13846	250.0	752.9	9754.0	0.0
210157	38.23336	82.18366	250.0	750.9	9754.0	0.0
210217	38.220853	82.22787	250.0	751.1	9754.0	0.0
210237	38.208539	82.271423	250.0	753.0	9754.0	0.0
210257	38.195313	82.317874	250.0	753.0	9754.0	0.0
210317	38.182733	82.362	250.0	753.0	9754.0	0.0
210337	38.1708	82.4038	250.0	753.0	9754.0	0.0
210357	38.1576	82.4502	250.0	753.0	9754.0	0.0
210417	38.144833	82.4948	250.0	753.0	9754.0	0.0
210437	38.1325	82.5376	250.0	753.0	9754.0	0.0
210457	38.119233	82.584	250.0	752.333333	9754.0	0.0
210517	38.106	82.630167	250.0	752.333333	9754.0	0.0
210537	38.0928	82.6761	250.0	753.0	9754.0	0.0
210557	38.080267	82.719567	250.0	756.333333	9754.0	0.0
210617	38.067581	82.76337	250.0	755.674419	9754.0	0.0
210637	38.054744	82.807509	250.0	751.023256	9754.0	0.0
210657	38.041703	82.852345	250.0	747.322581	9754.0	0.0
210717	38.028284	82.898474	250.0	745.387097	9754.0	0.0
210737	38.015787	82.94146	250.0	745.0	9754.0	0.0
210757	38.00336	82.9842	250.0	745.0	9754.0	0.0
210817	37.99056	83.0282	250.0	745.0	9754.0	0.0
210837	37.97744	83.072893	250.0	746.066667	9754.0	0.0
210857	37.96436	83.11742	250.0	747.0	9754.0	0.0
210917	37.95156	83.161153	250.0	747.0	9754.0	0.0
210937	37.938493	83.205633	250.0	747.0	9754.0	0.0
210957	37.9255	83.24978	250.0	746.0	9754.0	0.0
211017	37.912833	83.292713	250.0	742.666667	9754.0	0.0
211037	37.899847	83.336607	250.0	744.666667	9754.0	0.0
211057	37.88672	83.38094	250.0	746.0	9754.0	0.0
211117	37.873453	83.42574	250.0	742.666667	9754.0	0.0
211137	37.86056	83.469207	250.0	744.666667	9754.0	0.0
211157	37.84762	83.5128	249.8	746.6	9754.0	0.0
211217	37.834353	83.557467	249.133333	745.266667	9754.0	0.0
211237	37.821033	83.602347	249.533333	743.4	9754.0	0.0
211257	37.80784	83.64662	249.8	742.6	9754.0	0.0
211317	37.794973	83.689353	249.133333	744.6	9754.0	0.0
211337	37.782053	83.732353	249.0	742.333333	9754.0	0.0
211357	37.76898	83.77582	249.0	740.0	9754.0	0.0
211417	37.75558	83.82022	249.0	740.0	9754.0	0.0
211437	37.742393	83.864087	249.0	741.066667	9754.0	0.0
211457	37.7292	83.90794	249.0	742.6	9754.0	0.0
211517	37.715867	83.952073	249.0	744.6	9754.0	0.0
211537	37.70248	83.99642	249.0	743.4	9754.0	0.0
211557	37.68934	84.03988	249.0	738.2	9754.0	0.0
211617	37.676807	84.081147	249.0	725.533333	9754.0	0.0
211637	37.664007	84.12316	249.0	717.666667	9754.0	0.0
211657	37.65116	84.16534	249.0	713.6	9754.0	0.0
211717	37.63836	84.207473	249.0	715.6	9754.0	0.0
211737	37.6254	84.249927	249.0	719.733333	9754.0	0.0
211757	37.61228	84.29274	249.0	723.0	9754.0	0.0
211817	37.59888	84.336207	249.0	723.0	9754.0	0.0
211837	37.586227	84.377327	249.0	721.933333	9754.0	0.0
211857	37.57358	84.41836	249.0	721.0	9754.0	0.0
211917	37.560513	84.46056	249.0	721.0	9754.0	0.0
211937	37.547447	84.502973	249.0	722.6	9754.0	0.0
211957	37.53434	84.54552	249.0	723.4	9754.0	0.0
212017	37.52114	84.588253	249.0	721.4	9754.0	0.0
212037	37.508687	84.628427	249.533333	716.733333	9754.0	0.0
212057	37.49606	84.66908	249.8	713.0	9754.0	0.0
212117	37.482593	84.712347	249.133333	713.0	9754.0	0.0
212137	37.469553	84.754493	249.0	714.066667	9754.0	0.0
212157	37.4566	84.79628	249.0	715.0	9754.0	0.0
212217	37.4436	84.83788	249.0	715.0	9754.0	0.0
212237	37.43044	84.880333	249.0	715.0	9754.0	0.0
212257	37.41748	84.92212	249.0	715.0	9754.0	0.0
212317	37.40508	84.961853	249.0	715.0	9754.0	0.0
212337	37.39204	85.003827	249.0	715.0	9754.0	0.0
212357	37.3788	85.04628	249.0	714.6	9754.0	0.0
212417	37.365467	85.088547	249.0	713.266667	9754.0	0.0
212437	37.352187	85.130493	248.466667	711.933333	9754.0	0.0
212457	37.338932	85.172303	248.0	711.387097	9754.0	0.0
212517	37.325706	85.213981	248.0	712.677419	9754.0	0.0
212537	37.31315	85.2537	248.0	714.0	9754.0	0.0
212557	37.300417	85.294	248.0	715.0	9754.0	0.0
212617	37.286483	85.338	248.0	715.0	9754.0	0.0
212637	37.2732	85.37975	248.0	715.0	9754.0	0.0
212657	37.260117	85.420783	248.0	715.0	9754.0	0.0
212717	37.246983	85.461917	248.0	715.0	9754.0	0.0
212737	37.23375	85.5034	248.0	715.0	9754.0	0.0
212757	37.220683	85.5444	248.0	715.166667	9754.0	0.0
212817	37.208217	85.5836	248.0	715.833333	9754.0	0.0
212837	37.19455	85.6263	248.0	714.5	9754.0	0.0
212857	37.180683	85.669483	248.0	712.666667	9754.0	0.0
212917	37.167417	85.710617	248.0	711.333333	9754.0	0.0
212937	37.154	85.75225	248.0	710.5	9754.0	0.0
212957	37.140733	85.793383	248.0	708.833333	9754.0	0.0
213017	37.128067	85.832517	248.0	704.166667	9754.0	0.0
213037	37.11445	85.8747	248.0	704.0	9754.0	0.0
213057	37.10065	85.917467	248.0	707.666667	9754.0	0.0
213117	37.08725	85.958933	248.0	718.333333	9754.0	0.0
213137	37.0739	86.00005	248.0	730.5	9754.0	0.0
213157	37.060433	86.041433	248.0	741.166667	9754.0	0.0
213217	37.046567	86.083967	248.0	745.833333	9754.0	0.0
213237	37.03275	86.12635	248.0	744.5	9754.0	0.0
213257	37.018867	86.16895	248.0	742.0	9754.0	0.0
213317	37.004733	86.21235	248.0	742.0	9754.0	0.0
213337	36.99105	86.254	248.0	742.0	9754.0	4.0
213357	36.9772	86.296067	248.0	742.0	9755.167	6.667
213417	36.9624	86.341133	248.0	742.0	9759.833	1.333
213437	36.948027	86.385112	249.153846	740.269231	9756.962	-5.769
213457	36.93525	86.42773	251.8	736.75	9754.0	-0.1
213517	36.925126	86.4712	255.894737	730.684211	9757.316	10.579
213537	36.9171	86.515933	258.0	726.666667	9761.0	4.0
213557	36.9101	86.5594	258.0	726.0	9761.0	-6.0
213617	36.902862	86.603686	258.47619	724.571429	9757.667	-6.0
213637	36.895624	86.647971	258.952381	723.142857	9754.333	-6.0
213657	36.88866	86.69086	259.0	723.0	9754.0	-2.4
213717	36.88154	86.734633	258.733333	722.466667	9754.0	-2.133
213737	36.87414	86.779967	258.066667	721.133333	9754.0	-7.467
213757	36.86704	86.82296	258.0	719.8	9749.2	-8.0
213817	36.85984	86.866467	258.0	719.0	9746.0	-5.867
213837	36.85244	86.911133	258.0	719.0	9746.0	-0.533
213857	36.8454	86.95376	258.0	719.0	9746.0	0.0
213917	36.838293	86.996693	258.0	719.533333	9746.0	2.133
213937	36.831027	87.040427	258.0	720.866667	9746.0	7.467
213957	36.8237	87.08446	258.0	721.0	9750.8	8.0
214017	36.81634	87.12882	258.0	721.533333	9754.0	8.0
214037	36.80894	87.17362	258.0	722.866667	9754.0	8.0
214057	36.80154	87.21728	258.0	723.6	9758.2	8.0
214117	36.79414	87.26108	258.0	724.0	9761.0	5.867
214137	36.78674	87.30528	258.0	724.0	9761.0	0.533
214157	36.7794	87.34906	258.0	723.4	9761.0	-4.8
214217	36.771933	87.393327	258.0	723.266667	9759.133	-8.0
214237	36.764267	87.438393	258.0	723.933333	9754.467	-8.0
214257	36.75672	87.48262	258.0	724.0	9754.0	-3.2
214317	36.749129	87.526881	258.0	724.0	9754.0	0.0
214337	36.741452	87.571332	258.0	724.0	9754.0	0.0
214357	36.734067	87.614607	258.0	723.433333	9754.0	0.0
214417	36.72664	87.658023	258.0	723.933333	9754.0	0.0
214437	36.71904	87.70209	258.0	726.6	9754.0	0.0
214457	36.711327	87.74695	258.0	729.833333	9754.0	0.0
214517	36.703617	87.791623	258.0	730.833333	9754.0	0.0
214537	36.69595	87.83569	258.0	727.5	9754.0	0.0
214557	36.688453	87.878793	258.0	725.3	9754.0	0.0
214617	36.68094	87.921983	258.0	723.766667	9754.0	0.0
214637	36.67334	87.96565	258.0	723.1	9754.0	0.0
214657	36.66557	88.010053	258.0	723.0	9754.0	0.0
214717	36.657835	88.054106	258.0	723.0	9754.0	0.0
214737	36.650223	88.097268	258.0	723.0	9754.0	0.0
214757	36.6423	88.142167	258.0	721.933333	9754.0	-4.267
214817	36.63442	88.18682	258.0	721.4	9752.4	-8.2
214837	36.62682	88.229887	258.0	722.733333	9747.067	-8.867
214857	36.618976	88.273624	255.714286	726.047619	9746.0	7.0
214917	36.607167	88.3166	246.666667	737.833333	9752.667	9.5
214937	36.590832	88.356561	243.354839	743.83871	9754.0	4.065
214957	36.573221	88.396516	240.105263	749.842105	9754.0	0.0
215017	36.552754	88.435743	235.054054	757.513514	9754.0	1.324
215037	36.530051	88.471581	232.351351	761.837838	9754.0	5.108
215057	36.506367	88.508667	231.666667	762.666667	9756.333	7.667
215117	36.4817	88.547	233.0	760.0	9761.0	9.0
215137	36.464081	88.585286	246.333333	740.952381	9761.0	0.429
215157	36.453381	88.633069	259.5	728.6875	9761.0	0.0
215217	36.451133	88.674267	267.0	724.333333	9761.0	0.0
215237	36.449267	88.720933	267.0	725.666667	9761.0	0.0
215257	36.4474	88.7663	267.0	725.0	9761.0	0.0
215317	36.445567	88.810717	267.0	723.833333	9761.0	0.0
215337	36.443833	88.853583	267.0	723.166667	9761.0	0.0
215357	36.442	88.8989	267.0	722.0	9761.0	-4.0
215417	36.440183	88.94405	267.0	720.666667	9759.833	-8.0
215437	36.438517	88.98625	267.0	719.333333	9755.167	-8.0
215457	36.4366	89.03225	267.0	717.5	9754.0	-8.0
215517	36.434667	89.0782	267.0	716.0	9752.667	-8.0
215537	36.432933	89.1202	267.0	716.0	9747.333	-8.0
215557	36.4311	89.16355	267.0	716.0	9746.0	-4.0
215617	36.4292	89.207717	267.0	716.0	9746.0	1.333
215637	36.4272	89.252983	267.0	716.0	9746.0	6.667
215657	36.4253	89.2972	267.0	715.5	9750.0	4.0
215717	36.4234	89.341417	267.0	715.166667	9752.667	0.0
215737	36.4214	89.386683	267.0	715.833333	9747.333	0.0
215757	36.4195	89.4312	267.0	716.0	9750.0	4.0
215817	36.417619	89.474573	267.192308	716.0	9754.0	6.462
215837	36.415696	89.515265	267.961538	716.0	9754.0	0.308
215857	36.413573	89.562647	267.366667	717.9	9754.0	0.0
215917	36.4115	89.608032	267.0	719.580645	9754.0	2.323
215937	36.4095	89.650548	267.0	720.870968	9754.0	7.484
215957	36.40738	89.69536	267.0	719.8	9758.2	8.0
220017	36.405247	89.7404	267.0	719.0	9761.0	5.867
220037	36.403113	89.7854	267.0	719.0	9761.0	0.533
220057	36.40104	89.8301	267.0	717.2	9761.0	-9.0
220117	36.398973	89.87418	266.733333	716.0	9757.0	-15.0
220137	36.396907	89.91738	266.066667	716.0	9747.0	-15.0
220157	36.394784	89.960835	266.580645	717.741935	9746.0	-6.29
220217	36.392607	90.004967	267.0	719.466667	9746.0	0.0
220237	36.39034	90.0503	267.0	720.8	9746.0	0.0
220257	36.388187	90.092687	266.433333	721.0	9746.0	4.533
220317	36.38596	90.136163	266.233333	721.466667	9747.867	9.633
220337	36.38356	90.18263	266.9	722.8	9753.2	14.3
220357	36.381273	90.227113	266.433333	723.0	9757.967	11.033
220417	36.379007	90.271177	266.0	723.0	9761.0	6.133
220437	36.37674	90.31511	266.0	723.0	9761.0	0.8
220457	36.374417	90.360063	266.0	721.866667	9761.0	-4.533
220517	36.37206	90.405173	266.0	721.0	9759.367	-8.0
220537	36.36966	90.45024	266.0	721.0	9754.7	-8.0
220557	36.367373	90.493607	266.0	721.0	9754.0	-3.467
220617	36.365037	90.537513	266.0	721.0	9754.0	-1.867
220637	36.36257	90.58298	266.0	721.0	9754.0	-7.2
220657	36.36016	90.627483	266.0	722.133333	9749.467	-3.467
220717	36.357713	90.67233	266.0	723.0	9747.867	1.867
220737	36.35518	90.71813	266.0	723.0	9753.2	7.2
220757	36.352703	90.7624	266.0	723.0	9754.0	3.467
220817	36.350242	90.806152	266.0	722.548387	9754.0	-1.806
220837	36.34779	90.849442	266.0	721.258065	9754.0	-6.968
220857	36.345273	90.893887	266.0	722.066667	9749.733	-3.733
220917	36.34274	90.9387	266.0	725.4	9747.6	1.6
220937	36.340207	90.9837	266.0	733.4	9752.933	6.933
220957	36.33762	91.028753	266.0	744.066667	9754.0	3.733
221017	36.33496	91.07482	266.0	753.6	9754.0	0.0
221037	36.33216	91.12322	266.0	758.933333	9754.0	0.0
221057	36.32936	91.170304	266.0	758.577778	9754.0	0.0
221117	36.32656	91.21706	266.0	756.8	9754.0	0.0
221137	36.323833	91.262777	266.366667	754.9	9754.0	0.0
221157	36.321157	91.307763	266.966667	753.0	9754.0	0.0
221217	36.31829	91.35503	266.3	753.0	9754.0	0.0
221237	36.315423	91.402553	266.0	752.633333	9754.0	-2.933
221257	36.312563	91.4501	266.0	752.0	9753.733	-7.067
221317	36.30983	91.4941	266.0	752.0	9748.4	11.6
221337	36.307019	91.539131	266.6875	750.625	9761.812	122.438
221357	36.30405	91.58625	266.5	751.5	9822.5	237.0
221417	36.3011	91.633067	266.0	751.166667	9909.0	316.667
221437	36.2983	91.677733	266.0	743.833333	10041.0	363.333
221457	36.295326	91.724803	266.0	738.129032	10162.548	327.581
221517	36.29234	91.772113	266.0	733.066667	10270.2	254.333
221537	36.28954	91.81718	266.0	728.4	10336.2	141.0
221557	36.286787	91.860147	266.0	713.466667	10359.267	60.8
221617	36.284053	91.902147	265.866667	695.733333	10363.0	6.933
221637	36.28132	91.94388	265.2	684.4	10363.0	1.6
221657	36.278493	91.986127	265.0	681.0	10363.0	0.0
221717	36.275627	92.028513	265.0	681.4	10363.0	0.0
221737	36.27276	92.07058	265.0	683.4	10363.0	0.0
221757	36.269987	92.112273	265.466667	684.0	10363.0	0.0
221817	36.267213	92.15418	265.866667	684.0	10363.0	0.0
221837	36.26428	92.19758	265.2	684.0	10363.0	0.0
221857	36.261393	92.239067	265.0	684.933333	10363.0	0.0
221917	36.2585	92.280147	265.0	686.133333	10363.0	0.0
221937	36.2555	92.32288	265.0	686.8	10363.0	0.0
221957	36.252547	92.365567	265.0	687.933333	10363.0	3.733
222017	36.2496	92.408433	265.0	689.133333	10364.067	8.0
222037	36.2466	92.4521	265.0	689.8	10369.4	8.0
222057	36.2436	92.495113	265.0	689.533333	10371.0	4.267
222117	36.240627	92.53726	265.0	689.133333	10371.0	0.0
222137	36.23776	92.57706	265.0	689.8	10371.0	0.0
222157	36.2348	92.61882	265.0	688.6	10371.0	-3.733
222217	36.2318	92.661407	265.0	687.266667	10369.933	-8.0
222237	36.2288	92.70394	265.0	688.6	10364.6	-8.0
222257	36.225753	92.745633	265.0	688.066667	10363.0	-4.267
222317	36.222687	92.787073	265.0	687.0	10363.0	0.0
222337	36.21962	92.82894	265.0	687.0	10363.0	0.0
222357	36.21646	92.871833	265.0	686.533333	10363.0	-3.733
222417	36.21326	92.915167	265.0	685.733333	10362.067	-8.0
222437	36.21006	92.9585	265.0	684.4	10357.4	-8.0
222457	36.206953	93.000527	265.0	682.6	10356.0	-0.533
222517	36.203873	93.042193	265.0	680.333333	10356.933	8.0
222537	36.20074	93.08466	265.0	677.0	10361.6	8.0
222557	36.197653	93.125913	265.0	674.6	10363.0	4.267
222617	36.19456	93.166753	265.0	673.0	10363.0	0.0
222637	36.19136	93.20802	265.0	673.0	10363.0	0.0
222657	36.188281	93.248211	265.0	673.378378	10363.0	0.0
222717	36.185254	93.287941	265.0	673.918919	10363.0	0.0
222737	36.182023	93.329487	265.0	673.433333	10363.0	0.0
222757	36.178757	93.371237	265.0	673.233333	10363.0	0.0
222817	36.17549	93.41277	265.0	673.9	10363.0	0.0
222837	36.172507	93.451583	265.0	673.433333	10363.0	0.0
222857	36.169457	93.49064	265.0	673.233333	10363.0	1.867
222917	36.16619	93.53104	265.0	673.9	10363.0	7.2
222937	36.16281	93.57484	265.0	674.0	10367.533	3.467
222957	36.159433	93.6184	264.766667	673.766667	10369.133	-1.867
223017	36.1561	93.6604	264.1	673.1	10363.8	-7.2
223037	36.152767	93.701153	264.0	673.0	10363.0	-3.467
223057	36.14941	93.742177	264.0	673.0	10363.0	0.0
223117	36.14601	93.78411	264.0	673.0	10363.0	0.0
223137	36.14261	93.826157	264.0	673.0	10363.0	0.0
223157	36.139257	93.867477	264.0	673.0	10363.0	0.0
223217	36.13599	93.90741	264.0	673.0	10363.0	0.0
223237	36.132667	93.947457	264.0	673.0	10363.0	0.0
223257	36.129287	93.98827	264.0	673.0	10363.0	0.0
223317	36.12582	94.03047	264.0	673.0	10363.0	0.0
223337	36.122339	94.071897	264.0	673.0	10363.0	0.0
223357	36.1189	94.11288	264.0	673.2	10363.0	0.0
223417	36.115567	94.153147	264.0	673.866667	10363.0	0.0
223437	36.112073	94.194907	264.0	674.0	10363.0	0.0
223457	36.10852	94.23704	264.0	674.0	10363.0	1.6
223517	36.10492	94.279173	264.0	674.0	10363.0	6.933
223537	36.10132	94.320613	264.0	674.0	10367.267	3.733
223557	36.09776	94.36148	264.0	674.0	10369.4	0.0
223617	36.094293	94.401413	264.0	674.0	10364.067	0.0
223637	36.090613	94.443693	264.0	673.466667	10367.267	0.0
223657	36.08692	94.48616	264.0	672.6	10369.4	-1.6
223717	36.08332	94.527693	264.0	671.266667	10364.067	-6.933
223737	36.07972	94.5688	264.0	671.0	10363.0	-3.733
223757	36.07608	94.60988	264.0	670.4	10363.0	0.0
223817	36.072347	94.651147	264.0	668.4	10363.0	0.0
223837	36.06888	94.69044	264.0	668.0	10363.0	0.0
223857	36.06534	94.7304	263.8	667.4	10363.0	0.0
223917	36.061473	94.773067	263.133333	665.4	10363.0	0.0
223937	36.057873	94.813813	263.533333	665.0	10363.0	0.0
223957	36.05436	94.85362	264.0	664.6	10363.0	0.0
224017	36.050893	94.892353	264.0	663.266667	10363.0	0.0
224037	36.047052	94.934216	264.0	661.967742	10363.0	-4.129
224057	36.043217	94.976	264.0	660.833333	10361.833	-8.0
224117	36.039683	95.0152	264.0	660.166667	10357.167	-8.0
224137	36.03595	95.0561	264.0	660.5	10356.0	-4.0
224157	36.032183	95.09705	263.833333	661.0	10356.0	1.333
224217	36.028517	95.13645	263.166667	661.0	10356.0	6.667
224237	36.0247	95.1768	263.0	662.0	10359.5	11.5
224257	36.02085	95.217517	263.0	663.333333	10364.333	13.833
224317	36.01705	95.258383	263.0	664.666667	10369.667	9.167
224337	36.01325	95.2992	263.0	664.0	10371.0	0.0
224357	36.00945	95.339883	263.0	663.5	10369.667	-6.667
224417	36.00565	95.380217	263.0	665.5	10364.333	-1.333
224437	36.00185	95.4204	263.0	667.0	10367.0	7.5
224457	35.998	95.46075	263.0	668.0	10372.167	13.833
224517	35.994	95.50175	263.0	668.0	10376.833	9.167
224537	35.9901	95.5418	263.0	666.5	10378.0	0.0
224557	35.986217	95.581667	263.0	664.333333	10376.833	-9.167
224617	35.982283	95.621933	263.0	661.666667	10372.167	-13.833
224637	35.97835	95.6632	263.0	659.5	10367.0	-15.0
224657	35.974433	95.704317	263.0	658.0	10361.833	-15.0
224717	35.970567	95.743983	263.0	658.0	10357.167	-15.0
224737	35.9666	95.78475	263.0	658.0	10352.0	-11.5
224757	35.962633	95.825583	263.0	658.333333	10348.0	-5.333
224817	35.958767	95.865517	263.0	659.666667	10348.0	5.333
224837	35.95485	95.9054	263.0	660.0	10352.0	8.0
224857	35.9509	95.9453	263.0	660.166667	10356.0	8.0
224917	35.9469	95.9853	263.0	660.833333	10356.0	8.0
224937	35.9428	96.0256	263.0	662.0	10359.5	8.0
224957	35.938667	96.065983	263.0	663.333333	10363.0	8.0
225017	35.934533	96.106317	263.0	664.666667	10363.0	8.0
225037	35.9304	96.1476	263.0	665.0	10367.0	8.0
225057	35.926267	96.188967	263.0	665.0	10371.0	6.667
225117	35.922133	96.229633	263.0	665.0	10371.0	1.333
225137	35.91815	96.2687	263.0	665.0	10371.0	-4.0
225157	35.914117	96.30825	263.0	665.166667	10369.667	-6.667
225217	35.909783	96.35085	263.0	665.833333	10364.333	-1.333
225237	35.90555	96.392	263.0	666.0	10367.0	0.0
225257	35.901368	96.432403	263.0	665.83871	10369.71	-1.29
225317	35.897239	96.472016	263.0	665.193548	10364.548	-6.452
225337	35.893107	96.511433	263.0	665.0	10363.0	-4.267
225357	35.88892	96.551167	263.0	665.0	10363.0	0.0
225417	35.88452	96.5925	263.0	665.0	10363.0	0.0
225437	35.880213	96.63262	263.0	665.0	10363.0	0.0
225457	35.875907	96.672687	263.0	665.0	10363.0	0.0
225517	35.87144	96.71462	263.0	665.0	10363.0	0.0
225537	35.867113	96.755807	263.0	665.0	10363.0	0.0
225557	35.862861	96.796294	263.0	664.741935	10363.0	0.0
225617	35.858668	96.835261	263.0	663.451613	10363.0	0.0
225637	35.854297	96.875853	262.566667	662.133333	10363.0	0.0
225657	35.84986	96.91688	262.0	661.0	10363.0	-0.8
225717	35.845593	96.955413	262.0	661.0	10363.0	-6.133
225737	35.841153	96.996677	262.0	661.0	10359.967	-4.533
225757	35.83668	97.03873	262.0	661.0	10356.7	0.7
225817	35.832547	97.07693	262.0	661.0	10361.367	5.367
225837	35.828224	97.116339	262.0	661.0	10363.0	4.242
225857	35.8238	97.1564	262.0	661.0	10363.0	0.0
225917	35.8192	97.197667	262.0	662.333333	10363.0	0.0
225937	35.814767	97.237867	262.0	663.0	10363.0	2.667
225957	35.8105	97.277	262.0	663.0	10363.0	8.0
230017	35.8059	97.318067	262.0	663.0	10368.333	2.667
230037	35.801367	97.3588	262.0	663.0	10368.333	-2.667
230057	35.7969	97.3992	262.0	663.0	10363.0	-8.0
230117	35.7923	97.440133	262.0	663.0	10363.0	-2.667
230137	35.787767	97.480267	262.0	663.0	10363.0	0.0
230157	35.7833	97.5196	262.0	663.0	10363.0	0.0
230217	35.7789	97.558667	262.0	661.666667	10363.0	0.0
230237	35.774367	97.5987	262.0	661.0	10363.0	0.0
230257	35.7697	97.6397	262.0	661.0	10363.0	0.0
230317	35.764967	97.680367	262.0	661.0	10363.0	-5.333
230337	35.760333	97.7205	262.0	661.0	10360.667	-5.333
230357	35.7558	97.7601	262.0	661.0	10356.0	0.0
230417	35.751333	97.798967	262.0	661.0	10360.667	5.333
230437	35.746667	97.839133	262.0	661.666667	10363.0	5.333
230457	35.7418	97.8806	262.0	663.0	10363.0	0.0
230517	35.7372	97.9206	262.0	663.0	10363.0	5.333
230537	35.732533	97.9608	262.0	663.0	10365.667	5.333
230557	35.7278	98.0012	262.0	663.0	10371.0	0.0
230617	35.723067	98.041667	262.0	664.333333	10365.667	-5.333
230637	35.718367	98.081867	262.0	665.0	10363.0	-5.333
230657	35.7137	98.1218	262.0	665.0	10363.0	0.0
230717	35.7089	98.162333	262.0	665.666667	10363.0	0.0
230737	35.704067	98.2032	262.0	666.666667	10363.0	2.667
230757	35.6992	98.2444	262.0	668.0	10363.0	8.0
230817	35.694267	98.285	262.0	668.0	10368.333	8.0
230837	35.689467	98.3249	262.0	668.0	10371.0	5.333
230857	35.6848	98.3641	262.0	668.0	10371.0	0.0
230917	35.6798	98.4056	262.0	668.0	10371.0	-3.5
230937	35.6748	98.4471	262.0	668.0	10371.0	-7.0
230957	35.669967	98.4876	262.0	666.333333	10364.333	-8.667
231017	35.665053	98.52722	261.466667	665.466667	10363.0	-8.467
231037	35.66012	98.56694	261.2	665.0	10361.6	-8.0
231057	35.655187	98.607407	261.866667	665.0	10356.933	-8.0
231117	35.650147	98.648513	261.466667	663.933333	10356.0	-3.733
231137	35.64518	98.68896	261.0	662.6	10356.0	0.0
231157	35.640447	98.727493	261.0	661.266667	10356.0	0.0
231217	35.6355	98.767307	261.533333	661.0	10356.0	-4.267
231237	35.63046	98.80774	261.8	661.0	10354.4	-6.4
231257	35.625327	98.848873	261.133333	661.0	10349.067	-1.067
231317	35.6203	98.888993	261.0	661.0	10352.267	4.267
231337	35.61532	98.92886	261.0	661.0	10356.0	8.0
231357	35.610387	98.968727	261.0	661.0	10356.0	8.0
231417	35.6054	99.008273	261.0	661.0	10359.733	8.0
231437	35.60036	99.0481	261.0	661.0	10363.0	8.0
231457	35.595227	99.088767	261.0	661.0	10363.0	8.0
231517	35.590147	99.129167	261.0	660.466667	10367.267	11.733
231537	35.58514	99.16884	261.0	659.6	10372.4	12.0
231557	35.580273	99.206973	261.0	658.266667	10377.067	2.0
231617	35.575087	99.246867	261.0	658.0	10374.267	-4.267
231637	35.56984	99.28724	261.0	658.0	10371.0	-6.4
231657	35.56464	99.327707	261.0	658.0	10371.0	-1.067
231717	35.55944	99.368227	261.0	658.0	10371.0	0.0
231737	35.55428	99.40828	261.0	658.0	10371.0	-1.6
231757	35.549213	99.447213	261.0	658.0	10371.0	-6.933
231817	35.544226	99.485606	261.0	658.0	10366.871	-9.032
231837	35.539094	99.525113	261.0	658.0	10363.0	-6.875
231857	35.53366	99.56699	261.0	658.0	10363.0	0.0
231917	35.52846	99.60719	261.0	658.0	10363.0	0.0
231937	35.52326	99.64682	261.0	658.0	10363.0	0.0
231957	35.518	99.68666	261.0	658.0	10363.0	0.0
232017	35.512667	99.726793	261.0	658.0	10363.0	0.0
232037	35.50746	99.766103	261.0	656.1	10363.0	0.0
232057	35.50232	99.80483	261.0	654.4	10363.0	0.0
232117	35.497253	99.842897	261.0	653.066667	10363.0	0.0
232137	35.49206	99.881723	261.0	652.366667	10363.0	0.0
232157	35.48683	99.92062	261.0	651.4	10363.0	0.0
232217	35.481563	99.959553	261.0	650.066667	10363.0	0.0
232237	35.47617	99.99988	261.0	650.0	10363.0	0.0
232257	35.47089	100.03926	261.0	649.7	10363.0	0.0
232317	35.465757	100.077393	261.0	649.033333	10363.0	0.0
232337	35.460433	100.116793	261.0	645.833333	10363.0	-5.067
232357	35.45516	100.1556	261.0	644.0	10360.9	-5.6
232417	35.44996	100.1936	261.0	644.0	10356.233	-0.267
232437	35.44457	100.23331	260.366667	644.0	10360.433	5.067
232457	35.4392	100.2726	260.0	643.4	10363.0	3.2
232517	35.433867	100.311267	260.0	642.066667	10363.0	-7.467
232537	35.428533	100.350313	260.633333	642.0	10358.567	-2.933
232557	35.4232	100.38923	260.7	641.7	10358.1	2.4
232617	35.417867	100.427963	260.033333	641.033333	10362.767	7.733
232637	35.412407	100.467583	260.0	641.0	10363.0	2.933
232657	35.40694	100.50677	260.0	641.0	10363.0	0.0
232717	35.401473	100.54537	260.0	641.0	10363.0	0.0
232737	35.396577	100.581247	260.0	641.0	10363.0	0.0
232757	35.39144	100.61836	260.0	641.0	10363.0	0.0
232817	35.385973	100.65716	260.0	641.0	10363.0	0.0
232837	35.380633	100.695137	260.0	641.0	10363.0	0.0
232857	35.37518	100.73382	260.0	640.4	10363.0	0.0
232917	35.36958	100.77342	260.0	639.066667	10363.0	0.0
232937	35.36398	100.812513	260.0	637.733333	10363.0	-5.067
232957	35.3585	100.8511	260.0	637.0	10360.9	-8.0
233017	35.353167	100.8891	260.0	637.0	10356.233	-8.0
233037	35.347707	100.927797	260.0	638.266667	10356.0	2.133
233057	35.342232	100.966316	260.0	639.0	10358.032	8.0
233117	35.336748	101.004574	260.0	639.0	10362.548	8.0
233137	35.3311	101.04368	260.0	640.2	10363.0	3.2
233157	35.325513	101.0824	260.0	641.266667	10363.0	2.133
233217	35.320047	101.1204	260.0	641.933333	10363.0	7.467
233237	35.314681	101.157761	260.0	643.16129	10367.645	8.0
233257	35.309123	101.196303	260.0	644.0	10371.0	8.0
233317	35.30319	101.23717	260.0	644.0	10371.0	8.0
233337	35.297653	101.27526	260.0	642.866667	10374.967	8.0
233357	35.292093	101.31342	260.0	641.3	10378.0	2.633
233417	35.28636	101.35262	260.0	639.3	10378.0	-12.7
233437	35.280853	101.389893	260.0	637.3	10369.5	-15.0
233457	35.27534	101.427317	260.0	634.833333	10363.0	-11.5
233517	35.26974	101.46565	260.0	631.5	10363.0	-1.5
233537	35.264197	101.50285	260.0	632.7	10363.0	-4.533
233557	35.258617	101.54027	260.0	634.466667	10361.367	-8.0
233617	35.25295	101.57847	260.0	635.8	10356.7	-8.0
233637	35.247283	101.616727	260.0	636.566667	10356.0	0.5
233657	35.24185	101.655556	261.09375	639.1875	10357.531	7.0
233717	35.23685	101.695431	264.21875	645.4375	10361.906	7.0
233737	35.234777	101.733561	266.935484	650.870968	10363.0	3.613
233757	35.233727	101.771893	269.0	655.0	10363.0	0.0
233817	35.23286	101.81336	269.0	655.0	10363.0	0.0
233837	35.231947	101.853053	268.533333	656.4	10363.0	3.733
233857	35.231019	101.89229	268.0	658.0	10364.032	8.0
233917	35.230116	101.932742	268.0	658.0	10369.194	8.0
233937	35.229237	101.972813	268.0	658.866667	10371.0	4.533
233957	35.22836	102.01287	268.0	659.8	10371.0	0.0
234017	35.227427	102.054003	268.0	658.466667	10371.0	0.0
234037	35.226537	102.09401	268.0	658.0	10371.0	-3.467
234057	35.225665	102.133471	268.0	657.516129	10370.226	-8.0
234117	35.224761	102.173277	268.0	654.290323	10365.065	-8.0
234137	35.2238	102.21312	268.0	651.8	10363.0	-4.8
234157	35.2228	102.252893	268.0	649.933333	10363.0	-0.533
234217	35.2218	102.291827	268.0	649.266667	10363.0	-5.867
234237	35.2208	102.33164	268.0	649.0	10360.2	-7.6
234257	35.219797	102.371945	268.0	648.878788	10356.0	-6.576
234317	35.218767	102.4114	268.0	647.666667	10356.0	-2.333
234337	35.21775	102.4505	268.0	647.0	10356.0	0.0
234357	35.21675	102.489167	268.0	647.0	10356.0	0.0
234417	35.215719	102.528671	268.0	648.225806	10356.0	4.29
234437	35.214653	102.568565	268.0	649.0	10357.647	7.0
234457	35.213535	102.608976	268.0	649.0	10361.765	7.0
234517	35.212453	102.64784	268.0	649.0	10363.0	7.467
234537	35.211373	102.686507	268.0	648.733333	10364.067	6.933
234557	35.21024	102.72704	268.0	647.4	10369.4	1.6
234617	35.209107	102.76636	268.0	647.0	10367.267	-3.733
234637	35.20796	102.805333	268.0	647.0	10363.0	-6.933
234657	35.20676	102.845	268.0	647.0	10363.0	-1.6
234717	35.2056	102.883833	268.666667	647.0	10363.0	0.0
234737	35.20442	102.923257	268.566667	647.0	10363.0	3.467
234757	35.20322	102.96318	268.0	647.0	10363.8	8.0
234817	35.20202	103.003047	268.0	647.0	10369.133	8.0
234837	35.200803	103.042203	268.0	647.0	10371.0	4.645
234857	35.199573	103.081053	268.0	646.8	10371.0	-0.533
234917	35.198307	103.120587	268.0	644.8	10371.0	-5.867
234937	35.19708	103.15972	268.0	643.2	10367.8	-8.0
234957	35.195877	103.198577	268.0	641.935484	10363.0	-7.484
235017	35.194652	103.237352	268.0	641.290323	10363.0	-2.323
235037	35.19339	103.276481	268.0	639.580645	10363.0	0.0
235057	35.1921	103.3159	268.0	637.0	10363.0	0.0
235117	35.190767	103.354233	268.0	636.166667	10363.0	0.0
235137	35.189471	103.3935	268.0	636.0	10363.0	0.0
235157	35.18814	103.4324	268.0	635.466667	10363.0	0.0
235217	35.18674	103.4704	268.0	634.133333	10363.0	0.0
235237	35.18534	103.50972	268.0	632.2	10363.0	0.0
235257	35.18394	103.548813	268.0	630.2	10363.0	0.0
235317	35.18254	103.587347	268.0	628.2	10363.0	0.0
235337	35.18132	103.62534	268.0	628.0	10363.0	0.0
235357	35.180173	103.663033	268.0	627.466667	10363.0	-2.133
235417	35.179107	103.700367	268.0	626.133333	10363.0	-7.467
235437	35.178013	103.738358	268.0	627.16129	10358.935	-7.419
235457	35.176871	103.776242	268.0	628.0	10356.0	-7.226
235517	35.175645	103.81379	268.0	628.0	10356.0	-7.871
235537	35.17444	103.852127	268.0	628.0	10351.733	-8.0
235557	35.17322	103.89068	268.0	628.2	10348.0	-6.4
235617	35.171953	103.92928	268.0	628.866667	10348.0	-1.067
235637	35.17074	103.96644	268.0	628.466667	10348.0	4.267
235657	35.1695	104.00402	268.0	628.0	10349.6	8.0
235717	35.168167	104.04342	268.0	628.0	10354.933	8.0
235737	35.166919	104.081442	268.0	628.0	10356.0	3.871
235757	35.16565	104.119683	268.0	628.166667	10356.0	1.333
235817	35.16425	104.159617	268.0	628.833333	10356.0	6.667
235837	35.16295	104.19725	268.0	631.5	10359.5	11.5
235857	35.16165	104.235117	268.0	634.5	10364.333	15.0
235917	35.16025	104.275983	268.0	636.5	10369.667	15.0
235937	35.15885	104.3155	268.0	638.0	10374.5	11.5
235957	35.157461	104.354123	268.0	639.322581	10378.0	6.71
000017	35.156106	104.391413	268.0	640.612903	10378.0	1.548
000037	35.154738	104.42955	267.5625	641.0	10378.0	0.0
000057	35.153345	104.468155	267.0	641.0	10378.0	0.0
000117	35.151797	104.507703	267.0	641.0	10378.0	0.0
000137	35.150293	104.546583	267.0	641.0	10378.0	-2.933
000157	35.148826	104.584961	267.0	641.0	10377.774	-7.968
000217	35.147342	104.624187	267.0	641.0	10373.258	-7.323
000237	35.145858	104.663252	267.0	641.0	10371.0	-7.0
000257	35.144374	104.702155	267.0	641.0	10371.0	-7.0
000317	35.142829	104.742529	267.0	641.612903	10366.097	-2.71
000337	35.141313	104.781467	267.0	640.666667	10365.133	0.0
000357	35.139847	104.818133	267.0	637.333333	10370.467	0.0
000417	35.13826	104.85798	267.0	635.2	10366.2	-4.8
000437	35.13666	104.897807	267.0	632.666667	10363.0	-8.0
000457	35.13506	104.937073	267.0	629.333333	10363.0	-8.0
000517	35.13352	104.97604	267.0	629.0	10358.8	-12.2
000537	35.131981	105.013981	267.0	628.741935	10353.935	-11.129
000557	35.130432	105.050432	267.0	628.096774	10348.774	-1.452
000617	35.128897	105.08803	267.0	628.0	10352.533	4.533
000637	35.1272	105.126063	266.533333	625.666667	10356.0	6.133
000657	35.1252	105.16453	265.2	619.0	10356.0	0.8
000717	35.121665	105.201065	263.903226	616.903226	10356.0	4.387
000737	35.11782	105.2379	263.0	617.0	10357.4	8.0
000757	35.113887	105.276233	263.0	620.333333	10362.067	8.0
000817	35.1099	105.314567	263.0	622.066667	10363.0	3.733
000837	35.10594	105.3525	263.0	623.0	10363.0	0.0
000857	35.102073	105.3895	263.0	623.0	10363.0	0.0
000917	35.098153	105.42682	263.0	623.0	10363.0	0.0
000937	35.094219	105.464168	263.0	623.193548	10363.0	0.0
000957	35.090284	105.501394	263.0	623.83871	10363.0	0.0
001017	35.08625	105.5391	263.0	624.0	10363.0	0.0
001037	35.082233	105.576633	263.0	624.333333	10363.0	1.333
001057	35.078367	105.613167	263.0	625.666667	10363.0	6.667
001117	35.0743	105.65095	263.0	624.5	10367.0	4.0
001137	35.070183	105.6891	262.833333	622.166667	10369.667	-2.5
001157	35.066117	105.7271	262.166667	618.833333	10364.333	-12.5
001217	35.06205	105.7643	262.0	618.0	10359.5	-11.5
001237	35.058	105.801183	262.0	617.666667	10356.0	-5.333
001257	35.054	105.837917	262.0	616.333333	10356.0	5.333
001317	35.05	105.8745	262.0	616.0	10359.5	8.0
001337	35.045967	105.911333	262.0	616.0	10363.0	8.0
001357	35.041833	105.949067	262.0	616.0	10363.0	8.0
001417	35.03775	105.9865	262.0	615.5	10367.0	11.5
001437	35.03365	106.0238	262.0	615.0	10372.167	13.833
001457	35.02945	106.061	262.0	615.0	10376.833	9.167
001517	35.02535	106.09795	262.0	614.0	10378.0	4.0
001537	35.02125	106.1351	262.0	612.5	10378.0	-2.5
001557	35.01705	106.1731	262.0	610.5	10378.0	-12.5
001617	35.012952	106.209213	262.0	607.096774	10370.742	-18.871
001637	35.00886	106.24508	262.0	603.733333	10362.067	-21.0
001657	35.00466	106.28248	262.0	602.4	10357.4	-11.0
001717	35.000553	106.318853	262.0	600.6	10356.0	-7.533
001737	34.9965	106.3546	262.0	599.117647	10355.059	-7.0
001757	34.9925	106.3896	262.0	599.705882	10350.353	-7.0
001817	34.988403	106.425455	262.0	599.032258	10348.0	-4.742
001837	34.98421	106.462165	262.0	597.096774	10348.0	-0.226
001857	34.980323	106.496361	262.0	593.322581	10348.0	4.903
001917	34.976293	106.531573	262.0	590.466667	10350.133	9.867
001937	34.972027	106.568507	262.0	589.133333	10355.467	14.533
001957	34.968	106.60292	262.0	596.8	10360.2	10.8
002017	34.963893	106.63828	262.0	601.466667	10363.0	5.867
002037	34.959627	106.67548	262.0	600.133333	10363.0	0.533
002057	34.95542	106.7119	262.0	603.0	10363.0	0.0
002117	34.951087	106.7489	262.0	609.8	10363.0	4.0
002137	34.946553	106.7869	262.0	621.8	10363.0	14.0
002157	34.942094	106.8249	262.0	626.483871	10371.71	6.29
002217	34.937665	106.862629	262.0	628.322581	10374.613	-4.065
002237	34.933277	106.899855	262.0	626.387097	10364.935	-15.677
002257	34.929276	106.933967	262.761905	617.619048	10363.0	-4.286
002317	34.9249	106.9714	262.5	613.5	10363.0	0.0
002337	34.92035	107.0101	262.0	612.666667	10363.0	0.0
002357	34.91575	107.0485	262.0	615.333333	10363.0	0.0
002417	34.9114	107.08475	262.0	616.0	10363.0	0.0
002437	34.907067	107.1209	262.0	615.833333	10363.0	1.333
002457	34.902533	107.1589	262.0	615.166667	10363.0	6.667
002517	34.89815	107.1951	262.0	614.0	10367.0	8.0
002537	34.893783	107.231	262.0	612.833333	10371.0	5.333
002557	34.889317	107.2678	262.0	612.166667	10371.0	-5.333
002617	34.88485	107.3044	262.0	608.0	10367.0	-11.5
002637	34.880433	107.3408	262.0	603.666667	10361.833	-13.833
002657	34.876167	107.3768	262.0	602.333333	10357.167	-9.167
002717	34.87175	107.41285	262.0	599.5	10356.0	-4.0
002737	34.867335	107.448726	262.217391	595.913043	10356.0	-1.957
002757	34.86308	107.483893	262.933333	591.4	10355.467	-7.867
002817	34.85888	107.517827	262.266667	585.4	10350.133	3.467
002837	34.854452	107.552884	262.0	584.548387	10353.806	10.71
002857	34.849873	107.58874	262.0	587.433333	10363.0	14.5
002917	34.84534	107.62554	262.0	596.1	10363.0	4.5
002937	34.840859	107.661453	261.65625	601.71875	10363.0	17.875
002957	34.836422	107.696641	261.03125	604.84375	10363.0	50.375
003017	34.831767	107.73412	261.0	603.1	10397.2	161.567
003037	34.827197	107.770797	261.0	601.419355	10467.806	244.452
003057	34.822745	107.806345	261.0	600.129032	10580.71	287.677
003117	34.8181	107.84296	261.0	601.2	10665.2	265.0
003137	34.813468	107.879348	261.0	602.774194	10747.29	248.032
003157	34.808887	107.915219	261.0	604.709677	10830.516	250.613
003217	34.804507	107.950145	262.172414	605.0	10914.517	226.379
003237	34.799953	107.986333	262.466667	606.866667	10987.4	193.8
003257	34.795087	108.024667	261.133333	611.533333	11043.4	155.8
003317	34.7904	108.06108	261.6	617.4	11090.4	175.4
003337	34.785733	108.097493	262.0	621.8	11150.533	219.267
003357	34.781067	108.134227	262.0	623.8	11231.867	289.933
003417	34.77616	108.1718	261.4	622.2	11345.0	265.2
003437	34.77128	108.209147	261.0	622.333333	11433.133	209.333
003457	34.76648	108.246013	261.0	625.666667	11478.467	122.667
003517	34.76162	108.28414	261.0	629.0	11510.6	115.8
003537	34.756865	108.321171	261.470588	632.411765	11550.647	93.941
003557	34.752087	108.357937	261.633333	631.066667	11577.567	46.0
003617	34.747153	108.39597	261.033333	625.9	11582.0	7.733
003637	34.74222	108.43337	261.7	623.9	11582.0	2.4
003657	34.737287	108.470733	261.633333	621.166667	11582.0	0.0
003717	34.73236	108.50801	261.0	618.1	11582.0	0.267
003737	34.72756	108.54421	261.0	620.1	11582.0	5.6
003757	34.722577	108.581803	261.0	623.933333	11584.933	8.0
003817	34.71744	108.620567	261.0	629.166667	11590.0	7.733
003837	34.71224	108.6599	261.0	632.5	11590.0	2.4
003857	34.707187	108.697657	261.0	635.833333	11590.0	-5.5
003917	34.702237	108.73425	261.0	639.333333	11589.5	-15.067
003937	34.69697	108.77325	261.0	646.0	11579.5	-16.4
003957	34.691667	108.812617	261.0	653.125	11575.0	-5.083
004017	34.686425	108.85135	261.25	660.5	11576.75	8.75
004037	34.681354	108.88835	261.964286	667.642857	11581.75	8.036
004057	34.675843	108.929213	261.366667	676.233333	11582.0	2.933
004117	34.67028	108.97028	261.0	680.1	11582.0	0.0
004137	34.66468	109.011347	261.0	678.1	11582.0	0.0
004157	34.659143	109.05216	261.633333	675.466667	11582.0	0.0
004217	34.65361	109.0923	261.4	677.6	11582.0	0.0
004237	34.648077	109.131633	260.066667	685.6	11582.0	0.0
004257	34.642037	109.174133	260.633333	692.966667	11582.0	0.0
004317	34.63624	109.21545	261.0	691.6	11582.0	0.0
004337	34.630773	109.255117	261.0	679.6	11582.0	0.0
004357	34.625307	109.294973	261.0	666.966667	11582.0	-4.433
004417	34.619845	109.334545	260.727273	660.0	11580.091	-5.091
004437	34.614391	109.373758	260.121212	660.0	11575.848	-0.848
004457	34.608927	109.413013	260.0	663.2	11578.733	4.267
004517	34.603435	109.45221	260.193548	667.354839	11582.0	7.806
004537	34.597887	109.491242	260.83871	671.870968	11582.0	7.161
004557	34.592242	109.531435	260.516129	673.0	11585.871	10.871
004617	34.586513	109.572235	260.0	673.0	11591.032	14.097
004637	34.580577	109.613913	260.0	673.0	11596.194	9.581
004657	34.574773	109.65489	260.0	670.833333	11598.0	1.067
004717	34.56907	109.69526	260.0	668.0	11597.2	-8.7
004737	34.563537	109.734327	260.0	668.0	11591.867	-13.367
004757	34.557917	109.774043	260.0	670.166667	11586.533	-11.967
004817	34.55225	109.81401	260.0	673.1	11582.0	-7.2
004837	34.546583	109.85341	260.0	673.766667	11582.0	-1.867
004857	34.540294	109.894825	258.375	671.5625	11582.0	0.0
004917	34.530584	109.929916	245.157895	660.842105	11582.0	-0.789
004937	34.511514	109.963298	229.348837	658.232558	11581.302	-14.86
004957	34.485653	109.988274	222.837209	660.55814	11574.326	-13.465
005017	34.459793	110.013251	216.325581	662.883721	11567.349	-12.07
005037	34.43285	110.036983	216.0	661.1	11567.0	-4.4
005057	34.40624	110.06038	216.0	660.3	11567.0	4.5
005117	34.380107	110.083447	216.0	660.966667	11567.0	14.5
005137	34.35315	110.107463	216.633333	663.533333	11576.5	15.0
005157	34.325961	110.131819	216.709677	667.322581	11582.0	10.645
005217	34.298542	110.156529	216.064516	672.483871	11582.0	0.968
005237	34.27198	110.17988	216.0	682.6	11582.0	0.0
005257	34.245087	110.203347	216.0	688.466667	11582.0	2.4
005317	34.217553	110.227213	216.0	687.133333	11582.0	8.4
005337	34.18771	110.25462	220.5	681.6	11589.2	11.7
005357	34.166686	110.281155	232.727273	674.090909	11590.0	0.0
005417	34.150414	110.316245	247.272727	675.909091	11590.0	0.0
005437	34.142633	110.356452	262.47619	685.952381	11590.0	0.0
005457	34.14354	110.398283	277.033333	701.766667	11590.0	-0.267
005517	34.14834	110.43995	277.7	697.1	11590.0	-5.6
005537	34.15303	110.480773	278.0	687.3	11587.067	-8.0
005557	34.15764	110.521003	278.0	674.066667	11582.0	-7.733
005617	34.16244	110.56307	278.0	675.4	11582.0	-2.4
005637	34.167057	110.603413	278.0	679.666667	11582.0	0.0
005657	34.171528	110.642403	278.0	685.84375	11582.0	0.0
005717	34.176091	110.682466	278.0	682.71875	11582.0	0.0
005737	34.18069	110.72311	278.0	680.129032	11582.0	0.0
005757	34.185335	110.764465	278.0	678.193548	11582.0	0.0
005817	34.18988	110.80448	278.0	675.0	11582.0	0.0
005837	34.194467	110.844667	278.0	671.666667	11582.0	2.133
005857	34.199133	110.885333	278.0	668.333333	11582.0	7.467
005917	34.20374	110.92564	277.4	663.8	11586.8	-1.6
005937	34.208207	110.965667	277.266667	659.4	11586.0	-12.0
005957	34.212473	111.005333	277.933333	655.4	11576.0	-22.0
010017	34.21686	111.04476	278.0	653.2	11570.2	-14.0
010037	34.221233	111.083893	278.0	652.266667	11567.0	-1.867
010057	34.225567	111.122627	278.0	652.933333	11567.0	13.467
010117	34.22972	111.16034	278.0	659.0	11576.0	15.0
010137	34.233987	111.1989	278.0	665.933333	11582.0	11.0
010157	34.238453	111.2389	278.0	673.266667	11582.0	1.0
010217	34.24304	111.28022	278.0	677.0	11582.0	0.0
010237	34.24756	111.321153	278.0	677.666667	11582.0	0.0
010257	34.25196	111.361287	278.0	674.333333	11582.0	0.0
010317	34.25618	111.39998	277.4	673.4	11582.0	0.0
010337	34.260433	111.43926	277.0	674.333333	11582.0	0.0
010357	34.264767	111.47966	277.0	677.666667	11582.0	0.0
010417	34.26928	111.52108	277.6	679.8	11582.0	-4.8
010437	34.27384	111.563147	278.0	682.333333	11580.133	-8.0
010457	34.27844	111.606013	278.0	685.666667	11575.467	-8.0
010517	34.28268	111.64504	277.4	686.6	11575.0	1.6
010537	34.286933	111.684813	277.0	687.8	11576.867	12.0
010557	34.291267	111.726347	277.0	689.8	11581.533	22.0
010617	34.295532	111.767023	277.0	692.903226	11591.29	18.355
010637	34.29984	111.807913	277.0	695.466667	11598.0	11.5
010657	34.30424	111.84938	277.0	696.8	11598.0	1.5
010717	34.308697	111.891697	277.0	695.866667	11598.0	-4.533
010737	34.313187	111.934373	277.0	695.466667	11596.133	-11.5
010757	34.31772	111.97744	277.0	696.8	11590.8	-21.5
010817	34.321913	112.018297	277.0	697.0	11581.5	-23.0
010837	34.32607	112.05895	277.0	697.0	11573.133	-17.633
010857	34.33027	112.09995	277.0	697.0	11567.8	-2.3
010917	34.334753	112.142367	277.0	695.866667	11571.533	3.967
010937	34.339144	112.184494	277.0	695.65625	11575.0	7.0
010957	34.343269	112.225619	277.0	697.53125	11575.0	7.0
011017	34.347445	112.266723	277.0	698.967742	11578.387	7.0
011037	34.351652	112.308077	277.0	700.258065	11582.0	6.097
011057	34.35591	112.350465	277.0	701.548387	11582.0	1.581
011117	34.360217	112.392947	277.0	701.133333	11582.0	0.0
011137	34.3645	112.43522	277.0	699.8	11582.0	-0.7
011157	34.3685	112.47602	277.0	698.466667	11582.0	-5.367
011217	34.372658	112.517718	277.0	695.636364	11579.242	-10.152
011237	34.3769	112.5599	277.0	692.0	11575.0	-15.0
011257	34.380967	112.6017	277.0	694.0	11569.667	-9.667
011317	34.385094	112.643756	277.0	695.0	11567.0	-0.125
011337	34.389281	112.686069	277.0	695.0	11567.0	13.625
011357	34.39318	112.7263	277.0	695.0	11576.0	15.0
011417	34.397127	112.7671	277.0	698.466667	11582.0	11.0
011437	34.401193	112.8091	277.0	707.133333	11582.0	1.0
011457	34.4055	112.85236	277.0	711.0	11582.0	0.0
011517	34.409727	112.89544	277.0	713.8	11582.0	0.0
011537	34.413793	112.93804	277.0	715.8	11582.0	0.0
011557	34.41774	112.97962	277.0	719.0	11582.0	0.0
011617	34.421753	113.02178	277.0	722.333333	11582.0	0.0
011637	34.425887	113.06498	277.0	725.666667	11582.0	0.0
011657	34.43026	113.11106	277.0	732.6	11582.0	4.8
011717	34.434447	113.15538	277.0	739.666667	11584.133	9.867
011737	34.438313	113.19658	277.0	746.333333	11589.467	14.533
011757	34.44266	113.24264	277.0	750.0	11594.8	10.8
011817	34.447007	113.289107	276.733333	753.6	11598.0	-16.533
011837	34.451273	113.335373	276.066667	757.6	11598.0	-77.867
011857	34.4553	113.37966	276.0	747.2	11547.6	-171.0
011917	34.459353	113.423673	276.0	734.933333	11475.333	-243.133
011937	34.463487	113.467607	276.0	722.266667	11378.667	-278.467
011957	34.46726	113.5092	276.0	717.4	11286.8	-277.2
012017	34.471153	113.551973	276.0	717.4	11195.467	-267.867
012037	34.475287	113.596907	276.0	723.4	11104.133	-252.533
012057	34.47906	113.63896	276.0	725.8	11026.0	-172.4
012117	34.483003	113.682813	276.0	729.580645	10978.194	-91.097
012137	34.487261	113.729845	276.0	736.032258	10973.677	-18.839
012157	34.49096	113.772033	276.0	735.3	10973.0	-3.467
012217	34.4947	113.81444	276.0	732.833333	10973.0	0.0
012237	34.4987	113.85884	276.0	729.5	10973.0	0.0
012257	34.502535	113.903558	276.0	730.645161	10973.0	0.0
012317	34.506225	113.948075	275.5	732.5	10973.0	0.0
012337	34.509353	113.992211	273.473684	733.789474	10973.0	0.0
012357	34.509386	114.038029	268.285714	732.0	10973.0	0.0
012417	34.506193	114.082013	263.644444	732.444444	10973.0	0.267
012437	34.499127	114.124147	260.088889	736.888889	10973.0	2.933
012457	34.49206	114.16628	256.533333	741.333333	10973.0	5.6
012517	34.483237	114.209263	256.0	742.0	10976.967	7.133
012537	34.473987	114.25305	256.0	743.166667	10980.0	8.0
012557	34.46452	114.29805	256.0	746.5	10980.0	8.0
012617	34.45528	114.341293	256.0	743.033333	10984.533	-0.5
012637	34.445975	114.384841	256.0	740.4375	10984.719	-8.75
012657	34.436475	114.429528	256.0	741.6875	10975.344	-13.75
012717	34.4276	114.4711	256.0	742.0	10973.0	-7.5
012737	34.418683	114.51275	255.833333	742.5	10973.0	0.0
012757	34.409017	114.55775	255.166667	744.5	10973.0	0.0
012817	34.39945	114.6022	255.0	745.0	10973.0	0.0
012837	34.38995	114.64625	255.166667	745.333333	10973.0	0.0
012857	34.38055	114.68965	255.833333	746.666667	10973.0	0.0
012917	34.37125	114.73285	255.5	743.5	10973.0	-4.0
012937	34.361994	114.7757	255.0	740.806452	10971.71	-6.71
012957	34.352768	114.8177	255.0	744.032258	10966.548	-1.548
013017	34.343361	114.860965	255.0	745.903226	10968.613	6.774
013037	34.333868	114.904723	255.0	747.0	10973.677	14.226
013057	34.324319	114.948206	255.0	747.0	10978.194	9.065
013117	34.314887	114.991226	255.0	745.064516	10980.0	1.194
013137	34.30552	115.033977	255.0	741.9	10979.767	-8.5
013157	34.29592	115.07751	255.0	739.9	10975.1	-18.5
013217	34.286348	115.120874	255.0	738.290323	10967.677	-14.839
013237	34.2768	115.1641	255.0	737.0	10958.0	0.0
013257	34.267333	115.206967	255.0	744.333333	10968.0	10.0
013317	34.257733	115.251233	255.333333	751.333333	10973.0	10.0
013337	34.248	115.2969	256.0	758.0	10973.0	0.0
013357	34.238733	115.3407	256.0	752.666667	10973.0	0.0
013417	34.229367	115.3845	255.666667	748.333333	10973.0	0.0
013437	34.2199	115.4283	255.0	745.0	10973.0	0.0
013457	34.210633	115.4717	255.666667	747.0	10973.0	0.0
013517	34.201367	115.514967	256.0	747.666667	10973.0	-2.667
013537	34.1921	115.5581	256.0	747.0	10973.0	-8.0
013557	34.182567	115.602567	255.333333	749.0	10967.667	-14.667
013617	34.173419	115.645229	255.952381	749.047619	10961.667	-5.143
013637	34.165987	115.687035	259.032258	746.258065	10962.355	10.742
013657	34.160181	115.730003	263.548387	742.387097	10972.032	14.613
013717	34.1557	115.77564	263.4	745.6	10973.0	6.0
013737	34.15134	115.821093	263.266667	748.0	10973.0	2.133
013757	34.14694	115.865827	263.933333	748.0	10973.0	7.467
013817	34.1423	115.91308	263.4	749.2	10977.2	8.0
013837	34.137847	115.95824	263.0	750.0	10980.0	-32.8
013857	34.133713	115.99984	263.0	750.0	10980.0	-134.8
013917	34.1294	116.0445	263.0	740.4	10893.6	-309.4
013937	34.125093	116.08902	263.266667	733.466667	10762.667	-465.667
013957	34.120827	116.13282	263.933333	732.133333	10579.333	-582.333
014017	34.11656	116.17638	263.4	729.0	10369.0	-630.6
014037	34.112267	116.219753	263.0	727.0	10151.667	-657.667
014057	34.107933	116.262887	263.0	727.0	9928.333	-664.333
014117	34.103396	116.307088	263.0	726.28	9708.72	-652.76
014137	34.098723	116.350983	263.0	730.766667	9493.333	-640.2
014157	34.093994	116.394642	263.0	737.290323	9281.032	-630.677
014217	34.089284	116.438255	263.0	739.225806	9074.581	-635.194
014237	34.08448	116.48238	263.0	743.2	8860.8	-646.6
014257	34.079617	116.526833	263.083333	747.333333	8641.75	-651.083
014317	34.074783	116.571167	263.916667	740.666667	8419.25	-551.917
014337	34.07052	116.61406	264.0	719.0	8264.4	-500.0
014357	34.066507	116.65658	264.0	698.066667	8109.067	-504.533
014417	34.062773	116.69878	264.0	680.733333	7941.733	-585.867
014437	34.05904	116.73918	264.0	677.2	7719.2	-618.6
014457	34.055367	116.778933	264.0	674.333333	7505.667	-618.333
014517	34.0517	116.818642	264.0	669.315789	7313.0	-591.737
014537	34.047721	116.859925	263.583333	661.333333	7110.5	-622.208
014557	34.043739	116.898522	261.944444	654.555556	6900.0	-639.167
014617	34.03858	116.93844	261.0	644.6	6685.6	-589.8
014637	34.03378	116.975373	261.0	628.6	6502.933	-581.8
014657	34.029153	117.011527	261.0	618.666667	6306.833	-579.0
014717	34.02464	117.04762	261.1	613.3	6106.6	-574.4
014737	34.02024	117.085753	261.766667	615.3	5923.933	-543.733
014757	34.016013	117.121503	262.0	612.1	5747.767	-529.967
014817	34.01181	117.15648	262.0	606.0	5574.3	-524.1
014837	34.00721	117.194347	262.0	599.333333	5396.3	-511.433
014857	34.003	117.229648	262.0	594.4	5231.04	-511.16
014917	33.99892	117.263973	262.0	592.533333	5062.933	-517.933
014937	33.99472	117.298907	262.0	593.866667	4880.267	-525.267
014957	33.99046	117.33378	262.0	600.6	4710.8	-521.2
015017	33.98622	117.36926	262.0	601.533333	4538.8	-518.0
015037	33.98202	117.40566	262.0	592.866667	4360.8	-518.0
015057	33.97788	117.44098	262.0	582.4	4192.4	-509.6
015117	33.974895	117.475616	267.894737	570.526316	4024.632	-490.526
015137	33.976675	117.508886	277.227273	560.340909	3863.477	-476.091
015157	33.982175	117.541523	279.954545	554.431818	3711.205	-485.182
015217	33.987681	117.573929	282.0	552.380952	3549.857	-481.048
015237	33.9931	117.60492	282.2	556.8	3377.6	-413.2
015257	33.9983	117.634452	282.259259	540.0	3275.111	-293.259
015317	34.0043	117.669711	278.555556	520.0	3190.667	-349.556
015337	34.004137	117.701917	268.083333	521.25	3042.708	-434.5
015357	34.00175	117.732803	263.566667	520.833333	2887.767	-495.033
015417	33.99875	117.76344	263.0	519.3	2727.6	-528.5
015437	33.99575	117.79504	263.0	527.966667	2524.933	-498.5
015457	33.992793	117.826207	263.433333	523.2	2374.7	-408.7
015517	33.98985	117.85707	263.9	511.3	2258.8	-301.6
015537	33.98685	117.887537	263.233333	499.966667	2177.467	-278.933
015557	33.984229	117.914613	263.541667	496.0	2082.917	-320.292
015617	33.981437	117.943125	264.0	494.5	1964.0	-362.75
015637	33.978283	117.9749	263.833333	489.333333	1832.333	-345.167
015657	33.975417	118.0045	263.166667	478.666667	1725.667	-269.833
015717	33.9726	118.03245	263.0	460.0	1653.5	-224.5
015737	33.969867	118.059417	263.166667	439.166667	1590.167	-212.833
015757	33.967333	118.085083	263.833333	419.833333	1518.833	-272.167
015817	33.964941	118.109707	263.482759	410.344828	1410.483	-342.862
015837	33.9626	118.13378	263.0	402.6	1283.4	-389.2
015857	33.960267	118.15738	263.0	391.266667	1141.4	-369.867
015917	33.95804	118.179807	263.0	375.666667	1031.4	-345.733
015937	33.95584	118.2016	263.0	359.8	925.0	-329.4
015957	33.95364	118.2226	263.0	345.8	808.333	-334.067
020017	33.9516	118.242373	263.0	336.066667	699.667	-319.0
020037	33.94962	118.26178	262.8	320.0	596.0	-295.8
020057	33.947687	118.281047	262.133333	286.666667	499.333	-265.133
020117	33.946127	118.297113	263.066667	267.733333	419.2	-192.867
020137	33.944626	118.312221	263.684211	254.473684	366.947	-160.263
020157	33.943097	118.326842	262.890625	247.796875	336.188	-220.578
020217	33.941659	118.341248	262.578125	244.359375	242.438	-236.516
020237	33.940222	118.355655	262.265625	240.921875	148.688	-252.453
020257	33.938775	118.37	262.375	237.8125	58.875	-245.562
