190930	40.6464	73.7664	31.0	280.0	114.0	0.0
190950	40.6587	73.75535	40.25	287.0	352.75	539.5
191010	40.66455	73.73855	76.5	317.0	484.0	414.5
191030	40.665525	73.714925	88.75	362.75	626.5	396.75
191050	40.6662	73.6928	82.0	410.0	747.0	386.0
191110	40.677368	73.66754	51.2	443.88	917.16	709.44
191130	40.693208	73.64474	47.2	458.28	1197.96	856.64
191150	40.709263	73.621877	47.0	467.233333	1491.933	881.733
191210	40.72506	73.59943	47.0	473.2	1788.7	870.1
191230	40.740527	73.577497	47.0	475.866667	2088.033	821.433
191250	40.761055	73.55878	39.6	495.2	2322.35	745.75
191310	40.786176	73.556865	354.352941	518.882353	2587.176	739.0
191330	40.81205	73.56345	258.0	533.0	2815.5	669.0
191350	40.839653	73.564367	1.066667	544.733333	3029.067	555.711
191410	40.867787	73.561033	3.733333	574.066667	3191.733	557.489
191430	40.896417	73.557767	65.0	601.166667	3366.833	582.333
191450	40.927194	73.558156	352.777778	616.444444	3606.0	693.444
191510	40.9543	73.573776	326.588235	629.235294	3830.529	721.412
191530	40.9777	73.601371	316.0	630.428571	4084.143	763.714
191550	41.0005	73.630914	316.0	629.285714	4358.429	727.143
191610	41.023129	73.659943	316.0	639.714286	4563.429	573.714
191630	41.047011	73.690456	316.0	658.777778	4730.778	538.556
191650	41.070567	73.7207	316.410256	669.564103	4916.026	556.897
191710	41.0939	73.7507	316.923077	677.769231	5107.308	571.769
191730	41.114359	73.789471	295.176471	691.823529	5298.765	607.882
191750	41.12314	73.83296	282.133333	690.733333	5506.6	569.6
191810	41.13034	73.87676	282.8	699.4	5684.6	547.6
191830	41.13782	73.92224	282.533333	707.133333	5865.867	544.733
191850	41.14546	73.968827	282.0	714.466667	6048.667	545.933
191910	41.15326	74.01696	282.0	721.8	6232.0	530.6
191930	41.16078	74.06402	282.0	727.733333	6404.133	519.467
191950	41.1678	74.1106	281.0	732.6	6573.0	521.2
192010	41.17312	74.157533	277.0	734.866667	6751.667	550.667
192030	41.17772	74.2062	277.0	734.2	6945.0	514.0
192050	41.18218	74.253327	277.0	736.8	7102.4	449.8
192110	41.18666	74.30054	277.0	741.733333	7239.333	385.0
192130	41.19146	74.35074	277.0	750.4	7356.0	365.0
192150	41.194785	74.402415	272.692308	758.923077	7477.154	382.692
192210	41.1937	74.4526	262.5	767.5	7612.0	398.5
192230	41.18116	74.49798	245.8	777.6	7742.0	358.0
192250	41.162405	74.542519	239.0	786.465116	7853.86	329.535
192310	41.142079	74.587216	239.0	793.906977	7963.628	322.093
192330	41.122237	74.630813	239.0	800.8125	8066.75	304.5
192350	41.10114	74.676951	239.0	807.837209	8164.395	297.93
192410	41.079047	74.725184	239.0	815.27907	8263.465	303.977
192430	41.057714	74.771633	239.0	819.952381	8367.762	306.048
192450	41.03671	74.81735	239.0	822.8	8471.5	287.9
192510	41.015177	74.86435	239.0	826.8	8568.167	249.9
192530	40.994639	74.9114	241.521739	835.0	8631.957	240.652
192550	40.9749	74.9634	245.0	835.0	8725.0	285.0
192610	40.960567	75.012867	249.666667	834.333333	8821.667	273.0
192630	40.947267	75.063733	252.333333	836.0	8910.667	265.667
192650	40.935	75.116	253.0	840.0	8992.0	263.0
192710	40.92264	75.16879	253.0	845.0	9090.3	302.1
192730	40.91024	75.222057	253.0	845.0	9192.3	309.433
192750	40.89758	75.276147	253.0	845.866667	9297.333	302.467
192810	40.88487	75.3303	253.0	847.1	9400.9	285.8
192830	40.87267	75.3823	253.0	847.766667	9486.9	257.8
192850	40.860136	75.435352	253.0	850.47619	9569.0	248.0
192910	40.847421	75.488971	253.0	854.285714	9649.0	248.0
192930	40.834623	75.54291	253.0	856.733333	9732.667	254.967
192950	40.821747	75.597147	253.0	858.033333	9819.567	266.467
193010	40.80868	75.65208	253.0	858.7	9910.9	255.8
193030	40.79598	75.70529	253.0	859.733333	9993.8	256.867
193050	40.783527	75.757297	252.966667	860.933333	10071.067	267.767
193110	40.77006	75.81323	252.3	859.6	10172.4	283.1
193130	40.7574	75.8659	252.366667	857.533333	10268.6	236.833
193150	40.745343	75.916117	252.966667	854.833333	10356.233	140.433
193210	40.73221	75.97045	252.3	851.5	10360.9	49.1
193230	40.719187	76.024087	252.0	845.6	10363.0	5.067
193250	40.706319	76.077112	252.192308	837.846154	10363.0	0.0
193310	40.694704	76.129342	256.038462	834.769231	10363.0	0.0
193330	40.686938	76.182331	261.137931	827.793103	10363.0	0.0
193350	40.681857	76.237057	266.428571	818.857143	10363.0	0.0
193410	40.681	76.294141	271.470588	808.647059	10363.0	-3.824
193430	40.684095	76.345221	276.684211	800.473684	10360.053	-15.526
193450	40.69003	76.39387	279.6	795.8	10353.6	-13.3
193510	40.69743	76.44447	280.933333	793.133333	10348.267	-0.633
193530	40.704848	76.495419	281.0	791.16129	10352.903	9.194
193550	40.712473	76.54736	281.0	794.266667	10357.867	13.133
193610	40.720407	76.60076	281.0	804.933333	10362.533	8.467
193630	40.72804	76.65338	281.0	808.4	10363.0	3.2
193650	40.735613	76.70554	281.0	808.933333	10363.0	0.0
193710	40.743147	76.75714	281.0	806.266667	10363.0	0.0
193730	40.75068	76.80886	281.0	808.4	10363.0	0.0
193750	40.75816	76.860327	281.0	811.066667	10363.0	2.133
193810	40.76556	76.911393	281.0	813.733333	10363.0	7.467
193830	40.77314	76.96372	281.0	817.0	10367.8	8.0
193850	40.780767	77.016667	281.0	819.8	10371.0	3.733
193910	40.788433	77.070333	281.0	821.8	10371.0	-6.933
193930	40.79592	77.12268	281.0	813.6	10366.2	-8.0
193950	40.803493	77.175627	281.0	806.133333	10363.0	-5.867
194010	40.811227	77.229693	281.0	801.466667	10363.0	-0.533
194030	40.81836	77.28046	280.4	804.0	10363.0	0.0
194050	40.82549	77.331345	280.258065	806.0	10363.0	0.0
194110	40.832716	77.382958	280.903226	806.0	10363.0	0.0
194130	40.840203	77.43643	281.0	804.3	10363.0	0.0
194150	40.847503	77.488737	280.766667	803.0	10363.0	0.0
194210	40.85437	77.53827	280.1	803.0	10363.0	0.0
194230	40.861803	77.591657	280.0	803.0	10363.0	0.0
194250	40.869127	77.644487	280.0	803.0	10363.0	0.0
194310	40.87606	77.69502	280.0	803.0	10363.0	0.0
194330	40.883163	77.74697	280.0	803.0	10363.0	0.0
194350	40.890343	77.79973	280.0	803.0	10363.0	0.0
194410	40.89761	77.85353	280.0	803.0	10363.0	0.0
194430	40.904537	77.904553	280.0	803.0	10363.0	0.0
194450	40.91138	77.95539	280.0	802.533333	10363.0	1.867
194510	40.91818	78.00679	280.0	801.2	10363.0	7.2
194530	40.92464	78.05887	279.433333	801.0	10367.533	8.0
194550	40.931063	78.110977	279.0	800.766667	10371.0	6.133
194610	40.93753	78.16291	279.0	800.1	10371.0	0.8
194630	40.943827	78.213993	279.0	798.866667	10371.0	-4.533
194650	40.950187	78.265767	279.0	797.3	10369.133	-8.0
194710	40.95672	78.3191	279.0	795.3	10363.8	-8.0
194730	40.963083	78.371753	279.0	792.166667	10363.0	-3.467
194750	40.969323	78.423307	279.0	788.833333	10363.0	-1.867
194810	40.97539	78.47304	279.0	785.5	10363.0	-7.2
194830	40.98157	78.524587	279.0	784.433333	10359.033	-3.467
194850	40.987747	78.576757	279.0	782.833333	10357.633	1.867
194910	40.99388	78.62949	279.0	779.5	10362.3	7.2
194930	40.999673	78.67769	279.0	776.166667	10363.0	-7.3
194950	41.005537	78.726516	279.0	774.0	10357.474	-87.526
195010	41.011653	78.777827	279.0	774.533333	10307.467	-227.667
195030	41.017787	78.828893	279.0	775.866667	10206.133	-284.333
195050	41.02386	78.88044	279.0	784.4	10113.2	-285.2
195110	41.029927	78.932413	279.0	794.266667	10019.6	-284.133
195130	41.035993	78.984947	279.0	804.933333	9923.6	-289.467
195150	41.04182	79.0355	279.0	813.8	9827.0	-212.0
195210	41.047753	79.087673	279.0	819.0	9765.0	-121.333
195230	41.053887	79.142607	279.0	819.0	9755.0	-24.667
195250	41.05996	79.19574	279.0	816.0	9754.0	-6.0
195310	41.066	79.248727	279.0	813.733333	9754.0	0.0
195330	41.072	79.301793	279.0	813.066667	9754.0	0.0
195350	41.07794	79.35444	279.0	813.6	9754.0	0.0
195410	41.083927	79.4076	279.0	815.333333	9754.0	0.0
195430	41.089993	79.4616	279.0	818.666667	9754.0	0.0
195450	41.09588	79.51476	278.4	819.0	9754.0	4.8
195510	41.1018	79.568147	278.0	819.533333	9755.867	8.0
195530	41.1078	79.622013	278.0	820.866667	9760.533	8.0
195550	41.11368	79.67576	278.0	821.0	9761.0	-1.6
195610	41.119627	79.73016	278.0	821.0	9759.133	-8.0
195630	41.125693	79.78556	278.0	821.0	9754.467	-8.0
195650	41.13158	79.83922	278.0	821.0	9754.0	-3.2
195710	41.137367	79.892553	278.0	821.0	9754.0	0.0
195730	41.143033	79.945687	278.0	821.0	9754.0	0.0
195750	41.14888	80.00038	278.0	821.0	9754.0	0.0
195810	41.154613	80.0541	278.0	821.0	9754.0	0.0
195830	41.160147	80.1061	278.0	821.0	9754.0	0.0
195850	41.1658	80.1602	278.0	821.0	9754.0	0.0
195910	41.171467	80.21432	278.0	821.0	9754.0	0.0
195930	41.177133	80.26812	278.0	821.0	9754.0	0.0
195950	41.1828	80.32246	278.0	821.6	9754.0	0.0
200010	41.188413	80.376673	278.0	822.0	9754.0	-2.133
200030	41.193947	80.430607	278.0	822.0	9754.0	-7.467
200050	41.19924	80.48232	278.0	822.0	9749.2	-3.2
200110	41.20464	80.535413	278.0	822.0	9748.133	2.133
200130	41.21024	80.590947	278.0	822.0	9753.467	7.467
200150	41.2156	80.64438	278.0	823.2	9754.0	3.2
200210	41.22096	80.69774	278.0	824.0	9754.0	2.133
200230	41.22636	80.75134	278.0	824.0	9754.0	7.467
200250	41.23188	80.80638	278.0	822.8	9758.2	3.2
200310	41.237253	80.860327	277.733333	822.0	9759.133	-2.133
200330	41.242387	80.912393	277.066667	822.0	9754.467	-7.467
200350	41.24764	80.9662	277.0	821.4	9754.0	-3.2
200410	41.252476	81.02161	276.238095	822.142857	9754.0	0.0
200430	41.256437	81.07713	275.0	823.3	9754.0	0.0
200450	41.25997	81.12893	275.0	821.3	9754.0	0.0
200510	41.263787	81.184017	275.0	819.866667	9754.0	-4.533
200530	41.26756	81.238307	275.0	819.0	9752.133	-8.0
200550	41.27116	81.29004	275.0	819.0	9746.8	-8.0
200610	41.274987	81.34438	275.0	817.3	9746.0	-3.467
200630	41.278783	81.398923	275.0	816.7	9746.0	0.0
200650	41.28245	81.45299	275.0	818.7	9746.0	0.0
200710	41.286173	81.507623	275.0	819.0	9746.0	4.533
200730	41.289837	81.561563	275.0	819.0	9747.867	8.0
200750	41.29337	81.61403	275.0	819.0	9753.2	8.0
200810	41.29696	81.668763	275.0	819.0	9754.0	3.467
200830	41.30056	81.72364	275.0	819.0	9754.0	0.0
200850	41.30416	81.77804	275.0	819.0	9754.0	0.0
200910	41.307614	81.830825	275.0	819.0	9754.0	0.0
200930	41.31109	81.88415	275.0	818.1	9754.0	0.0
200950	41.314623	81.938483	275.0	816.1	9754.0	0.0
201010	41.318157	81.99307	275.0	816.0	9754.0	0.0
201030	41.32163	82.04752	275.0	816.0	9754.0	0.0
201050	41.32503	82.101787	275.0	816.0	9754.0	0.0
201110	41.328303	82.154027	275.0	816.0	9754.0	-5.067
201130	41.3316	82.20718	275.0	815.4	9751.6	-5.6
201150	41.334933	82.26158	275.0	814.066667	9746.267	-0.267
201210	41.33833	82.317373	275.0	814.0	9751.067	5.067
201230	41.34164	82.37183	275.3	814.6	9754.0	5.6
201250	41.34484	82.424563	275.966667	815.933333	9754.0	0.267
201310	41.34804	82.47869	274.733333	817.9	9754.0	0.0
201330	41.35124	82.53301	274.3	819.6	9754.0	2.4
201350	41.35444	82.587477	274.966667	820.933333	9754.0	7.733
201410	41.357513	82.63979	274.366667	821.0	9758.433	8.0
201430	41.36058	82.69304	274.0	821.0	9761.0	5.6
201450	41.363647	82.747573	274.0	821.0	9761.0	0.267
201510	41.366777	82.80312	274.0	821.0	9761.0	0.0
201530	41.36985	82.85758	274.0	821.0	9761.0	-2.4
201550	41.37285	82.910647	274.0	821.0	9761.0	-7.733
201610	41.37585	82.963777	274.0	821.0	9756.567	-8.0
201630	41.37891	83.01832	274.0	821.0	9754.0	-5.6
201650	41.382043	83.074587	274.0	821.0	9754.0	-0.267
201710	41.384923	83.128383	274.0	821.0	9754.0	0.0
201730	41.38779	83.18217	274.0	821.0	9754.0	0.0
201750	41.390657	83.236103	274.0	821.0	9754.0	0.0
201810	41.39365	83.29238	274.0	819.733333	9754.0	0.0
201830	41.39656	83.34821	274.0	819.0	9754.0	0.0
201850	41.39936	83.403343	274.0	819.0	9754.0	0.0
201910	41.401943	83.454007	274.0	819.0	9754.0	0.0
201930	41.40464	83.507133	274.0	819.733333	9754.0	0.0
201950	41.40743	83.562347	274.0	821.0	9754.0	0.0
202010	41.41003	83.61528	274.0	821.0	9754.0	0.0
202030	41.412713	83.669556	274.0	821.0	9754.0	0.0
202050	41.41545	83.72515	274.0	821.5	9754.0	0.0
202110	41.418167	83.780817	274.0	822.0	9754.0	0.0
202130	41.420833	83.836483	274.0	822.0	9754.0	0.0
202150	41.42335	83.89105	274.0	822.0	9754.0	0.0
202210	41.425817	83.944867	274.0	822.333333	9754.0	0.0
202230	41.428283	83.997533	274.0	823.666667	9754.0	0.0
202250	41.43075	84.05095	274.0	824.0	9754.0	0.0
202310	41.433217	84.105183	273.833333	824.0	9754.0	0.0
202330	41.435683	84.161117	273.166667	824.0	9754.0	0.0
202350	41.4381	84.2156	273.0	825.0	9754.0	0.0
202410	41.4405	84.269883	273.0	826.0	9754.0	0.0
202430	41.4429	84.325017	273.0	826.0	9754.0	0.0
202450	41.44525	84.3797	273.0	826.0	9754.0	0.0
202510	41.447567	84.434283	273.0	826.0	9754.0	0.0
202530	41.449833	84.489017	273.0	826.0	9754.0	0.0
202550	41.4521	84.5432	273.0	826.0	9754.0	0.0
202610	41.454383	84.597533	273.0	826.0	9754.0	1.333
202630	41.456717	84.652867	273.0	826.0	9754.0	6.667
202650	41.45895	84.7074	273.0	825.0	9757.5	4.0
202710	41.46115	84.76185	273.0	824.0	9759.833	-1.333
202730	41.46335	84.81685	273.0	824.0	9755.167	-6.667
202750	41.46545	84.8723	273.0	824.0	9754.0	-4.0
202810	41.4675	84.927367	273.0	823.666667	9754.0	0.0
202830	41.4695	84.980833	273.0	822.333333	9754.0	0.0
202850	41.4715	85.035791	273.0	822.0	9754.0	0.0
202910	41.4735	85.089737	273.0	822.0	9754.0	-3.467
202930	41.47551	85.14337	273.0	822.2	9753.2	-7.2
202950	41.477577	85.199837	273.0	823.533333	9747.867	-1.867
203010	41.479557	85.255393	273.0	824.0	9749.467	3.467
203030	41.481465	85.309965	273.0	824.0	9754.0	7.077
203050	41.483235	85.361735	273.0	824.0	9754.0	0.923
203110	41.485087	85.416477	273.0	824.0	9754.0	0.0
203130	41.486907	85.471043	273.0	823.533333	9754.0	0.0
203150	41.48864	85.52431	273.0	822.2	9754.0	0.0
203210	41.490487	85.578653	273.0	822.0	9754.0	0.0
203230	41.492307	85.633747	272.766667	821.766667	9754.0	0.0
203250	41.49404	85.68988	272.1	821.1	9754.0	0.0
203310	41.495773	85.745617	272.0	821.0	9754.0	0.0
203330	41.497483	85.800957	272.0	821.233333	9754.0	0.0
203350	41.49915	85.85569	272.0	821.9	9754.0	0.0
203410	41.500703	85.90895	272.0	822.0	9754.0	-4.533
203430	41.502237	85.962253	272.0	822.0	9752.133	-6.133
203450	41.50377	86.01612	272.0	822.0	9746.8	-0.8
203510	41.50536	86.07197	272.0	823.133333	9750.533	4.533
203530	41.506913	86.12803	272.0	824.466667	9754.0	6.133
203550	41.50838	86.18383	272.0	825.8	9754.0	0.8
203610	41.50979	86.237817	272.0	826.566667	9754.0	4.533
203630	41.511213	86.291717	272.0	827.0	9755.633	8.0
203650	41.51268	86.34605	272.0	827.0	9760.3	8.0
203710	41.51409	86.40027	272.0	827.0	9761.0	3.467
203730	41.515467	86.45496	272.0	826.766667	9761.0	-1.867
203750	41.5168	86.51056	272.0	826.1	9761.0	-7.2
203810	41.51819	86.566387	272.0	826.0	9757.033	-8.0
203830	41.51952	86.62139	272.0	825.533333	9754.0	-6.133
203850	41.52072	86.67479	272.0	824.2	9754.0	-0.8
203910	41.52192	86.730683	272.0	824.0	9754.0	0.0
203930	41.523114	86.786391	272.0	824.636364	9754.0	-2.864
203950	41.524283	86.84075	272.0	826.0	9752.667	-7.5
204010	41.525417	86.89455	272.0	826.0	9747.333	-1.5
204030	41.5266	86.95005	272.0	826.0	9750.0	4.0
204050	41.52775	87.005417	271.833333	826.0	9754.0	6.667
204110	41.52875	87.058683	271.166667	826.0	9754.0	1.333
204130	41.5298	87.11305	271.5	826.0	9754.0	0.0
204150	41.530867	87.168183	271.833333	826.0	9754.0	0.0
204210	41.531933	87.224517	271.166667	826.0	9754.0	0.0
204230	41.53295	87.27995	271.0	826.0	9754.0	0.0
204250	41.533933	87.335267	271.0	826.0	9754.0	0.0
204310	41.534867	87.391133	271.0	826.0	9754.0	0.0
204330	41.53575	87.4441	271.0	825.0	9754.0	0.0
204350	41.536617	87.496883	271.0	824.333333	9754.0	0.0
204410	41.537483	87.552017	271.0	825.666667	9754.0	0.0
204430	41.5383	87.6078	271.0	826.0	9754.0	0.0
204450	41.539083	87.66335	271.0	825.666667	9754.0	0.0
204510	41.539817	87.71755	271.0	824.333333	9754.0	0.0
204530	41.5406	87.77455	271.0	824.0	9754.0	0.0
204550	41.541367	87.831167	271.0	823.666667	9754.0	0.0
204610	41.542033	87.883833	271.0	822.333333	9754.0	0.0
204630	41.5427	87.93755	271.0	822.0	9754.0	0.0
204650	41.54335	87.992067	271.0	822.0	9754.0	-1.333
204710	41.54395	88.047933	271.0	822.0	9754.0	-6.667
204730	41.54455	88.10145	271.0	822.0	9750.0	-8.5
204750	41.545125	88.154896	271.0	822.416667	9746.0	-7.125
204810	41.545627	88.210477	271.0	824.066667	9746.0	0.267
204830	41.54616	88.26601	271.0	825.4	9746.0	5.6
204850	41.54662	88.321177	270.633333	826.366667	9748.933	8.0
204910	41.547013	88.376073	270.0	827.1	9754.0	8.0
204930	41.54728	88.43154	270.0	829.1	9754.0	8.0
204950	41.547547	88.487373	270.0	830.733333	9756.567	8.0
205010	41.54781	88.54351	270.0	832.0	9761.0	7.733
205030	41.54801	88.59971	270.0	832.0	9761.0	2.4
205050	41.548173	88.6547	270.0	832.0	9761.0	-2.933
205110	41.548307	88.708687	270.0	832.0	9760.767	-8.0
205130	41.54844	88.76242	270.0	832.0	9756.1	-8.0
205150	41.548537	88.817437	270.0	832.0	9754.0	-5.067
205210	41.5486	88.873507	270.0	832.0	9754.0	0.0
205230	41.5486	88.92964	270.0	832.0	9754.0	0.0
205250	41.548563	88.984967	270.0	832.0	9754.0	0.0
205310	41.5485	89.039537	270.0	832.0	9754.0	0.0
205330	41.5485	89.09227	270.0	832.0	9754.0	0.0
205350	41.5485	89.145928	270.0	832.0	9754.0	0.0
205410	41.54848	89.200773	270.0	832.0	9754.0	0.0
205430	41.54828	89.259507	270.0	832.0	9754.0	0.0
205450	41.54812	89.31572	270.0	832.0	9754.0	0.0
205510	41.54798	89.370473	270.0	832.0	9754.0	0.0
205530	41.54778	89.427207	270.0	832.0	9754.0	0.0
205550	41.54754	89.48198	270.0	831.2	9754.0	0.0
205610	41.547273	89.535733	270.0	830.133333	9754.0	0.0
205630	41.547007	89.592067	270.0	831.466667	9754.0	0.0
205650	41.54674	89.64752	270.0	832.0	9754.0	0.0
205710	41.54646	89.70246	270.0	832.133333	9754.0	0.533
205730	41.54606	89.75806	270.0	833.466667	9754.0	5.867
205750	41.54566	89.81326	270.0	834.0	9756.8	4.8
205810	41.54526	89.868293	269.933333	834.0	9760.533	-0.533
205830	41.54486	89.924227	269.266667	834.0	9755.867	-5.867
205850	41.54446	89.97936	269.0	834.4	9754.0	-4.8
205910	41.544047	90.033947	269.0	835.0	9754.0	0.0
205930	41.543513	90.088413	269.0	835.0	9754.0	0.0
205950	41.54294	90.14376	269.0	834.6	9754.0	0.0
210010	41.542353	90.19952	269.0	834.0	9754.0	0.0
210030	41.541887	90.25372	269.0	834.0	9754.0	0.0
210050	41.54134	90.30948	269.0	833.2	9754.0	-3.2
210110	41.540727	90.366167	269.0	831.866667	9753.467	-8.0
210130	41.539993	90.421833	269.0	830.533333	9748.133	-8.0
210150	41.53922	90.47698	269.0	830.0	9746.0	-4.8
210210	41.538433	90.53174	269.0	830.133333	9746.0	0.0
210230	41.537767	90.58614	269.0	831.466667	9746.0	0.0
210250	41.53706	90.64138	269.0	832.0	9746.0	3.2
210310	41.536313	90.697273	269.0	832.133333	9746.533	8.467
210330	41.535447	90.754007	269.0	833.466667	9751.867	13.133
210350	41.53458	90.8095	269.0	834.0	9756.8	12.2
210410	41.533707	90.86426	269.0	834.066667	9761.0	7.467
210430	41.532773	90.91986	269.0	834.733333	9761.0	2.133
210450	41.53184	90.97594	269.0	835.0	9761.0	0.0
210510	41.5309	91.032173	269.0	835.0	9761.0	-0.533
210530	41.5299	91.086907	269.0	835.0	9761.0	-5.867
210550	41.52886	91.14228	269.0	834.6	9758.2	-8.0
210610	41.527793	91.198087	269.0	834.0	9754.0	-7.467
210630	41.526727	91.253953	269.0	834.0	9754.0	-2.133
210650	41.52562	91.30954	268.6	833.2	9754.0	-3.2
210710	41.524493	91.36464	268.0	832.133333	9753.467	-7.467
210730	41.523427	91.41704	268.0	833.466667	9748.133	-2.133
210750	41.52228	91.47132	268.0	834.0	9749.2	3.2
210810	41.521062	91.526776	267.931034	834.0	9754.0	7.448
210830	41.519683	91.581534	267.241379	834.0	9754.0	1.931
210850	41.51608	91.637458	265.7	834.0	9754.0	0.0
210910	41.51128	91.694008	263.7	834.0	9754.0	0.0
210930	41.50635	91.748727	263.0	833.133333	9754.0	22.967
210950	41.50131	91.80269	263.0	832.2	9759.3	66.0
211010	41.496043	91.857957	263.0	833.533333	9794.633	152.667
211030	41.490647	91.914567	263.0	837.9	9862.9	219.4
211050	41.4852	91.9716	263.0	843.4	9949.8	266.2
211110	41.479867	92.026933	263.0	846.066667	10041.8	260.867
211130	41.474533	92.081963	263.0	848.733333	10126.867	252.5
211150	41.46918	92.13706	263.0	851.7	10208.1	244.0
211210	41.463713	92.19346	263.0	856.366667	10288.767	244.0
211230	41.458247	92.249643	262.566667	858.433333	10369.867	253.967
211250	41.45277	92.30567	262.0	858.9	10453.5	268.5
211310	41.447237	92.36147	262.0	858.233333	10550.167	278.5
211330	41.441617	92.417313	262.0	858.0	10643.367	291.967
211350	41.43593	92.47348	262.0	857.3	10737.8	299.2
211410	41.43013	92.531347	262.0	852.633333	10849.8	260.533
211430	41.424577	92.586742	262.0	850.580645	10924.226	177.387
211450	41.419119	92.641	262.0	849.677419	10973.0	75.774
211510	41.413313	92.697	262.0	846.451613	10973.0	23.516
211530	41.407583	92.75256	262.0	845.733333	10973.0	0.0
211550	41.40191	92.807767	262.0	847.033333	10973.0	0.0
211610	41.39611	92.8631	262.0	847.7	10973.0	0.0
211630	41.3902	92.919423	262.0	848.733333	10973.0	0.0
211650	41.384207	92.976493	262.0	849.933333	10973.0	0.0
211710	41.37834	93.03236	262.0	848.6	10973.0	0.0
211730	41.37251	93.08742	262.0	848.733333	10973.0	2.933
211750	41.366707	93.14185	262.0	849.933333	10973.233	7.733
211810	41.36084	93.19685	262.0	848.6	10977.9	2.4
211830	41.35479	93.253207	262.0	848.0	10977.433	-2.933
211850	41.34861	93.310503	262.0	847.966667	10973.0	-7.733
211910	41.34281	93.36457	262.0	847.3	10973.0	-2.4
211930	41.3369	93.418967	262.0	846.266667	10973.0	-2.933
211950	41.33089	93.4737	262.0	845.0	10972.742	-7.742
212010	41.324697	93.5297	262.0	845.0	10967.581	-2.581
212030	41.318433	93.586367	262.0	845.0	10967.667	2.667
212050	41.3121	93.6437	262.0	845.0	10973.0	8.0
212110	41.305971	93.69841	262.0	845.0	10973.0	2.839
212130	41.29981	93.75319	262.0	845.0	10973.0	0.0
212150	41.29361	93.808057	262.0	845.0	10973.0	0.0
212210	41.28741	93.862797	261.366667	845.0	10973.0	0.0
212230	41.281126	93.918158	261.0	845.580645	10973.0	0.0
212250	41.274739	93.974287	261.0	846.870968	10973.0	0.0
212310	41.26834	94.03042	261.0	847.0	10973.0	0.0
212330	41.26202	94.085673	261.0	847.0	10973.0	2.133
212350	41.25582	94.139607	261.0	847.0	10973.0	7.467
212410	41.24926	94.19546	261.0	847.0	10977.2	8.0
212430	41.242687	94.251553	261.0	847.8	10980.0	5.867
212450	41.236153	94.307687	261.0	849.8	10980.0	0.533
212510	41.2298	94.36202	261.0	848.8	10980.0	0.0
212530	41.223413	94.416287	261.0	848.0	10980.0	-2.133
212550	41.216947	94.470753	261.0	848.0	10980.0	-7.467
212610	41.21036	94.52642	261.0	848.0	10975.8	-8.0
212630	41.20368	94.582593	261.0	847.733333	10973.0	-5.867
212650	41.19688	94.639327	261.0	847.066667	10973.0	-0.533
212710	41.19026	94.69456	261.0	847.0	10973.0	0.0
212730	41.183607	94.749867	261.0	847.0	10973.0	0.0
212750	41.176873	94.805533	261.0	847.0	10973.0	0.0
212810	41.170161	94.860106	261.0	845.83871	10973.0	0.0
212830	41.163327	94.91559	261.0	844.533333	10973.0	0.0
212850	41.15626	94.97299	261.0	843.2	10973.0	0.0
212910	41.149817	95.025233	261.0	843.0	10973.0	-4.533
212930	41.143239	95.07829	261.0	842.322581	10971.194	-8.0
212950	41.136206	95.134548	261.0	840.387097	10966.032	-8.0
213010	41.12936	95.189213	261.0	840.0	10965.0	-3.733
213030	41.12252	95.24376	261.0	840.6	10965.0	1.6
213050	41.115587	95.29896	261.0	842.6	10965.0	6.933
213110	41.10876	95.352987	261.0	843.0	10969.267	11.733
213130	41.10182	95.40764	260.8	843.0	10974.4	12.0
213150	41.094553	95.46444	260.133333	843.0	10979.067	2.0
213210	41.08782	95.517133	260.0	844.066667	10976.267	0.0
213230	41.08102	95.57014	260.0	844.6	10974.4	0.0
213250	41.073753	95.626273	260.0	843.266667	10979.067	0.0
213310	41.066593	95.681927	260.0	843.0	10976.267	-4.267
213330	41.05942	95.73762	260.0	843.0	10973.0	-6.4
213350	41.052153	95.793687	260.0	843.0	10973.0	-1.067
213410	41.04494	95.8481	260.0	843.0	10973.0	0.0
213430	41.03774	95.9022	260.0	842.4	10973.0	0.0
213450	41.03054	95.956533	260.0	840.4	10973.0	0.0
213510	41.02315	96.0126	260.0	841.5	10973.0	0.0
213530	41.0158	96.068213	260.0	843.266667	10973.0	0.0
213550	41.0088	96.12028	260.0	844.6	10973.0	0.0
213610	41.00152	96.174633	260.0	845.933333	10973.0	0.0
213630	40.99412	96.229913	260.0	847.0	10973.0	0.0
213650	40.98672	96.28498	260.0	847.0	10973.0	0.0
213710	40.97918	96.34042	260.0	847.0	10973.0	3.733
213730	40.97162	96.3957	260.0	847.0	10973.933	6.933
213750	40.96422	96.4497	260.0	847.0	10978.6	1.6
213810	40.956773	96.504073	260.0	847.0	10976.733	-3.733
213830	40.949253	96.558887	260.0	847.0	10973.0	-6.933
213850	40.94152	96.61482	260.0	847.0	10973.0	-1.6
213910	40.93388	96.670053	260.0	846.066667	10973.0	0.0
213930	40.926652	96.724594	260.387097	844.741935	10973.0	0.0
213950	40.92091	96.777561	262.322581	843.451613	10973.0	0.0
214010	40.915325	96.833759	263.0	843.8125	10973.0	0.0
214030	40.909847	96.891434	263.0	844.9375	10973.0	0.0
214050	40.904784	96.944122	263.0	843.6875	10973.0	0.0
214110	40.899553	96.99875	263.0	842.15625	10973.0	0.0
214130	40.894116	97.05575	263.0	840.28125	10973.0	0.0
214150	40.88888	97.10986	263.0	840.0	10973.0	0.0
214210	40.883626	97.163894	263.0	839.548387	10973.0	0.0
214230	40.878271	97.218732	263.0	838.258065	10973.0	0.0
214250	40.873079	97.271688	263.0	837.515152	10973.0	0.0
214310	40.867819	97.325145	263.0	837.0	10973.0	0.0
214330	40.861948	97.384113	263.0	837.0	10973.0	0.0
214350	40.856413	97.439463	263.0	836.25	10973.0	0.0
214410	40.8511	97.4924	263.0	835.0	10973.0	0.0
214430	40.8457	97.547133	263.0	834.333333	10973.0	0.0
214450	40.840233	97.601733	263.0	834.0	10973.0	0.0
214510	40.8347	97.6562	263.0	834.0	10973.0	0.0
214530	40.829367	97.708133	262.333333	832.666667	10973.0	0.0
214550	40.823767	97.762567	262.0	831.333333	10973.0	0.0
214610	40.8179	97.8195	262.0	830.0	10973.0	0.0
214630	40.8125	97.871633	262.0	830.0	10973.0	0.0
214650	40.807	97.9245	262.0	830.0	10973.0	0.0
214710	40.8014	97.9781	262.0	830.0	10973.0	0.0
214730	40.795529	98.034616	262.0	830.0	10973.0	0.0
214750	40.78978	98.0894	262.0	830.0	10973.0	0.0
214810	40.78418	98.142067	262.0	830.0	10973.0	0.0
214830	40.778517	98.195557	262.0	828.1	10973.0	0.0
214850	40.77273	98.2499	262.0	827.9	10973.0	2.4
214910	40.766797	98.305233	262.0	829.9	10973.0	7.733
214930	40.761117	98.358413	262.0	830.0	10977.433	2.933
214950	40.755358	98.411697	262.0	829.129032	10977.968	-2.323
215010	40.749487	98.465245	262.0	827.193548	10973.452	-7.484
215030	40.74368	98.51794	262.0	827.0	10973.0	-3.2
215050	40.737747	98.571713	262.0	827.0	10973.0	0.0
215110	40.731613	98.627247	262.0	827.0	10973.0	0.0
215130	40.72566	98.6814	262.0	827.0	10973.0	0.0
215150	40.719673	98.735613	262.0	827.0	10973.0	2.133
215210	40.713607	98.790147	262.0	827.0	10973.0	7.467
215230	40.70778	98.84162	262.0	826.4	10977.2	8.0
215250	40.701927	98.8935	262.0	825.466667	10980.0	5.867
215310	40.695993	98.9465	262.0	824.133333	10980.0	0.533
215330	40.68988	99.00004	261.4	822.2	10980.0	-4.8
215350	40.68372	99.05388	261.266667	821.0	10978.133	-8.0
215410	40.67752	99.10808	261.933333	821.0	10973.467	-8.0
215430	40.67144	99.16108	261.4	819.8	10973.0	-3.2
215450	40.665347	99.213787	261.0	817.666667	10973.0	0.0
215510	40.659213	99.266253	261.0	814.333333	10973.0	0.0
215530	40.65308	99.3192	261.0	814.0	10973.0	-4.8
215550	40.64692	99.372093	261.0	813.733333	10970.867	-8.0
215610	40.64072	99.424827	261.0	813.066667	10965.533	-8.0
215630	40.63446	99.47816	261.0	811.8	10965.0	1.6
215650	40.628274	99.530561	261.0	811.0	10967.065	8.0
215710	40.62221	99.581465	261.0	811.0	10972.226	8.0
215730	40.615917	99.634093	261.0	810.433333	10973.0	3.467
215750	40.60956	99.687213	261.0	810.233333	10973.0	0.0
215810	40.60316	99.74068	261.0	810.9	10973.0	0.0
215830	40.596817	99.7929	261.0	810.433333	10973.0	0.0
215850	40.590413	99.845647	261.0	810.233333	10973.0	0.0
215910	40.58388	99.89978	261.0	810.9	10973.0	0.0
215930	40.57746	99.95244	261.0	811.0	10973.0	0.0
215950	40.571107	100.004233	261.0	810.766667	10973.0	0.0
220010	40.56484	100.0549	261.0	810.1	10973.0	0.0
220030	40.558233	100.108173	261.0	810.0	10973.0	0.0
220050	40.551683	100.16102	261.0	810.0	10973.0	0.0
220110	40.54535	100.21222	261.0	810.0	10973.0	0.0
220130	40.538971	100.263168	261.0	808.903226	10973.0	0.0
220150	40.53248	100.31468	261.0	808.4	10973.0	0.0
220210	40.525747	100.367613	261.0	809.733333	10973.0	0.0
220230	40.51912	100.419747	261.0	808.933333	10973.0	4.267
220250	40.5125	100.47182	261.0	807.6	10974.4	8.0
220310	40.505833	100.52422	261.0	806.266667	10979.067	8.0
220330	40.499273	100.5755	261.0	804.4	10980.0	3.733
220350	40.49262	100.62736	260.8	802.6	10980.0	0.0
220410	40.485687	100.681227	260.133333	801.266667	10980.0	0.0
220430	40.47902	100.732693	260.0	799.4	10980.0	-4.267
220450	40.472484	100.783106	260.0	797.806452	10978.645	-7.806
220510	40.466097	100.832461	260.0	797.16129	10974.129	-7.161
220530	40.459371	100.883945	260.0	795.064516	10973.0	-3.613
220550	40.452527	100.93598	260.0	792.6	10973.0	-1.067
220610	40.44566	100.98738	260.0	790.6	10973.0	-6.4
220630	40.438793	101.03794	260.0	790.0	10969.267	-8.0
220650	40.4319	101.088473	260.0	789.866667	10965.0	-6.933
220710	40.4249	101.14034	260.0	789.2	10965.0	-1.6
220730	40.417947	101.19132	260.0	788.066667	10965.0	0.0
220750	40.411013	101.241933	260.0	787.0	10965.0	0.0
220810	40.40408	101.2926	260.0	787.0	10965.0	0.0
220830	40.397067	101.3433	260.0	787.666667	10965.0	0.0
220850	40.390019	101.394014	260.0	788.619048	10965.0	0.0
220910	40.383062	101.444134	260.413793	788.172414	10965.0	0.0
220930	40.37609	101.49431	260.9	787.3	10965.0	0.0
220950	40.36869	101.547043	260.233333	789.3	10965.0	0.0
221010	40.361723	101.59696	260.0	790.0	10965.0	3.467
221030	40.35491	101.64589	259.9	790.3	10965.8	9.5
221050	40.347643	101.697823	259.233333	792.3	10971.133	19.5
221110	40.340528	101.747738	259.896552	793.0	10979.724	19.862
221130	40.333433	101.79708	260.733333	793.0	10988.0	13.867
221150	40.3261	101.84848	259.4	793.0	10988.0	3.2
221210	40.318813	101.899227	259.0	791.6	10988.0	0.0
221230	40.311573	101.949707	259.133333	789.866667	10988.0	-1.067
221250	40.30444	102.00024	259.8	789.2	10988.0	-6.4
221310	40.297073	102.05194	259.533333	787.133333	10984.267	-11.267
221330	40.289607	102.10394	259.0	784.866667	10979.067	-15.0
221350	40.28214	102.15514	259.0	784.2	10974.4	-15.0
221410	40.27486	102.20508	259.0	784.0	10969.267	-11.733
221430	40.2677	102.2542	259.0	784.0	10965.0	-6.933
221450	40.2607	102.3022	259.0	784.0	10965.0	-1.6
221510	40.253327	102.352347	259.0	783.066667	10965.0	0.0
221530	40.245833	102.403107	259.0	782.0	10965.0	0.0
221550	40.2385	102.45264	259.0	782.0	10965.0	0.0
221610	40.231073	102.502733	259.0	782.0	10965.0	0.0
221630	40.22358	102.55308	259.0	782.0	10965.0	1.067
221650	40.21598	102.60348	259.0	782.0	10965.0	6.4
221710	40.208461	102.653826	259.0	782.0	10968.613	4.387
221730	40.201	102.70386	259.0	782.2	10972.2	0.0
221750	40.193667	102.75226	259.0	783.533333	10966.867	0.0
221810	40.185857	102.803823	259.0	784.433333	10968.467	3.467
221830	40.17789	102.8564	259.0	785.2	10973.0	8.1
221850	40.17049	102.905067	259.0	786.533333	10973.0	8.767
221910	40.162974	102.954463	259.0	787.0	10977.789	15.842
221930	40.1551	103.00552	259.0	787.0	10983.733	13.867
221950	40.147127	103.056987	259.0	787.0	10988.0	5.867
222010	40.13926	103.10792	259.0	787.0	10988.0	-4.8
222030	40.131533	103.158013	259.0	786.066667	10984.267	-8.0
222050	40.12388	103.207627	259.0	784.866667	10980.0	-6.933
222110	40.11628	103.25676	259.0	784.2	10980.0	-1.6
222130	40.108727	103.305193	258.533333	784.466667	10980.0	-3.733
222150	40.101073	103.354127	258.0	784.866667	10979.067	-8.0
222210	40.09294	103.40626	258.0	784.2	10974.4	-8.0
222230	40.0849	103.457227	258.0	783.066667	10973.0	-4.267
222250	40.07699	103.5072	258.0	782.0	10973.0	-1.032
222310	40.069442	103.5552	258.0	782.0	10973.0	-6.194
222330	40.06147	103.605583	258.0	782.0	10969.533	-8.0
222350	40.05332	103.65694	258.0	781.7	10965.0	-6.4
222410	40.045453	103.70654	258.0	779.7	10965.0	4.267
222430	40.0375	103.75614	258.0	779.0	10968.467	8.0
222450	40.02953	103.80555	258.0	779.0	10973.0	7.2
222510	40.02173	103.853883	258.0	779.0	10973.0	1.867
222530	40.013843	103.90265	258.0	779.0	10973.0	0.0
222550	40.00592	103.95161	258.0	779.0	10973.0	0.0
222610	39.998053	104.000343	258.0	779.0	10973.0	0.0
222630	39.990057	104.049727	258.0	780.3	10973.0	6.5
222650	39.98194	104.09973	258.0	781.7	10974.5	15.0
222710	39.97354	104.151263	258.0	779.7	10984.5	15.0
222730	39.96527	104.20154	258.0	777.7	10988.0	8.5
222750	39.95707	104.25119	258.0	775.6	10988.0	-0.8
222810	39.94887	104.301123	258.0	772.933333	10988.0	-6.133
222830	39.940843	104.34928	258.0	770.7	10984.533	-11.033
222850	39.93288	104.39671	258.0	769.0	10979.3	-15.0
222910	39.924747	104.445443	258.0	769.0	10974.633	-15.0
222930	39.916743	104.493353	258.0	766.833333	10969.533	-15.0
222950	39.90875	104.54112	258.0	764.0	10964.3	-14.3
223010	39.900417	104.590587	258.0	764.0	10959.633	-9.633
223030	39.892083	104.638147	257.133333	763.566667	10958.0	-4.533
223050	39.883565	104.685057	256.0	763.0	10958.0	0.0
223110	39.874	104.7341	256.0	763.0	10958.0	0.0
223130	39.864867	104.781567	256.666667	763.0	10958.0	5.333
223150	39.8556	104.829833	256.666667	763.333333	10960.333	8.0
223210	39.8462	104.8789	256.0	764.0	10965.0	8.0
223230	39.837267	104.9253	256.0	768.666667	10965.0	8.0
223250	39.828033	104.973167	256.0	770.333333	10967.667	13.0
223310	39.8185	105.0225	256.0	769.0	10973.0	23.0
223330	39.8091	105.071033	256.0	770.333333	10983.0	17.667
223350	39.799733	105.1195	256.0	771.0	10988.0	10.0
223410	39.7904	105.1679	256.0	771.0	10988.0	0.0
223430	39.7808	105.217033	256.0	769.666667	10988.0	20.0
223450	39.7714	105.265033	256.0	767.333333	10998.333	70.667
223510	39.7622	105.3119	256.0	764.0	11019.0	152.0
223530	39.752667	105.359767	256.0	767.333333	11099.667	244.0
223550	39.743195	105.407655	256.0	767.181818	11193.864	291.591
223610	39.733786	105.455564	256.0	763.545455	11301.591	294.773
223630	39.72436	105.50342	256.0	760.8	11402.8	278.2
223650	39.714893	105.551153	256.0	760.133333	11488.8	215.533
223710	39.705733	105.597167	256.0	762.0	11542.0	123.0
223730	39.6961	105.645787	256.0	765.322581	11568.516	59.774
223750	39.686113	105.696313	255.966667	768.8	11582.0	22.233
223810	39.67638	105.74458	255.3	764.8	11582.0	6.9
223830	39.666683	105.7927	255.0	764.1	11582.0	0.0
223850	39.65703	105.840627	255.0	766.166667	11582.0	0.0
223910	39.64763	105.88716	255.0	769.5	11582.0	0.0
223930	39.63801	105.93483	255.0	769.166667	11582.0	0.0
223950	39.628197	105.983477	255.0	765.933333	11582.0	0.0
224010	39.61813	106.03301	255.0	764.6	11582.0	0.0
224030	39.608283	106.081333	255.0	764.0	11582.0	0.0
224050	39.598627	106.12862	255.0	763.9	11582.0	0.0
224110	39.58916	106.17502	255.0	761.9	11582.0	0.0
224130	39.579648	106.221484	255.0	759.935484	11582.0	0.0
224150	39.5701	106.268	255.0	758.0	11582.0	0.0
224210	39.560033	106.316933	255.0	758.0	11582.0	0.0
224230	39.550233	106.364367	255.0	757.333333	11582.0	-2.667
224250	39.5407	106.4103	255.0	756.0	11582.0	-8.0
224310	39.5309	106.457767	255.0	756.0	11577.333	-8.0
224330	39.5211	106.505133	255.0	755.0	11575.0	-5.333
224350	39.5113	106.5524	255.0	753.0	11575.0	0.0
224410	39.5017	106.598467	255.0	753.0	11575.0	0.0
224430	39.4918	106.6458	255.0	753.0	11575.0	2.667
224450	39.4816	106.6944	255.0	753.0	11575.0	8.0
224510	39.472181	106.739239	255.0	754.935484	11579.516	8.0
224530	39.46235	106.78601	255.0	756.0	11582.0	5.6
224550	39.452017	106.835143	255.0	756.0	11582.0	0.267
224610	39.441848	106.882744	254.24	756.0	11582.0	5.32
224630	39.431068	106.927959	253.363636	756.636364	11584.545	4.773
224650	39.420023	106.972186	252.454545	757.545455	11588.182	1.591
224710	39.4086	107.017967	252.0	758.0	11587.333	0.0
224730	39.3968	107.0653	252.0	758.0	11582.0	0.0
224750	39.385267	107.111367	252.0	758.0	11587.333	0.0
224810	39.3737	107.157433	252.0	758.0	11587.333	-2.667
224830	39.3621	107.2035	252.0	758.0	11582.0	-8.0
224850	39.3503	107.2501	252.0	758.0	11582.0	-2.667
224910	39.3385	107.2967	252.0	758.666667	11582.0	-2.667
224930	39.3267	107.3433	252.0	760.0	11582.0	-8.0
224950	39.314833	107.390033	252.0	762.0	11577.333	-8.0
225010	39.303033	107.436567	252.0	764.0	11575.0	-2.667
225030	39.2913	107.4829	252.0	766.0	11575.0	8.0
225050	39.279167	107.5301	252.0	768.0	11579.667	8.667
225110	39.267005	107.57751	252.47619	769.0	11582.0	8.524
225130	39.2549	107.62476	252.775	769.675	11583.8	7.55
225150	39.2429	107.67156	252.275	771.175	11587.8	6.55
225210	39.230987	107.718029	252.0	772.0	11590.0	4.258
225230	39.219181	107.764094	252.0	772.0	11590.0	0.387
225250	39.2069	107.81178	252.0	772.0	11590.0	0.0
225310	39.194567	107.859487	252.0	772.0	11590.0	0.0
225330	39.182233	107.906953	252.0	772.0	11590.0	0.0
225350	39.1702	107.95352	252.0	770.2	11590.0	0.0
225410	39.158147	107.999907	252.0	767.666667	11590.0	0.0
225430	39.146013	108.046173	252.0	764.333333	11590.0	0.0
225450	39.13376	108.09328	251.4	762.2	11590.0	-4.8
225510	39.121573	108.140027	251.0	760.733333	11587.867	-12.0
225530	39.109507	108.186093	251.0	760.066667	11582.533	-22.0
225550	39.097326	108.23239	251.0	758.83871	11573.29	-18.355
225610	39.085177	108.278507	251.0	758.0	11567.0	-11.5
225630	39.07311	108.32424	251.0	758.0	11567.0	-1.5
225650	39.0611	108.369633	251.0	758.809524	11567.0	4.857
225710	39.0491	108.414967	251.0	759.761905	11567.0	10.571
225730	39.037053	108.460566	251.0	761.40625	11574.031	16.688
225750	39.02484	108.50677	251.0	763.0	11582.8	20.6
225810	39.011773	108.555903	251.0	763.0	11588.133	11.267
225830	38.999617	108.60157	251.0	763.433333	11590.0	4.533
225850	38.98783	108.64582	251.0	764.2	11590.0	0.0
225910	38.975363	108.69262	251.0	765.533333	11590.0	0.0
225930	38.962829	108.739494	251.0	767.857143	11590.0	0.0
225950	38.950257	108.786409	251.0	770.714286	11590.0	0.0
230010	38.9379	108.83244	251.0	771.0	11590.0	0.0
230030	38.92546	108.878507	251.0	771.266667	11590.0	0.0
230050	38.91286	108.924773	251.0	771.933333	11590.0	0.0
230110	38.899844	108.972881	251.0	773.125	11590.0	0.0
230130	38.887023	109.020268	251.0	774.0	11590.0	0.0
230150	38.874765	109.065494	251.0	774.0	11590.0	0.0
230210	38.8619	109.11285	251.0	773.0	11590.0	0.0
230230	38.849003	109.160319	251.0	772.322581	11590.0	-1.29
230250	38.836616	109.205997	251.0	773.612903	11590.0	-6.452
230310	38.823847	109.252553	251.0	773.066667	11586.267	-8.0
230330	38.81098	109.299247	251.0	772.0	11582.0	-6.933
230350	38.79838	109.34498	251.0	772.0	11582.0	-1.6
230410	38.78564	109.391367	251.0	772.0	11582.0	3.733
230430	38.772853	109.437967	251.0	771.866667	11583.067	6.933
230450	38.76012	109.4843	251.0	771.2	11588.4	1.6
230510	38.747287	109.530663	251.0	771.0	11586.5	0.0
230530	38.734433	109.576987	250.933333	770.666667	11582.533	0.0
230550	38.721767	109.622853	250.266667	767.333333	11587.867	0.0
230610	38.70902	109.66884	250.4	765.2	11586.8	-2.8
230630	38.696175	109.715069	251.0	763.9375	11582.0	-6.562
230650	38.682925	109.762756	251.0	763.3125	11582.0	-2.188
230710	38.670139	109.808632	250.677419	762.032258	11582.0	0.0
230730	38.657816	109.852697	250.032258	760.096774	11582.0	0.0
230750	38.64504	109.898157	250.0	758.733333	11582.0	-5.067
230810	38.63227	109.94369	250.0	758.0	11579.9	-8.0
230830	38.619537	109.989223	250.0	758.0	11575.233	-8.0
230850	38.606677	110.035263	250.0	756.733333	11575.0	-8.0
230910	38.593794	110.08101	250.0	756.580645	11572.677	-5.677
230930	38.58089	110.126365	250.0	757.870968	11567.516	-0.516
230950	38.56838	110.17062	250.0	758.0	11571.8	9.0
231010	38.555753	110.215233	250.0	757.466667	11576.867	15.0
231030	38.542887	110.260567	250.0	756.133333	11581.533	15.0
231050	38.529788	110.306556	250.0	757.125	11586.5	10.5
231110	38.516841	110.351876	250.0	758.0	11590.0	4.529
231130	38.504312	110.395465	250.0	758.0	11590.0	-3.706
231150	38.491425	110.440387	250.0	758.0	11587.0	-7.0
231210	38.4783	110.4862	250.0	758.0	11582.0	-7.0
231230	38.465433	110.531267	250.0	756.666667	11582.0	3.0
231250	38.452192	110.576723	249.230769	754.461538	11585.077	7.615
231310	38.437778	110.621849	247.02439	751.317073	11590.0	5.732
231330	38.420168	110.664093	242.146341	747.902439	11590.0	-0.61
231350	38.40178	110.70576	237.1	744.7	11589.2	-7.0
231410	38.37898	110.74416	231.1	742.7	11583.867	-13.667
231430	38.355355	110.77849	227.655172	743.344828	11578.862	-12.414
231450	38.330767	110.811173	226.0	745.0	11575.0	-6.933
231510	38.3041	110.84604	226.0	745.0	11575.0	-1.6
231530	38.277993	110.880067	226.0	745.933333	11575.0	3.733
231550	38.252216	110.913594	226.0	746.741935	11575.903	8.903
231610	38.226797	110.946561	226.0	745.451613	11580.419	13.419
231630	38.200913	110.980027	226.0	745.0	11585.467	11.533
231650	38.174645	111.013936	226.0	745.0	11590.0	5.727
231710	38.147615	111.048845	226.0	745.0	11590.0	-2.758
231730	38.121197	111.082913	226.0	745.0	11587.419	-7.0
231750	38.09539	111.116139	226.0	745.0	11582.258	-7.0
231810	38.069706	111.149058	225.387097	745.0	11582.0	-2.71
231830	38.043873	111.18224	225.0	745.0	11582.0	0.0
231850	38.017807	111.21584	225.0	745.0	11582.0	0.0
231910	37.99162	111.24944	225.6	745.0	11582.0	0.0
231930	37.96534	111.283147	225.733333	745.0	11582.0	0.0
231950	37.93894	111.317013	225.066667	745.0	11582.0	0.0
232010	37.91319	111.349897	225.0	745.0	11582.0	0.0
232030	37.886785	111.383524	225.0	745.0	11582.0	0.0
232050	37.859027	111.418736	225.0	745.0	11582.0	0.0
232110	37.832593	111.452353	225.0	745.0	11582.0	0.0
232130	37.8069	111.485056	225.0	745.0	11582.0	0.0
232150	37.7819	111.516833	225.0	745.0	11582.0	0.0
232210	37.756629	111.548932	225.0	745.0	11582.0	0.0
232230	37.730952	111.581513	225.0	745.0	11582.0	0.0
232250	37.703243	111.616603	225.0	745.0	11582.0	0.0
232310	37.67576	111.65139	225.0	745.466667	11582.0	0.0
232330	37.64936	111.68479	225.0	746.8	11582.0	0.0
232350	37.623243	111.717623	225.0	747.566667	11582.0	0.0
232410	37.596967	111.75073	225.0	748.0	11582.0	0.0
232430	37.5703	111.78453	225.0	748.0	11582.0	0.0
232450	37.543803	111.817763	225.0	748.0	11582.0	-5.1
232510	37.518083	111.851142	226.458333	748.0	11579.958	-8.708
232530	37.494177	111.8853	230.342857	748.342857	11575.0	-6.714
232550	37.472691	111.9213	232.628571	750.628571	11575.0	1.857
232610	37.450329	111.958952	234.0	752.258065	11576.806	5.194
232630	37.426652	111.999081	234.0	752.903226	11581.323	0.677
232650	37.404071	112.037619	234.0	755.741935	11578.161	-4.387
232710	37.38166	112.0759	234.0	758.4	11575.0	-4.8
232730	37.359193	112.114233	234.0	759.733333	11575.0	5.867
232750	37.33646	112.15294	234.0	762.133333	11578.733	11.733
232810	37.31372	112.1916	234.0	764.4	11583.6	13.6
232830	37.29112	112.229933	234.0	765.733333	11588.933	8.933
232850	37.268742	112.267897	234.0	767.548387	11590.0	3.871
232910	37.246317	112.305967	234.0	769.333333	11590.0	1.333
232930	37.223583	112.344633	234.0	770.666667	11590.0	6.667
232950	37.2004	112.3841	234.0	771.0	11594.0	8.0
233010	37.177267	112.423367	233.833333	771.0	11598.0	6.667
233030	37.154733	112.461233	233.166667	771.0	11598.0	1.333
233050	37.13185	112.4999	233.0	770.0	11598.0	-34.5
233110	37.109117	112.538317	233.166667	768.166667	11586.5	-93.0
233130	37.087183	112.575183	233.833333	764.833333	11540.5	-189.0
233150	37.06385	112.61435	233.5	761.0	11456.5	-243.5
233210	37.04055	112.653417	233.0	758.0	11362.5	-274.0
233230	37.01875	112.689883	233.0	758.0	11276.5	-274.0
233250	36.99665	112.7269	233.5	757.0	11182.5	-274.0
233310	36.974417	112.76425	233.833333	754.666667	11088.333	-250.167
233330	36.952083	112.80205	233.166667	749.333333	11001.667	-154.833
233350	36.929364	112.840273	233.0	748.909091	10976.818	-74.636
233410	36.906523	112.878594	233.0	750.0	10973.0	-6.548
233430	36.883748	112.916529	233.0	750.0	10973.0	-2.032
233450	36.861033	112.954243	233.0	749.266667	10973.0	0.0
233510	36.838393	112.991743	233.0	747.9	10973.0	0.0
233530	36.81626	113.02861	233.0	745.9	10973.0	0.0
233550	36.79398	113.065623	233.0	743.9	10973.0	0.0
233610	36.771583	113.10275	233.0	742.0	10973.0	0.0
233630	36.74925	113.13975	233.0	742.0	10973.0	0.0
233650	36.727384	113.175916	233.0	741.290323	10973.0	0.0
233710	36.7059	113.2114	233.0	740.0	10973.0	0.0
233730	36.683233	113.249	233.0	739.333333	10973.0	-5.333
233750	36.660933	113.2859	233.0	739.0	10970.333	-8.0
233810	36.639	113.3221	233.0	739.0	10965.0	-8.0
233830	36.6174	113.358433	234.333333	739.0	10965.0	-2.667
233850	36.595933	113.395733	235.0	739.333333	10965.0	0.0
233910	36.5746	113.434	235.0	740.0	10965.0	0.0
233930	36.552933	113.472267	235.0	741.333333	10965.0	5.333
233950	36.531667	113.509767	235.0	743.666667	10967.667	8.0
234010	36.5108	113.5465	235.0	747.0	10973.0	8.0
234030	36.4888	113.585033	235.0	747.0	10973.0	2.667
234050	36.467316	113.622687	235.0	747.322581	10973.0	2.581
234110	36.446348	113.659461	235.0	747.967742	10973.0	7.742
234130	36.424843	113.697083	235.0	749.266667	10977.433	12.433
234150	36.403071	113.735132	235.0	750.0	10982.323	12.968
234210	36.381006	113.773648	235.0	750.0	10987.484	8.452
234230	36.35918	113.81182	235.0	748.2	10988.0	-1.6
234250	36.337816	113.849126	235.0	746.483871	10985.935	-9.806
234310	36.317106	113.88519	235.0	745.193548	10980.774	-14.323
234330	36.295187	113.923297	235.0	745.0	10976.033	-11.033
234350	36.273193	113.961483	235.0	744.3	10973.0	-6.133
234410	36.25146	113.99915	235.0	742.3	10973.0	-0.8
234430	36.22984	114.03659	235.0	740.3	10973.0	0.0
234450	36.208287	114.07392	235.0	739.0	10973.0	0.0
234510	36.18682	114.11112	235.0	739.0	10973.0	0.0
234530	36.165297	114.14815	234.433333	739.0	10973.0	0.0
234550	36.143857	114.18501	234.0	739.0	10973.0	0.0
234610	36.12259	114.22161	234.0	739.0	10973.0	0.0
234630	36.101153	114.25787	232.866667	739.566667	10973.0	0.0
234650	36.078987	114.293137	231.066667	741.166667	10973.0	0.0
234710	36.05552	114.32667	228.4	744.5	10973.0	0.0
234730	36.03075	114.36128	228.566667	743.3	10973.0	-4.533
234750	36.005867	114.39594	228.766667	742.0	10971.133	-8.0
234810	35.9812	114.43034	228.1	742.0	10965.8	-8.0
234830	35.956703	114.46423	228.0	743.7	10965.0	-3.467
234850	35.931817	114.49859	228.0	745.0	10965.0	1.867
234910	35.90615	114.53399	228.0	745.0	10965.0	7.2
234930	35.881277	114.56837	228.0	743.3	10969.533	8.0
234950	35.856963	114.60187	228.0	742.7	10973.0	6.133
235010	35.83343	114.63407	228.0	744.7	10973.0	0.8
235030	35.80882	114.667913	228.0	745.0	10973.0	0.0
235050	35.78381	114.70228	228.0	745.0	10973.0	0.0
235110	35.75841	114.73708	228.0	745.0	10973.0	0.0
235130	35.733803	114.77086	228.0	746.133333	10973.0	0.0
235150	35.709383	114.804367	228.0	747.0	10973.0	0.0
235210	35.68505	114.8377	228.0	747.0	10973.0	0.0
235230	35.659413	114.872733	228.0	747.566667	10973.0	0.0
235250	35.633897	114.907623	228.0	748.0	10973.0	0.0
235310	35.60903	114.94169	228.0	748.0	10973.0	0.0
235330	35.58439	114.975417	228.0	748.0	10973.0	4.533
235350	35.559627	115.009293	228.0	748.933333	10974.633	8.0
235410	35.53456	115.04356	228.0	751.6	10979.3	8.0
235430	35.510727	115.076031	228.0	750.692308	10980.0	2.769
235450	35.484993	115.11008	227.266667	750.0	10980.0	0.0
235510	35.457659	115.145514	226.045455	749.886364	10980.0	-0.136
235530	35.432841	115.177786	226.954545	747.613636	10980.0	-2.864
235550	35.408023	115.210059	227.863636	745.340909	10980.0	-5.591
235610	35.381747	115.24431	227.433333	746.133333	10976.033	-11.1
235630	35.356055	115.277774	227.225806	745.870968	10971.194	-11.613
235650	35.331926	115.309129	227.870968	742.645161	10966.032	-1.935
235710	35.30605	115.3429	227.5	743.5	10969.0	0.0
235730	35.2798	115.37712	227.0	745.266667	10971.933	-1.2
235750	35.2538	115.41072	227.0	746.6	10966.6	-7.2
235810	35.228267	115.443842	227.0	747.0	10965.0	0.917
235830	35.20289	115.476719	227.0	746.354839	10967.581	10.258
235850	35.177471	115.509558	227.0	745.064516	10972.742	14.774
235910	35.152358	115.542029	227.0	741.935484	10977.29	10.71
235930	35.127193	115.57446	227.0	740.0	10980.0	5.867
235950	35.101927	115.60686	227.0	740.0	10980.0	0.533
000010	35.07528	115.64106	226.4	738.2	10980.0	4.8
000030	35.049307	115.674287	226.0	735.666667	10982.133	5.867
000050	35.024573	115.705753	226.0	732.333333	10987.467	0.533
000110	35.00014	115.73692	226.0	728.4	10983.2	-9.0
000130	34.975367	115.768533	226.0	725.2	10978.133	-17.133
000150	34.950033	115.800867	226.0	723.2	10973.467	-22.467
000210	34.92542	115.83212	226.0	720.6	10964.0	-18.2
000230	34.900513	115.86376	226.0	718.2	10958.0	-11.0
000250	34.875047	115.89616	226.0	716.2	10958.0	-1.0
000310	34.84964	115.92838	226.0	715.4	10958.0	4.8
000330	34.824827	115.959833	226.0	714.466667	10959.867	8.0
000350	34.800893	115.990167	226.0	713.133333	10964.533	8.0
000410	34.77708	116.02032	226.0	711.2	10965.0	3.2
000430	34.752827	116.051147	226.266667	710.266667	10965.0	0.0
000450	34.727893	116.083013	226.933333	710.933333	10965.0	0.0
000510	34.70338	116.11422	226.4	711.0	10965.0	-4.8
000530	34.678647	116.145673	226.0	712.066667	10963.133	-34.4
000550	34.653513	116.177607	226.0	714.733333	10958.467	-100.4
000610	34.62934	116.20834	226.0	717.4	10898.6	-184.4
000630	34.6049	116.239313	226.0	719.0	10822.2	-250.4
000650	34.5799	116.270847	226.0	719.0	10730.2	-286.4
000710	34.5555	116.30178	226.6	721.4	10629.8	-290.0
000730	34.53066	116.333287	226.733333	725.933333	10532.467	-290.0
000750	34.50506	116.365753	226.066667	733.266667	10441.133	-290.0
000810	34.47868	116.39906	226.0	734.0	10340.2	-296.0
000830	34.454171	116.431271	227.714286	732.0	10239.857	-369.429
000850	34.4326	116.4617	232.0	727.0	10142.0	-543.0
000910	34.412267	116.499311	237.0	725.333333	9896.444	-642.444
000930	34.392724	116.537152	241.571429	722.285714	9653.524	-712.476
000950	34.37648	116.57568	243.9	714.3	9423.3	-673.4
001010	34.361013	116.61288	243.233333	709.633333	9205.3	-682.733
001030	34.34468	116.65229	243.0	704.533333	8973.867	-702.467
001050	34.32818	116.6923	243.1	700.0	8734.4	-726.3
001110	34.31338	116.728967	243.766667	700.0	8490.4	-741.633
001130	34.297973	116.76728	244.0	700.866667	8239.9	-753.5
001150	34.28229	116.80633	244.0	702.0	7985.9	-761.2
001210	34.26689	116.84453	244.0	702.0	7731.9	-755.867
001230	34.25149	116.88273	244.0	701.133333	7480.933	-744.467
001250	34.23621	116.92065	244.2	699.7	7233.2	-730.2
001310	34.22161	116.956983	245.533333	697.7	6994.533	-718.2
001330	34.208483	116.994328	249.611111	689.777778	6757.167	-711.111
001350	34.197525	117.033275	251.75	681.0	6521.0	-689.0
001410	34.187016	117.072158	252.0	676.906977	6294.558	-678.163
001430	34.176505	117.110902	252.0	674.116279	6071.302	-673.047
001450	34.166757	117.146857	252.0	671.857143	5846.571	-681.857
001510	34.15644	117.184567	252.0	669.9	5616.667	-688.533
001530	34.145267	117.225127	252.0	667.833333	5383.833	-685.5
001550	34.1346	117.26366	252.0	664.5	5160.5	-675.5
001610	34.123933	117.30223	252.0	661.9	4936.8	-638.733
001630	34.1133	117.340743	252.035714	659.321429	4715.857	-577.643
001650	34.1033	117.3776	252.75	645.75	4553.0	-470.5
001710	34.094123	117.413467	253.433333	625.4	4413.233	-453.8
001730	34.085339	117.448932	253.785714	604.464286	4275.643	-485.714
001750	34.076268	117.485146	252.357143	600.892857	4079.929	-517.143
001810	34.066184	117.517253	247.263158	592.894737	3922.842	-479.211
001830	34.054393	117.550227	246.533333	583.0	3763.867	-413.133
001850	34.04274	117.58252	247.0	569.6	3625.6	-364.4
001910	34.032207	117.61192	247.0	548.266667	3544.267	-359.067
001930	34.021567	117.641587	247.0	542.4	3402.133	-425.733
001950	34.01173	117.67179	251.2	537.1	3241.6	-501.2
002010	34.00524	117.70312	261.4	527.0	3067.6	-550.0
002030	34.00204	117.73452	262.733333	523.666667	2879.6	-586.667
002050	33.998893	117.7656	263.0	531.0	2675.6	-565.733
002110	33.99576	117.797	263.0	537.0	2484.2	-520.8
002130	33.992627	117.829333	263.0	533.666667	2331.533	-453.467
002150	33.989667	117.860333	263.666667	526.333333	2189.667	-333.333
002210	33.98662	117.89168	263.6	512.2	2100.4	-235.2
002230	33.983533	117.922973	263.0	493.533333	2044.4	-170.0
002250	33.980867	117.949707	263.0	468.866667	1988.4	-190.0
002310	33.97816	117.97688	263.0	449.4	1920.4	-232.0
002330	33.97546	118.00412	263.0	434.6	1839.8	-290.4
002350	33.973047	118.029353	263.0	430.933333	1718.267	-356.6
002410	33.970513	118.054887	263.0	430.266667	1600.933	-352.6
002430	33.96798	118.0801	263.0	428.4	1484.0	-359.8
002450	33.96544	118.10518	263.0	424.666667	1365.8	-372.533
002510	33.96284	118.13098	263.0	411.333333	1233.8	-367.867
002530	33.96052	118.15438	263.0	391.2	1113.8	-353.6
002550	33.95838	118.17616	263.0	367.333333	1001.867	-333.467
002610	33.95618	118.19776	263.0	350.666667	890.533	-318.133
002630	33.95406	118.21868	263.0	345.6	788.0	-306.0
002650	33.951987	118.239247	263.0	347.133333	690.867	-297.0
002710	33.949853	118.260713	263.0	338.466667	589.533	-297.0
002730	33.94788	118.27986	263.0	317.0	491.0	-254.6
002750	33.946032	118.297371	263.0	288.129032	400.774	-193.452
002810	33.944355	118.314081	263.0	269.419355	368.516	-217.968
002830	33.942744	118.329998	263.0	259.777778	300.222	-237.032
002850	33.941189	118.345268	263.0	257.555556	202.444	-251.635
002910	33.939633	118.360538	263.0	255.333333	104.667	-266.238
