204314	40.641	73.7999	302.0	291.0	137.0	0.0
204334	40.64825	73.815275	299.75	282.5	403.5	617.5
204354	40.65185	73.83355	272.5	307.5	556.0	457.0
204414	40.645025	73.852425	232.5	345.25	708.5	361.0
204434	40.6322	73.8693	224.0	401.0	792.0	272.0
204454	40.615825	73.887125	215.0	443.5	920.25	500.25
204514	40.5928	73.895511	185.0	492.555556	1133.889	768.0
204534	40.569363	73.8879	154.375	515.125	1431.875	913.0
204554	40.551533	73.864811	124.777778	526.222222	1733.444	865.0
204614	40.5442	73.8331	93.0	528.0	2012.0	762.0
204634	40.55181	73.80044	67.1	526.5	2248.1	737.6
204654	40.568543	73.77204	54.433333	529.833333	2502.1	728.267
204714	40.584963	73.745688	50.0	537.5	2733.188	623.438
204734	40.602776	73.717798	50.0	553.733333	2929.956	539.178
204754	40.620864	73.689442	50.0	571.066667	3122.844	467.622
204814	40.63962	73.6601	50.0	601.6	3246.0	384.2
204834	40.6591	73.629723	49.769231	639.384615	3327.846	308.923
204854	40.6811	73.595954	47.461538	663.230769	3456.308	378.154
204914	40.7062	73.5716	26.0	661.0	3589.0	504.0
204934	40.739243	73.563339	7.73913	651.434783	3781.174	553.565
204954	40.771627	73.558983	5.0	661.9	3965.267	567.233
205014	40.804617	73.55492	5.466667	675.433333	4153.533	567.567
205034	40.83895	73.55012	6.8	688.1	4352.2	554.9
205054	40.87385	73.548172	335.666667	676.777778	4518.0	390.556
205114	40.90451	73.562724	330.571429	644.142857	4615.81	316.333
205134	40.9287	73.5872	322.0	647.0	4732.0	323.0
205154	40.955433	73.614467	322.0	667.666667	4833.333	301.0
205214	40.982367	73.641967	322.0	689.0	4930.0	312.667
205234	41.0095	73.6697	322.0	711.0	5022.0	358.0
205254	41.0377	73.698633	322.0	721.666667	5169.333	467.333
205314	41.066723	73.7286	321.230769	725.461538	5345.308	526.231
205334	41.09505	73.760125	316.25	716.5	5535.75	507.5
205354	41.113326	73.796005	296.157895	680.578947	5677.053	459.632
205414	41.123325	73.836975	283.75	658.0	5839.0	493.75
205434	41.130492	73.880031	283.194444	658.0	6012.333	482.083
205454	41.13742	73.921707	282.566667	659.3	6165.733	452.433
205514	41.14431	73.96341	282.0	661.7	6307.5	416.0
205534	41.15171	74.009477	282.0	666.366667	6444.167	396.0
205554	41.158547	74.052033	282.0	670.6	6571.3	397.233
205614	41.165071	74.093482	281.470588	673.470588	6699.176	404.294
205634	41.170869	74.138731	278.657143	671.857143	6845.943	378.6
205654	41.175097	74.182503	277.514286	674.714286	6959.086	350.6
205714	41.17942	74.22684	277.0	677.833333	7071.6	331.4
205734	41.183803	74.271597	277.0	681.2	7183.067	320.0
205754	41.18787	74.31553	277.0	685.2	7284.4	320.0
205814	41.19212	74.360783	277.0	688.1	7391.6	305.333
205834	41.196279	74.407226	276.263158	689.263158	7501.211	277.947
205854	41.194888	74.455041	260.882353	675.058824	7568.882	254.765
205914	41.1831	74.4954	243.5	667.5	7677.25	346.25
205934	41.166483	74.532283	239.0	666.333333	7800.333	299.833
205954	41.150417	74.568217	239.0	667.666667	7881.667	255.167
210014	41.1332	74.60645	239.0	671.0	7963.0	289.5
210034	41.115833	74.644833	239.0	672.666667	8059.5	349.0
210054	41.099167	74.681367	239.0	667.333333	8201.5	405.0
210114	41.08195	74.71895	239.0	659.5	8340.0	386.5
210134	41.064558	74.756742	239.0	653.526316	8465.105	319.789
210154	41.04714	74.79436	239.0	656.6	8546.8	218.0
210214	41.029607	74.83256	239.0	661.933333	8612.8	198.0
210234	41.012573	74.869509	239.0	665.181818	8675.455	196.909
210254	40.995473	74.9071	239.636364	669.181818	8743.0	228.545
210314	40.98016	74.94586	243.2	669.0	8825.8	262.4
210334	40.966433	74.985276	248.47619	665.904762	8918.095	275.857
210354	40.9558	75.026147	253.0	665.466667	9015.3	168.4
210414	40.9458	75.06908	253.0	674.8	9041.3	136.4
210434	40.935873	75.11161	253.0	680.833333	9083.433	141.433
210454	40.925973	75.153967	253.0	684.1	9139.067	175.0
210514	40.91544	75.1993	253.0	686.1	9200.4	175.0
210534	40.905383	75.24225	253.0	688.1	9258.8	208.733
210554	40.895677	75.283437	253.0	689.8	9318.1	268.0
210614	40.88521	75.32817	253.0	685.8	9440.1	288.0
210634	40.875025	75.371575	253.0	682.75	9540.5	289.25
210654	40.86507	75.413893	253.0	680.477273	9623.227	275.159
210714	40.855123	75.456053	253.0	677.833333	9710.833	276.733
210734	40.84519	75.49792	253.0	674.5	9807.5	307.4
210754	40.83503	75.540467	252.433333	667.766667	9917.2	286.5
210814	40.82504	75.5822	252.233333	662.3	10013.1	245.533
210834	40.81544	75.6222	252.9	660.3	10079.1	184.2
210854	40.80533	75.664523	253.0	662.833333	10132.067	153.467
210914	40.795177	75.707093	252.766667	665.233333	10179.233	131.633
210934	40.78511	75.74936	252.1	665.9	10219.9	116.3
210954	40.775043	75.791343	252.566667	668.833333	10256.033	105.5
211014	40.765047	75.83295	253.0	672.166667	10289.733	92.467
211034	40.75518	75.87395	253.0	675.5	10320.4	73.8
211054	40.744744	75.91721	252.585366	674.756098	10340.756	54.829
211114	40.734207	75.960868	252.097561	673.292683	10359.293	35.805
211134	40.724047	76.00288	252.0	673.533333	10363.0	14.933
211154	40.714	76.04436	252.0	673.8	10363.0	0.0
211214	40.704	76.08556	252.0	673.133333	10363.0	0.0
211234	40.693947	76.127507	253.066667	671.933333	10363.0	0.0
211254	40.684938	76.169785	255.846154	671.692308	10363.0	-1.846
211314	40.6784	76.2124	262.0	674.0	10363.0	-8.0
211334	40.676867	76.256933	268.666667	680.666667	10358.333	-8.667
211354	40.67765	76.30075	275.0	687.0	10356.0	-4.5
211414	40.682567	76.345567	279.0	691.666667	10356.0	0.0
211434	40.6893	76.3921	281.0	695.0	10356.0	0.0
211454	40.6959	76.436367	281.0	697.0	10356.0	5.333
211514	40.702467	76.4805	281.0	698.666667	10358.333	8.0
211534	40.709	76.5245	281.0	700.0	10363.0	8.0
211554	40.715933	76.5713	281.0	702.0	10363.0	2.667
211614	40.7227	76.6174	281.0	705.333333	10363.0	2.667
211634	40.7293	76.6628	281.0	710.0	10363.0	8.0
211654	40.736167	76.709533	281.0	710.666667	10368.333	8.0
211714	40.7428	76.7551	281.0	711.666667	10371.0	8.0
211734	40.7492	76.7995	281.0	713.0	10371.0	8.0
211754	40.756	76.8459	281.0	711.0	10375.667	2.667
211814	40.762567	76.891	281.0	710.333333	10375.667	-2.0
211834	40.7689	76.9348	281.0	711.0	10371.0	-6.0
211854	40.775598	76.981312	281.0	710.534884	10371.0	-6.0
211914	40.782295	77.027823	281.0	710.069767	10371.0	-6.0
211934	40.78891	77.07424	280.433333	707.166667	10366.467	-11.1
211954	40.795417	77.12022	280.233333	705.0	10361.367	-13.367
212014	40.80175	77.16542	280.9	705.0	10356.7	-8.7
212034	40.80831	77.211753	281.0	707.833333	10356.0	-3.467
212054	40.814933	77.258333	281.0	710.0	10356.0	0.0
212114	40.8216	77.305	281.0	710.0	10356.0	0.0
212134	40.827757	77.348947	281.0	710.566667	10356.0	0.0
212154	40.833932	77.393016	280.810811	711.756757	10356.0	1.324
212214	40.840311	77.438205	280.27027	713.918919	10356.0	5.108
212234	40.846833	77.484833	280.0	715.333333	10358.333	9.667
212254	40.8535	77.5329	280.0	716.0	10363.0	15.0
212314	40.860167	77.5811	280.0	715.333333	10368.333	10.333
212334	40.866533	77.627433	280.0	715.333333	10371.0	5.333
212354	40.8726	77.6719	280.0	716.0	10371.0	0.0
212414	40.879267	77.719833	280.0	718.0	10371.0	0.0
212434	40.8858	77.767633	280.0	719.666667	10371.0	-2.667
212454	40.8922	77.8153	280.0	721.0	10371.0	-8.0
212514	40.8984	77.860833	280.0	723.0	10365.667	-8.0
212534	40.9045	77.906	280.0	723.0	10363.0	-5.333
212554	40.9105	77.9508	280.0	721.0	10363.0	0.0
212614	40.917038	77.999415	280.0	724.846154	10363.0	0.0
212634	40.923107	78.04718	279.533333	724.6	10363.0	0.0
212654	40.92896	78.094593	279.0	723.4	10363.0	1.067
212714	40.93476	78.14206	279.0	725.4	10363.0	6.4
212734	40.94056	78.18934	279.0	724.6	10366.733	4.267
212754	40.94632	78.23614	279.0	723.0	10369.933	-1.067
212814	40.95192	78.28134	279.0	723.0	10364.6	-6.4
212834	40.957707	78.328733	279.466667	723.466667	10363.0	-4.267
212854	40.96352	78.376893	279.866667	724.4	10363.0	-1.067
212914	40.96912	78.42436	279.2	726.4	10363.0	-6.4
212934	40.974953	78.472433	279.0	727.0	10359.733	-4.267
212954	40.98082	78.520447	279.0	727.666667	10356.933	1.067
213014	40.98642	78.56718	279.0	731.0	10361.6	6.4
213034	40.992207	78.615127	279.0	732.933333	10363.0	8.0
213054	40.99802	78.663207	279.0	734.0	10364.067	6.933
213114	41.00362	78.70974	279.0	734.0	10369.4	1.6
213134	41.009313	78.757953	279.0	734.466667	10367.267	-3.733
213154	41.01498	78.80638	279.0	735.266667	10363.0	-6.933
213214	41.02038	78.85278	279.0	736.6	10363.0	-1.6
213234	41.025769	78.899977	279.0	738.076923	10363.0	-4.308
213254	41.031267	78.947647	279.0	739.266667	10361.133	-5.867
213314	41.036933	78.995513	279.0	739.933333	10356.467	-0.533
213334	41.04272	79.04536	279.0	740.0	10360.2	5.4
213354	41.0484	79.09448	279.4	740.8	10363.0	5.4
213414	41.0539	79.14252	279.8	743.0	10363.0	1.2
213434	41.0594	79.19107	279.3	745.5	10363.0	4.2
213454	41.064887	79.23948	279.0	747.0	10365.133	6.533
213514	41.070353	79.28768	279.0	747.0	10370.467	7.867
213534	41.07582	79.33564	279.0	745.8	10371.0	3.2
213554	41.08134	79.384293	278.733333	745.0	10371.0	0.0
213614	41.08694	79.434027	278.066667	745.0	10371.0	0.0
213634	41.09248	79.48424	278.0	742.0	10371.0	0.0
213654	41.097853	79.533093	278.0	740.0	10371.0	-2.133
213714	41.102987	79.579827	278.0	740.0	10371.0	-7.467
213734	41.10836	79.62836	278.0	739.4	10366.2	-8.0
213754	41.113742	79.676903	278.0	738.483871	10363.0	-5.935
213814	41.119097	79.725161	278.0	737.193548	10363.0	-0.774
213834	41.124093	79.7715	278.0	735.866667	10363.0	-4.533
213854	41.12919	79.819087	278.0	735.0	10361.367	-8.0
213914	41.13459	79.86962	278.0	735.0	10356.7	-8.0
213934	41.139763	79.918057	278.0	735.0	10356.0	-3.467
213954	41.14485	79.965727	278.0	735.466667	10356.0	0.0
214014	41.14985	80.01266	278.0	736.8	10356.0	0.0
214034	41.15502	80.061293	278.0	737.0	10356.0	0.0
214054	41.160173	80.109947	278.0	737.7	10356.0	1.867
214114	41.16524	80.15808	278.0	739.7	10356.0	7.2
214134	41.170363	80.20661	278.0	739.433333	10359.967	11.967
214154	41.17545	80.254883	278.0	739.0	10364.867	13.367
214214	41.18045	80.30255	278.0	739.0	10370.2	8.7
214234	41.185507	80.351067	278.0	739.0	10371.0	-1.067
214254	41.19048	80.399523	278.0	738.533333	10369.133	-6.133
214314	41.19528	80.44759	278.0	737.2	10363.8	-0.8
214334	41.200477	80.497753	278.0	735.866667	10367.533	0.0
214354	41.205533	80.546817	278.0	734.766667	10369.133	-1.867
214414	41.2102	80.59315	278.0	734.1	10363.8	-7.2
214434	41.21498	80.640447	278.0	734.0	10363.0	-11.967
214454	41.219803	80.688333	278.0	734.233333	10359.5	-13.367
214514	41.22467	80.737	278.0	734.9	10349.5	-8.7
214534	41.229537	80.785157	278.0	735.0	10352.533	9.567
214554	41.234403	80.833713	278.0	735.0	10359.5	23.0
214614	41.23927	80.88318	278.0	735.0	10369.5	23.0
214634	41.243967	80.93089	277.433333	734.433333	10374.967	14.5
214654	41.24868	80.978803	277.0	732.833333	10378.0	6.133
214714	41.25348	81.02767	277.0	729.5	10378.0	0.8
214734	41.25794	81.074157	277.0	726.166667	10378.0	-4.533
214754	41.26241	81.120713	277.0	722.833333	10376.367	-8.0
214814	41.26701	81.16818	277.0	719.5	10371.7	-8.0
214834	41.271497	81.21491	277.0	715.6	10371.0	-11.967
214854	41.27601	81.26186	277.0	712.3	10367.5	-16.867
214914	41.28061	81.30946	277.0	710.3	10357.5	-22.2
214934	41.284919	81.355371	277.0	710.0	10351.613	-14.774
214954	41.2893	81.402	277.0	710.0	10348.0	-3.4
215014	41.293967	81.451	277.0	710.0	10348.0	11.933
215034	41.29826	81.497333	277.0	710.533333	10356.0	15.0
215054	41.30246	81.54314	277.0	711.8	10363.0	12.0
215114	41.30666	81.589273	277.0	714.466667	10363.0	2.0
215134	41.310967	81.636953	277.0	715.533333	10363.0	4.267
215154	41.315303	81.68469	277.206897	717.034483	10364.655	8.0
215214	41.319648	81.731655	277.896552	720.482759	10370.172	8.0
215234	41.32404	81.779217	277.433333	722.7	10371.0	8.0
215254	41.328393	81.826767	277.0	724.0	10372.633	8.0
215314	41.33266	81.8741	277.0	724.0	10377.3	8.0
215334	41.336813	81.920753	277.0	725.133333	10378.0	-5.033
215354	41.340993	81.96794	277.0	725.533333	10374.5	-15.0
215414	41.34526	82.01634	277.0	724.2	10364.5	-15.0
215434	41.349527	82.065307	277.0	724.0	10363.0	-6.5
215454	41.353677	82.113463	276.766667	723.3	10363.0	-1.867
215514	41.35761	82.15993	276.1	721.3	10363.0	-7.2
215534	41.360523	82.20634	274.866667	719.866667	10359.033	-11.967
215554	41.363327	82.25386	274.0	719.933333	10354.133	-13.367
215614	41.36626	82.30346	274.0	722.6	10348.8	-8.7
215634	41.369137	82.35153	274.566667	724.7	10348.0	1.067
215654	41.371957	82.399003	275.0	726.233333	10349.867	11.5
215714	41.37469	82.44587	275.0	726.9	10355.2	21.5
215734	41.37748	82.493757	274.433333	727.0	10364.5	18.467
215754	41.380233	82.541753	274.0	726.766667	10371.0	11.5
215814	41.3829	82.58962	274.0	726.1	10371.0	1.5
215834	41.385623	82.638677	274.0	726.0	10371.0	-4.533
215854	41.388333	82.68757	274.0	725.533333	10369.133	-8.0
215914	41.391	82.73577	274.0	724.2	10363.8	-8.0
215934	41.39361	82.783177	274.0	724.0	10363.0	-8.0
215954	41.39621	82.830677	274.233333	724.466667	10361.367	-8.0
220014	41.39881	82.87861	274.9	725.8	10356.7	-8.0
220034	41.40141	82.926033	274.433333	726.0	10356.0	-3.467
220054	41.40401	82.973787	274.0	726.233333	10356.0	0.0
220114	41.40661	83.02232	274.0	726.9	10356.0	0.0
220134	41.409153	83.07074	274.0	729.833333	10356.0	0.0
220154	41.411687	83.118907	274.0	732.466667	10356.0	1.867
220214	41.41422	83.16664	274.0	733.8	10356.0	7.2
220234	41.416684	83.215861	274.0	735.645161	10359.839	8.0
220254	41.4191	83.26474	274.0	737.4	10363.0	9.4
220314	41.421433	83.312207	274.0	738.733333	10363.0	14.067
220334	41.423965	83.361545	274.0	737.967742	10370.742	15.0
220354	41.426483	83.4108	274.0	736.5	10378.0	12.5
220414	41.428817	83.4584	274.0	734.5	10378.0	2.5
220434	41.43119	83.507026	274.0	731.580645	10378.0	-7.258
220454	41.433567	83.556293	273.866667	728.733333	10376.0	-15.0
220514	41.4359	83.60676	273.2	727.4	10366.0	-15.0
220534	41.438047	83.655173	273.466667	727.0	10363.0	-11.733
220554	41.440165	83.702684	274.0	727.0	10362.097	-7.871
220614	41.442487	83.750103	274.0	727.0	10357.581	-7.226
220634	41.444768	83.797439	274.0	727.83871	10356.0	-4.065
220654	41.447027	83.845053	274.0	729.0	10356.0	0.533
220714	41.449293	83.895587	274.0	729.0	10356.0	5.867
220734	41.45144	83.94392	274.0	729.0	10358.8	10.8
220754	41.45352	83.99102	273.933333	728.866667	10363.533	14.533
220814	41.45572	84.04022	273.266667	727.533333	10368.867	9.867
220834	41.4578	84.08722	273.0	726.6	10371.0	1.6
220854	41.4598	84.133093	273.0	725.866667	10370.467	-8.0
220914	41.4618	84.182027	273.0	724.533333	10365.133	-8.0
220934	41.4638	84.2306	273.0	723.6	10363.0	-4.8
220954	41.4658	84.278947	273.0	722.733333	10363.0	0.0
221014	41.4678	84.327413	273.0	720.066667	10363.0	0.0
221034	41.46976	84.37516	273.0	719.0	10363.0	0.0
221054	41.471693	84.422527	273.0	718.8	10363.0	0.0
221114	41.473627	84.470793	273.0	716.8	10363.0	0.0
221134	41.47548	84.51802	273.0	714.8	10363.0	0.0
221154	41.477287	84.564493	273.0	712.866667	10363.0	-0.533
221214	41.479153	84.610427	273.0	711.533333	10363.0	-5.867
221234	41.48102	84.65888	273.0	710.6	10360.2	-8.0
221254	41.482867	84.708533	273.0	710.066667	10356.0	-7.467
221314	41.484533	84.753867	273.0	710.733333	10356.0	-2.133
221334	41.48624	84.79996	273.0	711.8	10356.0	0.0
221354	41.487967	84.846567	273.0	713.0	10356.0	0.0
221414	41.489633	84.893233	273.0	713.0	10356.0	0.0
221434	41.49142	84.94202	273.0	714.2	10356.0	0.0
221454	41.49326	84.99176	273.0	716.2	10356.0	0.533
221514	41.49486	85.03736	273.0	718.2	10356.0	5.867
221534	41.4965	85.08424	273.0	720.6	10358.8	10.8
221554	41.49816	85.132013	272.933333	723.066667	10363.533	14.467
221614	41.49976	85.180147	272.266667	723.733333	10368.867	9.133
221634	41.501405	85.228849	272.324324	724.0	10371.0	7.0
221654	41.503081	85.27793	272.864865	724.0	10371.0	7.0
221714	41.50465	85.32525	272.5	724.0	10374.5	7.5
221734	41.506183	85.372467	272.0	723.833333	10378.0	5.333
221754	41.507717	85.421133	272.0	723.166667	10378.0	-5.333
221814	41.50915	85.46805	272.0	723.0	10374.5	-11.5
221834	41.510583	85.515067	272.0	722.666667	10369.667	-13.833
221854	41.512117	85.564133	272.0	721.333333	10364.333	-9.167
221914	41.5136	85.61275	272.0	721.0	10363.0	-4.0
221934	41.515017	85.660817	272.0	721.0	10363.0	0.0
221954	41.516283	85.707683	272.0	721.0	10363.0	0.0
222014	41.51765	85.756	272.0	721.0	10363.0	0.0
222034	41.519055	85.804584	272.0	721.0	10363.0	0.0
222054	41.520474	85.852519	272.0	721.0	10363.0	0.0
222114	41.521787	85.899753	272.0	721.0	10363.0	2.8
222134	41.523051	85.946844	272.0	720.534884	10363.744	6.0
222154	41.524307	85.994565	272.0	718.209302	10367.465	6.0
222214	41.525543	86.042263	271.966667	715.966667	10371.0	5.533
222234	41.52641	86.08953	271.3	715.3	10371.0	-3.8
222254	41.527277	86.137383	271.0	714.266667	10368.067	-8.0
222314	41.528137	86.185657	271.0	712.933333	10363.0	-8.0
222334	41.52887	86.23279	271.0	711.6	10363.0	-8.0
222354	41.529677	86.279923	271.366667	711.0	10360.433	-5.067
222414	41.530543	86.32702	271.966667	710.966667	10356.233	0.0
222434	41.53141	86.37342	271.3	710.3	10360.9	0.0
222454	41.532203	86.421323	271.0	710.366667	10360.433	-2.933
222514	41.532933	86.470317	271.0	711.066667	10356.0	-7.733
222534	41.5336	86.51665	271.0	712.4	10356.0	-2.4
222554	41.53423	86.563423	271.0	714.1	10356.0	0.0
222614	41.53483	86.610563	271.0	716.1	10356.0	0.267
222634	41.53543	86.65783	271.0	718.1	10356.0	5.6
222654	41.536067	86.706233	271.0	719.733333	10358.567	8.0
222714	41.53673	86.755453	271.0	721.1	10363.0	7.733
222734	41.53733	86.80252	271.0	723.1	10363.0	2.4
222754	41.537893	86.850137	271.0	725.1	10363.0	3.3
222814	41.538429	86.89821	271.0	727.095238	10363.381	9.0
222834	41.539	86.9464	271.0	729.0	10371.0	9.0
222854	41.5396	86.995333	271.0	731.0	10371.0	3.0
222914	41.540233	87.044133	271.0	732.666667	10371.0	0.0
222934	41.5409	87.0928	271.0	734.0	10371.0	0.0
222954	41.541167	87.1412	271.0	734.0	10371.0	5.333
223014	41.541533	87.189933	271.0	733.333333	10373.333	5.333
223034	41.542	87.239	271.0	732.0	10378.0	0.0
223054	41.5424	87.2884	271.0	730.0	10373.333	-5.333
223114	41.542867	87.337133	271.0	728.333333	10371.0	-8.0
223134	41.5434	87.3852	271.0	727.0	10371.0	-8.0
223154	41.543667	87.4338	270.333333	727.0	10365.667	-8.0
223214	41.543933	87.481667	270.0	726.666667	10363.0	-5.333
223234	41.5442	87.5288	270.0	726.0	10363.0	0.0
223254	41.5446	87.576	271.0	726.0	10363.0	0.0
223314	41.5448	87.6262	270.333333	726.0	10363.0	-5.333
223334	41.545	87.6744	270.0	726.0	10360.667	-8.0
223354	41.5452	87.7206	270.0	726.0	10356.0	-8.0
223414	41.5454	87.7706	270.0	726.0	10356.0	-2.667
223434	41.545567	87.819233	270.0	726.0	10356.0	0.0
223454	41.5457	87.8665	270.0	726.0	10356.0	0.0
223514	41.5459	87.9149	270.0	726.666667	10356.0	0.0
223534	41.546067	87.963133	270.0	727.666667	10356.0	0.0
223554	41.5462	88.0112	270.0	729.0	10356.0	0.0
223614	41.546267	88.058933	270.666667	731.0	10356.0	5.333
223634	41.546333	88.107933	270.666667	732.666667	10358.333	8.0
223654	41.5464	88.1582	270.0	734.0	10363.0	8.0
223714	41.546467	88.207133	270.0	734.666667	10363.0	8.0
223734	41.5465	88.256833	270.0	735.666667	10365.667	10.333
223754	41.5465	88.3073	270.0	737.0	10371.0	15.0
223814	41.546767	88.356967	270.666667	735.666667	10375.667	10.333
223834	41.547033	88.4051	270.666667	734.0	10378.0	2.667
223854	41.5473	88.4517	270.0	732.0	10378.0	-8.0
223914	41.5475	88.500967	270.0	730.0	10373.333	-12.667
223934	41.547633	88.549433	270.0	728.333333	10368.333	-12.667
223954	41.5477	88.5971	270.0	727.0	10363.0	-8.0
224014	41.547967	88.6471	270.0	726.333333	10363.0	-2.667
224034	41.5481	88.694033	270.0	726.0	10363.0	-5.0
224054	41.5481	88.7379	270.0	726.0	10363.0	-15.0
224114	41.548167	88.788567	270.0	726.666667	10353.0	-15.0
224134	41.548233	88.838267	270.333333	727.0	10348.0	-7.333
224154	41.5483	88.887	271.0	727.0	10348.0	8.0
224214	41.548367	88.932333	270.333333	728.333333	10353.333	12.667
224234	41.548367	88.981167	270.0	730.0	10358.333	12.667
224254	41.5483	89.0335	270.0	732.0	10363.0	8.0
224314	41.5483	89.0815	270.0	732.0	10363.0	2.667
224334	41.5483	89.128733	270.0	732.0	10363.0	0.0
224354	41.5483	89.1752	270.0	732.0	10363.0	0.0
224414	41.548233	89.225667	270.0	732.0	10363.0	0.0
224434	41.548167	89.275267	270.0	732.666667	10363.0	2.667
224454	41.5481	89.324	270.0	734.0	10363.0	8.0
224514	41.5479	89.3724	270.0	732.666667	10368.333	8.0
224534	41.547667	89.421133	270.0	732.0	10371.0	2.667
224554	41.5474	89.4702	270.0	732.0	10371.0	-8.0
224614	41.5472	89.518267	270.0	733.333333	10365.667	-8.0
224634	41.546967	89.5672	270.0	733.333333	10363.0	-5.333
224654	41.5467	89.617	270.0	732.0	10363.0	0.0
224714	41.546433	89.664867	270.0	730.0	10363.0	5.333
224734	41.546167	89.713333	270.0	728.333333	10365.667	5.333
224754	41.5459	89.7624	270.0	727.0	10371.0	0.0
224814	41.545567	89.810133	270.0	726.333333	10365.667	-5.333
224834	41.5453	89.858233	269.666667	725.333333	10363.0	-8.0
224854	41.5451	89.9067	269.0	724.0	10363.0	-8.0
224914	41.544633	89.9547	269.0	724.0	10358.333	-8.0
224934	41.544167	90.002267	269.0	724.0	10356.0	-5.333
224954	41.5437	90.0494	269.0	724.0	10356.0	0.0
225014	41.5431	90.097533	269.0	724.0	10356.0	0.0
225034	41.542567	90.145967	269.0	724.0	10356.0	2.667
225054	41.5421	90.1947	269.0	724.0	10356.0	8.0
225114	41.5417	90.241833	269.0	725.333333	10360.667	2.667
225134	41.541233	90.290167	269.0	726.333333	10360.667	0.0
225154	41.5407	90.3397	269.0	727.0	10356.0	0.0
225214	41.540167	90.3877	269.0	727.0	10360.667	5.333
225234	41.539567	90.4366	269.0	727.666667	10363.0	5.333
225254	41.5389	90.4864	269.0	729.0	10363.0	0.0
225314	41.538233	90.5356	269.0	731.0	10363.0	0.0
225334	41.5376	90.5832	269.0	732.666667	10363.0	0.0
225354	41.537	90.6292	269.0	734.0	10363.0	0.0
225414	41.536267	90.679533	269.0	734.666667	10363.0	0.0
225434	41.5355	90.730033	269.0	735.666667	10363.0	2.667
225454	41.5347	90.7807	269.0	737.0	10363.0	8.0
225514	41.534033	90.8273	269.0	737.0	10368.333	8.0
225534	41.5333	90.875467	269.0	736.333333	10371.0	5.333
225554	41.5325	90.9252	269.0	735.0	10371.0	0.0
225614	41.5317	90.974333	269.0	734.333333	10371.0	0.0
225634	41.530867	91.022633	269.0	733.333333	10371.0	0.0
225654	41.53	91.0701	269.0	732.0	10371.0	0.0
225714	41.529067	91.120233	269.0	730.0	10371.0	-5.333
225734	41.528133	91.169133	269.0	728.333333	10368.333	-8.0
225754	41.5272	91.2168	269.0	727.0	10363.0	-8.0
225814	41.526267	91.2642	269.0	725.0	10363.0	-8.0
225834	41.5253	91.312067	268.666667	724.0	10360.667	-10.333
225854	41.5243	91.3604	268.0	724.0	10356.0	-15.0
225914	41.5233	91.409667	268.0	724.0	10350.667	-10.333
225934	41.5223	91.458033	268.0	724.666667	10348.0	-2.667
225954	41.5213	91.5055	268.0	726.0	10348.0	8.0
230014	41.5203	91.554433	268.0	726.666667	10353.333	14.667
230034	41.51861	91.603852	266.571429	729.380952	10359.333	13.238
230054	41.515263	91.652545	264.526316	732.473684	10363.0	6.105
230114	41.510737	91.699755	263.473684	733.526316	10363.0	1.895
230134	41.505271	91.748435	259.117647	735.941176	10363.0	5.176
230154	41.493155	91.795282	253.181818	738.590909	10365.545	7.364
230214	41.478518	91.840827	247.727273	740.863636	10369.182	6.455
230234	41.463567	91.886367	245.333333	741.333333	10371.0	4.0
230254	41.4483	91.9319	246.0	740.0	10371.0	0.0
230314	41.433461	91.977061	246.0	740.0	10371.0	-5.161
230334	41.41861	92.02191	246.0	740.6	10368.6	-8.0
230354	41.403743	92.066377	246.0	741.933333	10363.267	-8.0
230414	41.38921	92.110523	246.612903	742.0	10363.0	-3.097
230434	41.374687	92.154733	246.733333	742.8	10363.0	0.0
230454	41.360153	92.199067	246.066667	744.8	10363.0	0.0
230514	41.3452	92.24454	246.6	745.0	10363.0	0.0
230534	41.330013	92.290887	247.0	745.533333	10363.0	0.0
230554	41.314547	92.338353	247.0	746.866667	10363.0	0.0
230614	41.300342	92.382003	247.0	747.580645	10363.0	0.0
230634	41.285787	92.426457	246.766667	748.0	10363.0	1.867
230654	41.27032	92.47319	246.1	748.0	10363.0	7.2
230714	41.255647	92.5176	246.0	748.0	10367.533	3.467
230734	41.240997	92.561903	246.0	748.466667	10369.133	-1.867
230754	41.22613	92.60677	246.0	749.8	10363.8	-7.2
230814	41.210867	92.65294	246.0	750.0	10363.0	-3.467
230834	41.195533	92.699177	246.0	750.466667	10363.0	0.0
230854	41.1802	92.74511	246.0	751.8	10363.0	0.0
230914	41.165123	92.790003	246.0	752.0	10363.0	4.387
230934	41.14998	92.8348	246.0	751.6	10364.6	8.0
230954	41.13458	92.8798	246.0	750.266667	10369.933	8.0
231014	41.119073	92.92496	246.0	750.0	10371.0	3.733
231034	41.10366	92.96998	246.0	749.4	10371.0	0.0
231054	41.088527	93.01458	246.0	747.4	10371.0	0.0
231114	41.0759	93.061135	252.956522	740.043478	10371.0	-5.565
231134	41.069028	93.109161	259.611111	734.111111	10368.111	-7.639
231154	41.064917	93.157717	265.166667	729.666667	10363.667	-7.083
231214	41.06209	93.20546	266.0	727.866667	10363.0	-3.033
231234	41.05956	93.252687	266.0	726.766667	10363.0	0.0
231254	41.05716	93.29922	266.0	726.1	10363.0	0.0
231314	41.05459	93.34666	266.0	724.866667	10363.0	0.0
231334	41.051967	93.394563	266.0	723.766667	10363.0	0.0
231354	41.0493	93.44303	266.0	723.1	10363.0	0.0
231414	41.046747	93.49025	266.0	721.866667	10363.0	0.0
231434	41.04419	93.53725	266.0	720.533333	10363.0	0.0
231454	41.04159	93.58425	266.0	719.2	10363.0	0.0
231514	41.038877	93.63295	266.0	717.3	10363.0	0.0
231534	41.03619	93.68132	266.0	715.766667	10363.0	0.0
231554	41.03359	93.72852	266.0	715.1	10363.0	0.0
231614	41.030933	93.775437	266.0	713.866667	10363.0	0.0
231634	41.028267	93.822093	266.0	712.533333	10363.0	0.0
231654	41.0256	93.86836	266.0	711.2	10363.0	0.0
231714	41.022933	93.914343	266.0	711.0	10363.0	0.0
231734	41.019367	93.9609	263.0	713.666667	10363.0	0.0
231754	41.011888	94.006829	252.411765	721.823529	10363.0	0.0
231814	40.997194	94.049066	243.4375	727.5625	10363.0	-1.969
231834	40.980069	94.091878	242.1875	728.8125	10363.0	-6.344
231854	40.962483	94.135247	242.0	731.833333	10359.033	-7.567
231914	40.944957	94.17827	242.0	734.0	10356.0	-4.267
231934	40.92769	94.22047	242.0	734.0	10356.0	6.4
231954	40.91065	94.262047	242.0	734.566667	10359.967	8.567
232014	40.893263	94.304805	242.736842	733.894737	10363.0	5.684
232034	40.877707	94.349127	246.666667	729.6	10363.0	0.0
232054	40.865973	94.392193	253.333333	723.6	10363.0	0.0
232114	40.855626	94.43761	254.0	723.580645	10363.0	4.645
232134	40.845453	94.483027	254.0	724.466667	10364.867	8.0
232154	40.83532	94.52796	254.0	725.8	10370.2	8.0
232214	40.824677	94.575047	253.433333	726.0	10371.0	-1.067
232234	40.813929	94.622542	253.0	726.225806	10369.194	-8.226
232254	40.803155	94.67009	253.0	726.870968	10364.032	-8.871
232314	40.793978	94.713289	255.666667	724.333333	10363.0	-1.0
232334	40.7877	94.759044	261.76	718.24	10363.0	4.32
232354	40.783198	94.805807	264.0	716.847826	10365.261	4.304
232414	40.779502	94.852893	264.0	718.152174	10368.739	1.696
232434	40.775793	94.900067	264.0	719.0	10369.133	0.0
232454	40.77206	94.9474	264.0	719.0	10363.8	0.0
232514	40.768383	94.994563	264.0	716.733333	10367.533	4.533
232534	40.764693	95.041347	264.0	714.533333	10371.0	4.267
232554	40.76096	95.08748	264.0	713.2	10371.0	-6.4
232614	40.757283	95.133783	264.0	711.866667	10366.467	-8.0
232634	40.753617	95.179907	264.0	711.0	10363.0	-6.133
232654	40.74995	95.22564	264.0	711.0	10363.0	-0.8
232714	40.74617	95.27279	264.0	711.0	10363.0	0.0
232734	40.742323	95.320587	264.0	710.3	10363.0	0.0
232754	40.73839	95.36912	264.0	708.3	10363.0	0.0
232814	40.73474	95.41346	264.0	706.3	10363.0	0.0
232834	40.731047	95.457667	264.0	704.533333	10363.0	-1.867
232854	40.72718	95.503	264.0	703.2	10363.0	-7.2
232914	40.723313	95.549807	264.0	703.0	10359.033	-11.967
232934	40.71947	95.596407	264.0	703.466667	10354.133	-11.5
232954	40.71567	95.64214	264.0	704.8	10348.8	-1.5
233014	40.711927	95.687137	264.0	706.7	10352.533	8.5
233034	40.708053	95.733287	264.0	708.466667	10357.633	13.367
233054	40.70392	95.78182	264.0	709.8	10362.3	8.7
233114	40.70007	95.826387	264.0	710.566667	10363.0	8.0
233134	40.69611	95.872129	264.0	711.0	10364.806	8.0
233154	40.691852	95.921355	264.0	711.0	10369.968	8.0
233214	40.6878	95.968	263.466667	711.0	10371.0	-0.533
233234	40.68384	96.01392	263.2	710.8	10369.4	-8.0
233254	40.679973	96.059653	263.866667	710.133333	10364.067	-8.0
233314	40.675947	96.1048	263.466667	710.0	10363.0	-3.733
233334	40.67186	96.15024	263.0	710.0	10363.0	0.0
233354	40.667727	96.196707	263.0	710.0	10363.0	0.0
233414	40.663593	96.243653	263.0	710.0	10363.0	0.0
233434	40.65944	96.29058	263.0	710.0	10363.0	1.6
233454	40.65524	96.33718	263.0	710.0	10363.0	6.933
233514	40.6512	96.382873	263.533333	707.333333	10367.267	3.733
233534	40.64714	96.42864	263.8	705.6	10369.4	-1.6
233554	40.64294	96.475107	263.133333	707.6	10364.067	-6.933
233614	40.63858	96.521093	263.0	708.0	10363.0	-8.0
233634	40.63424	96.56698	263.0	708.4	10361.6	-6.4
233654	40.63004	96.612913	263.0	709.733333	10356.933	-1.067
233714	40.625733	96.659113	263.0	710.0	10359.733	4.267
233734	40.62134	96.70588	263.0	710.0	10363.0	8.0
233754	40.616807	96.753813	263.0	710.0	10363.0	8.0
233814	40.612753	96.797533	263.0	708.933333	10367.267	8.0
233834	40.60862	96.84176	263.0	707.4	10371.0	6.4
233854	40.60402	96.889627	263.0	705.4	10371.0	1.067
233914	40.599527	96.936267	263.0	703.933333	10371.0	-8.0
233934	40.5951	96.9821	263.0	703.4	10368.0	-15.0
233954	40.590767	97.026767	263.0	704.733333	10358.0	-15.0
234014	40.58638	97.07234	263.0	705.0	10356.0	-7.0
234034	40.581913	97.118575	263.0	705.5625	10356.0	1.312
234054	40.577287	97.165825	263.0	707.4375	10356.0	5.688
234114	40.572829	97.211477	263.0	708.903226	10359.161	7.452
234134	40.56841	97.25676	263.0	709.8	10363.0	8.0
234154	40.56381	97.303827	263.0	708.466667	10363.0	8.0
234214	40.55934	97.34929	263.0	708.0	10366.467	8.0
234234	40.5549	97.39446	262.9	708.0	10371.0	7.2
234254	40.550233	97.44286	262.233333	708.0	10371.0	1.867
234314	40.54574	97.48801	262.433333	708.0	10371.0	0.0
234334	40.54128	97.53182	262.9	707.7	10371.0	-0.8
234354	40.53648	97.577953	262.233333	705.7	10371.0	-6.133
234414	40.531897	97.62257	262.0	704.133333	10367.533	-4.533
234434	40.52738	97.66695	262.0	702.9	10363.8	0.0
234454	40.52258	97.714617	262.0	702.233333	10369.133	0.0
234514	40.517823	97.760723	262.0	701.133333	10367.533	-3.467
234534	40.51311	97.80599	262.0	699.8	10363.0	-8.0
234554	40.50851	97.851257	262.0	698.466667	10363.0	-8.0
234614	40.503839	97.895826	262.0	698.0	10360.065	-8.0
234634	40.499133	97.940093	262.0	697.933333	10356.0	-7.467
234654	40.494467	97.985027	262.0	697.266667	10356.0	-2.133
234714	40.48964	98.03088	262.0	698.2	10356.0	0.0
234734	40.484727	98.0772	262.0	700.133333	10356.0	0.533
234754	40.479993	98.1222	262.0	701.466667	10356.0	5.867
234814	40.47522	98.16728	262.0	702.0	10358.8	8.0
234834	40.47039	98.21259	262.0	702.064516	10363.0	7.484
234854	40.465294	98.259494	262.0	702.709677	10363.0	2.323
234914	40.460287	98.305607	262.0	703.733333	10363.0	2.933
234934	40.455358	98.351065	262.0	704.935484	10363.258	8.226
234954	40.450519	98.396355	262.0	703.645161	10368.419	12.742
235014	40.4457	98.441733	262.0	702.666667	10373.333	10.0
235034	40.4409	98.4872	262.0	702.0	10378.0	0.0
235054	40.435997	98.531394	262.0	700.709677	10373.484	-5.161
235114	40.43099	98.57643	262.0	699.4	10371.0	-5.6
235134	40.425857	98.622497	262.0	698.066667	10371.0	-0.267
235154	40.420787	98.667233	262.0	694.2	10371.0	0.0
235214	40.41578	98.71163	262.0	691.1	10371.0	-2.4
235234	40.410847	98.755697	262.0	689.1	10371.0	-7.733
235254	40.405723	98.801093	262.0	687.1	10365.933	-12.433
235314	40.40068	98.8459	262.0	685.4	10360.9	-15.0
235334	40.395747	98.8899	262.0	684.066667	10356.233	-15.0
235354	40.390869	98.933247	262.0	684.0	10351.25	-10.25
235414	40.385848	98.977906	262.0	684.451613	10348.0	-3.839
235434	40.380558	99.025068	262.0	685.741935	10348.0	5.194
235454	40.375526	99.069545	262.0	686.516129	10352.129	15.258
235514	40.370567	99.113183	261.833333	687.5	10358.5	23.0
235534	40.365633	99.156317	261.166667	689.5	10368.5	23.0
235554	40.36055	99.20015	261.0	690.0	10374.5	15.5
235614	40.355383	99.244567	261.0	690.0	10378.0	6.667
235634	40.350117	99.290033	261.0	690.0	10378.0	1.333
235654	40.344881	99.334497	261.0	690.0	10378.0	-3.387
235714	40.33965	99.3787	261.0	689.875	10377.125	-6.125
235734	40.3344	99.4232	261.0	689.25	10372.75	-1.75
235754	40.3291	99.46824	261.0	687.0	10373.8	3.2
235814	40.323777	99.513468	261.0	683.677419	10378.0	6.968
235834	40.318552	99.557145	261.0	680.451613	10378.0	-3.355
235854	40.313377	99.60023	261.0	677.9	10375.433	-10.567
235914	40.308237	99.6429	261.0	675.833333	10370.733	-15.0
235934	40.30297	99.6869	261.0	672.5	10365.4	-15.0
235954	40.297761	99.730403	261.0	669.935484	10360.516	-12.516
000014	40.2926	99.7735	261.0	668.0	10356.0	-8.0
000034	40.287467	99.816167	261.0	668.0	10356.0	-2.667
000054	40.2822	99.859067	261.0	667.333333	10356.0	0.0
000114	40.2768	99.9022	261.0	666.0	10356.0	0.0
000134	40.271445	99.945813	261.0	665.354839	10356.0	0.0
000154	40.26622	99.98843	261.0	665.3	10356.0	0.0
000214	40.261153	100.02983	261.0	665.966667	10356.0	0.0
000234	40.255833	100.073193	261.0	665.366667	10356.0	0.0
000254	40.25053	100.11621	261.0	665.3	10356.0	2.1
000314	40.245263	100.158677	261.0	665.966667	10356.0	6.767
000334	40.239716	100.20355	261.0	665.40625	10360.156	11.75
000354	40.234339	100.247139	261.0	665.0	10364.806	13.419
000414	40.229306	100.288106	261.0	665.0	10369.968	8.903
000434	40.223873	100.33086	261.0	663.933333	10371.0	3.733
000454	40.21836	100.37392	261.0	662.4	10371.0	0.0
000514	40.212893	100.416653	261.0	660.4	10371.0	0.0
000534	40.207587	100.458053	261.0	658.933333	10371.0	-4.267
000554	40.20228	100.49956	261.0	657.4	10369.4	-8.0
000614	40.19688	100.542093	261.0	655.4	10364.067	-8.0
000634	40.191568	100.583787	261.0	653.451613	10363.0	0.258
000654	40.186211	100.625289	260.62963	651.62963	10364.481	8.0
000714	40.180656	100.666844	259.148148	650.148148	10370.407	8.0
000734	40.17302	100.70964	257.8	650.0	10371.0	-1.6
000754	40.165384	100.751245	256.741935	649.225806	10368.935	-9.806
000814	40.158094	100.790858	256.096774	647.290323	10363.774	-14.323
000834	40.150653	100.8308	256.0	644.166667	10359.033	-11.033
000854	40.14314	100.87115	256.233333	642.0	10356.0	-6.133
000914	40.13554	100.91215	256.9	642.0	10356.0	-0.8
000934	40.127997	100.952867	256.433333	641.433333	10356.0	-4.533
000954	40.120368	100.993797	256.0	641.225806	10354.194	-6.194
001014	40.112561	101.035216	256.0	641.870968	10349.032	-1.032
001034	40.105187	101.074913	256.0	644.666667	10352.267	8.0
001054	40.09768	101.11526	256.0	647.0	10357.4	13.6
001114	40.089613	101.158127	256.0	647.0	10362.067	8.933
001134	40.08224	101.1971	256.0	648.066667	10363.0	8.0
001154	40.07476	101.23664	256.0	649.2	10364.6	8.0
001214	40.066627	101.279773	256.0	649.866667	10369.933	8.0
001234	40.058973	101.320347	256.0	650.0	10371.0	3.733
001254	40.05134	101.36082	256.0	650.4	10371.0	0.0
001314	40.043473	101.402553	256.0	651.733333	10371.0	0.0
001334	40.035393	101.445033	256.0	652.0	10371.0	0.0
001354	40.02742	101.4867	256.0	652.2	10371.0	0.0
001414	40.01982	101.526033	256.0	652.866667	10371.0	0.0
001434	40.011953	101.566807	256.0	653.0	10371.0	0.0
001454	40.004	101.60814	256.0	653.0	10371.0	-1.6
001514	39.996	101.64994	256.0	653.0	10371.0	-6.933
001534	39.988267	101.690087	256.0	653.0	10366.733	-8.0
001554	39.9804	101.73066	256.0	653.0	10363.0	-6.4
001614	39.972067	101.773193	256.0	653.0	10363.0	-1.067
001634	39.964	101.814767	256.0	653.0	10363.0	-4.267
001654	39.95596	101.8562	256.0	653.4	10361.6	-6.4
001714	39.947827	101.897867	256.0	654.733333	10356.933	-1.067
001734	39.939852	101.93851	256.0	656.548387	10359.613	4.129
001754	39.931917	101.978967	256.0	658.333333	10363.0	6.667
001814	39.923983	102.019633	256.0	659.666667	10363.0	1.333
001834	39.915952	102.060574	256.0	661.451613	10363.0	3.871
001854	39.907833	102.101867	256.0	663.0	10364.067	8.0
001914	39.8995	102.1442	256.0	663.0	10369.4	8.0
001934	39.890903	102.187519	256.0	663.903226	10371.0	4.387
001954	39.88231	102.2307	256.0	665.0	10371.0	-0.8
002014	39.874377	102.2707	256.0	665.0	10371.0	-6.133
002034	39.866232	102.311832	256.0	665.0	10367.645	-8.0
002054	39.85794	102.353693	256.0	665.066667	10363.0	-7.467
002114	39.84934	102.396627	256.0	665.733333	10363.0	-2.133
002134	39.84098	102.43832	255.6	666.0	10363.0	0.0
002154	39.832755	102.4793	255.0	666.129032	10363.0	0.0
002214	39.824303	102.5213	255.0	667.419355	10363.0	0.0
002234	39.815917	102.56297	255.0	669.1	10363.0	0.0
002254	39.80757	102.604427	255.0	671.0	10363.0	0.0
002314	39.79897	102.64696	255.0	671.0	10363.0	0.0
002334	39.790333	102.68942	255.0	671.733333	10363.0	0.0
002354	39.78169	102.731729	255.0	673.032258	10363.0	0.0
002414	39.773497	102.77231	255.0	673.677419	10363.0	0.0
002434	39.764962	102.814225	255.0	674.0	10363.0	0.0
002454	39.756087	102.857475	255.0	674.0	10363.0	0.0
002514	39.74716	102.90116	255.0	675.2	10363.0	0.0
002534	39.738445	102.943658	255.0	676.0	10363.0	0.0
002554	39.730058	102.984303	255.0	676.0	10363.0	0.0
002614	39.72149	103.025873	255.0	676.0	10363.0	0.0
002634	39.71275	103.06826	255.0	676.7	10363.0	0.0
002654	39.70375	103.11186	255.0	678.7	10363.0	0.0
002714	39.694693	103.15529	255.0	680.133333	10363.0	0.0
002734	39.685813	103.19792	255.0	681.7	10363.0	0.0
002754	39.67728	103.23912	255.0	683.7	10363.0	0.0
002814	39.668747	103.28015	255.0	685.133333	10363.0	0.0
002834	39.66005	103.32185	255.0	686.233333	10363.0	0.0
002854	39.65105	103.36485	255.0	686.9	10363.0	0.0
002914	39.641823	103.408587	255.0	687.0	10363.0	0.0
002934	39.632684	103.452003	255.0	687.0	10363.0	0.0
002954	39.623781	103.494584	255.0	687.0	10363.0	0.0
003014	39.614758	103.537163	255.421053	687.842105	10363.0	0.0
003034	39.605705	103.579742	255.947368	688.894737	10363.0	0.0
003054	39.59646	103.62354	255.4	689.6	10363.0	0.0
003114	39.587327	103.6667	255.0	690.533333	10363.0	0.0
003134	39.578393	103.7087	255.0	691.866667	10363.0	0.0
003154	39.5691	103.7522	255.0	695.0	10363.0	0.0
003214	39.559767	103.795733	255.0	697.8	10363.0	0.0
003234	39.550433	103.839067	255.0	699.8	10363.0	0.0
003254	39.54098	103.8833	255.0	701.8	10363.0	4.8
003314	39.53146	103.92782	254.733333	703.0	10365.133	8.0
003334	39.52186	103.97262	254.066667	703.0	10370.467	8.0
003354	39.51238	104.01628	254.0	703.0	10371.0	-1.6
003414	39.503073	104.0592	254.266667	703.533333	10368.867	-8.0
003434	39.494007	104.1012	254.933333	704.866667	10363.533	-8.0
003454	39.48428	104.14602	255.0	705.0	10363.0	-3.2
003514	39.47464	104.19038	254.733333	705.8	10363.0	0.0
003534	39.46524	104.23358	254.066667	707.8	10363.0	0.0
003554	39.45548	104.27822	254.0	709.2	10363.0	0.0
003614	39.445893	104.32214	254.0	710.8	10363.0	2.133
003634	39.436627	104.36474	254.0	712.8	10363.0	7.467
003654	39.42682	104.40908	254.0	714.2	10367.8	8.0
003714	39.417007	104.453533	254.0	714.466667	10371.0	5.867
003734	39.407273	104.497867	254.0	713.133333	10371.0	0.533
003754	39.3976	104.54142	254.0	713.0	10371.0	0.0
003814	39.387769	104.585685	254.307692	711.461538	10371.0	-2.462
003834	39.377733	104.630933	254.933333	707.8	10370.467	-8.467
003854	39.368067	104.674267	254.266667	705.8	10365.133	-13.133
003914	39.35848	104.71736	254.0	704.2	10360.2	-12.2
003934	39.348933	104.76032	254.0	703.133333	10356.0	-7.467
003954	39.339267	104.80352	254.0	704.466667	10356.0	-2.133
004014	39.32924	104.84844	254.0	706.2	10356.0	0.0
004034	39.319073	104.894047	254.0	708.2	10356.0	0.0
004054	39.309807	104.935513	254.0	710.2	10356.0	0.0
004114	39.29998	104.97902	254.0	713.0	10356.0	3.2
004134	39.289756	105.024	254.0	716.0	10356.519	8.0
004154	39.279311	105.07	254.0	716.0	10361.704	8.0
004214	39.26965	105.11245	254.0	716.0	10363.0	8.0
004234	39.26	105.1548	254.0	717.166667	10364.333	6.667
004254	39.2496	105.2004	254.0	721.833333	10369.667	1.333
004314	39.23945	105.2452	254.0	725.0	10367.0	0.0
004334	39.229333	105.289783	254.0	726.833333	10364.333	2.5
004354	39.219067	105.334517	254.0	726.166667	10369.667	12.5
004414	39.2088	105.37925	254.0	724.5	10374.5	7.5
004434	39.1985	105.424067	254.0	723.0	10376.833	-2.5
004454	39.1881	105.469133	254.0	723.0	10372.167	-12.5
004514	39.178	105.51285	253.5	723.0	10367.0	-15.0
004534	39.167867	105.5567	253.166667	723.5	10361.833	-13.833
004554	39.157333	105.6023	253.833333	725.5	10357.167	-9.167
004614	39.14715	105.6462	253.5	727.5	10356.0	0.0
004634	39.136867	105.690433	253.0	728.166667	10357.167	9.167
004654	39.125933	105.737367	253.0	724.833333	10361.833	13.833
004714	39.1155	105.78195	253.0	725.5	10367.0	11.5
004734	39.105183	105.826	253.0	727.0	10371.0	5.5
004754	39.094717	105.8708	253.0	727.0	10371.0	-4.5
004814	39.084366	105.915141	253.0	725.125	10367.25	-14.031
004834	39.07409	105.95909	253.0	722.8	10361.5	-19.0
004854	39.064023	106.00169	253.0	721.466667	10351.5	1.0
004914	39.053437	106.046413	253.0	725.766667	10357.967	14.5
004934	39.04259	106.09221	253.0	732.7	10371.0	20.0
004954	39.031857	106.13761	253.0	737.366667	10371.0	0.0
005014	39.021324	106.182021	253.0	733.090909	10367.848	-9.364
005034	39.0109	106.2259	253.0	724.0	10363.0	-13.0
005054	39.000329	106.2699	253.0	719.428571	10359.0	-9.571
005114	38.98975	106.314017	253.0	716.5	10356.0	-3.333
005134	38.97915	106.358483	253.0	718.5	10356.0	11.333
005154	38.96855	106.4029	253.0	722.5	10363.5	19.0
005214	38.95789	106.447377	253.0	726.967742	10372.129	20.581
005234	38.947052	106.492087	253.0	730.83871	10376.645	10.903
005254	38.936193	106.537	253.0	732.933333	10378.0	0.533
005314	38.925353	106.581907	253.0	734.0	10377.067	-8.933
005334	38.91462	106.62644	253.0	734.0	10372.4	-13.6
005354	38.903948	106.670419	253.0	731.741935	10367.387	-11.839
005414	38.89328	106.71427	253.0	728.8	10363.0	-8.0
005434	38.88248	106.758737	253.0	727.466667	10363.0	-8.0
005454	38.871767	106.802813	253.0	727.0	10359.967	-10.167
005514	38.861077	106.846708	253.0	726.923077	10355.385	-12.538
005534	38.850256	106.890759	253.0	726.410256	10351.282	-9.462
005554	38.839333	106.935227	253.0	726.0	10348.0	-5.0
005614	38.828	106.98136	253.0	726.0	10348.0	5.0
005634	38.817087	107.025673	252.533333	725.066667	10351.733	11.267
005654	38.806273	107.069527	252.133333	724.4	10356.933	15.0
005714	38.79514	107.11466	252.8	726.4	10361.6	15.0
005734	38.783987	107.159813	253.0	727.0	10366.613	11.839
005754	38.77328	107.2031	253.0	727.0	10371.0	7.2
005814	38.765147	107.235767	253.0	727.0	10371.0	1.867
005834	38.753547	107.282257	252.566667	727.866667	10371.0	0.0
005854	38.74046	107.33468	252.0	729.0	10371.0	-0.8
005914	38.729527	107.378547	252.0	729.0	10371.0	-6.133
005934	38.718463	107.422847	252.0	729.0	10367.533	-8.0
005954	38.70731	107.46742	252.0	729.0	10363.0	-7.2
010014	38.696043	107.51222	252.0	729.0	10363.0	-1.867
010034	38.684733	107.556977	252.0	730.3	10363.0	0.0
010054	38.67347	107.60146	252.0	732.2	10363.0	0.0
010114	38.662603	107.644527	252.0	733.533333	10363.0	0.0
010134	38.651477	107.688547	252.0	734.0	10363.0	0.0
010154	38.6401	107.7335	252.0	734.3	10363.0	0.0
010214	38.6281	107.780833	252.0	736.3	10363.0	0.0
010234	38.617097	107.824093	252.0	737.866667	10363.0	0.0
010254	38.60643	107.86593	252.0	739.1	10363.0	0.8
010314	38.59463	107.91213	252.0	739.766667	10363.0	6.133
010334	38.583047	107.957507	252.0	740.866667	10366.467	4.533
010354	38.57156	108.0025	252.0	742.8	10370.2	-0.8
010414	38.55996	108.047833	252.0	748.133333	10364.867	-6.133
010434	38.548317	108.09321	252.0	753.466667	10363.0	-4.533
010454	38.5366	108.13877	252.0	758.0	10363.0	0.0
010514	38.5246	108.185237	252.0	758.0	10363.0	0.0
010534	38.512894	108.230352	252.0	758.0	10363.0	0.0
010554	38.5013	108.274933	252.0	758.133333	10363.0	0.0
010614	38.4893	108.321267	252.0	759.466667	10363.0	0.0
010634	38.47738	108.36724	252.0	760.4	10363.0	0.0
010654	38.465493	108.41302	252.0	761.0	10363.0	0.0
010714	38.453427	108.45922	252.0	761.0	10363.0	0.0
010734	38.4414	108.50518	252.0	761.8	10363.0	0.0
010754	38.42942	108.550913	252.0	763.066667	10363.0	0.0
010814	38.41762	108.596047	252.0	763.733333	10363.0	0.0
010834	38.40558	108.64186	251.6	764.0	10363.0	0.0
010854	38.39338	108.688113	251.066667	764.0	10363.0	0.0
010914	38.38118	108.734247	251.733333	764.0	10363.0	0.0
010934	38.368829	108.780997	251.612903	764.774194	10363.0	3.097
010954	38.356397	108.828067	251.0	766.0	10363.267	8.0
011014	38.34433	108.8734	251.0	766.0	10368.6	8.0
011034	38.332153	108.919393	251.0	765.266667	10371.0	2.133
011054	38.319874	108.965935	251.0	764.0	10370.742	-8.0
011114	38.307358	109.012645	251.0	764.0	10365.581	-8.0
011134	38.2951	109.058433	251.0	763.666667	10363.0	-5.333
011154	38.2831	109.1033	251.0	763.0	10363.0	0.0
011214	38.270967	109.148567	251.0	763.666667	10363.0	-4.667
011234	38.258782	109.194024	251.0	764.588235	10360.941	-7.0
011254	38.246547	109.239671	251.0	765.764706	10356.824	-7.0
011314	38.234073	109.285867	251.0	767.6	10356.0	1.0
011334	38.22168	109.3317	251.0	769.6	10357.4	8.0
011354	38.209613	109.376367	251.0	771.6	10362.067	8.0
011414	38.196747	109.423753	251.0	773.066667	10363.0	8.0
011434	38.183826	109.471316	251.0	774.0	10364.548	8.0
011454	38.171245	109.517703	251.0	774.0	10369.71	8.0
011514	38.1587	109.56395	251.0	774.0	10371.0	4.0
011534	38.14615	109.61005	251.0	773.666667	10371.0	0.0
011554	38.13355	109.65585	251.0	772.333333	10371.0	0.0
011614	38.1209	109.70195	251.0	772.0	10371.0	-4.0
011634	38.108217	109.748233	251.0	771.833333	10369.667	-8.0
011654	38.095483	109.794767	251.0	771.166667	10364.333	-8.0
011714	38.0828	109.84085	251.0	771.5	10363.0	-4.0
011734	38.070183	109.886583	251.0	771.5	10363.0	-1.333
011754	38.057717	109.931717	251.0	769.5	10363.0	-6.667
011814	38.044923	109.977839	251.0	769.967742	10359.613	-8.0
011834	38.032027	110.024253	251.0	771.0	10356.0	-6.933
011854	38.01916	110.07052	251.0	771.0	10356.0	-1.6
011914	38.006387	110.11632	251.0	771.0	10356.0	3.733
011934	37.993658	110.161923	251.0	771.129032	10356.903	8.0
011954	37.980948	110.207535	251.0	771.774194	10361.419	8.0
012014	37.968093	110.25353	251.0	772.0	10363.0	4.533
012034	37.95517	110.29971	251.0	772.0	10363.0	0.0
012054	37.942303	110.345777	251.0	772.0	10363.0	0.0
012114	37.929393	110.391713	250.566667	772.0	10363.0	0.0
012134	37.91653	110.4373	250.0	772.0	10363.0	0.0
012154	37.904063	110.4813	250.0	772.0	10363.0	0.0
012214	37.89099	110.527597	250.0	772.866667	10363.0	3.467
012234	37.87764	110.57492	250.0	774.2	10363.8	8.0
012254	37.864573	110.621053	250.0	775.533333	10369.133	8.0
012314	37.851463	110.6671	250.0	776.0	10371.0	1.067
012334	37.83841	110.71289	250.0	776.0	10370.2	-8.0
012354	37.82581	110.75749	250.0	776.0	10364.867	-8.0
012414	37.81256	110.803953	250.0	775.133333	10363.0	-4.533
012434	37.79905	110.8511	250.0	774.0	10363.0	-0.8
012454	37.78605	110.896433	250.0	774.0	10363.0	-6.133
012514	37.772747	110.942677	250.0	774.0	10359.967	-4.533
012534	37.75933	110.98926	250.0	774.2	10356.7	0.8
012554	37.746197	111.034993	250.0	775.533333	10361.367	6.133
012614	37.733193	111.080033	250.0	776.0	10363.0	4.533
012634	37.720197	111.124929	250.0	776.096774	10363.0	0.0
012654	37.706842	111.171123	250.0	776.741935	10363.0	0.0
012714	37.69354	111.21708	250.0	777.0	10363.0	3.2
012734	37.680247	111.262953	250.0	776.933333	10363.533	8.0
012754	37.666713	111.309487	250.0	776.266667	10368.867	8.0
012814	37.6533	111.35558	250.0	776.0	10371.0	1.6
012834	37.63999	111.40129	250.0	775.870968	10370.484	-8.0
012854	37.626894	111.446194	250.0	774.580645	10365.323	-8.0
012914	37.613667	111.491333	250.0	774.0	10363.0	-5.067
012934	37.60032	111.53671	250.0	774.0	10363.0	0.0
012954	37.58672	111.58291	250.0	774.0	10363.0	0.0
013014	37.57323	111.628707	250.0	774.733333	10363.0	0.0
013034	37.559829	111.674177	250.0	776.0	10363.0	0.0
013054	37.54641	111.719726	250.0	776.0	10363.0	0.0
013114	37.532633	111.765767	249.333333	776.333333	10363.0	0.0
013134	37.5185	111.8123	248.0	777.0	10363.0	0.0
013154	37.501167	111.8563	243.333333	782.333333	10363.0	0.0
013214	37.4818	111.899067	238.666667	788.333333	10363.0	0.0
013234	37.4604	111.9406	234.0	795.0	10363.0	0.0
013254	37.4364	111.981632	234.0	795.0	10363.0	0.0
013314	37.41306	112.02151	234.0	794.4	10363.0	2.4
013334	37.390527	112.059977	234.0	793.066667	10363.0	7.733
013354	37.365967	112.10199	234.0	790.466667	10368.067	2.933
013414	37.342225	112.142575	234.0	789.25	10369.0	-1.75
013434	37.319614	112.181186	234.0	789.805556	10364.556	-5.639
013454	37.296953	112.219766	234.0	789.59375	10363.0	-4.156
013514	37.274207	112.258427	234.0	788.866667	10363.0	-0.267
013534	37.25034	112.29896	234.0	786.2	10363.0	-5.6
013554	37.227181	112.338277	234.0	785.709677	10360.516	-8.0
013614	37.2046	112.3766	234.0	787.0	10356.0	-8.0
013634	37.180933	112.416667	234.0	787.0	10356.0	2.667
013654	37.157533	112.456233	233.666667	787.0	10358.333	8.0
013714	37.1344	112.4953	233.0	787.0	10363.0	8.0
013734	37.110467	112.5357	233.666667	787.0	10363.0	-2.667
013754	37.087033	112.575267	233.666667	787.666667	10360.667	-8.0
013814	37.0641	112.614	233.0	789.0	10356.0	-8.0
013834	37.040633	112.653467	233.0	789.666667	10356.0	2.667
013854	37.016833	112.693433	233.0	791.666667	10358.333	8.0
013914	36.9927	112.7339	233.0	795.0	10363.0	8.0
013934	36.9689	112.773767	233.0	796.333333	10363.0	7.333
013954	36.945219	112.813419	233.0	797.9375	10365.5	7.0
014014	36.921656	112.852856	233.0	799.8125	10370.5	7.0
014034	36.89782	112.8925	233.0	800.0	10371.0	7.0
014054	36.874051	112.932062	233.0	799.567568	10372.514	7.0
014114	36.85043	112.971468	233.0	798.486486	10376.297	7.0
014134	36.826706	113.010952	233.0	796.935484	10378.0	2.032
014154	36.8029	113.0505	233.0	795.0	10378.0	-7.0
014214	36.777712	113.092438	233.0	795.0	10373.625	-12.0
014234	36.75316	113.133253	233.0	793.666667	10368.867	-13.133
014254	36.72956	113.172387	233.0	790.333333	10363.533	-8.467
014314	36.706355	113.21079	233.0	790.0	10363.0	-3.355
014334	36.68297	113.249467	233.0	789.766667	10363.0	0.0
014354	36.65917	113.2888	233.0	789.1	10363.0	0.0
014414	36.63639	113.326433	233.0	789.0	10363.0	0.0
014434	36.612731	113.366144	233.875	787.25	10363.0	-4.375
014454	36.58943	113.407083	235.0	785.0	10360.433	-9.267
014514	36.567967	113.4455	235.0	785.0	10356.0	-7.733
014534	36.5453	113.4855	235.0	785.0	10356.0	-2.4
014554	36.52289	113.524913	235.0	785.733333	10356.0	2.933
014614	36.500616	113.563981	235.0	787.0	10356.226	8.226
014634	36.476939	113.605594	235.0	787.0	10360.742	12.742
014654	36.454267	113.645367	235.0	786.0	10365.667	12.667
014714	36.4326	113.6833	235.0	784.0	10371.0	8.0
014734	36.4094	113.723767	235.0	784.0	10371.0	-2.667
014754	36.386233	113.7642	235.0	783.333333	10368.333	-8.0
014814	36.3631	113.8046	235.0	782.0	10363.0	-8.0
014834	36.340033	113.8448	235.0	782.0	10363.0	-8.0
014854	36.317694	113.883706	235.0	782.0	10360.742	-5.419
014914	36.296081	113.921319	235.0	782.0	10356.226	-0.258
014934	36.273213	113.960947	234.366667	783.266667	10360.433	5.067
014954	36.25049	114.00029	234.3	784.3	10363.0	5.6
015014	36.228023	114.039157	234.966667	784.966667	10363.0	0.267
015034	36.20467	114.079607	235.0	786.266667	10363.0	0.0
015054	36.1816	114.11951	234.7	787.6	10363.0	0.0
015114	36.158933	114.158643	234.033333	788.933333	10363.0	0.0
015134	36.13538	114.199297	234.0	789.633333	10363.0	0.0
015154	36.11223	114.23889	233.7	790.9	10363.0	2.4
015214	36.08963	114.27709	233.033333	792.9	10363.0	7.733
015234	36.063677	114.31461	229.935484	796.064516	10367.903	3.097
015254	36.037653	114.351473	228.266667	798.0	10368.867	-2.133
015314	36.011787	114.387407	228.933333	798.0	10363.533	-7.467
015334	35.98556	114.42382	228.4	799.2	10363.0	1.6
015354	35.958973	114.460633	228.0	799.466667	10365.133	8.0
015414	35.931907	114.497967	228.0	798.133333	10370.467	8.0
015434	35.90532	114.53464	228.0	798.0	10371.0	3.2
015454	35.878707	114.571293	228.0	797.733333	10371.0	0.0
015514	35.851973	114.608027	228.0	797.066667	10371.0	0.0
015534	35.82482	114.64542	228.0	795.8	10371.0	-4.8
015554	35.79802	114.682327	228.0	794.466667	10368.867	-8.0
015614	35.77182	114.718393	228.0	793.133333	10363.533	-8.0
015634	35.74616	114.75356	228.0	791.2	10363.0	-3.2
015654	35.719884	114.789542	228.0	789.741935	10363.0	-2.065
015714	35.692594	114.826897	228.0	789.096774	10363.0	-7.226
015734	35.666797	114.862193	228.0	789.0	10359.033	-8.0
015754	35.641053	114.897453	228.0	789.0	10356.0	-4.267
015814	35.61492	114.93332	228.0	789.0	10356.0	6.4
015834	35.587823	114.97032	228.0	787.866667	10359.967	8.0
015854	35.561429	115.00631	228.0	787.0	10363.0	4.613
015914	35.536655	115.040052	228.0	787.0	10363.0	-5.065
015934	35.510023	115.076219	227.483871	788.032258	10359.387	-7.0
015954	35.483071	115.112365	227.0	789.0	10356.0	-4.742
020014	35.456555	115.146623	227.0	789.0	10356.0	4.29
020034	35.429587	115.181739	227.0	788.096774	10359.161	10.613
020054	35.40254	115.21706	227.0	786.8	10363.8	13.5
020114	35.37614	115.25146	227.0	785.466667	10369.133	3.5
020134	35.349472	115.286128	227.0	783.78125	10367.75	-6.094
020154	35.32268	115.320913	227.0	782.066667	10362.767	-14.767
020214	35.29628	115.35518	227.0	783.4	10358.1	-10.1
020234	35.2701	115.38919	227.366667	784.0	10356.0	-2.867
020254	35.244007	115.423107	227.977273	784.068182	10356.159	6.0
020314	35.216143	115.459243	227.522727	785.431818	10359.341	6.0
020334	35.18828	115.49538	227.068182	786.795455	10362.523	6.0
020354	35.160923	115.530777	227.566667	785.866667	10363.0	2.6
020414	35.134139	115.565367	227.611111	785.777778	10363.0	0.0
020434	35.10727	115.59987	226.7	787.6	10363.0	0.0
020454	35.079203	115.635803	226.033333	788.933333	10363.0	0.0
020514	35.052403	115.669963	226.0	789.0	10363.0	5.067
020534	35.02534	115.70448	226.3	788.4	10365.4	8.0
020554	34.997873	115.739547	226.966667	787.066667	10370.733	8.0
020614	34.97047	115.774487	226.366667	785.733333	10371.0	2.933
020634	34.94346	115.80888	226.0	784.7	10371.0	-2.4
020654	34.916927	115.842613	226.0	784.033333	10371.0	-7.733
020714	34.889507	115.877423	226.0	784.0	10365.933	-8.0
020734	34.862352	115.9119	226.290323	783.419355	10363.0	-5.677
020754	34.835577	115.9459	226.935484	782.129032	10363.0	-0.516
020814	34.80956	115.97882	227.0	779.0	10363.0	0.0
020834	34.782933	116.012527	226.733333	777.0	10363.0	0.0
020854	34.755267	116.047593	226.066667	777.0	10363.0	0.0
020914	34.728282	116.082027	226.0	776.181818	10363.0	0.0
020934	34.701438	116.11621	227.103448	774.896552	10363.0	0.0
020954	34.67462	116.150347	227.766667	774.0	10363.0	0.0
021014	34.64782	116.18448	227.1	774.0	10363.0	0.0
021034	34.62119	116.218217	226.433333	774.0	10363.0	0.0
021054	34.594823	116.251627	226.0	773.533333	10363.0	-24.967
021114	34.56889	116.28456	226.0	772.2	10363.0	-96.3
021134	34.541313	116.319477	226.0	774.266667	10302.933	-266.8
021154	34.514077	116.35395	226.0	777.866667	10191.2	-432.167
021214	34.48801	116.38695	226.0	783.2	10003.2	-555.5
021234	34.4599	116.4227	227.0	784.0	9807.0	-664.0
021254	34.43542	116.45846	231.8	774.4	9569.4	-694.4
021314	34.413383	116.495483	236.333333	762.833333	9338.333	-710.333
021334	34.394084	116.535304	241.08	752.16	9096.6	-700.44
021354	34.376274	116.576026	244.043478	746.434783	8868.043	-697.087
021414	34.35964	116.61615	244.4	741.7	8638.2	-656.1
021434	34.343507	116.65515	243.066667	734.366667	8394.2	-560.767
021454	34.327563	116.693833	243.633333	734.0	8261.667	-551.567
021514	34.31157	116.73319	244.0	736.4	8084.3	-560.4
021534	34.295503	116.77339	244.0	741.733333	7844.967	-585.733
021554	34.27893	116.814477	244.0	708.433333	7688.6	-509.733
021614	34.26362	116.85237	244.0	673.4	7534.2	-508.5
021634	34.249887	116.886303	244.0	638.733333	7376.867	-605.167
021654	34.2359	116.92068	244.0	623.066667	7132.133	-741.733
021714	34.22235	116.954286	244.818182	615.0	6857.955	-829.045
021734	34.210429	116.987196	248.333333	617.333333	6568.708	-768.875
021754	34.20054	117.02101	253.8	621.7	6325.7	-570.6
021814	34.190807	117.057077	252.466667	613.033333	6183.7	-481.267
021834	34.181247	117.092493	252.0	605.233333	6031.733	-472.967
021854	34.17183	117.12734	252.0	599.0	5871.3	-503.9
021914	34.162697	117.16094	252.0	599.0	5693.3	-509.9
021934	34.153195	117.195515	252.0	595.75	5527.0	-500.3
021954	34.144123	117.22847	252.0	586.2	5362.233	-553.8
022014	34.13527	117.26067	252.0	575.7	5181.9	-638.1
022034	34.125737	117.295137	252.0	573.7	4927.9	-678.767
022054	34.116853	117.32709	252.0	571.7	4703.367	-643.167
022114	34.108244	117.358167	252.111111	570.0	4499.778	-569.0
022134	34.099207	117.391944	252.851852	570.0	4324.963	-509.0
022154	34.091053	117.424833	253.533333	565.733333	4164.133	-467.667
022214	34.08312	117.45716	253.6	559.6	4012.8	-443.8
022234	34.075187	117.488693	252.266667	551.6	3875.467	-449.8
022254	34.064952	117.519495	250.095238	549.619048	3720.381	-455.571
022314	34.054143	117.550114	247.714286	549.142857	3560.857	-461.286
022334	34.043446	117.580073	247.0	545.972973	3409.324	-455.054
022354	34.032797	117.609749	247.0	541.648649	3261.216	-443.703
022414	34.022468	117.638618	247.0	541.0	3114.591	-387.909
022434	34.011614	117.670371	251.285714	541.714286	3002.286	-312.714
022454	34.0056	117.7026	258.0	540.0	2907.0	-314.0
022514	34.00194	117.7344	263.0	535.6	2802.4	-349.0
022534	33.99874	117.765733	263.0	527.6	2670.4	-382.333
022554	33.995647	117.7968	263.0	524.4	2542.667	-389.0
022614	33.9926	117.8279	263.0	523.0	2414.4	-389.0
022634	33.9896	117.859233	263.0	523.0	2282.4	-389.0
022654	33.986493	117.890727	263.0	517.666667	2154.133	-376.733
022714	33.98344	117.92166	263.0	510.2	2030.0	-356.8
022734	33.980573	117.951193	263.0	500.866667	1913.333	-326.133
022754	33.9776	117.980673	263.0	480.866667	1812.667	-307.733
022814	33.97476	118.00902	263.0	462.2	1714.6	-297.0
022834	33.972293	118.034753	263.0	452.866667	1613.267	-297.0
022854	33.969667	118.06134	263.0	440.333333	1515.667	-297.0
022914	33.9671	118.08742	263.0	429.8	1417.4	-307.8
022934	33.964767	118.11182	263.0	425.8	1315.4	-343.8
022954	33.962167	118.138247	263.0	419.133333	1189.4	-362.733
023014	33.9596	118.16412	263.0	407.2	1062.0	-368.6
023034	33.957267	118.18752	263.0	384.533333	945.333	-353.933
023054	33.955093	118.208787	263.533333	359.2	828.667	-330.2
023114	33.953	118.2291	263.8	332.6	719.6	-303.0
023134	33.951	118.248433	263.133333	304.6	628.267	-273.0
023154	33.94932	118.265207	263.0	279.266667	540.667	-254.733
023214	33.94772	118.28118	263.0	263.4	457.2	-224.4
023234	33.94612	118.29678	263.0	268.066667	381.2	-159.067
023254	33.944392	118.313532	263.0	269.0	353.84	-163.92
023314	33.94272	118.32986	263.0	267.6	304.4	-198.0
023334	33.94112	118.345605	263.0	265.054545	226.945	-241.636
023354	33.93952	118.361351	263.0	262.509091	149.491	-285.273
