214112	40.649	73.8198	292.0	332.0	84.0	0.0
214132	40.649448	73.840793	255.437496	343.357793	318.705	550.06
214152	40.640201	73.859759	227.12502	369.107595	441.789	345.21
214212	40.626315	73.878039	225.326101	406.265203	560.084	341.876
214232	40.609158	73.897703	221.108119	455.240371	669.141	432.413
214252	40.588338	73.916435	211.232878	495.443802	850.419	657.01
214312	40.567965	73.932473	211.229088	501.453497	1103.43	762.402
214332	40.547408	73.949001	211.934015	505.663586	1358.107	791.85
214352	40.525103	73.967118	212.081413	513.368291	1624.93	816.868
214412	40.50278	73.985341	211.949274	517.125172	1906.566	816.91
214432	40.481471	74.002827	211.93756	516.914734	2182.391	762.359
214452	40.458922	74.021182	212.345373	528.151214	2416.478	683.254
214512	40.436223	74.039647	211.483685	542.585389	2634.766	644.204
214532	40.413833	74.057944	211.189154	553.795869	2845.015	585.974
214552	40.3901	74.0798	221.0	576.0	2987.0	330.0
214612	40.3723	74.1124	242.0	610.0	3078.0	269.0
214632	40.358064	74.148071	245.998947	645.609496	3160.479	274.122
214652	40.34321	74.186104	241.301099	676.592921	3262.0	354.977
214712	40.3256	74.2269	240.0	698.0	3406.0	508.0
214732	40.306463	74.267201	238.438697	708.272891	3598.25	554.988
214752	40.287603	74.30637	238.279472	719.510784	3785.687	561.853
214812	40.2696	74.3458	240.0	732.0	3962.0	586.0
214832	40.251738	74.387157	241.164053	735.501903	4166.929	605.698
214852	40.233163	74.428304	240.134253	738.613034	4378.892	593.909
214912	40.214293	74.468455	239.223726	747.849135	4566.262	530.747
214932	40.201164	74.516313	255.18154	740.671054	4724.784	436.143
214952	40.195879	74.565109	268.905137	732.664145	4854.338	401.672
215012	40.1941	74.6095	266.0	740.0	4983.0	465.0
215032	40.19076	74.657394	264.057684	746.049517	5156.636	552.669
215052	40.186729	74.706884	264.006486	746.664857	5363.9	560.629
215112	40.183	74.7552	264.0	747.0	5555.0	495.0
215132	40.179203	74.802355	263.998819	754.165746	5686.763	457.759
215152	40.17511	74.852142	264.000476	760.3846	5833.782	466.056
215212	40.1709	74.9035	264.0	763.0	6012.0	480.0
215232	40.166952	74.951777	263.999857	766.826478	6164.9	445.997
215252	40.162996	75.000896	264.000181	771.052873	6299.191	396.601
215312	40.1588	75.053	264.0	776.0	6431.0	449.0
215332	40.154446	75.105453	263.999564	778.228868	6591.529	669.34
215352	40.150369	75.153656	264.002941	756.272755	6868.212	724.049
215412	40.146388	75.201034	263.995464	737.697029	7125.388	574.237
215432	40.142304	75.250463	263.992842	744.855163	7250.499	379.197
215452	40.138331	75.298016	264.042007	752.606532	7345.315	298.104
215512	40.134045	75.345119	263.944565	757.76033	7443.432	299.429
215532	40.129836	75.394189	264.551186	763.384165	7545.172	323.362
215552	40.127702	75.444803	267.894105	763.814344	7663.124	395.558
215612	40.127544	75.496754	270.692133	760.555333	7809.49	454.703
215632	40.128047	75.546034	271.139589	758.054214	7959.636	428.239
215652	40.12802	75.589167	270.095588	759.647576	8074.964	296.171
215712	40.127921	75.639834	269.713749	764.022555	8171.012	230.973
215732	40.127906	75.694334	269.977295	770.272147	8252.883	234.419
215752	40.127815	75.742806	270.04141	777.925038	8318.098	229.205
215812	40.127841	75.791438	269.986999	784.079571	8390.766	216.893
215832	40.127992	75.844455	269.998356	788.493318	8473.552	212.957
215852	40.127967	75.897341	270.003184	794.437065	8537.892	217.406
215912	40.127864	75.949828	269.998623	799.890391	8598.817	234.964
215932	40.127792	76.002643	269.998563	802.675391	8677.047	266.438
215952	40.127677	76.055657	270.000201	802.874643	8780.344	304.918
220012	40.127477	76.10832	270.000442	800.966234	8904.028	337.667
220032	40.127262	76.159305	269.998793	797.999809	9016.863	341.765
220052	40.127074	76.209187	270.000914	794.424494	9122.567	335.102
220112	40.126886	76.259272	270.004377	790.401575	9239.478	338.881
220132	40.126596	76.309364	269.984205	786.642988	9355.291	313.512
220152	40.126251	76.360797	270.012592	784.98127	9454.186	267.686
220212	40.125975	76.414289	270.06083	786.354741	9530.493	238.901
220232	40.125784	76.46622	269.717573	787.764385	9601.618	236.845
220252	40.125562	76.516623	269.15816	787.623056	9681.623	258.188
220312	40.125128	76.568241	268.961271	785.727478	9779.037	292.792
220332	40.124575	76.619246	268.995671	781.744108	9888.492	311.899
220352	40.124153	76.666784	268.878716	776.12913	9993.615	286.622
220412	40.123825	76.717789	269.418654	772.383291	10082.033	241.987
220432	40.123481	76.771618	269.997725	772.053385	10153.296	195.66
220452	40.123032	76.821717	269.332975	774.352432	10212.844	149.46
220512	40.122502	76.870493	268.86863	778.315076	10253.931	108.627
220532	40.121976	76.919992	269.005226	782.150356	10280.193	83.313
220552	40.121515	76.970434	268.994937	784.257916	10304.754	78.254
220612	40.121006	77.022709	269.067243	785.998437	10333.14	68.45
220632	40.120364	77.075611	268.978733	786.994344	10356.77	44.631
220652	40.119684	77.126904	268.623138	785.780397	10363.097	18.014
220712	40.119453	77.177522	270.157287	784.293589	10362.925	2.544
220732	40.11953	77.22698	270.850119	784.080173	10363.035	-0.737
220752	40.1192	77.2763	269.0	785.0	10363.0	0.0
220812	40.118068	77.328549	267.987793	786.301732	10362.994	0.134
220832	40.116801	77.38138	268.284284	787.701946	10363.003	-0.053
220852	40.1158	77.433	269.0	789.0	10363.0	-0.0
220912	40.11493	77.483653	269.071558	789.886726	10363.0	0.009
220932	40.114055	77.533969	268.982076	789.89056	10363.0	-0.001
220952	40.113145	77.585287	269.016072	790.722387	10363.001	-0.002
221012	40.1123	77.6379	269.0	793.0	10363.0	-0.0
221032	40.11155	77.690553	268.949403	794.539413	10362.995	0.019
221052	40.110566	77.742646	269.16216	795.315979	10363.012	-0.049
221112	40.11	77.7934	270.0	795.0	10363.0	-0.0
221132	40.110982	77.842644	271.461339	793.319826	10362.933	0.271
221152	40.112308	77.893895	272.180099	793.553173	10363.17	-0.686
221212	40.1133	77.9471	272.0	795.0	10363.0	0.0
221232	40.114335	77.998771	271.990824	793.789998	10362.065	6.151
221252	40.115493	78.049649	271.951817	792.724736	10365.661	7.039
221312	40.1167	78.1011	272.0	793.0	10371.0	0.0
221332	40.117848	78.153635	272.602698	792.972397	10369.025	-6.54
221352	40.118939	78.206277	273.018652	792.951105	10363.65	-6.808
221412	40.120006	78.257957	272.469824	793.37918	10361.472	2.045
221432	40.121077	78.309306	271.88133	792.283098	10364.798	9.586
221452	40.122144	78.360516	271.964027	789.375562	10370.478	8.586
221512	40.123156	78.410507	272.133634	787.665108	10371.458	3.81
221532	40.12415	78.460337	271.794025	786.54798	10371.202	-2.111
221552	40.125152	78.51111	271.072081	784.447786	10371.376	-7.403
221612	40.126114	78.562693	270.910866	781.002369	10366.48	-9.643
221632	40.127001	78.614958	271.024655	778.318174	10362.129	-5.848
221652	40.127863	78.666958	271.005103	777.187445	10362.73	-0.121
221712	40.128813	78.716918	270.9936	775.452311	10364.035	-4.04
221732	40.129677	78.765824	271.00177	773.235937	10361.396	-8.769
221752	40.13039	78.815208	271.000366	771.26444	10356.334	-8.01
221812	40.131172	78.865764	270.999541	769.699572	10356.654	-9.142
221832	40.131973	78.918178	271.000127	768.759533	10353.838	-5.441
221852	40.132698	78.970512	271.000026	768.856713	10347.831	6.226
221912	40.133358	79.018361	270.999967	770.815033	10355.908	15.115
221932	40.134056	79.066218	271.000009	776.543821	10364.621	12.282
221952	40.134796	79.117729	271.000002	784.179546	10363.332	1.165
222012	40.135427	79.170114	270.999997	787.039485	10362.609	-1.496
222032	40.136004	79.221285	271.000002	786.944478	10363.063	0.509
222052	40.136608	79.271332	271.000001	786.988929	10362.967	0.202
222112	40.137221	79.322444	270.99999	787.010615	10363.401	-1.005
222132	40.137791	79.374194	271.000017	787.002836	10362.255	1.72
222152	40.138318	79.42555	271.000018	787.006455	10362.201	8.243
222212	40.138874	79.476615	270.99998	786.992173	10370.623	9.282
222232	40.139354	79.529014	271.00053	787.205177	10372.981	-1.537
222252	40.139806	79.580648	270.99876	786.465381	10368.6	-10.936
222312	40.140276	79.630521	270.999617	785.044958	10363.208	-8.451
222332	40.140743	79.680245	271.007731	784.83928	10361.362	3.433
222352	40.141212	79.730527	270.982608	785.060576	10365.866	8.037
222412	40.141677	79.782251	270.99466	785.004641	10370.992	0.469
222432	40.142106	79.835698	271.107705	784.959856	10366.345	-7.054
222452	40.142428	79.886067	270.730746	785.068688	10361.96	-6.344
222512	40.142686	79.934194	270.022325	785.020087	10362.94	-0.207
222532	40.143014	79.986715	269.921034	784.344668	10363.212	0.733
222552	40.143337	80.039696	270.027839	783.893051	10362.925	-0.258
222612	40.143589	80.090566	270.0016	783.993019	10362.996	-0.015
222632	40.143791	80.141542	269.994331	784.041788	10363.015	0.053
222652	40.143994	80.192972	270.001999	783.94603	10362.995	-0.019
222712	40.144192	80.243718	270.000115	783.985286	10363.0	-0.001
222732	40.144331	80.292635	269.999593	784.289656	10363.001	0.004
222752	40.144464	80.342961	270.000144	783.297372	10363.0	-0.001
222812	40.144595	80.395029	270.000008	781.994395	10363.0	-0.0
222832	40.144665	80.445674	269.999971	783.363253	10363.0	0.0
222852	40.144739	80.49748	270.00001	783.739173	10363.0	-0.0
222912	40.1448	80.550233	270.000001	782.064168	10363.0	-0.0
222932	40.144742	80.599952	269.999998	781.700184	10363.0	0.0
222952	40.144686	80.64911	270.000001	782.273054	10363.0	-0.0
223012	40.144699	80.700011	270.0	782.065221	10363.0	-0.0
223032	40.144712	80.752137	270.0	779.993731	10363.0	0.001
223052	40.144675	80.803211	270.0	778.745576	10363.001	-0.003
223112	40.144603	80.853357	270.0	778.998329	10363.0	-0.001
223132	40.144552	80.904827	269.999999	778.740937	10362.994	0.019
223152	40.144427	80.954751	270.000002	779.782016	10363.013	-0.044
223212	40.144211	81.003671	270.000001	781.930608	10363.004	-0.013
223232	40.144007	81.056021	269.999989	782.264608	10362.922	0.271
223252	40.14381	81.108282	270.000024	781.86265	10363.176	-0.609
223312	40.14361	81.159127	270.000007	781.979065	10363.054	-0.187
223332	40.143416	81.211164	269.999851	782.340914	10361.911	5.801
223352	40.143193	81.261237	270.000335	781.185077	10365.664	7.371
223412	40.142915	81.309616	270.000103	779.066302	10370.978	0.439
223432	40.142589	81.360897	269.997928	778.770858	10366.439	-7.129
223452	40.142245	81.412463	270.00466	779.068434	10361.822	-5.903
223512	40.141916	81.462061	270.001431	779.000279	10362.901	-0.059
223532	40.141604	81.510777	269.97114	779.073764	10363.983	-4.331
223552	40.1412	81.561627	270.064912	778.801998	10361.007	-9.483
223612	40.140722	81.614301	270.01993	778.93772	10356.142	-8.183
223632	40.14032	81.665338	269.344	781.023949	10355.665	-3.329
223652	40.1399	81.716822	268.896104	782.183542	10355.735	2.768
223712	40.139424	81.768945	268.994028	781.978465	10355.871	7.822
223732	40.138963	81.818767	269.02116	783.240703	10360.553	9.34
223752	40.138468	81.867648	268.992538	784.247595	10363.741	5.677
223812	40.137927	81.918005	268.99957	784.018573	10363.043	0.169
223832	40.137397	81.970858	269.001538	783.845413	10362.849	-0.597
223852	40.136846	82.022273	268.999422	784.285782	10363.053	0.211
223912	40.136233	82.071694	268.999956	784.978625	10363.003	0.012
223932	40.135558	82.122905	269.000373	785.075599	10362.989	-0.043
223952	40.13493	82.174497	268.999368	784.973348	10363.004	0.015
224012	40.134333	82.225627	268.999815	784.998468	10363.0	0.001
224032	40.133619	82.277492	269.003685	785.005424	10362.999	-0.003
224052	40.132862	82.329364	268.991727	784.998096	10363.0	0.001
224112	40.132135	82.380378	268.997461	784.999893	10363.0	0.0
224132	40.131425	82.430687	269.051213	785.000332	10363.0	0.0
224152	40.130619	82.482566	268.884812	784.999992	10363.0	-0.001
224212	40.129742	82.533977	268.964634	785.000032	10363.0	-0.0
224232	40.128927	82.580953	269.931811	784.999691	10362.999	0.002
224252	40.12802	82.633399	269.570062	785.002841	10363.005	-0.019
224312	40.127074	82.686603	268.867834	784.994881	10362.992	0.033
224332	40.126145	82.73622	268.9757	784.994535	10362.991	0.036
224352	40.125145	82.78825	269.006752	785.041033	10363.068	-0.268
224412	40.124173	82.839618	269.040015	784.928298	10362.882	0.469
224432	40.123248	82.889318	269.050864	784.9238	10362.874	0.498
224452	40.122197	82.943315	268.423879	785.935545	10363.945	-5.195
224512	40.121147	82.996221	267.905261	787.600926	10361.261	-7.663
224532	40.120157	83.044854	267.98039	788.908668	10356.143	-1.274
224552	40.119044	83.095263	268.024591	789.00563	10359.428	6.35
224612	40.117917	83.14757	267.993198	789.199002	10363.808	7.003
224632	40.11686	83.19969	267.998592	789.95855	10363.144	0.792
224652	40.115756	83.250561	268.001766	789.801868	10363.0	-1.607
224712	40.114583	83.301632	267.999512	790.532321	10362.682	1.648
224732	40.11338	83.35341	267.999899	792.736031	10362.611	7.272
224752	40.112189	83.404209	268.000127	793.560077	10367.454	10.075
224812	40.110962	83.456071	267.999965	792.395868	10372.036	5.153
224832	40.109689	83.509568	267.999993	790.277881	10371.454	-6.316
224852	40.108441	83.561414	268.000009	789.199207	10367.118	-14.766
224912	40.10712	83.61196	267.999997	791.090353	10360.565	-12.797
224932	40.105708	83.662856	267.999999	794.676308	10356.001	-1.697
224952	40.104364	83.714959	268.000001	795.211931	10359.594	6.916
225012	40.10302	83.766553	268.0	795.31092	10363.785	6.768
225032	40.101612	83.817567	268.0	797.580426	10363.162	0.663
225052	40.100211	83.870827	268.0	800.152829	10362.796	-0.823
225112	40.098803	83.92302	268.0	800.989126	10363.057	0.231
225132	40.09733	83.972817	268.0	800.103649	10363.013	0.051
225152	40.095752	84.024728	268.000003	799.955205	10362.977	-0.094
225212	40.094176	84.078231	268.000001	800.022737	10362.999	-0.004
225232	40.09271	84.130989	267.999989	798.937867	10363.003	0.014
225252	40.091207	84.182335	268.000024	797.187756	10362.999	-0.005
225312	40.089583	84.233407	268.000007	795.119242	10363.0	-0.0
225332	40.087911	84.28613	267.999851	792.995443	10363.0	0.001
225352	40.086269	84.339159	268.000335	794.091636	10363.0	-0.0
225412	40.084679	84.390685	268.000103	796.950051	10363.0	-0.0
225432	40.083091	84.440256	267.997829	795.887804	10363.0	0.0
225452	40.081412	84.490922	268.004152	795.158977	10363.0	-0.0
225512	40.07967	84.54331	268.002698	796.865919	10363.0	-0.0
225532	40.078009	84.594434	267.971162	797.263001	10363.0	0.0
225552	40.076296	84.645675	268.057424	796.879621	10363.0	-0.0
225612	40.074481	84.697652	268.037522	796.961123	10363.0	-0.0
225632	40.072695	84.748669	267.38243	797.548382	10363.0	0.0
225652	40.070838	84.800731	266.900225	798.247573	10363.0	-0.0
225712	40.068892	84.854045	266.987505	797.311284	10363.0	-0.0
225732	40.067015	84.905518	267.022862	792.462345	10363.0	0.0
225752	40.065144	84.95602	266.992836	787.14403	10363.0	-0.0
225812	40.063199	85.006727	266.999103	784.988558	10363.0	-0.0
225832	40.06119	85.057412	267.001641	786.804446	10363.0	0.0
225852	40.059228	85.108077	266.999486	790.522326	10363.0	-0.0
225912	40.057299	85.159463	266.999936	792.959047	10363.0	-0.0
225932	40.055244	85.212481	267.000117	791.623898	10363.0	0.0
225952	40.053192	85.264679	266.999966	789.135764	10363.0	-0.0
230012	40.0512	85.3153	267.0	789.0	10363.0	-0.0
230032	40.049143	85.366558	267.000007	792.009077	10363.0	0.0
230052	40.04706	85.417928	266.999999	792.686914	10363.0	-0.0
230112	40.044967	85.468813	267.000003	790.020715	10363.0	-0.0
230132	40.042813	85.51934	266.999991	788.846851	10363.0	0.0
230152	40.0406	85.5705	267.0	789.0	10363.0	-0.0
230212	40.038385	85.623042	267.000053	786.599875	10363.0	-0.0
230232	40.036237	85.673661	266.999867	783.664548	10363.0	0.0
230252	40.0341	85.7228	267.0	782.0	10363.0	-0.0
230312	40.031847	85.774237	267.000735	781.662233	10363.0	-0.0
230332	40.029561	85.826086	266.998123	782.640515	10363.0	0.0
230352	40.027312	85.876521	266.999478	783.959758	10363.0	0.0
230412	40.025074	85.925932	267.010389	784.150884	10363.0	-0.0
230432	40.022716	85.977705	266.976496	783.926838	10363.0	0.0
230452	40.020245	86.031355	266.986273	783.981307	10363.0	0.0
230512	40.01783	86.082238	267.144625	784.145088	10363.0	-0.0
230532	40.015443	86.132229	266.693782	783.692125	10363.0	0.0
230552	40.013041	86.18287	265.999334	782.199403	10363.0	0.0
230612	40.010638	86.232648	266.63988	780.047836	10363.0	-0.0
230632	40.008243	86.281909	266.893236	778.613724	10363.0	0.0
230652	40.005842	86.331661	266.06277	778.877589	10363.0	0.0
230712	40.003396	86.382541	265.885692	780.684613	10363.0	-0.0
230732	40.00089	86.433499	266.035814	782.766681	10363.0	0.0
230752	39.998353	86.483873	266.004484	783.953503	10363.0	0.0
230812	39.995835	86.534261	265.991812	783.976741	10363.0	-0.0
230832	39.993251	86.585372	266.002533	784.24337	10363.0	0.0
230852	39.99057	86.637372	266.000297	784.977237	10363.0	0.0
230912	39.987886	86.689482	265.99968	784.789755	10363.0	-0.0
230932	39.985256	86.739783	265.999649	785.612642	10363.0	0.0
230952	39.982661	86.788487	265.999673	787.017004	10363.0	0.0
231012	39.980019	86.838518	266.003702	785.303831	10363.0	-0.0
231032	39.977308	86.890007	265.992555	783.686501	10363.0	0.0
231052	39.974571	86.941367	265.995128	783.982602	10363.0	0.0
231112	39.971874	86.990867	266.067636	783.706548	10363.0	-0.0
231132	39.96909	87.040918	266.021611	783.870741	10363.0	-0.0
231152	39.966122	87.093811	265.795981	785.957566	10363.0	0.0
231212	39.963332	87.143836	266.412629	787.123185	10363.0	-0.0
231232	39.960594	87.192917	266.979308	787.156186	10363.0	0.0
231252	39.957551	87.246638	266.121445	787.24552	10363.0	0.0
231312	39.954645	87.297961	265.763523	784.128202	10363.0	-0.0
231332	39.951786	87.347879	266.228474	781.542921	10363.0	0.0
231352	39.948813	87.398716	266.898253	782.774025	10363.0	0.0
231412	39.945796	87.449429	266.868718	786.077175	10363.0	-0.0
231432	39.942796	87.499625	266.11168	788.819712	10363.0	-0.0
231452	39.939816	87.55031	265.901039	788.252125	10363.0	0.0
231512	39.936775	87.601465	266.014407	786.687326	10363.0	-0.0
231532	39.933633	87.652736	265.990226	786.813546	10363.0	-0.0
231552	39.930477	87.704047	266.096244	788.03049	10363.0	0.0
231612	39.92738	87.755036	265.836981	789.345395	10363.0	-0.0
231632	39.92432	87.805658	265.102886	789.984749	10363.0	-0.0
231652	39.921166	87.85657	264.903269	789.670136	10363.0	0.0
231712	39.917922	87.907968	265.023331	788.644203	10363.0	-0.0
231732	39.914653	87.959855	265.007214	787.288206	10363.0	-0.0
231752	39.911409	88.012017	264.993071	785.864596	10363.0	0.0
231812	39.908276	88.061975	265.001652	784.705449	10363.0	-0.0
231832	39.905159	88.110296	265.000481	784.705837	10363.0	-0.0
231852	39.901723	88.162908	264.99972	787.129023	10363.0	0.0
231912	39.898319	88.215052	264.99979	789.440076	10363.0	-0.0
231932	39.895153	88.263359	264.999518	789.2667	10363.0	-0.0
231952	39.891745	88.314257	265.003008	787.643062	10363.0	0.0
232012	39.888286	88.366162	264.995412	787.135622	10363.0	-0.0
232032	39.884975	88.416501	264.992773	788.678336	10363.0	-0.0
232052	39.881506	88.467596	265.042397	789.80451	10363.0	0.0
232112	39.877929	88.519667	264.933634	789.982647	10363.0	-0.0
232132	39.874396	88.571651	264.70848	789.618009	10363.0	-0.0
232152	39.870928	88.622279	265.041168	788.964175	10363.0	0.0
232212	39.867512	88.671434	265.951714	788.819411	10363.0	0.0
232232	39.864056	88.722382	265.548106	791.15648	10363.0	-0.001
232252	39.860376	88.775203	264.868498	793.656442	10363.0	0.001
232312	39.856554	88.827954	264.970338	794.803282	10363.0	0.001
232332	39.853006	88.878619	265.062444	796.518224	10363.003	-0.014
232352	39.849518	88.928912	265.012736	797.935243	10363.002	-0.01
232412	39.845702	88.981416	264.989591	797.548015	10362.991	0.04
232432	39.841879	89.033516	265.002885	798.736026	10363.011	-0.047
232452	39.838301	89.083584	264.994028	801.085813	10362.961	0.168
232512	39.834629	89.134491	264.986233	798.689345	10362.902	0.417
232532	39.830906	89.185038	265.067102	796.960411	10363.483	-2.81
232552	39.827161	89.235806	264.910696	797.128032	10362.356	-6.702
232612	39.823378	89.287589	264.349533	797.761144	10358.36	-7.319
232632	39.819531	89.339221	263.94832	797.973145	10355.714	-5.316
232652	39.815655	89.389926	263.977046	797.863957	10356.0	-1.344
232712	39.811875	89.440234	264.017998	798.985427	10355.357	4.549
232732	39.808006	89.491833	263.996289	800.157632	10356.985	8.503
232752	39.803921	89.545147	263.998352	800.070033	10362.241	8.218
232812	39.79989	89.597499	264.001293	799.944979	10362.83	7.855
232832	39.795894	89.64915	263.999733	800.01148	10364.016	7.996
232852	39.791822	89.701021	263.999879	800.005394	10370.099	7.926
232912	39.787727	89.75226	264.000104	799.994275	10370.758	10.301
232932	39.783537	89.804164	263.999967	800.003088	10372.329	31.06
232952	39.779312	89.856776	263.99996	800.005484	10387.382	73.711
233012	39.775395	89.90633	264.000161	800.099865	10420.905	109.477
233032	39.771321	89.95735	263.999812	801.592716	10467.235	148.781
233052	39.766936	90.011165	264.000664	802.903693	10523.628	190.347
233112	39.7628	90.062	264.0	801.0	10592.0	200.0
233132	39.758448	90.115053	263.991399	800.79539	10658.585	198.356
233152	39.754252	90.165568	264.022068	800.93419	10723.499	199.135
233212	39.7502	90.2142	264.0	800.0	10790.0	198.0
233232	39.74586	90.266895	263.878058	798.550399	10857.798	179.25
233252	39.741628	90.31776	264.344906	797.840452	10916.32	139.769
233312	39.737525	90.366682	264.990464	800.41951	10955.432	86.549
233332	39.733108	90.4203	264.515049	807.905433	10970.845	34.415
233352	39.728629	90.473999	263.757049	810.946391	10973.487	3.256
233412	39.724258	90.52468	263.635568	806.165343	10973.422	-2.276
233432	39.719744	90.576332	264.204082	802.823625	10972.929	0.471
233452	39.715051	90.63017	264.95411	805.250067	10972.968	0.209
233512	39.710552	90.681866	264.627639	807.315264	10973.025	-0.164
233532	39.706046	90.733153	263.852165	808.268986	10972.995	0.034
233552	39.70135	90.786071	263.839024	808.506147	10972.998	0.015
233612	39.696875	90.837123	264.734081	805.019256	10973.002	-0.012
233632	39.692487	90.887568	264.80493	803.229214	10973.0	0.002
233652	39.687885	90.939715	263.296855	807.048959	10973.0	0.001
233712	39.683092	90.992503	262.774492	809.204321	10973.0	-0.001
233732	39.678327	91.045104	263.04649	807.120565	10973.0	0.0
233752	39.673737	91.096885	263.020648	803.41539	10973.0	0.0
233812	39.66916	91.147346	262.983809	803.841242	10973.0	-0.0
233832	39.664371	91.199228	263.003338	806.592956	10973.0	0.0
233852	39.659406	91.253387	263.001482	807.882238	10973.0	0.0
233912	39.654735	91.304629	262.998838	808.07306	10973.0	-0.0
233932	39.650117	91.354714	263.00024	808.000266	10973.0	0.0
233952	39.64523	91.406778	263.000106	808.033162	10973.0	0.0
234012	39.640345	91.459141	262.999917	807.806601	10973.0	-0.0
234032	39.635477	91.511716	263.000017	808.262615	10973.0	0.0
234052	39.630541	91.56473	263.000008	809.730176	10973.0	0.0
234112	39.625577	91.616931	262.999994	810.219352	10973.0	-0.0
234132	39.620694	91.667787	263.000001	809.935598	10973.0	0.0
234152	39.615908	91.71794	263.0	809.930045	10973.0	0.0
234212	39.611003	91.769218	263.000002	810.264334	10973.0	-0.0
234232	39.605911	91.821842	262.999997	809.669091	10973.0	0.0
234252	39.600759	91.874512	262.999992	808.123784	10973.0	0.0
234312	39.59582	91.925294	263.000037	808.731317	10973.0	-0.0
234332	39.590812	91.976975	262.999953	810.283524	10973.0	0.0
234352	39.585515	92.031115	262.999893	810.284414	10973.0	0.0
234412	39.580358	92.082777	263.000518	808.724109	10973.0	-0.0
234432	39.575348	92.132758	262.999339	808.133574	10973.0	0.0
234452	39.570286	92.183665	262.998513	809.69134	10973.0	0.0
234512	39.565081	92.235146	263.007214	810.156203	10973.0	-0.0
234532	39.559766	92.287173	262.9908	810.072619	10973.0	0.0
234552	39.554429	92.339572	262.979285	810.824899	10973.0	0.0
234612	39.549138	92.391327	263.100481	811.212735	10973.0	-0.0
234632	39.54389	92.442459	262.867225	810.850679	10973.0	0.0
234652	39.538629	92.493735	262.132775	810.139647	10973.0	0.0
234712	39.533271	92.546051	261.899519	809.822091	10973.0	-0.0
234732	39.527839	92.598895	262.020715	810.128551	10973.0	0.0
234752	39.522375	92.651483	262.0092	810.255162	10973.0	0.0
234812	39.516864	92.703806	261.992786	808.296544	10973.0	-0.0
234832	39.511479	92.754872	262.001487	805.291625	10973.0	0.0
234852	39.50624	92.804866	262.000661	803.256689	10973.0	0.0
234912	39.500754	92.856714	261.999482	802.829524	10973.0	-0.0
234932	39.495253	92.908162	262.000107	803.009757	10973.0	0.0
234952	39.48995	92.957585	262.000047	802.949601	10973.0	0.0
235012	39.484421	93.009338	261.999963	803.316788	10973.0	-0.0
235032	39.478818	93.061483	262.000008	802.567194	10973.0	0.0
235052	39.473369	93.111474	262.000003	800.315499	10973.0	0.0
235112	39.467829	93.162236	261.999998	800.230515	10973.0	-0.0
235132	39.462188	93.213753	262.0	801.092997	10973.0	0.0
235152	39.456524	93.265266	262.0	800.388687	10973.0	0.0
235212	39.450817	93.317753	262.000003	798.535425	10973.0	-0.0
235232	39.445226	93.368646	261.999995	796.554202	10973.0	0.0
235252	39.439725	93.417421	261.99999	795.223337	10973.0	0.0
235312	39.433851	93.47011	262.00005	794.640432	10973.0	-0.0
235332	39.427974	93.522937	261.999936	795.332504	10973.0	0.0
235352	39.422473	93.571656	261.999857	797.404702	10973.0	0.0
235412	39.416891	93.621193	262.000694	799.555626	10973.0	-0.0
235432	39.411165	93.672158	261.999113	799.74478	10973.0	0.0
235452	39.405422	93.722909	261.997706	797.600169	10973.0	0.0
235512	39.399674	93.773045	262.009293	796.464896	10973.0	-0.0
235532	39.393811	93.824104	261.990379	798.830219	10973.0	0.0
235552	39.387848	93.876633	261.968913	804.399589	10973.0	0.0
235612	39.382141	93.927103	262.128864	808.473744	10973.0	-0.0
235632	39.376426	93.976779	261.863728	807.176886	10973.0	0.0
235652	39.370348	94.028232	261.055079	801.305797	10973.0	0.0
235712	39.36422	94.079976	261.452882	799.221739	10973.0	-0.0
235732	39.358208	94.131199	261.981518	800.087072	10973.0	0.0
235752	39.352283	94.181934	261.218191	799.913568	10973.0	0.0
235812	39.346297	94.232531	260.860671	800.97697	10973.0	-0.0
235832	39.340158	94.284039	261.023888	803.574269	10973.0	0.0
235852	39.333934	94.336457	261.015593	805.828159	10973.0	0.0
235912	39.327913	94.387039	260.987915	805.130507	10973.0	-0.0
235932	39.321862	94.437336	261.003878	802.456688	10973.0	0.0
235952	39.315563	94.489175	261.008113	800.344656	10973.0	0.0
000012	39.309482	94.539299	260.970139	799.786131	10973.0	-0.0
000032	39.30348	94.588864	261.030406	800.040397	10973.0	0.0
000052	39.297215	94.640405	261.097988	800.541021	10973.0	0.0
000112	39.290833	94.692606	260.59403	802.606588	10973.0	-0.0
000132	39.284722	94.742246	261.425153	802.489779	10973.0	0.0
000152	39.278973	94.790691	263.159394	799.418195	10973.0	-0.0
000212	39.273161	94.843596	262.153238	799.767953	10973.0	-0.0
000232	39.267393	94.895475	262.307776	800.692922	10973.0	0.0
000252	39.261696	94.945545	263.177093	801.050932	10973.0	-0.0
000312	39.255967	94.995825	263.106861	800.381365	10973.0	-0.0
000332	39.250035	95.04803	262.427609	797.884625	10973.0	0.0
000352	39.243984	95.100288	261.911908	797.382854	10973.0	-0.0
000412	39.237984	95.151007	261.958523	800.450262	10973.0	-0.0
000432	39.232129	95.201595	262.126754	802.158494	10973.0	0.0
000452	39.226381	95.25211	261.829622	803.653028	10973.0	-0.0
000512	39.220586	95.302532	261.100609	805.861859	10973.0	-0.0
000532	39.214554	95.353695	260.905464	804.939927	10973.0	0.0
000552	39.208507	95.404489	261.022795	802.223538	10973.0	-0.0
000612	39.202592	95.454432	261.007038	800.912362	10973.0	-0.0
000632	39.196559	95.505296	260.993299	802.332635	10973.0	0.0
000652	39.19049	95.556303	261.001506	802.644498	10973.0	-0.0
000712	39.184499	95.606491	261.000299	800.277731	10973.0	-0.0
000732	39.178457	95.656802	261.000727	800.332069	10973.0	0.0
000752	39.172184	95.708928	260.998284	800.95144	10973.0	-0.0
000812	39.165758	95.762358	260.997152	800.070089	10973.0	-0.0
000832	39.159622	95.813157	261.01688	800.350998	10973.0	0.0
000852	39.153558	95.862612	260.974468	799.259669	10973.0	-0.0
000912	39.147338	95.91302	260.95983	796.875661	10973.0	-0.0
000932	39.141173	95.964034	261.235592	800.204724	10973.0	0.0
000952	39.134681	96.014513	260.628262	803.171919	10973.0	-0.0
001012	39.127569	96.064275	259.138548	801.246054	10973.0	-0.0
001032	39.120155	96.114977	259.346895	801.76521	10973.0	0.0
001052	39.112645	96.166851	260.133202	803.163191	10973.0	-0.0
001112	39.10524	96.218662	260.041473	801.648802	10973.0	-0.0
001132	39.098172	96.26852	259.958418	798.14496	10973.0	0.0
001152	39.090994	96.318928	260.012566	799.328762	10973.0	-0.0
001212	39.083485	96.371181	260.0077	805.442807	10973.0	-0.0
001232	39.076229	96.421654	259.969322	804.183347	10973.0	0.0
001252	39.06919	96.470518	260.042716	800.279476	10973.0	-0.0
001312	39.061994	96.520204	260.066321	800.027532	10973.0	-0.0
001332	39.054363	96.572761	259.460389	799.079969	10973.0	0.0
001352	39.046964	96.623517	258.913465	797.719903	10973.0	-0.0
001412	39.040097	96.670436	258.973235	799.083083	10973.0	-0.0
001432	39.032854	96.720115	259.025758	805.28704	10973.0	0.0
001452	39.025172	96.77249	258.993787	807.487172	10973.0	-0.0
001512	39.017489	96.824148	258.998078	801.925848	10973.0	-0.0
001532	39.010217	96.872667	259.001849	799.904222	10973.0	0.0
001552	39.00281	96.922302	258.999554	799.636508	10973.0	-0.0
001612	38.99502	96.974863	258.999862	797.35998	10973.0	-0.0
001632	38.987665	97.024229	259.000133	796.58422	10973.0	0.0
001652	38.98036	97.073098	258.999968	797.223934	10973.0	-0.0
001712	38.972718	97.124132	258.99999	797.891656	10973.0	-0.0
001732	38.965227	97.173506	259.000009	798.250265	10973.0	0.0
001752	38.957526	97.223793	258.999998	797.690573	10973.0	-0.0
001812	38.949537	97.275953	258.999999	795.620386	10973.0	-0.0
001832	38.942151	97.324273	259.0	792.088082	10973.0	0.0
001852	38.934661	97.373305	259.000001	789.524081	10973.0	-0.0
001912	38.926584	97.425942	259.000002	789.073742	10973.0	-0.0
001932	38.918948	97.475176	258.999986	788.518588	10973.0	0.0
001952	38.911568	97.522928	259.000021	789.790565	10973.0	-0.0
002012	38.904016	97.572257	259.000033	794.077487	10973.0	-0.0
002032	38.896448	97.621027	258.999808	798.141035	10973.0	0.0
002052	38.888774	97.670078	259.00029	800.503825	10973.0	-0.0
002112	38.880956	97.720273	259.000457	801.05996	10973.0	-0.0
002132	38.873232	97.77012	258.997322	800.437823	10973.0	0.0
002152	38.86543	97.820086	259.004043	799.958987	10973.0	-0.0
002212	38.857345	97.871144	259.006359	800.047586	10973.0	-0.0
002232	38.849089	97.923138	258.962707	799.28301	10973.0	0.0
002252	38.841026	97.973773	259.056311	797.289994	10973.0	-0.0
002312	38.83326	98.0224	259.088569	795.194979	10973.0	-0.0
002332	38.825349	98.072232	258.328873	795.399286	10973.0	0.0
002352	38.81727	98.123022	258.120308	797.90893	10973.0	-0.0
002412	38.809264	98.173082	258.937012	798.77753	10973.0	-0.0
002432	38.801557	98.221606	258.58255	791.61603	10973.0	0.0
002452	38.793672	98.270652	257.883999	786.811019	10973.0	-0.0
002512	38.785357	98.321369	257.964121	791.744957	10973.0	-0.0
002532	38.777217	98.371463	258.034529	796.186318	10973.0	0.0
002552	38.769366	98.420184	257.991671	792.997343	10973.0	-0.0
002612	38.761516	98.468484	257.997424	784.872015	10973.0	-0.0
002632	38.753248	98.51829	258.002479	785.134045	10973.0	0.0
002652	38.74495	98.56824	257.999402	790.495778	10973.0	-0.0
002712	38.736917	98.61731	257.999815	793.039843	10973.0	-0.0
002732	38.728735	98.667228	258.000179	791.183652	10973.0	0.0
002752	38.720584	98.716784	257.999956	788.373694	10973.0	-0.0
002812	38.712553	98.765375	257.999983	788.997625	10973.0	-0.0
002832	38.704169	98.81548	258.000014	794.63804	10973.0	0.0
002852	38.695719	98.866177	257.999997	798.028779	10973.0	-0.0
002912	38.687658	98.915112	257.999998	794.191731	10973.0	-0.0
002932	38.679874	98.961479	258.000003	790.468126	10973.0	0.0
002952	38.671653	99.009858	257.999997	788.610349	10973.0	-0.0
003012	38.662739	99.062633	257.999992	787.311959	10973.0	-0.0
003032	38.654213	99.113269	258.000033	786.319132	10973.0	0.0
003052	38.646214	99.160727	257.999976	784.650688	10973.0	-0.0
003112	38.63821	99.207988	257.999883	782.304932	10973.0	-0.0
003132	38.629706	99.257892	258.000423	782.650581	10973.0	0.0
003152	38.621295	99.30703	257.999663	784.075518	10973.0	-0.0
003212	38.613526	99.352335	257.998372	782.92014	10973.0	-0.0
003232	38.605081	99.401527	258.005993	780.05478	10973.0	0.0
003252	38.596366	99.452126	257.996948	779.138348	10973.0	-0.0
003312	38.588414	99.498023	257.973945	782.514913	10973.0	-0.0
003332	38.580139	99.54591	258.072414	784.741483	10973.0	0.0
003352	38.5714	99.5965	258.0	784.0	10973.0	0.0
003412	38.562969	99.644862	257.344802	782.603873	10973.0	-0.0
003432	38.554584	99.692834	256.790444	781.576795	10973.0	0.0
003452	38.546002	99.741888	256.911719	781.793243	10973.0	0.0
003512	38.537301	99.791267	257.698234	783.830125	10973.0	-0.0
003532	38.528786	99.83961	257.90996	785.08005	10973.0	0.0
003552	38.520549	99.886672	257.126452	784.191939	10973.0	0.0
003612	38.512197	99.934316	256.873411	783.453675	10973.0	-0.0
003632	38.503479	99.983603	257.025458	781.050424	10973.0	0.0
003652	38.494508	100.033909	257.011314	776.668305	10973.0	0.0
003712	38.485862	100.082527	256.991096	775.928869	10973.0	-0.0
003732	38.477525	100.129288	257.001878	777.201487	10973.0	0.0
003752	38.469108	100.17609	257.001008	776.600811	10973.0	0.0
003812	38.460242	100.22553	256.999296	774.065055	10973.0	-0.0
003832	38.451418	100.274865	257.000095	771.806048	10973.0	0.0
003852	38.443114	100.321091	257.000126	771.72257	10973.0	0.0
003912	38.434509	100.368573	256.999952	772.159086	10973.0	-0.0
003932	38.4256	100.4175	257.0	772.0	10973.0	0.0
003952	38.417093	100.464326	257.00001	771.353447	10973.0	0.0
004012	38.408444	100.511741	256.999997	770.841261	10973.0	-0.0
004032	38.399539	100.560307	257.0	771.869509	10973.0	-0.0
004052	38.390923	100.607368	257.0	775.441754	10973.0	0.0
004112	38.382267	100.654979	257.000002	777.314403	10973.0	-0.0
004132	38.373439	100.703506	257.000001	776.080506	10973.0	-0.0
004152	38.364698	100.750811	256.999985	774.702995	10973.0	0.0
004212	38.355679	100.799474	257.000033	773.367387	10973.0	-0.0
004232	38.346453	100.849359	257.00001	772.051976	10973.0	-0.0
004252	38.337614	100.896769	256.999788	771.999001	10973.0	0.0
004312	38.328896	100.943297	257.000406	776.57781	10973.0	-0.0
004332	38.32	100.990793	257.000264	783.559193	10973.0	-0.0
004352	38.310946	101.039213	256.997179	784.825562	10973.0	0.0
004412	38.301887	101.087795	257.005618	783.691856	10973.0	-0.0
004432	38.292898	101.136	257.003671	783.930403	10973.0	-0.0
004452	38.283898	101.183909	256.959116	784.680852	10973.0	0.0
004512	38.2748	101.231972	257.068342	785.021185	10973.0	-0.0
004532	38.265587	101.280417	257.07218	784.244774	10973.0	-0.0
004552	38.25635	101.328906	256.27725	782.355311	10973.0	0.0
004612	38.247228	101.376709	256.170228	782.539847	10973.0	-0.0
004632	38.238173	101.424177	256.976842	784.855111	10973.0	-0.0
004652	38.228904	101.473013	256.408834	783.953032	10973.0	0.0
004712	38.219516	101.522048	256.110259	780.914996	10973.0	-0.0
004732	38.210229	101.570012	256.934028	777.71599	10973.0	-0.0
004752	38.201179	101.617229	256.584495	773.973508	10973.0	0.0
004812	38.192193	101.664194	255.884937	771.600353	10973.0	-0.0
004832	38.183052	101.711521	255.966528	771.806929	10973.0	-0.0
004852	38.173728	101.759754	256.019294	772.609678	10973.0	0.0
004912	38.164431	101.807595	256.014953	771.145577	10973.0	-0.0
004932	38.155249	101.854532	256.034109	765.580342	10973.0	-0.0
004952	38.145995	101.902036	255.780899	756.935959	10973.0	0.0
005012	38.137345	101.946236	256.270664	751.311508	10973.0	-0.0
005032	38.128718	101.989902	257.010607	753.223682	10973.0	0.0
005052	38.118747	102.040595	256.156588	757.653575	10973.0	0.0
005112	38.109547	102.087366	255.851587	756.371623	10973.0	-0.0
005132	38.100673	102.132459	256.035798	751.615351	10973.0	0.0
005152	38.091344	102.179715	256.011072	748.345879	10973.0	0.0
005212	38.082342	102.224833	255.989343	747.632102	10973.0	-0.0
005232	38.07355	102.268965	256.002572	748.175231	10973.0	0.0
005252	38.064477	102.314851	256.000797	749.457179	10973.0	0.0
005312	38.054924	102.362669	255.999221	753.200176	10973.0	-0.0
005332	38.045574	102.40915	256.000205	756.80588	10973.0	0.0
005352	38.036641	102.453685	256.00009	757.93966	10973.0	0.0
005412	38.027122	102.501382	255.999753	757.768291	10973.0	-0.0
005432	38.017635	102.548564	256.000304	754.547093	10973.0	0.0
005452	38.008702	102.592367	256.000461	748.841771	10973.0	0.001
005512	37.999485	102.637684	255.997319	746.813386	10973.001	-0.004
005532	37.990101	102.684031	256.004044	748.917415	10972.998	0.006
005552	37.980787	102.730005	256.006359	751.778767	10972.998	0.009
005612	37.971247	102.77692	255.962707	751.239856	10973.014	-0.055
005632	37.961818	102.823111	256.056311	749.768717	10972.979	0.083
005652	37.952657	102.867845	256.088569	749.956664	10972.967	0.13
005712	37.943203	102.913924	255.328873	749.869629	10973.193	-0.764
005732	37.933661	102.960451	255.120308	750.308627	10972.709	1.218
005752	37.924347	103.0059	255.937012	751.785193	10972.542	7.023
005812	37.915098	103.050872	255.582551	752.224431	10976.748	9.701
005832	37.905609	103.096744	254.883997	751.912062	10980.648	6.344
005852	37.895844	103.143747	254.964119	751.921968	10980.254	0.523
005912	37.886235	103.190019	255.034541	752.385294	10979.432	0.683
005932	37.876756	103.23571	254.991653	751.404239	10980.629	-2.057
005952	37.867285	103.281267	254.997395	748.51376	10980.934	-13.029
010012	37.857891	103.326153	255.002676	746.838504	10972.366	-18.82
010032	37.848405	103.371293	254.99944	747.302552	10963.692	-11.887
010052	37.838723	103.417365	254.999705	749.3657	10964.058	4.455
010112	37.829083	103.46327	255.000477	751.837532	10968.533	14.206
010132	37.819626	103.508331	254.999694	753.060408	10974.164	14.541
010152	37.810208	103.55318	254.999102	752.840996	10979.14	9.852
010212	37.800294	103.600196	255.003644	754.266216	10980.494	3.679
010232	37.790211	103.647612	254.996227	756.27326	10979.956	-0.518
010252	37.780484	103.693009	254.987808	757.3516	10980.097	-0.634
010312	37.770852	103.738235	255.050541	760.193144	10979.394	1.739
010332	37.760999	103.784588	254.947389	758.886959	10980.664	-1.702
010352	37.750943	103.831606	254.809849	750.173267	10982.421	-14.28
010412	37.7413	103.876709	255.729963	747.426119	10970.074	-20.25
010432	37.731806	103.920824	255.778407	748.791593	10961.618	-7.328
010452	37.722005	103.966255	254.921061	750.350729	10965.93	9.581
010512	37.711965	104.013095	254.928382	751.442425	10971.673	10.273
010532	37.702221	104.058183	255.030926	743.912862	10973.93	3.08
010552	37.692652	104.102164	255.003819	736.786507	10972.695	0.327
010612	37.682856	104.147303	255.04069	743.528531	10971.87	6.409
010632	37.672963	104.192719	254.836525	756.547111	10977.405	7.286
010652	37.662721	104.239645	255.133455	760.252665	10979.236	-1.873
010712	37.652629	104.286161	256.119351	751.978874	10972.459	-12.112
010732	37.6436	104.3278	256.0	750.0	10973.0	-9.0
010752	37.633034	104.375527	255.408081	741.848918	10966.053	2.791
010812	37.62276	104.42208	254.535167	742.662228	10969.065	10.69
010832	37.6133	104.4654	254.0	750.0	10980.0	8.0
010852	37.603178	104.511516	254.593801	743.110258	10976.553	-2.185
010912	37.593212	104.556832	255.250818	731.720989	10971.358	-6.809
010932	37.583797	104.59958	255.236745	723.958877	10972.215	-2.607
010952	37.574313	104.642322	254.645925	718.340301	10973.121	1.512
011012	37.5645	104.6863	254.0	713.0	10973.0	0.0
011032	37.554569	104.730865	253.936552	707.142793	10974.022	-6.31
011052	37.544959	104.773924	254.025112	703.988913	10969.999	-6.955
011112	37.5356	104.8157	254.0	705.0	10965.0	0.0
011132	37.525993	104.858493	253.995389	709.918787	10969.953	6.17
011152	37.516179	104.902261	254.001952	722.060392	10974.126	5.721
011212	37.506371	104.946065	254.000214	732.009674	10973.104	0.459
011232	37.496742	104.989	253.99958	723.284382	10973.009	-1.776
011252	37.48711	105.031893	254.000114	714.961249	10972.634	2.078
011312	37.477218	105.075794	254.000024	723.548252	10972.556	7.756
011332	37.466942	105.121007	253.99997	741.882813	10977.689	4.951
011352	37.456604	105.166421	254.000009	750.633517	10979.433	-2.609
011412	37.446494	105.211061	254.000003	740.900558	10974.103	-7.04
011432	37.436579	105.254951	253.999998	725.103238	10972.124	-3.973
011452	37.426726	105.298208	254.0	714.87951	10973.136	0.467
011512	37.416799	105.341214	254.0	714.666612	10973.043	0.148
011532	37.406777	105.384686	254.0	716.420297	10972.946	-0.186
011552	37.396853	105.427947	254.0	714.93758	10973.015	0.051
011612	37.387072	105.470674	254.0	711.273754	10973.003	0.011
011632	37.377226	105.513563	254.0	711.663874	10972.996	-0.012
011652	37.367602	105.555171	253.999999	713.637507	10973.001	0.004
011712	37.358081	105.596163	254.0	715.637533	10973.0	0.0
011732	37.347951	105.640078	254.000004	720.52115	10973.0	-0.001
011752	37.337549	105.68515	253.999993	723.620547	10973.0	0.0
011812	37.327311	105.729251	253.999995	723.866592	10973.0	-0.0
011832	37.317263	105.772435	254.000052	726.805096	10973.0	0.001
011852	37.307097	105.815907	253.999896	730.012983	10973.001	-0.003
011912	37.296818	105.859715	253.999903	731.709418	10973.001	-0.003
011932	37.286784	105.902665	254.00051	734.124632	10972.997	0.014
011952	37.27628	105.947517	253.997717	736.005417	10973.015	-0.061
012012	37.265551	105.993163	254.001195	733.403975	10972.992	0.032
012032	37.255347	106.036531	254.009492	725.423398	10972.937	0.252
012052	37.245136	106.079787	253.969736	722.019685	10973.2	-0.805
012112	37.234641	106.124061	254.016538	724.274195	10972.89	0.442
012132	37.224058	106.168597	254.132053	727.22898	10972.126	6.666
012152	37.213801	106.211808	253.514558	732.694846	10976.239	6.649
012212	37.203673	106.254529	253.019071	739.641862	10979.954	-0.846
012232	37.193194	106.298698	253.783682	744.304275	10975.265	-7.457
012252	37.182524	106.343664	253.787788	744.327519	10972.074	-5.777
012312	37.17187	106.388419	252.973166	738.569856	10973.047	0.188
012332	37.161393	106.432129	252.903537	727.521173	10973.167	0.677
012352	37.15133	106.474239	253.03778	714.413034	10972.934	-0.265
012412	37.1415	106.5154	253.0	702.0	10973.0	-0.0
012432	37.131452	106.556937	252.993105	692.157707	10973.012	0.048
012452	37.121384	106.598307	253.002822	687.308561	10972.995	-0.02
012512	37.11149	106.638985	253.000152	686.062983	10973.0	-0.001
012532	37.101729	106.679195	252.999461	684.404951	10973.001	0.004
012552	37.091779	106.720282	253.00019	684.436589	10973.0	-0.001
012612	37.081697	106.762036	253.000011	686.867519	10973.0	-0.0
012632	37.071893	106.802721	252.999958	689.119901	10973.0	0.0
012652	37.061995	106.843357	253.000013	690.349516	10973.0	-0.0
012712	37.051819	106.884822	253.000002	690.126068	10973.0	-0.0
012732	37.041693	106.926618	252.999997	688.218031	10973.0	0.0
012752	37.031741	106.967664	253.000001	686.46633	10973.0	-0.0
012812	37.021808	107.008194	253.0	686.001391	10973.0	-0.0
012832	37.011603	107.04979	253.0	686.084899	10973.0	0.0
012852	37.00151	107.091	253.0	685.796083	10973.0	-0.0
012912	36.991534	107.131597	253.0	685.804679	10973.0	-0.0
012932	36.981116	107.173513	253.000004	688.175376	10973.0	0.0
012952	36.971137	107.213693	252.999994	690.649987	10973.0	-0.0
013012	36.961616	107.252348	252.999993	691.800697	10973.0	-0.0
013032	36.950901	107.295683	253.000049	693.603431	10973.0	0.0
013052	36.940185	107.33864	252.999914	695.663527	10973.0	-0.0
013112	36.930365	107.377816	252.999884	696.90091	10973.0	-0.0
013132	36.920316	107.418346	253.00067	696.981374	10973.0	0.0
013152	36.910014	107.459898	252.998991	697.170926	10973.0	-0.0
013212	36.899756	107.500887	252.998414	697.303147	10973.0	-0.0
013232	36.889425	107.542216	253.009298	694.422475	10973.0	0.0
013252	36.878934	107.584116	252.98596	691.396877	10973.0	-0.0
013312	36.868385	107.625958	252.977917	691.600861	10973.0	-0.0
013332	36.858073	107.666659	253.129506	694.439945	10973.0	0.0
013352	36.847795	107.707308	252.796452	698.033345	10973.0	-0.0
013412	36.837249	107.749183	252.041467	701.948013	10973.0	-0.0
013432	36.826417	107.792007	252.412376	707.817353	10973.0	0.001
013452	36.815754	107.834161	253.156362	709.55796	10973.0	-0.001
013512	36.805334	107.875469	253.107216	704.209685	10973.001	-0.002
013532	36.794441	107.91839	252.385977	699.425815	10972.996	0.013
013552	36.783821	107.960283	251.984623	697.85009	10973.006	-0.02
013612	36.773777	107.999775	252.075259	698.061061	10973.009	-0.031
013632	36.763041	108.040964	251.439301	697.133985	10972.948	0.183
013652	36.752823	108.082449	252.922441	697.519439	10973.079	-0.278
013712	36.744223	108.122833	257.135637	699.873844	10973.171	-0.601
013732	36.736188	108.165034	258.314067	698.501218	10972.272	3.052
013752	36.7282	108.2089	257.0	697.0	10973.0	7.0
013812	36.720223	108.252426	256.789972	700.946077	10977.818	4.591
013832	36.712401	108.294518	257.075478	700.538598	10980.081	-4.036
013852	36.70483	108.335093	257.041812	691.62667	10976.064	-12.919
013912	36.697469	108.375113	256.982203	682.451624	10968.981	-11.325
013932	36.689906	108.416214	257.000896	681.244357	10965.003	0.7
013952	36.681757	108.45937	257.003236	691.533128	10969.332	12.804
014012	36.673789	108.501655	256.998689	703.35146	10976.415	12.99
014032	36.666003	108.543623	256.999929	708.034113	10979.996	0.739
014052	36.657684	108.588536	257.000254	702.956813	10976.767	-12.315
014112	36.649485	108.632303	256.999903	694.064024	10969.617	-13.173
014132	36.64178	108.672993	256.999992	689.924657	10965.011	-0.745
014152	36.634144	108.713458	257.00007	695.907801	10968.967	12.24
014212	36.626119	108.755714	256.999875	701.728953	10976.027	13.456
014232	36.617894	108.798807	256.9999	699.158475	10979.905	2.07
014252	36.610238	108.839394	257.000785	688.160112	10977.888	-10.27
014312	36.60294	108.878097	256.99931	672.878019	10971.541	-13.493
014332	36.595448	108.917279	256.997568	661.508057	10965.545	-4.354
014352	36.587387	108.9593	257.008524	666.592771	10967.159	7.369
014412	36.579064	109.002619	256.99318	683.69598	10974.006	13.271
014432	36.571021	109.044403	256.942646	698.977733	10978.932	9.535
014452	36.563229	109.08528	257.018492	705.006516	10979.881	-1.301
014512	36.555521	109.126212	257.155669	698.405607	10976.221	-13.061
014532	36.547593	109.167479	256.601568	684.804228	10969.281	-12.427
014552	36.539501	109.208751	255.993508	673.322502	10964.966	-0.585
014612	36.531566	109.24951	256.727059	671.777176	10969.804	7.463
014632	36.523584	109.29058	256.779105	673.702224	10973.988	6.201
014652	36.515591	109.331679	256.004847	675.801861	10973.057	0.199
014712	36.507918	109.371434	256.651403	681.292861	10972.797	-0.707
014732	36.500169	109.411259	256.888222	685.029798	10973.074	0.255
014752	36.492115	109.452165	256.061839	684.224801	10973.009	0.028
014812	36.483957	109.493692	255.887397	681.36422	10972.98	-0.039
014832	36.475902	109.5351	256.035283	677.192965	10973.014	-0.014
014852	36.46799	109.575865	256.004419	673.249838	10973.006	-0.018
014912	36.460095	109.615859	255.991909	672.334346	10972.937	0.211
014932	36.452302	109.655158	256.002546	673.599365	10973.124	-0.427
014952	36.444418	109.695148	256.000325	671.72247	10973.081	-0.28
015012	36.436014	109.737728	255.999313	660.524202	10972.064	4.478
015032	36.427833	109.778846	256.000167	651.488958	10974.343	6.874
015052	36.420326	109.816326	256.000078	651.675124	10979.518	2.097
015112	36.412814	109.854243	255.999943	650.873913	10977.741	-4.619
015132	36.405129	109.893189	256.000005	642.779006	10972.694	-6.834
015152	36.397446	109.931663	256.000008	628.533046	10972.509	-1.968
015212	36.389872	109.969219	255.999995	620.754756	10973.334	1.248
015232	36.38239	110.006243	255.999998	621.766586	10973.128	0.476
015252	36.3749	110.043564	256.000001	624.322167	10972.939	-0.228
015312	36.36734	110.081275	256.0	622.485461	10973.006	0.021
015332	36.359725	110.11893	256.0	615.252185	10973.009	0.033
015352	36.352215	110.156184	256.0	612.001636	10972.996	-0.017
015412	36.344872	110.192587	256.0	613.073252	10973.0	0.002
015432	36.33761	110.228186	256.0	612.94567	10973.0	0.004
015452	36.330183	110.264656	255.999999	613.689723	10973.0	-0.005
015512	36.322623	110.301957	256.0	616.13984	10973.0	0.001
015532	36.315137	110.338836	256.000003	618.251883	10972.996	0.019
015552	36.30765	110.375898	255.999993	616.406152	10973.009	-0.047
015612	36.3002	110.4127	256.0	612.0	10973.0	-0.0
015632	36.292888	110.448177	256.000039	610.19095	10972.945	0.27
015652	36.285364	110.484521	255.999916	609.907221	10973.119	-0.586
015712	36.277677	110.521862	255.999974	609.97771	10973.036	-0.179
015732	36.270254	110.558007	256.000519	611.187951	10972.266	5.639
015752	36.262559	110.59509	255.998823	615.286824	10974.836	7.751
015812	36.254498	110.633664	255.999312	620.620535	10979.703	1.016
015832	36.2467	110.671343	256.009534	622.38512	10979.737	-9.66
015852	36.239208	110.707656	256.00435	621.257888	10974.212	-13.721
015912	36.231836	110.743052	255.970969	619.992515	10966.094	-2.562
015932	36.224308	110.779279	256.040744	622.258121	10967.035	9.306
015952	36.216542	110.81698	256.075713	627.310161	10978.172	8.673
020012	36.208812	110.854342	255.523878	627.384494	10979.741	0.195
020032	36.201	110.891775	254.99959	623.54328	10973.684	-6.762
020052	36.192889	110.930415	255.466467	621.127993	10972.092	-3.888
020112	36.185	110.967945	256.14056	621.280054	10973.22	0.784
020132	36.177452	111.003837	256.114528	622.730571	10973.085	0.303
020152	36.16938	111.042089	255.484894	623.337053	10972.933	-0.238
020212	36.16138	111.080025	254.907905	624.519802	10973.014	0.05
020232	36.154027	111.115123	254.910894	627.323948	10973.007	0.027
020252	36.146372	111.151784	255.229997	628.441423	10972.995	-0.018
020312	36.138262	111.189573	254.783911	624.763139	10973.001	0.003
020332	36.130256	111.226609	254.313032	617.4719	10973.001	0.002
020352	36.123227	111.264847	258.596518	615.264118	10973.0	-0.001
020412	36.118256	111.30266	262.887565	616.125049	10973.0	0.0
020432	36.11507	111.339267	263.011973	615.217554	10973.0	0.0
020452	36.111604	111.377888	263.608187	613.767451	10973.0	-0.0
020512	36.107966	111.416442	263.875254	612.707988	10973.0	-0.0
020532	36.104584	111.453519	263.04957	612.121936	10973.0	-0.0
020552	36.101075	111.491475	263.505931	611.266484	10973.0	0.0
020612	36.097572	111.529073	263.972227	609.162862	10973.0	-0.001
020632	36.094293	111.56477	263.192685	602.909073	10973.0	-0.001
020652	36.091142	111.599573	262.775903	588.254899	10972.999	0.006
020712	36.087844	111.635173	263.148604	576.231249	10973.001	-0.008
020732	36.084289	111.672045	263.853439	575.603424	10973.002	-0.018
020752	36.08083	111.708012	264.216741	576.290278	10972.989	0.089
020812	36.077791	111.742001	263.806945	575.961905	10973.014	-0.113
020832	36.074529	111.775341	261.894386	574.329965	10973.032	-0.254
020852	36.068821	111.811433	257.026055	567.034342	10972.94	0.469
020912	36.060266	111.845449	249.975717	563.259202	10973.294	-7.092
020932	36.049984	111.878259	248.061456	561.759186	10969.52	-14.098
020952	36.039739	111.90979	249.259178	558.971529	10963.125	-14.365
021012	36.030234	111.939781	249.129478	555.480517	10958.489	-9.287
021032	36.020233	111.971271	248.422756	554.201489	10957.569	-3.057
021052	36.00993	112.003495	247.887408	553.765175	10958.068	0.672
021112	35.999884	112.034834	247.912342	552.337549	10957.966	0.405
021132	35.989978	112.065552	248.558464	550.592629	10958.366	-1.594
021152	35.979781	112.097204	249.084538	548.148921	10957.406	2.331
021212	35.969267	112.130034	249.029982	546.014645	10957.055	13.196
021232	35.959172	112.161606	248.946732	547.966186	10965.78	18.14
021252	35.949332	112.192276	249.038229	553.635653	10974.114	12.679
021312	35.939332	112.22327	249.076089	560.45823	10973.504	1.84
021332	35.929126	112.254809	248.518584	565.687747	10972.557	-1.368
021352	35.918694	112.286992	247.935658	568.312239	10973.1	0.133
021412	35.908099	112.319672	247.952432	568.440914	10973.159	-0.239
021432	35.897577	112.352232	248.0271	566.724542	10972.594	1.388
021452	35.886993	112.385092	247.996377	564.777668	10973.303	-1.187
021512	35.876216	112.418477	247.99654	563.151143	10974.45	-12.473
021532	35.865762	112.45045	248.00219	558.699316	10966.584	-14.347
021552	35.85548	112.481796	247.999892	554.960247	10957.867	-6.606
021612	35.844938	112.514358	247.999438	557.706975	10961.638	-1.033
021632	35.834546	112.546456	248.000111	563.406349	10964.73	-0.281
021652	35.824405	112.577498	248.000087	568.242954	10959.465	-1.432
021712	35.813713	112.610284	247.999962	571.889035	10959.235	4.66
021732	35.802656	112.644158	248.000002	576.293213	10965.275	15.446
021752	35.792038	112.676371	248.000007	583.126035	10969.834	20.912
021812	35.781515	112.708487	247.999997	587.741906	10977.712	22.351
021832	35.770656	112.741801	248.0	590.761979	10987.631	15.752
021852	35.759339	112.776138	248.000001	596.836101	10990.637	-4.862
021912	35.748077	112.810215	248.0	598.720856	10983.604	-18.884
021932	35.737052	112.84363	248.0	592.460457	10973.315	-15.469
021952	35.725967	112.877091	248.0	582.478732	10971.868	-4.497
022012	35.714994	112.910244	248.0	575.909415	10973.438	1.186
022032	35.704235	112.942966	248.0	575.868912	10973.037	0.027
022052	35.693534	112.975712	248.0	579.504776	10972.631	0.74
022112	35.682692	113.008652	248.0	581.098949	10973.678	-2.403
022132	35.671655	113.041834	248.0	578.223428	10973.201	-7.922
022152	35.660632	113.074949	248.0	572.534207	10966.936	-4.476
022212	35.650226	113.10628	247.999999	563.564411	10966.204	3.691
022232	35.640064	113.136898	248.0	557.007397	10972.541	8.076
022252	35.628927	113.170355	248.000004	563.069828	10973.84	3.45
022312	35.617677	113.204013	247.999993	574.299581	10972.728	-0.889
022332	35.606882	113.236259	247.999995	582.41992	10972.96	-0.092
022352	35.595907	113.269192	248.000052	586.330936	10973.132	-0.048
022412	35.584706	113.302721	247.999897	586.946595	10972.837	0.453
022432	35.57367	113.335609	247.999933	586.079931	10972.904	0.331
022452	35.563175	113.36697	248.000718	585.739281	10974.011	-5.344
022512	35.552126	113.399911	247.998559	586.367965	10970.842	-7.827
022532	35.540333	113.434944	247.998654	588.476749	10965.218	-1.453
022552	35.529186	113.468165	248.010266	593.010181	10968.247	8.964
022612	35.518485	113.500073	247.985276	598.684813	10974.57	16.555
022632	35.50742	113.532928	247.977007	602.077728	10978.873	16.164
022652	35.495478	113.568253	248.134647	598.728175	10985.575	7.436
022712	35.483661	113.603157	247.788704	592.05815	10987.264	-2.541
022732	35.472643	113.635698	247.026513	587.490252	10981.099	-7.505
022752	35.461501	113.668612	247.506355	587.265887	10979.769	-8.228
022812	35.450004	113.702539	247.963938	589.642065	10979.248	-8.122
022832	35.438445	113.736605	247.175731	591.709763	10973.975	-8.42
022852	35.427206	113.769795	246.865837	592.217535	10972.43	-4.82
022912	35.415946	113.803001	247.027659	591.954075	10972.902	1.672
022932	35.404379	113.837018	247.012284	591.977277	10972.491	7.182
022952	35.392978	113.870659	246.990368	592.279599	10976.631	8.745
023012	35.381654	113.903916	247.001986	595.12702	10980.315	7.677
023032	35.370178	113.937254	247.000882	600.810075	10979.71	7.492
023052	35.358696	113.970608	246.999308	603.946856	10983.404	10.244
023112	35.347403	114.003585	247.000143	603.740878	10989.173	5.077
023132	35.336065	114.03682	247.000063	602.280442	10989.451	-11.637
023152	35.323849	114.072521	246.99995	601.35139	10980.274	-18.827
023212	35.311989	114.107089	247.000011	597.421203	10971.883	-12.518
023232	35.301374	114.137953	247.000005	590.106856	10972.496	-1.747
023252	35.290268	114.170077	246.999993	589.097601	10973.434	1.181
023312	35.278396	114.204568	247.000005	593.026328	10972.861	-0.072
023332	35.266482	114.239415	247.00001	594.678499	10972.83	0.337
023352	35.255297	114.271755	246.999954	589.015023	10973.678	-3.133
023412	35.244651	114.302492	247.000058	581.526098	10972.127	-9.653
023432	35.23371	114.334368	247.000131	578.396753	10966.5	-14.546
023452	35.2216	114.369236	246.999348	576.882513	10961.213	-13.623
023512	35.209478	114.403974	247.00064	574.295911	10957.274	-4.439
023532	35.198584	114.435441	247.002294	568.817194	10956.276	10.499
023552	35.188035	114.465916	246.991929	559.851143	10964.613	19.892
023612	35.177541	114.496068	247.006353	553.666381	10973.663	15.177
023632	35.167042	114.526056	247.005868	556.680301	10973.087	0.492
023652	35.155827	114.558019	246.868926	564.150621	10972.68	-1.699
023712	35.144356	114.590851	247.326957	570.350897	10973.141	0.506
023732	35.13315	114.623113	247.995629	575.63584	10973.016	0.001
023752	35.122247	114.654613	247.461882	584.110782	10972.77	0.559
023812	35.11114	114.686997	246.781103	586.785692	10973.475	-1.685
023832	35.099675	114.720437	246.965684	581.316883	10973.144	-6.793
023852	35.088232	114.753187	247.825743	575.857971	10968.164	-8.628
023912	35.077	114.785092	247.771571	571.578256	10964.226	-5.195
023932	35.066028	114.816435	246.979172	568.32777	10964.768	-0.246
023952	35.055135	114.847693	247.894132	567.583025	10965.852	-1.121
024012	35.043466	114.881059	247.334154	572.588063	10963.837	2.861
024032	35.030858	114.914956	244.537532	580.066557	10967.277	5.527
024052	35.018018	114.945082	243.364594	581.67314	10980.95	-25.703
024112	35.004546	114.975338	242.840875	580.818289	10963.079	-104.637
024132	34.990648	115.007487	242.121074	579.127947	10894.75	-208.89
024152	34.977712	115.037646	241.908685	572.91766	10810.567	-262.424
024212	34.964559	115.068169	242.018837	570.531075	10720.715	-277.311
024232	34.950397	115.100874	242.008391	577.333089	10623.656	-289.03
024252	34.937458	115.130638	241.993294	581.671349	10525.747	-286.526
024312	34.924313	115.160798	242.001544	583.649172	10432.233	-282.154
024332	34.909663	115.194358	242.001034	586.586225	10341.049	-288.5
024352	34.896082	115.225343	241.997424	586.981223	10240.635	-291.32
024412	34.88274	115.255826	242.002782	587.441593	10141.495	-289.516
024432	34.868421	115.288715	242.006088	590.406463	10051.426	-290.462
024452	34.854772	115.320008	241.969907	591.571803	9952.301	-299.802
024512	34.841357	115.350664	242.029468	590.81118	9847.252	-307.609
024532	34.827307	115.382668	242.094498	590.588709	9746.055	-305.635
024552	34.813444	115.414011	241.608894	593.145063	9645.362	-305.817
024612	34.799438	115.446174	242.412917	598.064381	9542.044	-308.272
024632	34.785832	115.47976	244.834581	599.090061	9437.528	-307.003
024652	34.774149	115.511913	245.847854	591.526464	9336.006	-304.444
024712	34.762614	115.544071	246.035493	584.420469	9236.112	-307.283
024732	34.750507	115.576767	246.002233	581.137111	9134.245	-313.783
024752	34.73846	115.609279	245.986417	578.271984	9026.871	-315.008
024812	34.726499	115.641677	245.999475	576.067388	8920.157	-313.99
024832	34.714547	115.674075	246.001861	575.365759	8819.527	-312.677
024852	34.702944	115.705666	245.999341	574.39858	8714.563	-291.804
024912	34.691486	115.736908	245.999961	573.03296	8615.147	-246.572
024932	34.679552	115.76919	246.000158	573.048674	8548.712	-196.404
024952	34.66805	115.800248	245.999898	572.521779	8493.499	-163.658
025012	34.657061	115.829894	245.99998	570.154807	8437.539	-152.313
025032	34.645478	115.860896	246.000351	566.772561	8391.779	-147.154
025052	34.6335	115.893011	245.999228	563.811323	8344.58	-143.536
025112	34.621768	115.924755	245.999764	562.05786	8293.387	-144.671
025132	34.610718	115.954894	246.004759	561.025922	8248.611	-155.74
025152	34.599674	115.984942	245.988639	558.591154	8196.505	-167.702
025212	34.588243	116.015815	245.97469	554.349211	8133.454	-172.024
025232	34.57673	116.046825	246.043033	550.431654	8075.458	-165.648
025252	34.565363	116.07748	246.012634	549.870362	8026.411	-147.232
025312	34.554161	116.107781	245.96153	553.854991	7980.026	-128.849
025332	34.5429	116.1383	247.0	555.0	7940.0	-149.0
025352	34.531493	116.169299	246.047383	556.961179	7881.836	-152.501
025412	34.519509	116.201431	245.875016	555.865457	7833.88	-139.178
025432	34.509473	116.228248	245.959034	554.849615	7791.289	-142.242
025452	34.498845	116.256775	246.331547	551.666614	7741.496	-157.667
025512	34.48619	116.290768	247.019382	544.556767	7686.449	-161.173
025532	34.476846	116.315953	246.101765	541.931734	7633.276	-157.434
025552	34.465727	116.34583	245.664996	544.498322	7580.107	-154.44
025612	34.45303	116.379814	245.951567	548.533945	7528.397	-154.669
025632	34.441564	116.410384	246.121072	550.652773	7479.865	-157.716
025652	34.430376	116.440262	245.849028	553.171221	7423.603	-158.555
025712	34.418393	116.471951	245.27331	556.008359	7363.081	-143.2
025732	34.40652	116.501808	244.915859	552.665168	7329.648	-88.396
025752	34.394655	116.530429	245.068263	554.278064	7321.099	-25.411
025812	34.381808	116.561897	245.201141	575.172053	7309.753	-9.778
025832	34.368318	116.594701	243.979528	588.159147	7309.741	0.137
025852	34.354993	116.626764	242.970567	588.694553	7315.715	8.242
025912	34.342237	116.657496	243.751186	586.544827	7315.454	1.999
025932	34.329285	116.689069	244.160302	585.441345	7314.702	-1.309
025952	34.316204	116.721478	243.971821	586.323305	7315.048	0.251
030012	34.303352	116.753733	243.979456	588.42353	7315.022	0.246
030032	34.290472	116.785958	244.024999	589.766052	7315.023	-0.538
030052	34.277659	116.817806	243.983933	588.441927	7314.958	0.48
030112	34.265086	116.84896	243.947669	584.390738	7314.836	1.69
030132	34.252518	116.879979	244.180043	581.233204	7315.586	-5.922
030152	34.239773	116.911338	243.857544	581.239149	7314.533	4.699
030212	34.227016	116.942829	243.312663	583.150714	7312.746	22.684
030232	34.215075	116.973213	247.06259	580.819445	7321.919	-102.507
030252	34.20457	117.005185	251.606292	578.787106	7290.181	-273.879
030312	34.195336	117.039943	252.908641	578.829549	7179.015	-374.559
030332	34.186557	117.073814	253.067585	570.819996	7016.465	-473.221
030352	34.177833	117.105629	253.020856	552.99995	6829.59	-568.906
030412	34.169331	117.136744	252.324917	533.106444	6635.153	-603.481
030432	34.16144	117.165877	251.938868	515.622786	6426.331	-666.594
030452	34.15354	117.194736	252.015667	501.885833	6186.335	-734.303
030512	34.14546	117.223874	251.999171	489.674305	5934.49	-739.337
030532	34.137929	117.251064	252.006753	477.336822	5695.79	-735.193
030552	34.130136	117.279336	251.953045	466.881964	5439.552	-703.162
030612	34.122936	117.305469	252.081679	462.343129	5221.242	-605.807
030632	34.116158	117.3299	251.728398	463.553738	5054.63	-515.895
030652	34.108588	117.357252	250.900847	464.944437	4875.916	-529.88
030712	34.101504	117.383669	252.580767	464.106947	4692.085	-522.914
030732	34.094955	117.409764	254.185327	460.777655	4524.767	-509.269
030752	34.088402	117.436732	254.013783	456.399416	4362.212	-554.654
030812	34.081698	117.463467	254.267755	460.177078	4163.595	-608.827
030832	34.075083	117.490682	252.57575	491.944618	3966.964	-458.827
030852	34.066462	117.518389	249.667095	514.694406	3813.003	-331.458
030912	34.055901	117.546516	247.415855	516.095726	3703.437	-309.414
030932	34.045204	117.575259	246.834414	513.825486	3623.952	-265.244
030952	34.034854	117.604506	246.982649	512.77542	3555.607	-207.297
031012	34.024486	117.633567	246.799523	510.247009	3484.019	-206.672
031032	34.014056	117.661074	248.236155	506.39673	3412.623	-258.002
031052	34.006413	117.688707	253.22554	503.031551	3326.459	-319.094
031112	34.003047	117.718224	260.333091	501.758128	3211.466	-364.017
031132	34.0006	117.748331	263.766024	502.585334	3076.26	-415.047
031152	33.997551	117.778212	263.040962	502.176921	2925.93	-469.781
031212	33.994675	117.807953	262.91769	495.901972	2761.083	-497.136
031232	33.991747	117.837945	262.884493	489.674642	2590.002	-483.196
031252	33.988742	117.867652	262.950592	483.490062	2430.237	-429.5
031312	33.98608	117.895817	264.557411	469.092692	2301.759	-357.473
031332	33.983485	117.923085	264.610328	447.758885	2198.57	-325.367
031352	33.9808	117.9497	263.0	426.0	2096.0	-335.0
031412	33.978203	117.974963	262.856999	410.899382	1972.51	-331.514
031432	33.97588	117.998363	262.964709	402.543239	1861.639	-302.494
031452	33.9737	118.0213	263.0	398.0	1775.0	-267.0
031512	33.971357	118.045854	263.88319	394.220495	1690.906	-260.261
031532	33.9691	118.06957	263.559435	392.593003	1597.983	-299.656
031552	33.96684	118.092029	262.789202	394.065567	1493.14	-353.421
031612	33.9644	118.1152	263.0	396.0	1372.0	-381.0
031632	33.961971	118.139642	263.038251	394.117718	1232.544	-380.485
031652	33.959669	118.163254	262.984865	386.20104	1107.062	-363.046
031712	33.9575	118.1851	263.0	372.0	998.0	-343.0
031732	33.955377	118.206097	263.002746	353.139686	880.181	-329.027
031752	33.953203	118.2272	262.998914	333.008252	770.987	-306.89
031812	33.9511	118.2475	263.0	315.0	678.0	-274.0
031832	33.949317	118.265122	263.000196	301.060108	590.653	-254.075
031852	33.947689	118.281686	262.999926	288.877454	508.271	-297.931
031912	33.946	118.2981	263.0	272.0	411.0	-267.0
031932	33.944234	118.314393	262.999999	256.056399	337.479	-110.465
031952	33.942688	118.330772	263.000002	260.184204	372.442	-245.462
032012	33.941214	118.34529	263.000002	253.40443	305.379	-279.439
032032	33.939747	118.359284	263.0	247.537288	181.098	-268.413
032052	33.938241	118.374019	263.0	252.214257	55.85	-272.53
032112	33.936772	118.38866	263.0	235.289998	-9.567	-166.952
