205304	40.645	73.7678	29.0	317.0	145.0	0.0
205324	40.658107	73.75761	34.151831	308.853666	445.477	648.444
205344	40.668287	73.741162	67.521211	352.477404	552.213	203.717
205404	40.671304	73.71723	84.971753	401.293569	607.991	131.679
205424	40.673806	73.688072	82.896704	472.524245	630.575	136.365
205444	40.672183	73.655558	102.66199	515.987458	719.413	457.36
205504	40.657852	73.626635	134.854822	512.214313	953.966	738.474
205524	40.641214	73.6136	167.445267	491.054899	1201.546	823.111
205544	40.614	73.6187	206.0	452.0	1509.0	890.0
205604	40.5975	73.6379	232.0	443.0	1791.0	734.0
205624	40.584797	73.663865	239.344129	462.106732	2000.925	820.078
205644	40.573602	73.689951	240.975098	444.47239	2333.936	907.604
205704	40.5625	73.714889	239.399682	442.187586	2621.108	849.626
205724	40.551379	73.739534	239.311648	442.145262	2882.202	673.859
205744	40.540117	73.764491	240.083896	448.666099	3099.46	498.026
205804	40.528295	73.790372	239.417028	474.089162	3240.382	400.693
205824	40.5155	73.818252	238.876403	506.869036	3343.232	333.262
205844	40.501708	73.848261	238.994292	539.398516	3439.093	292.305
205904	40.487352	73.879448	238.996916	571.17826	3537.47	314.716
205924	40.472547	73.911684	238.995498	600.813055	3636.894	374.786
205944	40.456516	73.946624	239.00153	619.166827	3786.532	524.752
210004	40.44063	73.98125	238.999708	623.123349	4000.626	629.572
210024	40.424706	74.015943	239.000091	625.047733	4217.627	581.991
210044	40.408003	74.052152	239.000041	633.155729	4391.815	534.826
210104	40.391833	74.087077	238.999818	640.015887	4563.5	576.388
210124	40.375198	74.123235	238.99933	643.176798	4769.087	599.249
210144	40.358632	74.159174	239.002084	646.715569	4963.856	474.064
210204	40.341909	74.195243	238.990811	653.33853	5107.203	285.621
210224	40.324774	74.232118	239.005235	658.114254	5177.324	131.34
210244	40.307437	74.269469	239.042087	655.912604	5179.157	23.817
210304	40.29014	74.306665	238.8655	655.352832	5171.177	-12.191
210324	40.273116	74.343341	239.073744	658.302859	5174.39	2.015
210344	40.256381	74.379543	239.879393	660.314688	5176.196	20.656
210404	40.239334	74.415777	238.361124	659.585547	5172.943	37.501
210424	40.222059	74.452481	237.046307	658.686255	5190.218	122.635
210444	40.206843	74.490089	248.768443	666.544983	5302.167	434.085
210504	40.198955	74.531537	259.757536	673.463942	5470.705	587.117
210524	40.19626	74.575727	263.619385	677.150541	5643.337	523.753
210544	40.193179	74.619458	264.037079	682.749039	5793.919	454.226
210604	40.189485	74.663015	263.942557	687.754986	5937.409	447.692
210624	40.185948	74.708512	263.990501	689.871837	6092.907	466.608
210644	40.182044	74.756757	264.008452	690.218031	6261.742	471.919
210704	40.17839	74.801629	263.998815	693.712564	6409.425	426.411
210724	40.17503	74.844004	264.000658	698.393393	6535.363	374.341
210744	40.171289	74.890195	264.000038	699.859238	6668.639	366.802
210804	40.167561	74.935499	263.999865	704.728593	6785.818	335.625
210824	40.16378	74.981189	264.000049	710.245219	6887.437	317.098
210844	40.159895	75.028329	264.000003	714.749608	6989.453	333.774
210904	40.156047	75.075401	263.999981	719.759453	7109.293	356.264
210924	40.152371	75.120431	264.000022	720.454337	7232.528	360.709
210944	40.14864	75.165697	263.99995	719.015199	7350.073	351.736
211004	40.144608	75.213908	263.999918	720.780461	7466.722	340.06
211024	40.140634	75.26089	264.000486	720.704044	7580.807	304.757
211044	40.136723	75.306797	263.999265	721.874348	7674.857	278.233
211104	40.132786	75.353036	263.998844	725.660204	7753.516	291.018
211124	40.128867	75.39937	264.00678	724.906667	7861.787	323.849
211144	40.124896	75.446089	263.989763	722.585676	7983.157	331.95
211204	40.120821	75.49334	263.983899	722.829799	8088.792	312.188
211224	40.11672	75.540479	264.094428	723.116997	8183.063	333.465
211244	40.112716	75.58675	263.849417	719.085109	8299.819	363.18
211304	40.108797	75.632255	263.124775	711.857726	8441.001	355.732
211324	40.104728	75.6784	262.772105	710.552618	8546.571	326.933
211344	40.100541	75.725328	263.230078	708.573856	8642.49	297.075
211404	40.096405	75.77198	263.970945	703.122664	8751.902	282.253
211424	40.092459	75.816822	263.550009	707.068241	8833.814	290.312
211444	40.088484	75.861991	262.891674	709.180873	8925.846	311.738
211504	40.084396	75.908148	262.966234	701.344903	9051.418	317.192
211524	40.080508	75.951693	263.034088	698.330761	9152.637	269.943
211544	40.076406	75.996656	262.98936	701.03037	9225.158	231.138
211604	40.071953	76.044987	262.993073	703.172045	9295.447	246.241
211624	40.067907	76.090035	263.028856	700.005669	9388.485	264.862
211644	40.063814	76.132743	262.975361	696.372309	9481.503	278.381
211704	40.059938	76.176837	264.238711	696.730993	9565.798	301.115
211724	40.058361	76.223573	269.514186	697.47495	9683.48	338.418
211744	40.058512	76.269371	272.450612	693.967214	9811.738	339.045
211804	40.059211	76.313805	271.565187	687.972026	9920.482	297.865
211824	40.059728	76.359468	270.764131	684.922523	9996.467	252.708
211844	40.060017	76.405111	271.012169	683.897638	10061.823	224.035
211904	40.060452	76.44772	271.051666	680.657935	10148.684	211.152
211924	40.060821	76.489788	270.984398	678.608787	10219.486	194.541
211944	40.06107	76.533925	270.998003	678.972785	10266.664	163.65
212004	40.061447	76.580522	271.004125	678.810762	10327.206	122.686
212024	40.061852	76.625722	270.997754	679.581121	10364.736	66.273
212044	40.062171	76.668731	270.999121	680.997425	10363.562	11.462
212104	40.062444	76.713445	271.008168	679.511238	10361.956	-2.634
212124	40.062705	76.757965	270.98416	677.236238	10363.352	0.893
212144	40.062973	76.801721	270.989692	676.087158	10363.059	0.054
212204	40.063242	76.847269	271.114716	674.901739	10362.714	0.565
212224	40.063475	76.890315	270.795563	671.355931	10363.365	-1.396
212244	40.06367	76.930266	270.068503	666.461165	10363.367	-7.257
212304	40.063879	76.973941	269.945583	665.260439	10359.005	-9.808
212324	40.06405	77.018291	269.961673	664.295264	10355.236	-5.833
212344	40.064177	77.060816	269.937798	661.334175	10355.75	-0.15
212404	40.064366	77.104937	270.681022	660.239622	10357.03	-3.758
212424	40.064562	77.148126	270.892899	659.637722	10354.35	-9.281
212444	40.064688	77.189163	270.088671	658.174285	10348.563	-8.558
212504	40.064748	77.231777	269.920138	657.630007	10347.41	-3.572
212524	40.064847	77.275262	269.968985	658.399579	10347.977	1.564
212544	40.064988	77.317759	269.93959	659.811814	10347.806	6.8
212604	40.065007	77.358984	270.676616	660.737148	10351.168	16.924
212624	40.065014	77.401567	270.89793	661.065499	10359.421	24.793
212644	40.065091	77.446385	270.093588	661.029113	10369.712	23.829
212704	40.065118	77.490504	269.883895	660.660836	10376.006	15.678
212724	40.065082	77.533421	270.032116	659.444072	10378.706	3.533
212744	40.065011	77.575829	270.006648	658.055774	10378.463	-7.065
212804	40.064939	77.618378	269.991658	658.387118	10373.685	-9.339
212824	40.064882	77.660372	270.002316	657.026803	10370.675	-7.3
212844	40.064816	77.70218	270.000488	653.35072	10371.198	-7.52
212904	40.064684	77.74588	269.999318	652.732626	10367.241	-12.477
212924	40.06457	77.789608	270.000312	652.780578	10360.881	-14.942
212944	40.064511	77.831966	270.00019	652.656311	10356.422	-9.386
213004	40.064403	77.874469	269.998792	657.01894	10355.031	1.254
213024	40.064238	77.917728	270.002047	660.664215	10357.148	10.781
213044	40.064034	77.960881	270.002165	660.134639	10362.127	14.867
213104	40.063804	78.002275	269.983772	659.853272	10367.93	13.157
213124	40.063674	78.044742	270.028349	660.00155	10372.119	3.73
213144	40.063548	78.089081	270.030126	659.960635	10371.689	-7.35
213204	40.06313	78.131259	269.774012	660.539244	10365.131	-4.998
213224	40.063306	78.172366	270.420242	661.144595	10364.292	1.735
213244	40.064493	78.215268	271.877595	661.070247	10370.705	0.9
213304	40.065795	78.260967	271.995503	660.417139	10367.145	-6.966
213324	40.06682	78.302576	272.287347	659.87937	10362.24	-7.067
213344	40.067683	78.341796	273.009118	660.127208	10363.188	0.985
213404	40.068689	78.388046	272.23486	660.898672	10363.125	0.611
213424	40.069708	78.431661	271.853442	660.753304	10362.894	-0.34
213444	40.070698	78.472472	272.021182	659.794736	10363.042	-0.009
213504	40.071696	78.515438	272.001632	658.54418	10363.101	-0.215
213524	40.072715	78.560558	272.050236	656.413635	10362.61	1.049
213544	40.073684	78.605675	271.938645	654.864236	10363.399	-1.14
213604	40.074537	78.646727	271.851769	654.990684	10363.939	-8.93
213624	40.075357	78.681112	272.967009	654.961214	10356.323	-10.174
213644	40.076272	78.725751	272.529676	656.898091	10355.024	-4.191
213704	40.077228	78.773381	271.834575	658.325805	10355.958	3.045
213724	40.078155	78.816221	271.991654	658.015612	10355.884	7.84
213744	40.079038	78.857721	272.005779	658.008429	10360.525	9.224
213804	40.079863	78.900306	272.0527	657.850371	10363.718	5.834
213824	40.080659	78.94456	272.019228	657.947999	10363.031	0.212
213844	40.081477	78.989062	271.346487	659.834142	10363.09	-1.454
213904	40.082217	79.03048	270.895227	661.657383	10362.505	2.346
213924	40.082957	79.070943	270.993977	662.913632	10362.834	7.827
213944	40.083903	79.116676	271.021337	665.060997	10368.423	8.714
214004	40.084734	79.161541	270.992478	666.280993	10371.418	7.51
214024	40.085367	79.203193	270.999568	666.01677	10370.92	7.901
214044	40.086091	79.246651	271.001532	665.673897	10375.194	9.794
214104	40.086814	79.291527	270.99946	663.938513	10379.301	3.612
214124	40.087468	79.335026	270.999969	661.115006	10378.203	-7.663
214144	40.088128	79.375097	271.000111	659.323407	10372.883	-8.86
214204	40.088805	79.416672	270.99996	656.307914	10371.157	-8.634
214224	40.089443	79.460931	270.999995	652.285395	10371.417	-14.217
214244	40.089974	79.503434	271.000009	650.692191	10362.662	-21.776
214304	40.090544	79.544946	270.999997	649.140698	10352.728	-21.004
214324	40.091149	79.58729	271.0	647.068233	10348.269	-9.377
214344	40.091572	79.630674	271.000001	647.885853	10346.75	3.294
214404	40.091978	79.67238	271.0	649.507633	10350.086	9.156
214424	40.092536	79.712087	271.0	649.986861	10355.714	8.146
214444	40.093214	79.753387	270.999999	650.029755	10355.844	7.718
214504	40.09382	79.797447	271.000002	649.97801	10357.549	8.118
214524	40.094261	79.842103	271.000001	649.989306	10362.726	8.033
214544	40.094642	79.883474	270.999987	650.106718	10362.788	7.735
214604	40.0951	79.925166	271.000027	649.771169	10364.655	8.496
214624	40.095647	79.968874	271.000017	649.050088	10370.594	8.321
214644	40.09614	80.011223	270.999814	648.880303	10371.791	2.844
214704	40.096561	80.052947	271.00037	649.095388	10370.649	-0.371
214724	40.096958	80.095164	271.000242	649.048228	10370.891	0.179
214744	40.097381	80.137338	270.997412	648.081517	10371.913	-4.527
214804	40.097712	80.178006	271.005155	646.10263	10369.117	-9.315
214824	40.097968	80.218467	271.003369	644.11607	10363.373	-8.407
214844	40.098357	80.262538	270.963947	643.788941	10362.321	-2.863
214904	40.098734	80.306509	271.071804	644.066761	10363.213	0.737
214924	40.09898	80.347747	271.04692	644.008755	10363.027	0.092
214944	40.099173	80.388249	270.281853	643.979651	10362.951	-0.169
215004	40.099399	80.429155	270.119503	644.015141	10363.015	0.053
215024	40.099673	80.470882	270.931438	644.00739	10363.002	0.007
215044	40.099934	80.513225	271.20599	643.926172	10362.996	-0.012
215104	40.100222	80.554903	270.752347	644.145215	10363.001	0.003
215124	40.100484	80.595867	270.055431	644.094711	10363.0	-0.0
215144	40.100564	80.63766	269.786013	642.55476	10362.998	0.004
215204	40.100658	80.679379	270.314986	642.25669	10363.003	-0.01
215224	40.100877	80.720645	270.993637	643.874418	10363.002	-0.007
215244	40.101088	80.76269	270.462186	644.288474	10362.982	0.072
215304	40.101271	80.805684	269.875235	643.788591	10363.036	-0.144
215324	40.101395	80.848191	269.984375	643.897665	10363.024	-0.094
215344	40.101393	80.888161	270.028588	645.66788	10362.745	1.009
215404	40.101438	80.928609	269.991042	647.731432	10363.507	-2.162
215424	40.101587	80.971208	269.998878	648.923707	10363.331	-7.818
215444	40.101672	81.014023	270.002053	649.525851	10357.941	-4.887
215504	40.101721	81.05711	269.999357	650.493529	10356.901	3.444
215524	40.101792	81.100324	269.999919	651.888161	10362.562	8.121
215544	40.101873	81.142546	270.000148	652.654034	10363.99	2.765
215604	40.101898	81.184096	269.999952	653.323613	10362.296	0.692
215624	40.101821	81.226149	269.999991	654.704543	10362.525	7.137
215644	40.101664	81.269971	270.00001	656.920953	10367.676	9.786
215704	40.101602	81.3146	269.999998	658.202867	10371.773	6.145
215724	40.101687	81.358605	270.000001	658.013445	10371.194	0.524
215744	40.101726	81.401328	269.999984	658.28988	10370.399	-0.534
215804	40.101653	81.443196	269.999984	658.356397	10370.684	0.376
215824	40.101471	81.484961	270.000047	656.681935	10371.647	-2.527
215844	40.101276	81.526486	269.999964	654.858887	10370.535	-9.042
215904	40.101149	81.56795	269.999829	654.915459	10365.232	-14.46
215924	40.10098	81.611575	270.000619	654.866069	10359.215	-13.353
215944	40.100769	81.655945	269.999506	655.164717	10355.736	-6.921
220004	40.100572	81.698592	269.997616	657.176032	10355.727	-0.927
220024	40.100348	81.741161	270.007013	659.300784	10356.217	-0.167
220044	40.10002	81.784643	269.975366	660.405791	10355.491	2.007
220104	40.0997	81.8276	270.0	661.0	10356.0	8.0
220124	40.099575	81.868694	270.142458	662.236745	10360.811	9.644
220144	40.099361	81.912895	269.602425	663.740666	10363.865	4.879
220204	40.099	81.9588	269.0	665.0	10363.0	-0.0
220224	40.09872	81.99987	269.72809	665.797515	10362.203	4.178
220244	40.098476	82.040678	269.828959	666.074638	10365.022	11.444
220304	40.0982	82.0842	269.0	666.0	10371.0	15.0
220324	40.097877	82.128826	268.902651	665.632174	10376.292	11.927
220344	40.097513	82.172542	269.040043	663.896863	10378.855	2.82
220404	40.0971	82.2153	269.0	661.0	10378.0	-8.0
220424	40.096641	82.258455	268.982392	658.616884	10374.081	-14.322
220444	40.096221	82.300974	269.02436	657.967372	10368.229	-13.987
220504	40.09584	82.343276	269.012864	658.074541	10363.272	-8.63
220524	40.095399	82.387241	268.867399	656.364627	10362.559	-2.691
220544	40.094891	82.430028	269.281281	654.296391	10363.03	1.155
220604	40.094373	82.471107	269.983346	653.141128	10362.906	0.62
220624	40.093912	82.514178	269.509012	652.269617	10363.879	-5.314
220644	40.09341	82.557426	268.878639	652.025088	10361.324	-7.692
220704	40.092818	82.599693	268.966419	652.107705	10356.206	-1.636
220724	40.092253	82.643378	269.032273	650.986043	10359.191	5.89
220744	40.091759	82.685256	268.992194	649.740541	10363.683	7.448
220804	40.091298	82.724439	268.997554	649.177055	10363.114	1.437
220824	40.090766	82.767233	269.002574	647.899478	10363.503	-4.88
220844	40.090133	82.810772	268.999387	646.880455	10362.116	-8.693
220904	40.089458	82.851582	268.999523	646.98077	10356.957	-8.839
220924	40.088861	82.893338	269.00141	646.843522	10355.234	-3.649
220944	40.088224	82.937243	268.998387	647.260309	10356.21	0.319
221004	40.087475	82.981314	268.996434	648.740591	10356.206	-0.348
221024	40.086841	83.021585	269.017232	649.153236	10355.268	3.754
221044	40.086239	83.061549	268.978037	649.023133	10356.911	8.708
221104	40.085561	83.104116	268.950554	649.12825	10362.01	7.832
221124	40.084961	83.144194	269.337688	648.066371	10364.074	3.963
221144	40.084346	83.183656	269.912888	646.988009	10363.185	0.41
221204	40.083522	83.227322	270.147763	647.972781	10362.825	-0.379
221224	40.082652	83.271481	269.855699	649.189089	10363.04	0.087
221244	40.081878	83.313109	269.09411	649.029185	10363.006	0.013
221304	40.081076	83.355926	268.196654	648.943693	10362.988	-0.023
221324	40.080299	83.399235	268.145018	649.023408	10363.004	0.005
221344	40.079573	83.441376	268.933893	649.006545	10363.001	-0.001
221404	40.07881	83.482247	269.209618	648.948357	10362.994	0.018
221424	40.077932	83.524641	268.734771	649.115447	10363.011	-0.038
221444	40.07699	83.568518	268.042925	649.875456	10363.007	-0.025
221504	40.076129	83.610155	267.922001	651.349298	10362.922	0.271
221524	40.075214	83.652304	268.02444	652.114927	10363.156	-0.54
221544	40.0742	83.696082	268.003061	651.98377	10363.102	-0.353
221604	40.073247	83.738409	267.9944	652.581814	10361.91	5.505
221624	40.072334	83.780895	268.001755	653.104495	10365.323	7.523
221644	40.071396	83.823901	268.00022	653.009022	10370.923	0.861
221704	40.070414	83.865063	267.999598	653.0281	10366.759	-6.725
221724	40.069381	83.907751	268.000126	652.900891	10361.954	-6.544
221744	40.068308	83.952282	268.000016	652.930983	10362.851	-0.365
221804	40.067228	83.993887	267.999971	654.179585	10363.467	-0.012
221824	40.066196	84.035657	268.000009	655.307095	10362.459	1.524
221844	40.065201	84.078875	268.000001	655.094959	10362.685	7.534
221904	40.064157	84.119979	267.999998	653.774093	10368.023	9.372
221924	40.063051	84.161327	268.000001	652.686138	10371.662	6.359
221944	40.061914	84.204632	268.0	652.092078	10371.014	0.645
222004	40.060783	84.248148	268.0	650.793721	10371.733	-5.554
222024	40.059639	84.290843	268.0	649.652026	10369.083	-8.633
222044	40.058508	84.332883	268.0	649.070278	10363.312	-8.097
222104	40.057455	84.375064	268.0	648.025994	10363.058	-7.635
222124	40.056326	84.41557	268.0	646.151853	10361.584	-8.496
222144	40.055034	84.455829	268.0	644.142184	10356.355	-8.301
222204	40.053687	84.500781	267.999999	643.522195	10355.363	-3.094
222224	40.052398	84.545433	268.000002	644.650506	10356.183	0.884
222244	40.051214	84.586149	268.000001	646.791706	10356.012	0.158
222304	40.050085	84.625614	267.999987	648.48473	10356.094	-0.805
222324	40.04893	84.666895	268.000027	649.106346	10355.736	1.45
222344	40.047722	84.710031	268.000018	649.003916	10355.82	7.322
222404	40.046488	84.751942	267.999812	649.312028	10359.459	13.493
222424	40.045141	84.793774	268.000373	650.698488	10365.565	14.358
222444	40.043733	84.836277	268.000244	652.000307	10370.712	8.718
222504	40.042474	84.878234	267.997388	650.851655	10371.525	2.05
222524	40.041132	84.921056	268.004346	649.871284	10370.843	-0.033
222544	40.039691	84.964523	267.976495	650.09029	10371.443	-1.543
222604	40.0383	85.0068	268.0	650.0	10371.0	-8.0
222624	40.036844	85.048287	268.142257	649.84131	10366.209	-14.061
222644	40.035357	85.091666	267.602497	650.450551	10359.969	-13.788
222704	40.0339	85.1354	267.0	652.0	10356.0	-8.0
222724	40.032501	85.175472	267.728126	653.949622	10355.846	-2.635
222744	40.031083	85.216758	267.828835	656.069281	10355.641	2.885
222804	40.0296	85.26	267.0	658.0	10356.0	8.0
222824	40.028068	85.301361	266.903365	659.379323	10360.789	9.466
222844	40.026538	85.344111	267.038235	660.704568	10363.863	4.991
222904	40.025	85.389	267.0	663.0	10363.0	0.0
222924	40.023404	85.433083	266.993062	666.65719	10362.269	3.895
222944	40.021802	85.476128	267.002745	668.461331	10364.852	12.136
223004	40.0202	85.519	267.0	668.0	10371.0	15.0
223024	40.018549	85.562585	266.999502	667.895411	10377.232	5.768
223044	40.016835	85.606373	267.000197	668.0874	10376.219	-4.199
223104	40.0151	85.6501	267.0	668.0	10371.0	-8.0
223124	40.013418	85.693804	266.999964	667.693374	10371.274	-8.11
223144	40.011792	85.736428	267.000014	668.873379	10368.734	-8.287
223204	40.0101	85.7793	267.0	671.0	10363.0	-8.0
223224	40.00822	85.824606	266.999997	671.478491	10362.673	-3.487
223244	40.006446	85.867576	267.000001	670.139906	10362.505	3.73
223304	40.0048	85.9087	267.0	668.0	10363.0	8.0
223324	40.00302	85.953101	267.0	666.412905	10369.406	3.732
223344	40.001187	85.996613	267.0	665.863078	10369.297	-3.492
223404	39.9994	86.0387	267.0	666.0	10363.0	-8.0
223424	39.997665	86.083024	267.0	666.042917	10362.944	-7.963
223444	39.995926	86.126136	267.0	665.92298	10361.338	-5.903
223504	39.994133	86.167514	267.0	665.454471	10356.565	-2.526
223524	39.992257	86.211179	266.999999	664.21244	10357.903	3.954
223544	39.990301	86.256312	267.0	662.965378	10363.164	7.956
223604	39.9883	86.299275	267.000003	662.892399	10363.517	2.647
223624	39.986311	86.341719	266.999992	663.032641	10362.817	-1.245
223644	39.984408	86.384315	267.000002	663.002575	10362.996	0.107
223704	39.982619	86.426096	267.000037	663.080318	10362.768	1.123
223724	39.98075	86.467105	266.999895	662.752607	10363.751	-3.174
223744	39.978693	86.509735	267.00003	663.070785	10362.784	-8.057
223804	39.976528	86.555667	267.000514	665.261049	10356.831	-4.059
223824	39.974545	86.598268	266.998697	666.135161	10358.627	5.46
223844	39.972579	86.639979	267.003286	666.188516	10364.062	8.207
223904	39.970418	86.685572	267.003647	667.706561	10363.219	0.882
223924	39.968379	86.729986	266.972409	669.710725	10362.731	-1.203
223944	39.966402	86.772816	267.050446	671.658502	10363.063	0.534
224004	39.964362	86.815334	267.175921	673.243354	10362.966	0.874
224024	39.962282	86.858096	266.886734	674.094218	10363.072	-0.353
224044	39.960159	86.901614	266.1579	674.097355	10363.248	-0.924
224104	39.957919	86.946228	265.900726	673.773121	10361.96	4.459
224124	39.955654	86.990058	266.016928	674.211308	10364.102	7.736
224144	39.953461	87.032145	266.010762	675.67698	10370.597	1.753
224204	39.951228	87.076096	265.992872	676.192669	10367.22	-1.475
224224	39.948942	87.122035	266.001215	675.978168	10363.311	0.619
224244	39.946669	87.167282	266.000773	676.020363	10369.783	1.536
224304	39.944463	87.208932	265.999488	675.838024	10369.112	-7.495
224324	39.94225	87.250265	266.000087	676.188228	10361.555	-15.431
224344	39.939923	87.295051	266.000055	678.128107	10356.663	-10.321
224404	39.937478	87.340248	265.999963	681.378483	10355.717	-3.788
224424	39.935012	87.385247	266.000006	684.530806	10355.925	0.99
224444	39.932611	87.430352	266.000003	686.509136	10355.571	6.367
224504	39.93024	87.473857	266.000001	688.113473	10358.65	11.587
224524	39.927802	87.51815	265.999997	689.101724	10364.052	15.685
224544	39.925313	87.564651	265.99999	689.071802	10369.219	16.318
224604	39.923027	87.607688	266.000044	688.921543	10375.494	8.774
224624	39.920709	87.649677	265.999955	689.045325	10377.677	-1.844
224644	39.918093	87.694997	265.999853	689.128085	10372.506	-6.98
224704	39.915504	87.740612	266.000698	688.317895	10369.52	-4.53
224724	39.913019	87.784935	266.0006	687.170944	10370.557	-0.215
224744	39.910524	87.828057	265.997508	686.916368	10371.86	-2.67
224804	39.907944	87.871858	266.003095	686.960395	10370.127	-9.814
224824	39.905273	87.917456	266.006939	686.859856	10364.579	-14.758
224844	39.90259	87.962923	265.96637	687.980728	10358.723	-12.797
224904	39.899943	88.007781	266.042883	689.168695	10355.609	-6.251
224924	39.897344	88.052318	266.096548	689.096709	10355.805	-0.662
224944	39.894771	88.096556	265.406679	688.938819	10356.263	0.01
225004	39.892125	88.140949	265.046335	690.757819	10355.805	0.647
225024	39.88938	88.185724	265.812327	694.387583	10355.611	6.221
225044	39.886699	88.23033	266.227138	695.412734	10358.714	12.938
225104	39.884021	88.275362	265.841913	694.977811	10364.591	14.574
225124	39.88122	88.321292	265.123257	695.125747	10370.154	8.833
225144	39.878314	88.367074	264.896821	693.866096	10371.739	2.249
225204	39.875492	88.411406	265.013022	691.695436	10370.882	0.118
225224	39.872847	88.454032	265.012842	690.233031	10370.769	1.35
225244	39.870045	88.497488	264.993698	689.948643	10371.331	-6.403
225304	39.866997	88.543859	265.033659	690.137692	10367.641	-13.553
225324	39.863959	88.590202	264.956562	689.849972	10361.687	-15.255
225344	39.861103	88.634063	264.90202	689.671125	10357.238	-15.353
225404	39.858277	88.678389	265.600446	692.211358	10351.63	-12.633
225424	39.855356	88.723807	265.944541	695.770383	10347.343	-5.894
225444	39.852345	88.769334	265.167116	697.741376	10347.46	4.872
225504	39.849404	88.814054	264.872587	698.571313	10350.678	17.313
225524	39.846448	88.858936	265.026273	700.902975	10358.568	23.331
225544	39.843431	88.904646	265.011681	704.657209	10369.255	17.632
225604	39.840595	88.94961	264.990778	703.912024	10372.361	6.271
225624	39.837776	88.994188	265.001982	703.472604	10370.659	-0.773
225644	39.834721	89.039403	265.001228	707.292487	10370.657	-0.011
225704	39.831472	89.085278	264.999295	707.078129	10371.679	-2.351
225724	39.828223	89.130998	265.000101	704.94778	10370.52	-9.028
225744	39.825104	89.175993	265.00013	706.996058	10365.168	-14.275
225804	39.821897	89.221419	264.999792	709.287423	10359.452	-14.151
225824	39.818688	89.26666	265.000084	710.025191	10355.741	-6.952
225844	39.815603	89.31126	265.000634	710.40204	10355.043	4.662
225904	39.8122	89.35892	264.997999	712.649386	10358.792	9.662
225924	39.808661	89.407619	265.001093	715.122637	10363.26	6.517
225944	39.805463	89.452876	265.010057	714.404486	10363.493	1.629
230004	39.802296	89.497692	264.976189	711.180095	10362.802	-0.552
230024	39.799	89.5437	265.0	708.0	10363.0	0.0
230044	39.795689	89.58981	265.183084	707.462244	10363.093	0.128
230104	39.7924	89.6351	265.0	708.0	10363.0	0.0
230124	39.789105	89.67942	264.198605	707.854904	10362.928	0.181
230144	39.785633	89.72526	264.177158	708.599217	10363.159	-0.502
230204	39.7821	89.7722	265.0	710.0	10363.0	0.0
230224	39.778803	89.817378	265.25112	710.058352	10362.098	5.121
230244	39.775477	89.862399	264.611363	710.202205	10365.169	9.31
230304	39.771977	89.908567	263.994924	710.971116	10370.823	8.203
230324	39.76844	89.955338	264.692291	711.157518	10371.615	2.64
230344	39.764917	90.001308	264.859819	710.790191	10370.811	-0.887
230404	39.761379	90.046973	264.029745	710.048531	10370.997	-0.079
230424	39.7578	90.094035	263.894748	708.853956	10370.843	0.857
230444	39.754418	90.138758	264.037106	707.200476	10371.438	-1.846
230504	39.751168	90.181225	264.002133	705.114983	10371.138	-7.713
230524	39.74767	90.226214	263.992443	702.858572	10366.16	-12.652
230544	39.74411	90.271713	264.002664	701.699466	10361.068	-16.769
230604	39.740579	90.316719	264.000153	701.967932	10356.349	-15.416
230624	39.736927	90.362978	263.999457	702.67024	10348.725	-1.247
230644	39.733254	90.408839	264.000192	703.165055	10351.407	13.804
230704	39.729586	90.453567	264.000011	703.029072	10362.645	16.355
230724	39.725821	90.498537	263.999961	702.22488	10363.849	3.782
230744	39.72207	90.544524	264.000077	701.890854	10362.368	-1.568
230804	39.718337	90.591211	263.999947	702.005409	10363.191	-0.171
230824	39.714581	90.637474	263.999725	701.95798	10363.737	-4.953
230844	39.71092	90.681846	264.000872	702.235113	10360.463	-8.43
230904	39.7073	90.7252	264.0	703.0	10356.0	-7.0
230924	39.703571	90.769652	263.995832	704.129372	10355.63	-2.709
230944	39.699811	90.814922	264.00899	705.877649	10355.887	2.116
231004	39.695996	90.860693	264.002744	707.910646	10355.922	7.65
231024	39.691998	90.907067	263.944729	709.364198	10359.517	15.485
231044	39.688044	90.953114	264.142389	710.4972	10366.384	20.468
231104	39.684214	90.998654	264.643607	710.958758	10373.994	18.474
231124	39.680304	91.044716	265.082951	709.320704	10378.717	8.886
231144	39.676342	91.090618	265.098816	705.786132	10378.62	-5.033
231204	39.672728	91.133179	264.483567	703.497714	10375.112	-13.739
231224	39.669016	91.177046	263.92553	702.981144	10369.436	-14.525
231244	39.66484	91.225278	263.96574	703.061071	10363.839	-9.628
231304	39.660808	91.27069	264.032863	702.475312	10362.371	-3.234
231324	39.656922	91.314206	263.985574	701.975504	10363.13	0.461
231344	39.652923	91.359628	263.977097	702.092004	10363.058	0.205
231404	39.648791	91.406734	264.101521	701.406661	10362.955	-0.16
231424	39.64469	91.452842	263.867871	702.828684	10363.009	0.033
231444	39.640704	91.496753	263.134918	708.990871	10363.004	0.014
231504	39.636632	91.541735	262.886878	717.278874	10362.995	-0.009
231524	39.632476	91.587805	263.014137	723.663295	10363.001	-0.001
231544	39.628336	91.633656	263.013303	724.870459	10363.004	-0.012
231604	39.624255	91.679559	262.992386	720.901077	10362.987	0.046
231624	39.620186	91.725333	263.001015	715.262087	10363.01	-0.038
231644	39.616013	91.770879	263.000956	711.779122	10363.048	-0.182
231704	39.611616	91.817311	262.999451	709.836405	10362.827	0.659
231724	39.607273	91.86337	263.000074	707.548037	10363.138	-0.534
231744	39.603235	91.90776	263.00008	704.092753	10363.733	-6.054
231804	39.599039	91.953307	262.99996	702.165083	10360.278	-9.314
231824	39.594667	91.999683	263.000004	702.00483	10355.756	-7.653
231844	39.590441	92.044465	263.000006	702.008244	10355.741	-2.714
231904	39.586388	92.087837	262.999997	701.996429	10355.658	3.316
231924	39.582288	92.131645	263.0	702.000159	10356.143	8.181
231944	39.5779	92.177591	263.000001	702.000218	10361.022	9.436
232004	39.573491	92.223471	262.999999	702.000791	10363.941	4.475
232024	39.569186	92.268221	263.0	701.999716	10362.913	0.018
232044	39.564877	92.312697	263.000004	701.994874	10362.029	5.187
232104	39.560437	92.358219	262.999989	702.01464	10365.852	9.555
232124	39.555982	92.403948	263.000003	701.995863	10371.144	7.812
232144	39.551716	92.448042	263.000052	701.928022	10371.289	2.747
232204	39.547407	92.491962	262.999854	702.25347	10371.402	-3.356
232224	39.542866	92.537653	263.000041	703.045556	10370.834	-8.172
232244	39.538152	92.585136	263.000718	704.195436	10365.207	-9.279
232304	39.533717	92.629041	262.997965	706.27324	10362.077	-4.917
232324	39.529372	92.671876	263.000574	708.035104	10363.056	0.107
232344	39.524617	92.719895	263.009994	707.896077	10363.363	-0.276
232404	39.520049	92.765478	262.971653	708.787107	10362.308	2.353
232424	39.515675	92.808422	263.008001	709.994784	10363.181	8.221
232444	39.511015	92.854812	263.139195	708.609638	10368.84	9.441
232504	39.506369	92.900991	262.555875	707.921623	10371.902	4.844
232524	39.501765	92.94597	262.008368	707.957238	10370.945	-0.103
232544	39.49697	92.991974	262.769731	706.033855	10370.639	0.292
232604	39.492181	93.037748	262.792565	704.044501	10371.693	-2.37
232624	39.487464	93.082854	261.973299	702.955775	10370.818	-8.218
232644	39.482763	93.127832	261.913035	702.211336	10365.144	-9.385
232704	39.478249	93.171847	262.038665	701.87858	10362.143	-5.002
232724	39.473769	93.215619	261.998083	702.016909	10363.043	0.147
232744	39.46903	93.260484	261.993756	702.241852	10363.139	0.479
232804	39.464365	93.304457	262.002776	700.997732	10362.938	-0.212
232824	39.459765	93.348019	261.999862	694.461879	10363.003	0.01
232844	39.454962	93.393167	261.999552	682.129586	10363.011	0.03
232904	39.450213	93.437583	262.000199	679.879778	10362.992	-0.004
232924	39.445566	93.48087	261.99999	686.216805	10363.001	-0.002
232944	39.440879	93.524408	261.999968	686.732355	10363.017	-0.053
233004	39.43631	93.567165	262.000015	685.595425	10362.954	0.157
233024	39.4317	93.6104	262.0	686.0	10363.0	0.0
233044	39.42675	93.65613	261.999997	686.748484	10363.228	-0.789
233104	39.421958	93.699735	262.000001	687.089608	10362.426	2.286
233124	39.4173	93.742	262.0	687.0	10363.0	8.0
233144	39.412285	93.788098	261.999999	686.953745	10368.534	9.486
233204	39.407434	93.832715	262.000002	687.084421	10371.894	5.178
233224	39.4028	93.8749	262.0	687.0	10371.0	-0.0
233244	39.397925	93.918901	261.999989	686.270609	10370.616	0.259
233304	39.393158	93.961718	262.000027	685.981168	10371.641	-2.094
233324	39.3885	94.0033	262.0	686.0	10371.0	-8.0
233344	39.383541	94.047212	261.999853	684.945887	10365.424	-9.41
233404	39.37847	94.092136	262.000372	682.874154	10362.189	-5.453
233424	39.3735	94.1362	262.0	681.0	10363.0	0.0
233444	39.368649	94.179005	261.997951	680.749581	10362.951	1.337
233504	39.363702	94.222984	262.005179	681.256983	10363.452	-2.539
233524	39.3587	94.2676	262.0	681.0	10363.0	-8.0
233544	39.353857	94.310097	261.971462	679.363066	10358.11	-9.21
233604	39.348861	94.353323	262.072127	679.464347	10355.362	-5.793
233624	39.3437	94.3978	262.0	681.0	10356.0	0.0
233644	39.338716	94.440857	261.306221	680.85186	10355.518	5.423
233704	39.333913	94.482226	260.893493	681.873499	10357.768	10.32
233724	39.329	94.5245	261.0	684.0	10363.0	8.0
233744	39.323675	94.570495	261.019335	684.081495	10365.287	-8.194
233804	39.318413	94.615283	260.992332	684.357232	10357.762	-16.838
233824	39.3134	94.6574	261.0	686.0	10348.0	-8.0
233844	39.308385	94.700062	261.001538	687.926748	10351.652	8.321
233904	39.303303	94.743539	260.999464	689.8836	10358.579	17.207
233924	39.298069	94.787941	260.999969	691.896504	10362.756	15.198
233944	39.2926	94.833607	261.00011	693.964608	10368.505	11.076
234004	39.287206	94.87864	260.999959	695.757066	10371.835	4.812
234024	39.282054	94.921968	260.999997	697.856226	10371.076	0.008
234044	39.276978	94.96454	261.000021	701.036498	10370.157	4.276
234104	39.271655	95.008736	260.999967	701.788319	10372.806	10.046
234124	39.266078	95.054795	260.999991	700.057733	10377.807	8.376
234144	39.26058	95.100437	261.000188	699.912404	10379.35	-2.677
234204	39.25517	95.145051	260.999575	699.710881	10375.805	-9.649
234224	39.249747	95.189168	260.999752	698.183115	10371.18	-8.191
234244	39.24425	95.233634	261.002613	696.289659	10371.645	-7.649
234304	39.238886	95.277244	260.99504	694.041798	10368.673	-8.11
234324	39.23359	95.320502	261.006207	691.675894	10362.567	-7.959
234344	39.228052	95.365334	261.031566	690.159682	10363.137	-7.854
234404	39.222515	95.409598	260.884715	690.190554	10360.296	-8.489
234424	39.217093	95.452875	261.09308	689.760593	10355.639	-7.607
234444	39.211709	95.49616	261.895588	687.440077	10355.854	-2.539
234504	39.206208	95.539781	261.685	687.453343	10355.352	4.944
234524	39.200817	95.582453	260.932914	689.198411	10356.671	7.725
234544	39.195722	95.623591	260.936743	689.377021	10362.478	1.898
234604	39.190351	95.666665	261.036697	687.902253	10359.957	-1.088
234624	39.184634	95.711386	260.994721	687.046156	10356.216	0.192
234644	39.178882	95.755302	260.993223	688.484252	10361.997	0.4
234704	39.173275	95.798219	261.010717	689.451798	10360.429	-1.059
234724	39.167637	95.842189	260.993175	690.20578	10355.998	0.804
234744	39.161853	95.887972	260.968375	691.816805	10361.069	7.411
234804	39.156448	95.930461	261.113345	691.32825	10364.263	4.617
234824	39.15105	95.972387	260.908736	689.892764	10362.667	0.156
234844	39.145097	96.018448	260.113395	689.998646	10361.919	6.405
234904	39.139223	96.063566	260.282368	689.54319	10367.172	6.693
234924	39.133547	96.107046	261.093127	689.023911	10370.824	-1.321
234944	39.127817	96.151076	261.18908	689.804121	10364.978	-7.711
235004	39.122057	96.194962	260.427033	689.91841	10361.922	-5.153
235024	39.116351	96.238398	260.045045	690.159986	10363.147	0.482
235044	39.110703	96.281789	260.850397	691.737053	10363.153	0.402
235104	39.104909	96.325772	260.710831	691.675177	10362.856	-0.036
235124	39.09902	96.369737	259.929499	692.412893	10363.063	-0.148
235144	39.093167	96.41304	259.933659	696.784954	10363.266	-0.855
235204	39.087211	96.457024	260.037971	698.64162	10362.067	3.845
235224	39.081204	96.501426	259.994938	697.922516	10363.748	8.024
235244	39.075319	96.545102	259.995237	697.964677	10370.179	2.895
235304	39.069596	96.588076	260.002726	697.87817	10368.431	-5.011
235324	39.063815	96.631377	259.999637	698.130327	10362.502	-7.824
235344	39.0578	96.675665	259.999658	699.545555	10362.683	-2.499
235404	39.051859	96.719423	260.000196	700.402985	10362.612	3.998
235424	39.045885	96.763271	259.999974	699.820063	10363.51	8.587
235444	39.039712	96.807992	259.999975	698.3511	10369.178	9.711
235504	39.03382	96.850851	260.000014	697.870289	10372.588	1.343
235524	39.028004	96.893606	259.999998	697.971548	10370.304	-9.017
235544	39.02181	96.939132	259.999997	697.314549	10364.522	-9.702
235604	39.015506	96.984594	260.000006	696.386323	10362.054	-3.557
235624	39.009271	97.029176	259.999996	694.628611	10363.231	-0.145
235644	39.00313	97.073493	259.99998	692.217363	10363.709	-5.68
235704	38.997054	97.116864	260.00007	693.034493	10360.166	-10.456
235724	38.99085	97.160173	259.999944	695.162009	10355.5	-6.72
235744	38.984423	97.204637	259.999729	695.025239	10354.996	4.772
235804	38.978188	97.24925	260.00098	695.62902	10359.162	10.294
235824	38.972211	97.292969	259.999218	697.207513	10363.33	7.242
235844	38.96629	97.335459	259.996223	697.982506	10363.257	1.616
235904	38.960267	97.377681	260.013656	697.795083	10363.054	-1.575
235924	38.954054	97.421311	259.98911	698.193175	10362.833	0.777
235944	38.9477	97.466742	259.947389	699.846517	10362.099	6.939
000004	38.941487	97.510534	260.193649	699.153908	10366.977	6.611
000024	38.935264	97.552975	259.901123	698.042749	10370.902	-0.878
000044	38.928782	97.596716	258.826138	699.709603	10365.253	-7.77
000104	38.922436	97.642537	260.385852	699.153467	10362.085	-4.615
000124	38.916634	97.688877	262.12755	698.057575	10363.343	0.575
000144	38.911477	97.733149	261.12545	699.724971	10363.253	-0.332
000204	38.906661	97.774286	261.443989	700.176039	10361.861	4.647
000224	38.901634	97.816191	261.970081	700.08515	10364.698	7.758
000244	38.896128	97.861434	261.144482	700.218237	10370.757	1.548
000304	38.890507	97.906833	260.860621	698.16384	10367.205	-5.104
000324	38.885129	97.950438	261.037623	697.117544	10362.493	-8.768
000344	38.879945	97.99304	261.020273	699.356034	10363.393	-8.749
000404	38.874356	98.038114	260.955556	701.369127	10358.875	-4.159
000424	38.868569	98.084193	261.045608	702.083177	10356.565	0.983
000444	38.862978	98.128569	261.098829	702.046984	10362.325	1.152
000504	38.857472	98.171522	260.39947	702.037293	10360.522	-5.526
000524	38.851889	98.214924	260.054735	703.661656	10355.128	-6.822
000544	38.846151	98.25995	260.830963	707.181325	10355.354	4.219
000604	38.840338	98.30523	261.139662	709.750708	10358.56	12.069
000624	38.83462	98.349913	260.997453	711.053289	10363.269	12.933
000644	38.829076	98.394114	261.063376	712.136577	10368.639	10.041
000704	38.823351	98.439765	260.865117	713.554785	10371.524	5.167
000724	38.817435	98.486528	260.776191	714.880955	10371.183	0.649
000744	38.811877	98.530747	262.047794	714.798624	10370.846	-0.437
000804	38.806384	98.57409	259.618425	715.431353	10371.045	0.029
000824	38.798639	98.618414	251.393294	718.78855	10371.013	-0.026
000844	38.784761	98.661087	245.62863	723.068886	10370.669	1.025
000904	38.767361	98.702548	243.252861	725.836637	10370.783	0.729
000924	38.75058	98.74415	242.731317	725.155594	10371.843	-3.903
000944	38.734572	98.785923	243.166898	723.914536	10369.93	-8.87
001004	38.718383	98.827108	243.881187	724.180279	10364.059	-8.885
001024	38.702692	98.867058	244.095578	722.128073	10362.196	-3.782
001044	38.686851	98.907861	243.972587	717.861464	10363.169	0.561
001104	38.670313	98.950782	243.971205	713.752284	10363.083	0.223
001124	38.65414	98.992991	244.106774	711.637434	10362.897	-0.041
001144	38.638531	99.033469	243.865983	710.812629	10363.069	-0.162
001204	38.623034	99.073022	243.132343	710.685028	10363.135	-0.439
001224	38.607075	99.113455	242.899252	712.921	10362.367	3.204
001244	38.590851	99.154575	243.021542	715.436639	10363.839	9.651
001304	38.574782	99.195336	243.011233	716.00015	10369.435	14.571
001324	38.558892	99.235362	242.982758	716.00656	10375.121	13.524
001344	38.542677	99.276052	243.014311	715.985502	10378.608	5.324
001404	38.525955	99.318182	243.029545	715.96522	10378.691	-5.957
001424	38.509578	99.359758	242.859363	716.170842	10374.451	-10.371
001444	38.493809	99.399893	243.183436	715.777051	10370.381	-6.419
001504	38.478432	99.43895	243.981096	714.929596	10370.536	-0.41
001524	38.46301	99.478326	243.54832	716.010229	10372.322	-2.969
001544	38.447039	99.519897	244.72173	715.282163	10369.467	-10.885
001604	38.432509	99.562665	250.363496	709.66796	10362.836	-10.488
001624	38.423444	99.603802	256.99801	704.284269	10363.325	1.076
001644	38.416256	99.648838	259.041465	703.086281	10363.737	-4.196
001704	38.409115	99.694681	258.53901	702.546299	10360.192	-9.227
001724	38.401953	99.738743	258.003602	702.003417	10355.877	-6.771
001744	38.39523	99.780856	258.668515	702.670389	10355.605	-1.695
001804	38.388378	99.824093	259.139396	703.131168	10356.155	0.811
001824	38.3813	99.8685	259.0	703.0	10356.0	-0.0
001844	38.374396	99.911607	258.982177	703.025822	10356.128	-0.808
001904	38.367605	99.954005	258.993575	702.883323	10355.608	2.05
001924	38.3606	99.9977	259.0	703.0	10356.0	7.0
001944	38.353151	100.043901	259.107577	704.235488	10360.071	8.477
002004	38.345984	100.088196	258.884283	705.05666	10363.463	6.103
002024	38.339412	100.12867	258.227862	704.83796	10363.314	1.711
002044	38.33252	100.170734	257.902948	705.771102	10363.003	-1.247
002104	38.325168	100.215546	257.995056	707.899923	10363.036	-0.188
002124	38.317912	100.260206	258.017512	709.457992	10362.148	5.207
002144	38.310824	100.303759	257.993826	710.337412	10365.182	9.175
002204	38.303667	100.347457	257.999645	710.966739	10370.832	8.165
002224	38.296188	100.393237	258.001257	711.421563	10371.403	3.392
002244	38.288855	100.437921	257.999557	710.152264	10371.296	-2.79
002304	38.281759	100.480922	257.999975	710.744382	10371.147	-7.823
002324	38.27443	100.525459	258.00009	719.948298	10365.797	-9.335
002344	38.266897	100.570754	257.999968	729.814286	10362.153	-5.681
002404	38.259372	100.615308	257.999998	734.837579	10362.951	-0.17
002424	38.251971	100.659006	258.000007	736.930238	10363.169	0.61
002444	38.244261	100.705259	257.999997	736.509736	10362.948	-0.239
002504	38.236202	100.753901	258.0	735.042235	10362.999	-0.021
002524	38.228282	100.800684	258.000004	734.956773	10362.96	0.218
002544	38.220519	100.846594	257.999992	734.771015	10363.113	-0.409
002604	38.212878	100.892252	257.999998	734.914565	10363.036	-0.122
002624	38.205421	100.936385	258.000049	737.797256	10362.274	4.22
002644	38.198139	100.979378	257.999887	738.952101	10364.84	8.585
002704	38.190679	101.023317	257.999906	737.210769	10370.343	7.81
002724	38.182526	101.070657	258.00073	736.752586	10372.583	-0.482
002744	38.174457	101.117726	257.999158	736.991883	10369.884	-8.262
002804	38.167006	101.161927	257.997368	736.817405	10364.518	-8.484
002824	38.159304	101.207192	258.007731	737.775773	10362.308	-3.936
002844	38.151183	101.254339	257.995829	739.063593	10363.065	0.226
002904	38.143077	101.30129	257.966765	739.016096	10363.099	0.345
002924	38.135223	101.346407	258.106022	739.326144	10362.949	-0.17
002944	38.127405	101.391167	257.941763	740.041764	10363.005	0.014
003004	38.119285	101.43789	257.142968	740.055991	10363.012	0.007
003024	38.111091	101.484589	257.244573	739.998245	10362.982	0.044
003044	38.102996	101.530473	258.064113	739.985992	10363.008	-0.03
003104	38.09496	101.576424	258.20486	739.868216	10363.063	-0.244
003124	38.08674	101.62346	257.478002	740.56129	10362.802	0.782
003144	38.078735	101.669169	257.022487	742.18609	10363.108	-0.43
003204	38.0713	101.711571	257.789083	744.139703	10363.933	-6.55
003224	38.063185	101.757389	257.786694	745.947748	10360.088	-6.74
003244	38.054585	101.805518	256.972865	747.025726	10356.0	0.391
003304	38.046651	101.849723	256.893544	747.062691	10360.219	6.412
003324	38.038593	101.894484	257.03664	747.089073	10363.859	5.48
003344	38.030211	101.941198	257.002106	747.931527	10363.049	0.177
003404	38.022177	101.986456	256.992536	749.482677	10362.825	-0.626
003424	38.013881	102.033129	257.002636	749.987871	10363.063	0.218
003444	38.005226	102.081341	257.000153	749.952028	10363.004	0.012
003504	37.996922	102.127236	256.999428	751.899123	10362.982	-0.025
003524	37.988638	102.173012	257.000269	753.398116	10363.016	-0.03
003544	37.980128	102.220134	257.000036	753.041275	10363.004	-0.013
003604	37.971634	102.267064	256.999462	752.47757	10362.926	0.28
003624	37.963497	102.312001	257.001146	754.180788	10363.167	-0.642
003644	37.955359	102.356797	257.000663	757.700408	10363.097	-0.376
003704	37.94639	102.405716	256.99303	759.656904	10361.976	5.69
003724	37.937595	102.453498	257.013838	760.039937	10365.186	7.176
003744	37.929343	102.498241	257.009038	759.987788	10370.833	0.637
003804	37.920598	102.545403	256.869079	760.365485	10368.065	-3.195
003824	37.911604	102.59382	256.908294	760.911876	10363.132	-1.349
003844	37.902984	102.640358	257.487742	761.069195	10366.413	5.233
003904	37.894597	102.685807	258.109545	760.982034	10371.768	7.473
003924	37.886134	102.731583	258.127132	760.982091	10371.44	1.413
003944	37.877678	102.776751	257.5206	761.047459	10370.577	-0.426
004004	37.868733	102.823759	256.928918	760.955085	10371.209	-0.43
004024	37.859222	102.873656	256.929391	760.857026	10371.56	-5.859
004044	37.850617	102.920337	257.156974	761.794088	10367.966	-12.578
004104	37.842404	102.965242	256.856934	763.266973	10361.762	-14.822
004124	37.833516	103.01225	256.044543	764.024242	10356.832	-10.093
004144	37.824518	103.059541	256.486814	763.612594	10355.442	-3.252
004204	37.815623	103.106333	256.947868	764.456309	10356.141	0.168
004224	37.806702	103.153074	256.110217	768.018357	10356.231	-0.45
004244	37.797644	103.200397	256.409241	770.356748	10355.234	3.526
004304	37.788609	103.247541	256.996324	771.136169	10356.781	8.554
004324	37.779701	103.29401	256.25049	771.832753	10362.041	8.347
004344	37.7706	103.341481	255.740042	772.209138	10362.934	7.794
004404	37.761507	103.38882	256.149414	771.854788	10363.716	8.011
004424	37.752641	103.434917	256.925211	771.061912	10369.603	7.921
004444	37.743537	103.482487	256.66833	771.316996	10371.105	8.368
004504	37.734337	103.530195	255.935111	770.680195	10371.496	7.688
004524	37.725362	103.575734	255.938693	767.177587	10376.966	2.918
004544	37.716218	103.622033	256.036176	764.672582	10376.589	-6.852
004604	37.706863	103.670052	255.997002	763.954025	10370.379	-15.516
004624	37.697596	103.718187	255.99735	763.377443	10365.037	-16.164
004644	37.688761	103.763258	255.994774	762.220339	10359.791	-12.742
004704	37.680055	103.80716	256.001931	760.953308	10355.898	-7.706
004724	37.670875	103.85426	256.034977	760.664952	10355.677	-1.824
004744	37.661309	103.903148	255.900021	761.786012	10356.111	0.846
004804	37.651839	103.951025	256.028289	763.023567	10356.003	-0.078
004824	37.642851	103.996386	256.8346	762.880659	10356.165	-0.876
004844	37.633714	104.042377	256.763769	763.778051	10355.474	2.612
004904	37.624222	104.089992	255.974715	766.118965	10356.151	8.21
004924	37.614748	104.137388	255.917429	768.213272	10361.036	9.442
004944	37.60567	104.182688	256.037343	769.848779	10363.975	4.74
005004	37.596745	104.227166	255.997974	771.048644	10362.9	-0.069
005024	37.587375	104.273892	255.988642	771.76438	10361.344	2.633
005044	37.577621	104.32259	256.001136	772.007671	10363.8	7.567
005104	37.567761	104.371822	256.000431	771.986087	10370.344	8.371
005124	37.558166	104.419452	255.999659	772.15046	10371.62	3.819
005144	37.54872	104.465735	255.999762	771.650921	10371.088	-2.318
005204	37.539168	104.512257	255.999753	770.968318	10371.19	-6.687
005224	37.529419	104.560382	256.003499	772.299482	10367.222	-8.566
005244	37.519832	104.60791	255.999343	774.052673	10362.877	-6.805
005304	37.510656	104.652938	255.989282	774.205982	10362.601	-1.758
005324	37.501272	104.698626	256.030011	773.807121	10363.177	0.697
005344	37.491397	104.746536	255.991546	774.037588	10362.991	-0.034
005404	37.481359	104.795246	255.85298	775.28762	10362.972	-0.109
005424	37.471898	104.841498	256.46629	776.775094	10363.01	0.041
005444	37.462444	104.887417	256.996007	776.724634	10362.998	-0.01
005504	37.45229	104.935828	256.246222	775.690528	10362.999	-0.004
005524	37.442641	104.982043	255.400618	778.915838	10363.001	0.003
005544	37.433024	105.028454	254.905504	782.43879	10363.0	-0.001
005604	37.423034	105.076647	254.860074	782.103808	10363.0	-0.0
005624	37.414023	105.120001	255.57663	782.688155	10363.0	0.0
005644	37.404503	105.165486	255.960407	784.226236	10363.0	-0.0
005704	37.39319	105.219257	255.20474	784.815638	10363.0	-0.0
005724	37.38294	105.268063	254.869705	785.746257	10363.0	0.001
005744	37.373443	105.31331	255.022217	787.352172	10363.0	-0.001
005804	37.363206	105.361887	255.014125	789.324059	10363.001	-0.003
005824	37.352959	105.410384	254.990645	791.647734	10362.996	0.014
005844	37.342728	105.458505	255.001595	793.146547	10363.004	-0.015
005904	37.33224	105.507455	255.001015	793.073193	10363.013	-0.048
005924	37.321873	105.555881	254.999326	793.038163	10362.948	0.199
005944	37.311813	105.603169	255.000117	792.903743	10363.054	-0.207
010004	37.301963	105.649646	255.000087	792.619526	10363.197	-0.748
010024	37.291973	105.696311	254.99995	794.690929	10362.306	3.286
010044	37.28162	105.744337	255.000007	797.20827	10363.559	8.498
010104	37.270995	105.793814	255.000007	797.191388	10369.187	8.416
010124	37.260647	105.842138	254.999996	797.009011	10371.905	3.955
010144	37.250375	105.889818	255.0	796.97193	10370.948	-0.086
010204	37.239669	105.938844	255.000004	795.800029	10370.648	0.186
010224	37.229112	105.986995	254.999993	794.444718	10371.447	-1.427
010244	37.21882	106.034114	254.999998	793.089738	10371.122	-7.634
010304	37.208311	106.082397	255.00004	790.978183	10366.572	-14.047
010324	37.198049	106.129409	254.999911	789.560575	10360.113	-13.519
010344	37.187832	106.176065	254.999973	789.037571	10356.055	-8.157
010404	37.176842	106.226432	255.000553	787.846976	10356.705	-7.904
010424	37.166325	106.274408	254.998756	786.335334	10353.468	-6.762
010444	37.156412	106.319281	254.999618	785.055669	10348.029	-0.402
010504	37.145735	106.367676	255.007701	784.429296	10352.551	6.955
010524	37.135098	106.415926	254.982678	786.196105	10357.149	6.064
010544	37.124732	106.462892	254.994682	789.831946	10356.087	0.098
010604	37.113853	106.512085	255.107266	792.334544	10355.258	3.597
010624	37.10347	106.558904	254.731734	793.220133	10357.448	11.307
010644	37.09361	106.603124	254.022629	793.023801	10362.691	15.007
010704	37.082964	106.650537	253.913401	792.673874	10368.717	11.609
010724	37.072087	106.698865	254.026728	793.598881	10371.457	5.773
010744	37.061461	106.746084	254.003347	794.984201	10370.992	0.556
010804	37.050804	106.793439	253.993875	793.920982	10371.729	-5.216
010824	37.040142	106.840826	254.001919	792.769775	10369.174	-9.091
010844	37.029394	106.88839	254.000241	792.982604	10363.38	-8.374
010904	37.018314	106.93691	253.999558	792.906316	10362.32	-2.976
010924	37.007389	106.98516	254.000142	793.319821	10363.193	0.881
010944	36.996722	107.03273	254.000027	794.754351	10363.013	0.243
011004	36.985759	107.08072	253.999966	796.289042	10363.163	-0.895
011024	36.975019	107.127471	254.00001	797.224929	10362.637	1.389
011044	36.96463	107.172988	254.000003	797.151243	10362.493	6.983
011104	36.953653	107.220803	253.999997	796.015038	10367.153	10.155
011124	36.942298	107.270052	254.000002	794.61809	10371.947	5.541
011144	36.931169	107.318369	254.000002	793.329102	10371.617	-5.86
011204	36.920491	107.364825	253.999992	791.374694	10367.217	-13.814
011224	36.909701	107.411525	254.000013	789.560612	10361.186	-14.358
011244	36.898454	107.459826	254.00002	788.954939	10356.491	-9.209
011304	36.887285	107.507814	253.999885	789.578535	10355.67	-3.596
011324	36.87633	107.554984	254.000174	789.990475	10355.887	1.57
011344	36.865409	107.601936	254.000274	789.866718	10355.675	6.93
011404	36.854281	107.649497	253.998393	791.37872	10359.145	12.086
011424	36.843405	107.696176	254.002426	793.602031	10364.579	15.921
011444	36.832863	107.741912	254.003815	794.886962	10369.814	15.871
011504	36.82174	107.79007	253.977624	795.059251	10375.915	8.31
011524	36.810458	107.838481	254.033786	795.053966	10377.574	-3.707
011544	36.799432	107.885144	254.053141	795.119337	10372.274	-13.806
011604	36.788096	107.932439	253.536642	793.95538	10366.548	-16.364
011624	36.776723	107.979991	252.798585	792.785498	10361.428	-14.237
011644	36.765554	108.026991	252.792607	792.883903	10356.687	-9.657
011704	36.754268	108.074247	254.540108	793.415326	10354.747	1.005
011724	36.744051	108.121947	256.418399	792.407012	10357.281	9.577
011744	36.735401	108.169965	256.976102	789.529681	10362.323	8.912
011804	36.726667	108.21818	257.020717	787.586592	10363.634	3.32
011824	36.71774	108.266117	256.995003	786.848669	10362.849	-0.611
011844	36.708959	108.31354	256.998455	786.864668	10362.956	-0.199
011904	36.700129	108.360807	257.001487	787.973849	10363.028	0.251
011924	36.691418	108.40771	256.999643	789.370353	10363.016	-0.151
011944	36.682781	108.454774	256.999891	790.009455	10363.039	-0.182
012004	36.673641	108.50368	257.000095	789.542704	10362.752	1.004
012024	36.664527	108.551991	256.999993	788.848271	10363.378	-1.563
012044	36.655844	108.598284	257.000021	788.884891	10363.596	-7.561
012104	36.646975	108.64566	256.999838	789.678527	10358.444	-5.333
012124	36.637847	108.694197	257.000255	789.905442	10356.627	2.27
012144	36.628641	108.742807	257.000403	789.112358	10362.222	7.569
012204	36.619471	108.791077	256.997561	789.104676	10363.104	7.677
012224	36.610474	108.838582	257.002958	790.459295	10363.832	7.243
012244	36.601652	108.885309	257.007594	792.511996	10369.629	8.52
012304	36.592748	108.932102	256.969292	793.547409	10371.911	4.208
012324	36.583673	108.979719	257.031783	792.65181	10370.798	-0.287
012344	36.574474	109.028239	257.102697	790.477363	10370.728	0.513
012404	36.565228	109.076514	256.472664	789.559097	10371.805	-4.576
012424	36.55609	109.123739	256.005161	788.650713	10370.193	-13.592
012444	36.547099	109.170134	256.598293	786.132418	10363.41	-17.678
012504	36.537939	109.217527	257.024885	784.914469	10356.47	-13.059
012524	36.528415	109.267005	256.292066	787.341714	10354.52	0.723
012544	36.519209	109.314603	256.176474	789.481877	10357.861	10.265
012604	36.5104	109.359704	256.97629	789.885758	10362.7	8.525
012624	36.501075	109.407327	256.493935	791.289054	10363.542	2.658
012644	36.491215	109.457611	255.865267	787.162069	10362.836	-0.694
012704	36.481435	109.507354	255.983115	777.734786	10362.983	-0.1
012724	36.47247	109.552816	256.031027	773.913049	10362.993	0.33
012744	36.463584	109.598053	255.99	774.34879	10363.081	-0.402
012804	36.454297	109.645413	255.99811	776.450878	10363.085	-0.338
012824	36.445052	109.692071	256.002377	781.265681	10362.358	3.893
012844	36.435899	109.738361	255.999325	786.865504	10364.221	10.157
012904	36.426673	109.785321	255.999813	791.929303	10369.813	14.605
012924	36.4172	109.832952	256.000179	797.535134	10375.121	13.931
012944	36.40764	109.880888	255.999957	802.110598	10379.03	3.678
013004	36.398052	109.929268	255.999986	805.234013	10379.081	-12.581
013024	36.388141	109.979012	256.000014	808.89507	10370.079	-18.74
013044	36.378102	110.029011	255.999997	802.713783	10361.917	-12.567
013104	36.36835	110.077359	255.999999	783.430911	10362.515	-1.808
013124	36.359174	110.122807	256.000001	770.752512	10363.401	1.438
013144	36.350181	110.167131	256.0	769.434789	10362.934	-0.238
013204	36.340861	110.212871	256.0	774.840548	10362.958	-0.151
013224	36.331244	110.260612	255.999999	781.787726	10363.028	0.101
013244	36.321578	110.308412	256.000001	785.158496	10362.995	-0.018
013304	36.312037	110.354638	256.000003	784.010179	10362.996	-0.013
013324	36.302483	110.40112	255.999991	785.829788	10363.002	0.008
013344	36.293035	110.447371	256.000002	790.176196	10363.0	-0.0
013404	36.283796	110.492317	256.000048	792.262847	10362.999	-0.0
013424	36.274118	110.539324	255.999928	793.488146	10363.001	-0.002
013444	36.263916	110.588865	255.999926	794.870671	10363.001	-0.003
013504	36.254016	110.636616	256.000554	795.166957	10362.994	0.02
013524	36.244279	110.683701	255.999023	794.940749	10363.01	-0.035
013544	36.234452	110.731514	255.99842	794.963203	10363.016	-0.057
013604	36.224674	110.778677	256.007354	795.109111	10362.925	0.263
013624	36.214811	110.825744	255.990658	794.866325	10363.096	-0.334
013644	36.204788	110.873433	255.975865	793.632798	10363.247	-0.863
013704	36.194915	110.920739	256.097727	791.105071	10361.998	4.309
013724	36.185139	110.967857	255.896456	788.608835	10364.056	7.874
013744	36.17517	111.0156	255.161084	787.323422	10370.448	2.192
013804	36.164794	111.064188	254.911613	786.106214	10367.84	-4.098
013824	36.154484	111.112429	255.001611	784.736154	10362.648	-9.031
013844	36.144599	111.159358	254.953728	783.010848	10363.7	-13.891
013904	36.13451	111.206129	255.343959	779.286058	10357.884	-15.523
013924	36.125518	111.252264	257.140707	773.699182	10347.61	-11.657
013944	36.119449	111.29676	260.718247	767.905623	10344.338	-2.661
014004	36.11511	111.341263	263.823901	764.168628	10347.461	5.505
014024	36.110906	111.387425	264.34347	764.290084	10353.328	7.422
014044	36.106618	111.433805	263.951831	766.907568	10356.208	7.045
014104	36.102294	111.480205	264.03204	770.285804	10355.682	7.893
014124	36.09772	111.529421	263.535291	773.809343	10359.684	7.761
014144	36.093206	111.578094	262.887565	776.558948	10363.292	6.738
014204	36.088923	111.624082	262.877088	778.385339	10362.602	6.543
014224	36.084359	111.672542	263.363834	780.867516	10366.411	8.889
014244	36.079636	111.721537	262.838124	784.386828	10371.192	8.589
014304	36.0744	111.7675	260.0	790.0	10371.0	0.0
014324	36.066186	111.8145	256.044697	800.817808	10372.251	-9.382
014344	36.054365	111.862287	251.392319	811.33055	10366.588	-2.465
014404	36.040014	111.909964	248.373777	817.783268	10364.317	9.651
014424	36.024763	111.957366	248.499421	819.928349	10374.782	6.769
014444	36.009596	112.004315	249.153506	817.443783	10376.067	-5.478
014504	35.99484	112.050761	249.042246	811.389626	10364.73	-14.977
014524	35.980075	112.096911	248.938502	804.930787	10361.362	-7.881
014544	35.965066	112.14364	249.046811	803.384154	10363.406	1.575
014604	35.949995	112.190692	249.074504	807.241796	10363.16	0.62
014624	35.935458	112.235832	248.540719	808.405232	10362.859	-0.547
014644	35.920995	112.280505	247.94639	808.114569	10363.019	0.075
014704	35.905977	112.326846	247.910151	809.827655	10363.032	0.127
014724	35.890806	112.373613	248.023398	809.225915	10362.992	-0.034
014744	35.875791	112.41988	248.006474	806.208909	10362.998	-0.011
014804	35.860852	112.465942	247.993781	807.490894	10363.001	0.022
014824	35.845916	112.511855	248.0015	810.841325	10363.002	-0.022
014844	35.830851	112.557962	248.000464	810.762731	10363.004	-0.032
014904	35.815535	112.604897	247.999553	805.137599	10362.978	0.182
014924	35.800813	112.650036	248.000108	803.931022	10363.033	-0.274
014944	35.786592	112.693425	248.000033	810.296996	10363.052	-0.431
015004	35.770877	112.740925	247.999968	809.462746	10362.695	9.356
015024	35.754773	112.789645	248.000008	804.985666	10363.796	72.756
015044	35.739565	112.836011	248.000003	803.377069	10391.008	190.322
015104	35.724452	112.882078	247.999997	801.440665	10492.982	273.586
015124	35.709687	112.926984	248.000002	801.473802	10607.593	312.361
015144	35.695371	112.970461	248.000003	803.449959	10688.277	328.099
015204	35.680264	113.016267	247.999987	798.483797	10815.56	312.931
015224	35.664756	113.063242	248.000016	795.333306	10933.61	229.086
015244	35.649812	113.10836	248.000036	800.370504	10970.891	88.594
015304	35.635542	113.150983	247.999823	798.850927	10974.497	11.973
015324	35.620545	113.195606	248.000173	794.631197	10972.765	-0.655
015344	35.604339	113.244084	248.000555	796.684463	10972.891	-0.535
015404	35.589712	113.287993	247.997701	801.060354	10972.896	0.869
015424	35.575524	113.330493	248.002393	803.001605	10973.2	-0.696
015444	35.559721	113.377528	248.008648	801.388116	10973.775	-5.58
015504	35.543899	113.424404	247.968978	801.461076	10969.587	-8.21
015524	35.528698	113.469587	248.015728	803.114976	10964.8	-7.932
015544	35.513773	113.514342	248.12428	803.26853	10965.244	-7.656
015604	35.498773	113.55898	247.540202	802.557166	10962.598	-8.973
015624	35.483448	113.603927	247.004987	803.20847	10957.687	-7.474
015644	35.467891	113.649279	247.673935	806.578055	10957.326	2.46
015704	35.452889	113.693745	248.249407	809.575569	10959.435	16.461
015724	35.437471	113.739842	247.925205	811.120638	10966.045	22.849
015744	35.420446	113.790082	247.093026	812.733868	10977.657	13.315
015804	35.404107	113.838089	247.351087	816.827762	10978.482	1.717
015824	35.388837	113.882937	248.001287	821.127495	10972.912	0.291
015844	35.373438	113.92807	247.346283	821.523188	10976.738	10.931
015904	35.358073	113.973108	246.85769	820.351172	10983.476	15.948
015924	35.342615	114.018397	247.007155	818.90849	10988.199	7.306
015944	35.326748	114.064708	247.025719	815.915871	10990.055	-8.618
020004	35.311239	114.109661	246.989929	808.852634	10983.229	-18.11
020024	35.296	114.1537	247.0	800.0	10973.0	-15.0
020044	35.280217	114.199564	247.00183	795.381947	10971.95	-4.227
020104	35.264512	114.245227	246.999271	795.71033	10973.416	1.456
020124	35.2493	114.2893	247.0	798.0	10973.0	-0.0
020144	35.234305	114.332615	247.000169	798.017818	10972.916	-0.292
020204	35.218847	114.377305	246.999897	795.812559	10973.029	0.101
020224	35.202986	114.423136	246.999981	793.106006	10973.002	0.006
020244	35.187485	114.46766	247.00033	791.391301	10972.993	-0.015
020304	35.171993	114.512136	246.999277	788.224409	10973.004	-0.006
020324	35.156465	114.556801	246.999779	785.03344	10973.001	-0.004
020344	35.141405	114.60002	247.004455	785.976774	10972.991	0.078
020404	35.126446	114.642799	246.989898	781.794013	10973.02	-0.18
020424	35.111398	114.68589	246.994098	772.610018	10973.012	-0.105
020444	35.096463	114.729004	247.062188	770.788274	10972.876	1.112
020504	35.081249	114.772689	246.87648	772.58714	10973.246	-2.208
020524	35.06582	114.816977	246.919319	772.203575	10973.161	-1.442
020544	35.050778	114.860877	247.863393	769.552133	10971.282	15.435
020604	35.035011	114.903607	245.176037	769.772351	10976.079	-33.636
020624	35.018146	114.944448	241.245447	770.595588	10961.384	-145.575
020644	35.000632	114.984661	241.843823	768.765223	10894.02	-232.809
020704	34.981913	115.027629	242.195765	774.068765	10799.345	-297.816
020724	34.96312	115.071117	241.94599	780.861265	10688.879	-322.441
020744	34.94508	115.112909	241.988962	785.827298	10576.349	-307.786
020804	34.927189	115.154128	242.012742	795.793564	10483.041	-295.727
020824	34.909171	115.195564	241.998417	799.543492	10388.825	-300.724
020844	34.890736	115.237985	242.001646	790.707945	10280.272	-311.718
020904	34.871607	115.281856	241.982623	780.312421	10175.8	-304.423
020924	34.853316	115.323785	242.031845	774.934544	10078.487	-295.786
020944	34.835995	115.36331	242.034081	776.324934	9982.004	-302.967
021004	34.81726	115.405575	241.74398	782.301403	9878.079	-318.066
021024	34.798511	115.44981	242.484787	789.349447	9768.196	-328.123
021044	34.78138	115.493708	244.62033	794.213201	9657.361	-326.301
021104	34.765497	115.536414	246.158939	794.631456	9550.012	-316.705
021124	34.750004	115.578495	246.100352	790.997788	9448.05	-306.456
021144	34.733554	115.622889	245.936568	788.702883	9347.828	-305.731
021204	34.717127	115.66734	246.007698	786.201704	9245.061	-307.898
021224	34.701574	115.709779	245.997162	780.38481	9141.975	-309.558
021244	34.685526	115.753152	245.99993	773.099299	9041.324	-310.455
021304	34.669579	115.796139	245.994022	764.559922	8928.024	-264.894
021324	34.654235	115.837579	246.008801	761.098683	8850.058	-154.489
021344	34.639261	115.878047	246.004921	763.948866	8838.91	-28.191
021404	34.62367	115.920045	245.893852	761.817733	8839.324	4.877
021424	34.607723	115.963128	246.26854	759.505229	8838.888	-2.143
021444	34.592154	116.005447	246.977585	760.887965	8838.994	-0.125
021504	34.577441	116.045498	247.078537	763.113885	8839.006	0.468
021524	34.562547	116.085772	246.952693	764.538554	8839.032	-0.355
021544	34.5467	116.1283	247.0	764.0	8839.0	0.0
021604	34.530041	116.172952	247.109072	762.130234	8838.776	1.127
021624	34.513517	116.217531	246.69903	766.263974	8839.576	-3.051
021644	34.497585	116.260771	246.019774	776.486142	8839.16	-7.125
021704	34.481983	116.302932	245.95411	784.081185	8834.045	1.393
021724	34.466283	116.344719	245.955387	781.267691	8832.584	8.35
021744	34.450454	116.386606	245.939134	771.860829	8843.864	7.821
021804	34.434828	116.428748	246.478507	770.606756	8861.395	-15.515
021824	34.418573	116.471997	245.143615	769.763565	8804.971	-259.586
021844	34.40203	116.513501	243.926033	760.548429	8670.155	-569.528
021904	34.385658	116.552724	245.023158	751.815263	8484.109	-669.14
021924	34.368333	116.594824	244.417033	751.688638	8206.553	-718.797
021944	34.351153	116.636512	243.827657	743.510559	7962.383	-712.259
022004	34.334912	116.675822	244.008251	728.409131	7761.051	-719.32
022024	34.319418	116.714008	244.021832	721.321547	7504.897	-828.475
022044	34.303614	116.75347	244.005132	715.113772	7191.532	-849.32
022104	34.287616	116.793343	243.995651	707.702391	6898.846	-731.767
022124	34.272339	116.831015	243.915611	703.888026	6706.046	-594.164
022144	34.257354	116.868293	244.265183	702.051732	6524.746	-520.047
022204	34.242181	116.905999	244.400592	699.143631	6337.878	-475.532
022224	34.226686	116.94327	243.017668	691.692338	6216.012	-354.273
022244	34.212654	116.979955	245.766576	669.743532	6112.576	-405.451
022304	34.201684	117.016934	253.347195	641.85776	5920.973	-697.667
022324	34.191742	117.054596	252.416716	642.700837	5675.228	-641.015
022344	34.182024	117.091023	251.598766	647.196207	5486.595	-561.742
022404	34.171871	117.128282	252.097086	652.006957	5317.175	-547.269
022424	34.16121	117.167329	252.030488	659.843993	5120.68	-539.067
022444	34.150893	117.204594	251.968263	661.59975	4947.224	-510.339
022504	34.140928	117.24062	252.017083	648.112219	4791.335	-498.339
022524	34.131065	117.276707	252.031626	623.664844	4627.433	-518.335
022544	34.121282	117.312244	251.969353	611.574996	4444.481	-512.667
022604	34.111267	117.34834	252.02573	619.139139	4266.441	-479.961
022624	34.100966	117.386338	252.606618	625.404441	4128.671	-475.111
022644	34.092236	117.420766	253.67678	604.173285	3962.944	-457.01
022704	34.084616	117.452926	253.924911	577.836203	3796.612	-423.077
022724	34.076056	117.487235	251.919833	583.387626	3691.403	-407.372
022744	34.065969	117.519509	248.661602	591.270494	3557.363	-418.506
022804	34.05436	117.55078	246.16391	589.671214	3391.534	-440.484
022824	34.041681	117.584935	246.2384	584.882321	3248.768	-440.866
022844	34.029924	117.618126	247.293914	582.745798	3113.258	-360.183
022904	34.018523	117.649112	246.163074	571.168965	3007.889	-245.954
022924	34.008643	117.680598	250.889172	543.101261	2946.694	-229.119
022944	34.004292	117.71172	264.225634	522.89238	2858.691	-266.55
023004	34.001138	117.743278	264.179033	511.349466	2764.896	-251.584
023024	33.998225	117.772999	262.22796	486.83801	2690.273	-243.538
023044	33.995508	117.800408	263.180621	460.227105	2616.04	-294.425
023104	33.99298	117.826836	263.977925	452.182923	2504.419	-396.611
023124	33.99043	117.853947	263.638018	446.917786	2346.332	-458.109
023144	33.987805	117.880669	262.939063	431.881087	2178.776	-453.109
023204	33.985238	117.905128	262.941996	407.974342	2041.313	-412.109
023224	33.982953	117.928242	263.035706	393.392027	1910.688	-369.913
023244	33.980758	117.951442	262.993263	391.070118	1789.435	-338.949
023304	33.978402	117.97521	262.984423	390.859866	1689.057	-314.108
023324	33.976199	117.997718	263.043822	381.811002	1584.984	-283.499
023344	33.97407	118.019794	262.966615	371.019569	1488.567	-214.463
023404	33.971792	118.04292	262.839932	371.125739	1432.364	-108.218
023424	33.969576	118.065225	263.659168	377.301181	1425.535	-78.987
023444	33.967355	118.087296	263.861342	381.06185	1410.296	-152.836
023504	33.965002	118.110332	262.232916	378.170337	1326.377	-270.515
023524	33.962784	118.132213	262.694085	376.2032	1214.372	-344.498
023544	33.960544	118.154275	264.063179	377.219336	1094.303	-357.302
023604	33.958098	118.178044	263.322999	373.284577	969.93	-339.664
023624	33.955993	118.199066	262.839488	347.262255	864.182	-316.452
023644	33.954121	118.218154	263.034863	324.41561	766.485	-308.237
023704	33.952112	118.238124	263.014955	324.110441	658.793	-307.558
023724	33.950099	118.257518	262.991179	303.333497	556.977	-269.368
023744	33.948382	118.274654	263.002947	272.085166	480.18	-249.73
023804	33.946897	118.289764	262.999052	254.992173	398.449	-202.111
023824	33.945347	118.304444	262.998366	252.542075	308.136	-82.016
023844	33.943913	118.31892	263.002155	253.881148	347.176	-188.849
023904	33.942428	118.33363	262.964621	254.258923	317.99	-328.267
023924	33.940844	118.348692	262.922913	254.364618	178.068	-364.733
023944	33.93926	118.363985	262.960662	255.356396	39.497	-322.4
024004	33.937752	118.379368	263.031708	257.15121	-0.574	-216.352
