211111	40.6262	73.7823	210.0	299.0	122.0	0.0
211131	40.612998	73.791145	207.141698	307.523796	362.967	595.199
211151	40.597534	73.800018	198.844851	346.960779	503.483	339.547
211211	40.579208	73.800326	164.830738	421.170157	598.315	321.111
211231	40.5603	73.7822	131.0	492.0	732.0	526.0
211251	40.551631	73.753126	98.743568	518.177719	945.141	773.485
211311	40.555948	73.717278	71.351708	518.303579	1247.634	858.446
211331	40.565618	73.685205	68.806183	532.878405	1502.307	749.744
211351	40.579048	73.657305	47.862904	531.428683	1759.47	808.596
211411	40.599551	73.636842	28.057635	524.415972	2040.796	841.001
211431	40.622697	73.619823	30.923069	529.921912	2314.614	819.339
211451	40.646087	73.601069	30.938028	534.845409	2593.754	728.414
211511	40.66898	73.582072	33.183979	556.003213	2787.646	596.334
211531	40.693942	73.562134	29.517659	567.856084	2995.448	533.899
211551	40.719946	73.549934	7.642838	567.852371	3138.691	373.977
211611	40.749091	73.545692	-5.145318	594.859184	3253.89	306.247
211631	40.779549	73.544595	-0.601737	625.582939	3391.113	397.987
211651	40.809592	73.541812	12.518973	635.053777	3594.013	654.798
211711	40.84204	73.536863	-56.541688	643.922906	3841.584	719.979
211731	40.874086	73.534778	104.676644	638.402865	4058.557	637.914
211751	40.901772	73.544416	365.855435	596.319461	4258.877	714.797
211811	40.924677	73.569012	291.735865	552.550142	4542.162	858.953
211831	40.94283	73.59861	298.123462	541.149513	4844.954	738.603
211851	40.959089	73.62634	315.078345	545.060354	5042.56	449.236
211911	40.976327	73.653466	309.749838	561.294047	5114.756	164.119
211931	40.996019	73.685144	309.21309	592.995682	5128.627	34.334
211951	41.015556	73.71672	310.237179	612.653857	5127.416	0.692
212011	41.034187	73.746645	309.324055	613.206167	5127.789	-1.348
212031	41.053451	73.777792	308.803592	610.717	5128.128	0.859
212051	41.073258	73.810014	309.042278	609.833877	5127.974	-0.168
212111	41.092717	73.841662	309.233195	608.129035	5127.869	-0.757
212131	41.111813	73.872705	309.284292	606.050989	5127.859	-0.688
212151	41.130676	73.903376	309.221148	604.528584	5127.907	-0.322
212211	41.149435	73.933905	309.069343	604.490666	5127.977	-0.022
212231	41.16829	73.964633	308.924441	606.485501	5128.019	-0.046
212251	41.188084	73.996867	309.529518	607.089286	5127.898	0.34
212311	41.207836	74.029064	309.973599	607.238337	5128.11	-0.38
212331	41.226446	74.05954	309.243104	609.417414	5128.4	-1.386
212351	41.245512	74.090862	308.86708	610.207188	5126.59	11.081
212411	41.264719	74.122431	309.018546	610.058066	5129.196	97.023
212431	41.283161	74.15269	309.021316	611.78992	5167.656	291.224
212451	41.302209	74.183871	308.973197	616.066077	5312.556	488.543
212511	41.321557	74.215596	309.015043	621.901133	5525.868	592.868
212531	41.340754	74.247291	309.044505	627.22347	5723.792	588.598
212551	41.361803	74.282207	308.72479	629.630127	5908.376	595.036
212611	41.381809	74.31503	309.385202	628.084379	6117.893	623.502
212631	41.400295	74.346303	307.163259	620.390095	6331.959	553.965
212651	41.418579	74.381941	301.085173	614.200512	6489.486	420.276
212711	41.433623	74.416843	299.634758	619.415976	6626.501	422.196
212731	41.447944	74.451586	300.06844	624.355242	6776.541	462.617
212751	41.463355	74.487049	300.043527	623.623668	6946.94	478.982
212811	41.479181	74.523551	299.971114	627.266997	7097.361	526.03
212831	41.494783	74.559841	300.004987	626.526711	7272.571	579.299
212851	41.509925	74.594703	300.003363	613.362287	7503.814	566.12
212911	41.524825	74.629085	299.996939	607.172419	7681.52	444.17
212931	41.540287	74.665025	300.001384	611.232644	7790.888	295.196
212951	41.556325	74.702487	300.003558	619.656347	7869.095	213.3
213011	41.571032	74.736959	299.990482	631.83026	7921.724	171.758
213031	41.587057	74.774425	300.026308	642.092035	7982.566	219.792
213051	41.603588	74.812779	299.790822	648.773459	8060.091	265.846
213111	41.619212	74.848969	300.157129	652.276338	8153.409	285.615
213131	41.634935	74.885567	300.983325	653.146846	8260.808	302.562
213151	41.651522	74.924222	299.950407	655.143536	8356.305	252.296
213211	41.667644	74.962083	299.693219	658.884001	8433.874	223.654
213231	41.683931	75.000524	300.606792	663.607402	8506.563	263.589
213251	41.700418	75.039267	300.923726	664.727636	8603.043	286.226
213311	41.7168	75.0776	300.0	663.0	8710.0	248.0
213331	41.733318	75.116489	299.305142	665.277931	8779.346	232.484
213351	41.749854	75.155602	299.013743	667.953838	8839.613	244.849
213411	41.766242	75.194409	298.955277	666.050536	8929.398	268.33
213431	41.782594	75.23316	298.991229	661.853478	9034.869	282.468
213451	41.799045	75.272211	299.006718	659.690289	9127.988	271.506
213511	41.81516	75.310518	298.998615	660.373529	9210.617	271.052
213531	41.830829	75.347827	298.999385	660.777971	9300.898	300.239
213551	41.846982	75.386398	299.000482	655.289311	9413.507	300.169
213611	41.863196	75.425146	298.999901	652.311938	9517.212	250.099
213631	41.878662	75.462073	298.999956	658.361844	9581.965	175.054
213651	41.893474	75.497471	299.000033	663.235071	9625.48	136.357
213711	41.90926	75.535265	298.999994	667.285273	9665.509	154.672
213731	41.9268	75.577331	299.0	672.412852	9719.625	204.006
213751	41.943976	75.618628	298.999987	672.251679	9804.463	221.078
213811	41.960183	75.657545	299.00002	671.191142	9884.213	209.582
213831	41.97628	75.696138	299.000046	673.075492	9936.736	191.838
213851	41.993518	75.737817	298.999939	671.121021	10006.462	159.262
213911	42.009312	75.776183	299.000903	673.283813	10053.451	133.774
213931	42.025158	75.814548	298.998113	677.330079	10090.388	113.732
213951	42.042211	75.855716	298.998758	680.523554	10131.781	99.295
214011	42.058719	75.895645	299.013308	686.692185	10155.94	108.058
214031	42.075347	75.935282	298.954525	691.093016	10190.867	132.63
214051	42.091853	75.975747	298.169638	690.285468	10250.661	151.508
214111	42.106222	76.016284	295.767557	686.479275	10309.918	140.792
214131	42.119422	76.057762	293.293816	681.846888	10351.142	100.071
214151	42.133175	76.101166	292.725463	678.597659	10363.848	40.693
214211	42.14695	76.143942	293.06622	680.190582	10362.646	0.893
214231	42.160211	76.18516	293.020482	685.394162	10362.924	-1.105
214251	42.173894	76.228423	292.980289	685.659111	10362.867	1.896
214311	42.18732	76.270967	293.004754	683.582636	10363.344	-1.758
214331	42.200099	76.311043	293.00147	683.771358	10363.576	-7.591
214351	42.213469	76.353109	292.998585	685.130939	10358.52	-5.494
214411	42.227204	76.396637	293.000341	686.230325	10356.523	2.596
214431	42.24072	76.439667	293.000105	686.812555	10362.06	8.1
214451	42.254048	76.482051	292.999902	688.124553	10364.062	3.476
214511	42.26706	76.523342	293.000019	689.16992	10362.48	0.337
214531	42.279955	76.564284	292.999999	689.064261	10362.442	6.669
214551	42.293516	76.607521	293.000044	689.018433	10367.175	10.536
214611	42.307493	76.652215	292.999925	690.852561	10371.983	5.328
214631	42.321228	76.69622	292.99988	694.408878	10371.69	-6.109
214651	42.334379	76.738501	293.000707	696.399584	10366.77	-11.401
214711	42.347856	76.781865	292.998931	697.261932	10361.922	-4.565
214731	42.361886	76.826904	292.998319	697.330845	10362.119	9.724
214751	42.37494	76.86869	293.012516	694.329356	10368.988	16.028
214811	42.387841	76.910075	293.013707	690.637711	10376.705	10.801
214831	42.402332	76.956924	292.966396	690.4649	10376.854	-3.128
214851	42.416754	77.00372	293.00835	692.021002	10370.673	-15.319
214911	42.428546	77.041921	293.142391	690.875287	10365.044	-15.799
214931	42.440817	77.081917	292.548393	689.223746	10360.744	-15.349
214951	42.454262	77.125969	292.010412	689.032876	10355.676	-14.788
215011	42.467119	77.168119	292.805077	690.671957	10349.166	-5.83
215031	42.480162	77.210987	292.692419	694.005188	10349.483	7.247
215051	42.493677	77.255422	292.001598	697.096109	10356.354	15.094
215111	42.507092	77.299354	292.747681	697.837112	10361.814	11.162
215131	42.520098	77.341992	292.802368	698.553214	10363.286	4.92
215151	42.533173	77.385015	291.972813	700.074986	10363.029	-0.316
215211	42.546976	77.430533	291.911452	701.416612	10363.842	-6.727
215231	42.560636	77.475713	292.039367	702.806098	10360.085	-6.798
215251	42.573859	77.519476	291.998048	705.160249	10356.012	0.433
215311	42.587052	77.562991	291.993648	709.106455	10360.596	7.517
215331	42.600281	77.606643	292.00281	713.086568	10364.127	5.244
215351	42.613678	77.651054	291.999865	716.12913	10362.905	-0.023
215411	42.627354	77.696625	291.999625	718.264755	10362.016	5.0
215431	42.640934	77.74182	291.999972	719.771811	10365.815	9.794
215451	42.654374	77.786549	292.000055	721.067421	10371.158	7.757
215511	42.667908	77.831899	292.001101	722.44812	10371.536	1.833
215531	42.681424	77.87742	291.996798	723.528262	10370.696	-0.389
215551	42.694983	77.922986	292.000907	724.008284	10371.033	-0.072
215611	42.708663	77.968689	292.015794	723.983925	10371.419	-4.198
215631	42.721892	78.013445	291.951354	724.191566	10369.627	-10.384
215651	42.735006	78.057836	291.92676	725.249938	10365.209	-13.688
215711	42.749123	78.104002	292.191111	727.423832	10359.593	-9.201
215731	42.763236	78.151922	291.898137	729.049805	10355.826	1.083
215751	42.775487	78.199961	290.104224	728.273032	10356.973	10.215
215811	42.786375	78.24672	288.077311	727.027226	10362.619	12.193
215831	42.796775	78.291558	287.141101	727.611673	10369.978	4.379
215851	42.807253	78.337064	286.967635	730.65473	10368.831	-1.537
215911	42.818142	78.384949	286.99814	733.919014	10363.018	-0.148
215931	42.829426	78.434291	287.006591	734.022172	10368.237	1.747
215951	42.840267	78.481658	286.997676	734.680829	10370.2	-3.643
220011	42.85067	78.527274	286.999866	736.924188	10363.32	-8.255
220031	42.861585	78.575165	287.000473	737.299695	10360.567	5.875
220051	42.87266	78.624053	286.999833	736.767882	10367.255	18.957
220111	42.883557	78.672308	286.99999	735.161725	10377.656	15.565
220131	42.894385	78.719865	287.000034	730.868453	10379.65	0.26
220151	42.905104	78.7672	286.999987	728.552517	10376.23	-12.369
220211	42.915585	78.813909	286.999999	729.005929	10371.29	-15.057
220231	42.925843	78.859495	287.000007	727.823466	10365.333	-11.584
220251	42.936733	78.908149	286.99999	726.682353	10362.216	-4.61
220311	42.947963	78.958592	286.999997	726.069611	10362.925	0.01
220331	42.95815	79.004195	287.00006	723.967223	10363.872	-4.482
220351	42.968194	79.049504	286.999866	722.780428	10361.106	-9.651
220411	42.978854	79.097837	286.999959	723.00788	10356.165	-8.258
220431	42.989802	79.146991	287.000828	722.044619	10355.217	-1.724
220451	43.00009	79.193525	286.998137	720.052639	10356.73	-1.311
220511	43.009714	79.237672	286.999428	718.976382	10356.176	-7.752
220531	43.019714	79.283311	287.011537	720.507783	10350.591	-9.301
220551	43.030101	79.330369	286.97405	720.502519	10347.457	-6.349
220611	43.040489	79.37756	286.992033	718.995611	10348.037	-0.402
220631	43.050612	79.424275	287.160693	721.083373	10346.466	9.218
220651	43.061126	79.472835	286.611566	724.317622	10352.17	19.13
220711	43.07188	79.522302	285.985734	725.967538	10362.72	18.615
220731	43.081907	79.568627	286.952561	726.010117	10363.08	0.706
220751	43.091886	79.614442	287.249939	725.960387	10362.863	-3.034
220811	43.10213	79.661775	286.773459	726.013777	10362.689	1.672
220831	43.112459	79.710062	286.214489	726.006524	10361.928	4.293
220851	43.122411	79.756502	285.947117	726.00365	10364.842	7.528
220911	43.13211	79.801581	285.993376	726.003836	10370.571	8.462
220931	43.142271	79.849159	286.01213	725.95589	10372.341	-0.939
220951	43.152636	79.897548	285.996177	726.10787	10369.296	-11.419
221011	43.163042	79.94595	285.999507	726.871237	10363.592	-14.977
221031	43.173747	79.996364	286.001053	728.39291	10358.26	-12.625
221051	43.184209	80.046011	285.999363	729.028601	10355.066	-3.493
221111	43.194205	80.093398	285.999728	728.927413	10355.654	7.349
221131	43.204178	80.14049	286.00261	730.616847	10360.662	9.147
221151	43.213985	80.187191	285.994907	732.740548	10363.216	7.711
221211	43.223708	80.233941	285.996682	733.920539	10362.791	8.008
221231	43.233842	80.282323	286.035486	734.578946	10367.698	7.072
221251	43.244064	80.330927	285.925222	735.371977	10372.037	5.269
221311	43.254125	80.378847	285.777583	736.421174	10371.632	2.939
221331	43.264251	80.42719	286.183367	737.099506	10371.132	-1.317
221351	43.274532	80.476449	286.951778	737.077452	10371.555	-6.918
221411	43.28475	80.525699	286.594676	736.770793	10367.05	-9.493
221431	43.294793	80.574248	285.903332	737.271373	10362.371	-6.796
221451	43.304713	80.622237	285.957409	738.737033	10362.721	-0.999
221511	43.314707	80.670817	286.031656	739.198944	10363.219	0.754
221531	43.324677	80.719513	285.995694	738.958976	10362.955	-0.156
221551	43.33453	80.76778	286.002873	738.981757	10362.98	-0.069
221611	43.344467	80.816569	285.973504	739.014416	10363.016	0.054
221631	43.354519	80.865818	286.03638	738.996886	10362.997	-0.011
221651	43.364535	80.914796	286.082812	738.99831	10362.999	-0.005
221711	43.374275	80.962833	285.472404	739.00288	10363.001	0.004
221731	43.383928	81.010758	284.958071	738.997423	10363.0	-0.001
221751	43.39385	81.060089	285.045387	738.994581	10363.0	-0.001
221811	43.404151	81.11153	284.640147	739.025906	10362.999	0.004
221831	43.413922	81.160236	285.496082	738.968924	10363.001	-0.004
221851	43.423154	81.205904	287.207823	739.147714	10362.995	0.02
221911	43.433169	81.255438	286.270695	739.893744	10362.991	0.034
221931	43.443224	81.305379	285.265988	740.091651	10363.051	-0.204
221951	43.453006	81.354631	284.960355	739.990528	10362.922	0.309
222011	43.462589	81.403418	284.987738	740.016071	10362.877	0.486
222031	43.472168	81.451624	285.0118	739.868588	10363.719	-4.065
222051	43.48179	81.499998	284.997154	740.223682	10361.858	-9.071
222111	43.49152	81.54957	284.99912	741.630804	10356.735	-8.809
222131	43.501523	81.60079	285.000847	743.609916	10355.215	-3.091
222151	43.511426	81.651447	284.999796	745.541024	10356.331	0.058
222211	43.520864	81.699749	284.999937	747.496669	10356.316	-0.722
222231	43.529969	81.746847	285.00006	750.370385	10354.393	7.482
222251	43.539423	81.795774	284.999987	752.318658	10358.485	16.975
222311	43.549486	81.84733	284.999998	752.770564	10369.469	16.407
222331	43.559391	81.897847	284.999992	754.739622	10372.438	6.513
222351	43.568931	81.947359	285.000018	756.088183	10370.655	-1.209
222411	43.578374	81.997366	285.00003	755.813305	10370.896	-0.382
222431	43.588191	82.048531	284.999821	758.092178	10371.086	0.417
222451	43.598189	82.100351	285.00027	760.34791	10371.001	-0.176
222511	43.607854	82.151059	285.000426	760.086231	10371.032	-0.167
222531	43.616845	82.1986	284.997504	760.04746	10370.772	0.848
222551	43.626267	82.248312	285.003768	759.77456	10371.354	-1.313
222611	43.636449	82.301823	285.005927	758.335557	10371.559	-7.164
222631	43.645653	82.350511	284.965241	756.776115	10366.505	-8.884
222651	43.654533	82.397924	285.052485	755.791924	10362.58	-7.64
222711	43.664057	82.448853	285.082551	755.83053	10363.215	-7.667
222731	43.673767	82.500398	284.364165	757.107925	10359.629	-9.671
222751	43.683353	82.551478	284.067018	758.176376	10355.045	-5.418
222811	43.692739	82.601933	284.853195	758.069934	10355.327	6.258
222831	43.702034	82.651473	285.225814	757.838839	10360.017	10.176
222851	43.711452	82.701845	284.805763	758.197335	10363.49	6.598
222911	43.721006	82.753756	284.093283	759.572244	10363.064	1.156
222931	43.730377	82.804972	283.912187	761.973891	10363.472	-4.523
222951	43.739721	82.85598	284.021681	762.961444	10362.022	-9.219
223011	43.749104	82.907076	284.008384	762.598754	10357.065	-9.471
223031	43.758134	82.956431	283.993442	765.993314	10354.555	0.145
223051	43.767221	83.006383	284.001354	769.411214	10357.14	9.255
223111	43.776723	83.058854	284.000606	769.066185	10362.288	8.66
223131	43.786136	83.110917	283.999497	769.781383	10362.89	6.828
223151	43.795479	83.162432	284.000085	771.159609	10363.693	7.255
223211	43.804825	83.213782	284.000063	771.118999	10369.472	8.341
223231	43.813717	83.263041	283.999964	770.928497	10371.601	5.609
223251	43.822703	83.313106	284.000005	771.012483	10371.091	-1.154
223311	43.832456	83.36736	284.000004	771.025532	10371.884	-7.451
223331	43.842138	83.421652	284.0	770.93329	10366.825	-5.692
223351	43.851217	83.472811	283.999998	771.05	10363.267	0.861
223411	43.859876	83.52152	283.999991	771.239059	10369.536	2.195
223431	43.869085	83.57387	284.000034	769.974829	10369.52	-7.711
223451	43.878603	83.628042	283.999973	769.041523	10361.781	-14.85
223511	43.887684	83.679186	283.99987	770.50344	10356.197	-4.642
223531	43.896584	83.729785	284.00047	771.270459	10358.511	6.102
223551	43.905556	83.781416	283.999626	770.963323	10363.429	7.567
223611	43.914681	83.833997	283.998191	770.962579	10363.403	1.734
223631	43.923869	83.886721	284.00654	771.032411	10362.769	-0.933
223651	43.93267	83.93734	283.994784	770.987006	10363.031	0.124
223711	43.941019	83.985821	283.974802	770.947259	10363.03	0.113
223731	43.950239	84.039173	284.091097	771.18329	10362.979	-0.051
223751	43.959636	84.093428	283.926354	770.852757	10363.006	-0.004
223811	43.968038	84.142232	283.198412	769.397781	10363.02	-0.055
223831	43.976795	84.193358	282.893708	768.783423	10362.932	0.225
223851	43.985819	84.246388	283.014169	769.031589	10363.053	-0.183
223911	43.994421	84.297406	283.013333	769.042421	10363.256	-0.885
223931	44.003464	84.351092	282.992368	768.927743	10362.075	3.853
223951	44.012634	84.405394	283.001018	769.04749	10363.746	8.03
224011	44.021168	84.455903	283.000958	769.221517	10370.168	2.934
224031	44.029603	84.506052	282.999448	767.960861	10368.468	-5.157
224051	44.038196	84.557478	283.000076	765.658274	10362.473	-7.706
224111	44.04682	84.609359	283.000084	763.628267	10362.539	-1.929
224131	44.055246	84.66009	282.999907	761.945131	10363.132	1.284
224151	44.063549	84.710278	283.000049	760.90821	10363.087	-0.364
224211	44.071962	84.7615	283.000371	760.785388	10364.024	-3.103
224231	44.080571	84.813767	282.999884	761.020024	10362.643	-6.344
224251	44.089331	84.866586	282.999156	761.066225	10357.599	-8.604
224311	44.097898	84.918756	283.00264	760.848371	10355.228	-4.879
224331	44.106105	84.969376	282.998561	761.07841	10356.091	0.219
224351	44.114076	85.018682	282.988519	762.403406	10356.287	-0.252
224411	44.122255	85.069154	283.036638	763.698596	10355.363	2.593
224431	44.13076	85.121489	282.979976	763.961871	10356.326	8.447
224451	44.139383	85.174496	282.840106	763.582641	10361.317	9.49
224511	44.147846	85.226563	283.574298	765.723971	10363.933	4.058
224531	44.156125	85.278084	283.932067	769.284963	10362.83	0.072
224551	44.164343	85.330111	282.431337	770.840386	10362.094	5.5
224611	44.172464	85.38118	282.115537	771.013005	10366.117	9.744
224631	44.180875	85.433674	283.072819	771.024645	10371.293	7.531
224651	44.189825	85.489906	283.192092	771.239059	10371.437	1.765
224711	44.198197	85.54268	282.571217	770.082099	10370.821	-0.95
224731	44.205981	85.592214	281.966809	769.011469	10370.995	0.164
224751	44.213952	85.643678	281.949206	770.363027	10370.823	0.837
224811	44.222108	85.695964	282.025504	771.448384	10371.652	-2.881
224831	44.230321	85.748359	281.997617	770.878147	10370.634	-8.423
224851	44.238478	85.800995	281.996351	769.40776	10364.929	-9.477
224911	44.246478	85.852936	282.001837	768.867282	10361.946	-3.989
224931	44.254393	85.904351	281.999826	768.983901	10363.186	-0.12
224951	44.262378	85.956177	281.999702	768.732551	10364.034	-5.838
225011	44.270445	86.008599	282.000132	769.907809	10360.135	-7.576
225031	44.2785	86.061001	281.999993	770.975533	10355.972	0.577
225051	44.286475	86.112872	281.999978	769.319385	10359.831	12.191
225111	44.294595	86.165882	282.000012	769.818924	10366.734	14.423
225131	44.302696	86.219111	281.999999	770.939011	10371.103	7.648
225151	44.310471	86.270593	281.999985	767.471661	10371.209	2.033
225211	44.318428	86.323702	282.00004	765.522087	10371.281	-2.505
225231	44.326383	86.377186	281.999989	765.991514	10370.882	-8.361
225251	44.333808	86.427363	281.999808	764.735874	10366.103	-14.82
225311	44.341545	86.479309	282.000545	763.413362	10359.165	-11.202
225331	44.349483	86.532923	281.999846	762.988147	10356.06	0.552
225351	44.356897	86.584238	281.997322	762.893571	10360.805	7.728
225411	44.364685	86.637117	282.007596	763.246911	10363.883	5.676
225431	44.372683	86.690361	281.997856	762.932575	10362.959	-0.19
225451	44.380003	86.739796	281.962703	760.807117	10362.905	-0.777
225511	44.387513	86.791132	282.105794	759.674765	10362.923	0.813
225531	44.395279	86.844405	281.970102	760.016789	10363.037	-0.169
225551	44.402633	86.895027	281.137519	760.066066	10363.681	-5.505
225611	44.409953	86.946048	281.31526	759.937127	10360.699	-9.928
225631	44.41748	86.998859	282.002944	760.012398	10355.831	-7.651
225651	44.425101	87.051927	281.351559	760.541807	10355.044	2.953
225711	44.432601	87.103923	280.855702	761.751167	10357.968	12.49
225731	44.440079	87.155951	281.007154	763.046704	10363.311	14.939
225751	44.447724	87.209666	281.023302	763.323237	10369.318	10.727
225811	44.455083	87.261678	280.98964	762.254106	10371.531	4.908
225831	44.462043	87.31115	281.000514	760.964823	10371.007	-0.258
225851	44.468965	87.360621	281.001673	760.91651	10371.595	-5.566
225911	44.476314	87.412958	280.999256	760.945649	10368.657	-10.92
225931	44.48387	87.467078	281.000037	761.028008	10362.736	-15.156
225951	44.491075	87.519644	281.00012	762.209897	10358.3	-16.221
230011	44.498314	87.571598	280.999946	764.05605	10352.413	-11.619
230031	44.505664	87.623817	281.000003	766.104136	10347.956	0.837
230051	44.51287	87.676364	281.000011	768.147046	10351.856	18.32
230111	44.520072	87.729507	280.999988	769.929645	10362.193	23.084
230131	44.5273	87.7825	281.0	771.0	10371.0	15.0
230151	44.534455	87.834434	281.000043	771.062045	10371.118	9.14
230211	44.541652	87.887421	280.999909	771.052211	10372.635	7.969
230231	44.548845	87.941162	280.999972	771.024802	10377.845	8.074
230251	44.555846	87.992916	281.000555	769.958088	10378.222	4.15
230311	44.562902	88.04525	280.998751	768.117298	10378.67	-4.25
230331	44.570047	88.099025	280.999617	766.096451	10378.26	-14.517
230351	44.577036	88.152041	281.007733	764.459549	10368.741	-22.028
230411	44.584123	88.205313	280.982607	763.937965	10360.029	-21.527
230431	44.591342	88.259214	280.99466	764.015734	10356.216	-15.269
230451	44.598388	88.312483	281.107706	763.549453	10350.714	-11.215
230511	44.605309	88.364901	280.730746	765.202217	10346.814	-3.644
230531	44.61225	88.417525	280.022325	768.846642	10347.823	7.54
230551	44.619229	88.471296	279.921034	770.735011	10352.891	13.565
230611	44.625746	88.521904	280.027839	771.009072	10358.112	15.753
230631	44.632156	88.571632	280.0016	770.985846	10362.719	15.152
230651	44.639451	88.62824	279.994331	771.604374	10368.835	10.449
230711	44.646351	88.68237	280.001998	772.193794	10371.26	7.058
230731	44.652578	88.731751	280.000115	772.032357	10370.907	7.887
230751	44.659376	88.785228	279.999597	771.197303	10375.315	9.612
230811	44.666238	88.839022	280.000135	771.184044	10379.084	4.214
230831	44.672865	88.891068	280.000006	771.080484	10378.139	-7.47
230851	44.679664	88.944642	280.000022	768.014683	10374.163	-14.579
230911	44.686399	88.998284	279.999896	764.773829	10368.059	-13.446
230931	44.692971	89.05115	279.999966	763.069869	10363.105	-8.187
230951	44.699582	89.104278	280.000739	761.707243	10363.247	-7.087
231011	44.706061	89.15647	279.998582	760.61356	10361.525	-8.672
231031	44.712448	89.208376	279.999079	760.025243	10356.349	-8.328
231051	44.719073	89.262747	280.009851	759.981831	10355.363	-2.996
231111	44.72552	89.316104	279.980385	759.950072	10356.206	0.752
231131	44.731677	89.367157	279.987183	759.958882	10356.03	0.078
231151	44.738036	89.419433	280.137172	760.673914	10355.9	0.036
231211	44.744451	89.472034	279.70784	760.981374	10356.123	-0.372
231231	44.750769	89.523999	279.008442	760.934516	10356.073	-0.273
231251	44.757096	89.576261	279.542561	762.244966	10355.239	4.712
231311	44.763433	89.62909	280.105967	763.141164	10357.642	9.231
231331	44.769686	89.681555	280.002419	762.98301	10362.677	8.381
231351	44.775754	89.732363	280.114677	763.627608	10363.538	3.088
231411	44.781874	89.784654	279.703992	764.000256	10362.93	-1.163
231431	44.788168	89.839346	279.00113	763.939622	10363.053	-0.369
231451	44.79447	89.893095	279.630911	765.205539	10362.224	4.854
231511	44.800655	89.945622	279.908098	766.214656	10364.765	9.26
231531	44.806773	89.998053	279.095339	766.040428	10370.426	8.603
231551	44.813023	90.051574	278.881238	765.950218	10371.761	2.99
231611	44.81927	90.105567	279.033703	766.012249	10370.7	-0.372
231631	44.825321	90.158566	279.009324	766.000978	10370.809	0.272
231651	44.831135	90.209393	278.991045	766.013587	10371.835	-3.733
231711	44.836979	90.260486	279.002156	765.974681	10369.746	-9.342
231731	44.843063	90.314253	279.000661	765.959023	10363.937	-9.18
231751	44.849259	90.369937	278.999402	766.241701	10361.514	0.229
231811	44.855259	90.423993	279.000088	765.610696	10364.336	10.27
231831	44.861027	90.475527	278.999942	763.472458	10369.975	9.887
231851	44.867011	90.52906	279.000577	761.437489	10373.261	-4.533
231911	44.872938	90.582171	278.999067	761.20666	10368.375	-17.306
231931	44.878583	90.633061	278.99823	762.700098	10357.685	-16.424
231951	44.884335	90.686032	279.008425	763.246339	10355.335	-10.352
232011	44.89014	90.739771	278.989288	762.930409	10355.331	-8.279
232031	44.895861	90.792144	278.975893	763.495215	10349.431	-9.383
232051	44.90166	90.845317	279.116926	766.446413	10345.922	2.336
232111	44.907424	90.898785	278.846286	769.588489	10349.75	18.141
232131	44.913085	90.951941	278.089517	770.767937	10359.605	23.028
232151	44.918927	91.006813	278.302616	771.497714	10367.74	16.993
232211	44.924751	91.061097	279.084923	772.034771	10371.271	6.526
232231	44.930271	91.112223	279.155644	771.995681	10371.399	0.184
232251	44.935856	91.164602	278.54335	772.142441	10370.227	2.762
232311	44.941552	91.218991	277.951857	771.867565	10371.54	8.608
232331	44.947212	91.273803	277.954846	770.010433	10376.662	9.054
232351	44.952912	91.32948	278.025284	766.782315	10378.608	4.921
232411	44.958526	91.383522	277.997072	763.608144	10378.003	-0.837
232431	44.963919	91.434207	277.999312	761.631826	10378.395	-6.099
232451	44.969326	91.486908	277.992583	759.670011	10375.721	-11.666
232511	44.974691	91.540574	278.007152	757.759452	10370.122	-15.224
232531	44.979881	91.591718	278.035518	756.45998	10364.66	-14.976
232551	44.985125	91.643435	277.87088	754.936871	10360.238	-15.984
232611	44.990378	91.695791	278.104044	752.584152	10355.042	-15.493
232631	44.995545	91.747837	278.943003	750.185277	10348.753	-9.308
232651	45.000911	91.802174	278.578736	750.651386	10347.541	-3.807
232711	45.006101	91.855018	277.881704	752.481006	10347.737	2.08
232731	45.010988	91.904844	277.958578	753.093113	10347.357	7.778
232751	45.016256	91.958015	278.069357	752.312248	10353.259	4.781
232811	45.021536	92.011611	277.938504	754.126303	10355.136	-1.551
232831	45.026496	92.063011	277.91366	759.247821	10348.642	-1.373
232851	45.031642	92.11686	278.645594	761.026746	10350.55	9.049
232911	45.036838	92.171123	278.92135	761.231243	10358.171	15.114
232931	45.041887	92.223569	278.129255	763.375202	10362.71	9.147
232951	45.047018	92.277014	277.876221	766.795525	10362.58	6.678
233011	45.052296	92.332402	278.032391	769.695102	10364.201	8.674
233031	45.057574	92.387962	278.013831	770.917894	10370.117	8.743
233051	45.062575	92.440086	277.963428	771.16809	10372.001	2.811
233111	45.067486	92.492018	278.044129	772.788183	10370.501	0.596
233131	45.072498	92.546558	278.066744	775.709981	10370.458	6.897
233151	45.077485	92.600859	277.460064	775.481886	10374.948	9.415
233211	45.082529	92.655414	276.913418	773.427453	10378.419	7.03
233231	45.087611	92.710487	276.973032	772.152799	10377.911	1.663
233251	45.092431	92.763643	277.027337	771.572113	10379.465	-8.304
233311	45.097219	92.817136	276.994715	770.682736	10375.969	-16.239
233331	45.102175	92.872351	276.998108	769.24236	10364.866	-16.055
233351	45.106984	92.925306	276.999175	768.818349	10362.136	-10.745
233411	45.111674	92.97754	277.003114	769.036012	10362.45	-8.065
233431	45.116407	93.031818	277.007729	769.012897	10357.22	-8.999
233451	45.121186	93.086999	276.961792	769.005578	10354.449	-0.302
233511	45.125839	93.140776	277.048876	768.978839	10357.142	9.446
233531	45.130347	93.192454	277.110096	768.947461	10362.248	8.958
233551	45.134876	93.244936	275.999705	769.579185	10363.171	4.463
233611	45.13735	93.299231	271.896294	772.603386	10363.581	-4.094
233631	45.136046	93.355877	265.881263	776.604273	10361.752	-11.637
233651	45.131142	93.413143	260.647753	780.357554	10355.159	-8.508
233711	45.122802	93.466134	255.242429	786.759182	10355.971	-0.435
233731	45.111532	93.517223	251.564939	789.353477	10355.346	7.21
233751	45.098724	93.570809	251.229968	791.545067	10359.408	9.713
233811	45.086108	93.624174	252.229013	793.230782	10363.44	8.538
233831	45.074112	93.674917	252.031799	792.986205	10362.9	7.983
233851	45.061514	93.727961	251.293852	794.17102	10368.089	8.591
233911	45.048858	93.780761	250.93238	795.369352	10371.767	6.357
233931	45.036427	93.832296	251.001616	795.054333	10371.009	0.331
233951	45.023703	93.885232	250.881697	793.622292	10371.696	-5.722
234011	45.010767	93.938758	251.327727	792.84857	10368.866	-8.971
234031	44.997663	93.992575	251.997234	793.00112	10363.169	-8.146
234051	44.984351	94.047378	251.424277	792.795071	10362.633	-3.594
234111	44.971559	94.100216	250.867803	793.58863	10362.602	3.175
234131	44.959406	94.150495	250.992401	794.974156	10362.821	7.938
234151	44.947137	94.201147	251.026921	794.257436	10368.857	4.996
234211	44.934392	94.253276	250.990511	791.735256	10370.157	-5.39
234231	44.92099	94.307608	250.999455	789.992664	10363.37	-14.831
234251	44.907129	94.363759	251.00192	791.771295	10357.549	-12.013
234311	44.894421	94.415368	250.999348	793.406952	10355.679	-5.308
234331	44.882168	94.464829	250.99997	793.031062	10356.012	-0.281
234351	44.867886	94.521608	250.999975	792.772207	10355.455	5.915
234411	44.854791	94.573814	251.000382	793.766267	10358.558	9.684
234431	44.842848	94.621709	250.999765	795.082276	10363.296	7.453
234451	44.829485	94.675102	250.998089	795.183235	10363.63	0.993
234511	44.815939	94.729619	251.006122	794.717275	10362.098	2.121
234531	44.802665	94.783034	250.996652	795.129559	10363.402	8.45
234551	44.789352	94.835818	250.973266	796.784548	10369.221	9.174
234611	44.776756	94.885763	251.085323	796.307588	10371.663	5.286
234631	44.764065	94.936313	250.953072	794.981031	10371.021	-0.622
234651	44.750168	94.991489	250.233264	795.460281	10371.677	-6.338
234711	44.736947	95.043606	249.8924	792.820962	10368.002	-9.335
234731	44.724179	95.093557	250.010054	789.992135	10362.694	-7.563
234751	44.71044	95.147171	250.015386	792.368133	10362.531	-1.768
234811	44.696788	95.200507	249.992275	792.113874	10363.239	0.798
234831	44.683585	95.252142	250.000722	789.959531	10362.976	-0.067
234851	44.670359	95.303793	250.001105	791.864252	10362.949	-0.048
234911	44.656872	95.356376	249.999445	794.197281	10363.072	-0.161
234931	44.643365	95.408756	250.000052	795.039523	10362.968	0.114
234951	44.630132	95.459678	250.000083	795.098502	10362.755	0.949
235011	44.616662	95.511626	249.99995	794.824054	10363.774	-3.562
235031	44.602928	95.564692	250.000009	795.085044	10362.575	-8.021
235051	44.589298	95.617136	250.000052	796.447513	10356.866	-3.093
235111	44.575838	95.668953	249.99985	797.499479	10358.142	5.013
235131	44.562089	95.721808	250.000081	796.82309	10363.218	26.448
235151	44.547707	95.776672	250.000642	794.93201	10368.474	75.412
235211	44.533672	95.829714	249.997952	796.728656	10405.595	133.875
235231	44.520029	95.881193	250.001119	800.197629	10468.27	178.124
235251	44.506172	95.933892	250.008935	800.638555	10528.605	195.131
235311	44.492257	95.986775	249.971483	802.685702	10595.69	201.839
235331	44.478296	96.039608	250.015585	806.288901	10666.809	206.252
235351	44.464206	96.092751	250.124453	807.849236	10732.075	209.317
235411	44.450278	96.144918	249.538811	807.999169	10802.698	221.212
235431	44.436525	96.196235	249.005818	808.030987	10882.186	208.741
235451	44.422661	96.248149	249.680662	808.288084	10955.235	134.265
235511	44.408365	96.301843	250.229659	806.924225	10981.306	49.095
235531	44.394216	96.354965	249.970602	806.052243	10972.607	-1.255
235551	44.380815	96.405018	249.246218	808.803357	10971.72	-4.09
235611	44.366571	96.457819	248.902536	810.480848	10973.568	1.821
235631	44.351784	96.512557	249.004832	809.977031	10972.972	-0.091
235651	44.337931	96.564036	249.015739	809.940148	10972.912	-0.307
235711	44.323484	96.617084	248.993002	809.982588	10973.03	0.17
235731	44.308688	96.671002	249.000347	810.01301	10973.001	-0.018
235751	44.295006	96.721306	249.00113	810.25072	10973.049	-0.213
235811	44.28085	96.773485	248.999498	809.176796	10972.845	0.554
235831	44.266072	96.827656	249.000025	807.998958	10973.044	-0.154
235851	44.251786	96.879618	249.00008	809.231931	10973.773	-5.42
235911	44.237155	96.932892	248.999967	810.604369	10970.411	-10.074
235931	44.222381	96.986712	249.000001	811.010031	10964.795	-7.614
235951	44.208357	97.037409	248.999993	811.084319	10963.683	3.584
000011	44.193967	97.089211	249.000035	810.808221	10967.881	10.375
000031	44.1791	97.1428	249.0	811.0	10973.0	8.0
000051	44.164638	97.195082	248.999813	812.502304	10973.51	2.143
000111	44.150339	97.246462	249.000473	812.931867	10972.798	-0.731
000131	44.1358	97.2984	249.0	813.0	10973.0	0.0
000151	44.120854	97.351917	248.997392	815.390811	10973.037	0.132
000211	44.105749	97.405755	249.006591	815.344477	10972.985	-0.052
000231	44.0908	97.4589	249.0	813.0	10973.0	-0.0
000251	44.07613	97.51141	248.961629	813.402494	10973.004	0.006
000311	44.061239	97.564317	249.083179	814.120315	10972.997	0.006
000331	44.046236	97.617108	249.025403	813.985607	10972.999	0.003
000351	44.031781	97.668144	248.234113	814.994966	10973.015	-0.058
000411	44.0171	97.719849	248.170055	816.922415	10972.967	0.131
000431	44.001954	97.772953	248.973135	818.912686	10972.99	0.04
000451	43.987006	97.82549	249.071267	820.367865	10973.206	-0.813
000511	43.972032	97.878269	249.029594	821.472489	10972.538	2.045
000531	43.95695	97.931367	249.017894	822.005073	10972.858	7.788
000551	43.94203	97.983545	248.351326	821.406361	10977.642	9.307
000611	43.927001	98.035837	247.89326	820.851437	10980.615	6.041
000631	43.911852	98.088394	247.993787	820.984748	10980.007	0.294
000651	43.896905	98.1401	248.024019	821.429923	10980.578	-4.921
000711	43.881819	98.192196	247.992171	822.564295	10978.507	-7.766
000731	43.866467	98.245204	247.998025	823.883941	10973.624	-7.44
000751	43.851209	98.297919	248.001894	823.886306	10972.617	-4.048
000811	43.836053	98.350135	247.999543	824.379043	10972.785	2.086
000831	43.820662	98.402823	247.999858	825.918911	10972.471	7.663
000851	43.804603	98.457444	248.000139	825.109261	10977.391	5.604
000911	43.788938	98.510762	247.999962	823.800653	10979.565	-2.894
000931	43.774241	98.560972	247.999982	823.967195	10974.067	-8.602
000951	43.759211	98.612085	248.000058	823.855502	10971.203	0.718
001011	43.743169	98.666564	247.999925	824.318094	10974.683	8.53
001031	43.726741	98.722436	247.999885	825.797233	10979.854	1.817
001051	43.711726	98.773293	248.00067	826.157242	10976.578	-5.547
001111	43.696945	98.823155	247.99899	826.020662	10972.635	-8.371
001131	43.681117	98.876348	247.998411	826.730956	10973.378	-7.442
001151	43.665095	98.929714	248.009846	828.429032	10968.437	-4.569
001211	43.649399	98.982107	247.990851	830.34881	10965.255	1.624
001231	43.63398	99.03412	247.970882	831.708501	10971.185	8.226
001251	43.618192	99.087178	248.120325	832.414191	10974.759	1.703
001311	43.602381	99.139861	247.872663	831.685081	10972.062	-9.599
001331	43.586862	99.19125	247.084	830.034446	10966.396	-10.131
001351	43.570627	99.244962	247.332954	831.370647	10963.454	-0.131
001411	43.554001	99.300032	248.10851	834.589885	10965.969	8.964
001431	43.537845	99.353583	248.133115	836.645741	10971.833	8.084
001451	43.522153	99.405503	247.536133	837.400155	10973.479	5.187
001511	43.5064	99.457347	246.968458	836.88953	10973.112	7.644
001531	43.490147	99.510535	246.94591	835.479336	10976.948	14.942
001551	43.473894	99.56386	247.024138	834.813905	10984.257	9.477
001611	43.457794	99.616739	246.998723	835.008218	10987.918	-7.843
001631	43.441582	99.669647	246.993753	835.005205	10980.667	-19.663
001651	43.425138	99.723325	247.001445	835.04372	10970.12	-17.61
001711	43.408549	99.777582	247.000669	835.110338	10964.842	-3.929
001731	43.392181	99.830677	246.999558	834.446862	10968.455	5.879
001751	43.376255	99.88205	247.000078	834.031447	10973.478	7.994
001811	43.360582	99.932677	247.00006	834.763874	10973.006	6.975
001831	43.344376	99.984957	246.999956	835.073124	10974.746	8.195
001851	43.327789	100.038331	246.999991	834.278288	10979.259	8.05
001911	43.311528	100.090533	247.000011	832.710494	10981.305	-0.958
001931	43.295288	100.142496	246.999994	831.987893	10978.708	-9.617
001951	43.278787	100.195192	246.999993	832.162034	10973.676	-8.931
002011	43.262485	100.247371	247.000039	830.529032	10972.351	-3.264
002031	43.24637	100.298937	246.999942	830.504542	10973.179	0.54
002051	43.230187	100.350454	246.99989	833.535324	10973.103	0.092
002111	43.213725	100.40247	247.00052	833.638284	10972.751	0.512
002131	43.197176	100.454767	246.999339	831.49153	10973.266	-0.887
002151	43.180781	100.506789	246.998513	830.161659	10973.581	-6.612
002211	43.16447	100.558204	247.007214	829.860239	10969.197	-10.317
002231	43.148088	100.609606	246.9908	830.054654	10964.126	-5.845
002251	43.131491	100.661737	246.979286	830.079985	10964.149	5.64
002311	43.114644	100.714609	247.100479	829.655061	10969.011	11.056
002331	43.097818	100.767274	246.867227	830.449554	10973.834	5.684
002351	43.08123	100.819088	246.132781	833.282202	10973.841	-5.729
002411	43.06468	100.870859	245.89949	835.685618	10968.96	-10.897
002431	43.047848	100.923302	246.020752	837.438179	10964.219	-5.831
002451	43.03074	100.976203	246.009285	839.421763	10964.285	5.418
002511	43.013966	101.028057	245.992323	841.81507	10968.391	13.259
002531	42.997366	101.079409	246.001271	843.04078	10974.143	14.871
002551	42.980514	101.131442	246.000808	842.756272	10978.987	10.598
002611	42.963362	101.184234	245.999465	844.737226	10981.196	0.046
002631	42.945874	101.237917	246.000091	847.32318	10979.197	-9.147
002651	42.928327	101.291751	246.000058	847.835427	10974.108	-9.314
002711	42.91156	101.343297	245.999962	849.016238	10972.264	-3.779
002731	42.894594	101.395317	246.000006	851.57737	10973.166	0.308
002751	42.876659	101.450034	246.000004	854.3637	10973.23	-0.205
002811	42.859675	101.502034	246.0	855.866221	10972.293	2.564
002831	42.843037	101.552904	245.999999	855.950726	10973.503	7.627
002851	42.825356	101.606471	245.999991	855.718398	10978.435	9.073
002911	42.80759	101.660189	246.00003	857.015457	10980.757	4.659
002931	42.790041	101.713204	245.999984	857.938074	10979.91	-0.201
002951	42.772451	101.766202	245.999868	855.846266	10979.711	0.262
003011	42.75523	101.818333	246.000427	854.515199	10980.657	-2.522
003031	42.738135	101.869996	245.999889	855.041306	10979.84	-8.211
003051	42.720614	101.922224	245.998085	855.447504	10974.885	-9.346
003111	42.703094	101.974217	246.00549	853.687408	10972.208	-5.073
003131	42.6856	102.0263	246.0	851.0	10973.0	0.0
003151	42.667771	102.079653	245.97264	850.251284	10973.194	0.314
003211	42.649853	102.13352	246.068988	849.3798	10972.797	0.29
003231	42.6321	102.1867	246.0	848.0	10973.0	0.0
003251	42.614551	102.238557	245.330006	847.902908	10973.884	-4.972
003311	42.596966	102.290471	244.900651	847.91922	10970.887	-9.562
003331	42.579283	102.342797	244.994285	847.961514	10965.195	-8.277
003351	42.561671	102.39449	245.020342	849.336723	10964.02	0.864
003411	42.544077	102.446032	244.992604	850.155057	10966.216	14.049
003431	42.52638	102.497979	244.999142	850.792152	10972.038	22.821
003451	42.508513	102.550305	245.00157	853.884628	10983.483	17.457
003511	42.490693	102.602332	244.999507	854.567486	10987.965	0.102
003531	42.472815	102.654495	244.999938	851.31083	10980.885	-14.643
003551	42.454494	102.708084	245.000122	849.145028	10973.773	-8.059
003611	42.436723	102.759844	244.999967	847.153692	10974.41	2.304
003631	42.419621	102.809315	244.999993	845.080703	10979.787	0.898
003651	42.401648	102.861406	245.000009	845.951319	10976.67	-5.845
003711	42.383333	102.914373	244.999997	847.179412	10972.144	-7.221
003731	42.365441	102.965827	244.999999	845.671742	10972.794	-1.096
003751	42.347787	103.016571	245.000003	841.664999	10973.012	1.684
003811	42.330053	103.067582	244.999996	840.221981	10973.28	-1.453
003831	42.312165	103.118981	244.999993	842.731461	10973.511	-7.115
003851	42.294409	103.169804	245.000038	842.047578	10968.703	-9.491
003911	42.276463	103.221191	244.999943	839.216648	10964.301	-6.579
003931	42.25822	103.273535	244.99991	837.30246	10964.78	-0.872
003951	42.240323	103.324632	245.000634	835.934348	10965.238	1.47
004011	42.22266	103.374844	245.000319	835.070183	10964.995	0.307
004031	42.204809	103.425568	244.997894	834.889702	10965.258	-1.254
004051	42.186785	103.476689	245.003595	835.072896	10964.485	1.985
004111	42.169001	103.526959	245.003807	835.058183	10964.443	7.784
004131	42.151923	103.575149	244.97146	834.410715	10970.651	4.548
004151	42.134218	103.625114	245.049858	833.915938	10971.861	-1.759
004211	42.115551	103.677758	245.052984	833.989753	10965.421	-1.057
004231	42.097697	103.7279	244.420578	833.957351	10967.966	9.429
004251	42.079843	103.777895	243.907309	834.109792	10975.388	15.376
004311	42.061354	103.829535	243.981967	834.122355	10979.684	9.242
004331	42.043294	103.879773	244.013663	832.709644	10980.444	2.193
004351	42.025621	103.929698	243.999319	832.072329	10979.777	-0.145
004411	42.007309	103.979909	243.289555	833.669213	10979.852	0.256
004431	41.986918	104.028206	240.46249	835.940024	10981.118	-3.741
004451	41.964973	104.075803	237.858243	838.222454	10979.556	-7.008
004511	41.942614	104.124322	237.783064	839.89725	10973.885	-2.935
004531	41.920424	104.172462	238.108924	839.34901	10974.971	4.539
004551	41.898269	104.220193	237.989822	837.924462	10980.317	7.905
004611	41.875838	104.26828	237.984421	837.963404	10980.39	2.722
004631	41.853606	104.315826	238.007832	837.691534	10980.117	-3.223
004651	41.831224	104.363789	237.999263	836.952613	10979.819	-8.677
004711	41.8084	104.412892	237.99883	836.904487	10975.656	-14.834
004731	41.787031	104.458709	238.00073	837.183943	10968.566	-10.987
004751	41.765887	104.503767	237.999935	838.074445	10965.066	0.542
004811	41.742641	104.55321	237.999273	839.723192	10970.463	7.669
004831	41.720362	104.600594	238.001864	839.518271	10974.079	5.788
004851	41.6991	104.6458	238.0	838.0	10973.0	0.0
004911	41.676281	104.694217	237.989931	837.928728	10972.752	-0.698
004931	41.653598	104.742222	238.018614	837.791523	10973.113	0.12
004951	41.631588	104.788664	238.017185	837.038139	10973.053	-0.065
005011	41.608434	104.837398	237.873615	837.22277	10972.692	0.754
005031	41.585825	104.884934	238.232726	836.425779	10973.517	-1.483
005051	41.564647	104.929455	238.959968	834.282456	10973.83	-6.505
005111	41.542726	104.975556	238.58696	834.273481	10968.144	-5.085
005131	41.520008	105.023221	237.90683	835.066407	10965.476	1.921
005151	41.497335	105.070622	237.963075	834.905317	10971.723	7.657
005211	41.474868	105.117617	238.006382	835.953312	10973.74	5.53
005231	41.452339	105.164728	238.02747	837.16385	10973.143	-1.998
005251	41.429581	105.212177	238.074259	837.071927	10973.701	-7.714
005311	41.406923	105.259277	237.502391	836.947892	10968.219	-5.367
005331	41.384185	105.306453	236.922198	837.009901	10965.493	1.813
005351	41.361452	105.353592	236.965444	837.569249	10971.801	7.307
005411	41.33965	105.398767	237.027096	840.19217	10973.322	8.334
005431	41.317846	105.443885	236.994413	843.900684	10973.718	8.161
005451	41.294882	105.491284	236.997517	846.638299	10978.975	8.568
005511	41.271234	105.539942	237.001953	847.24249	10980.784	4.04
005531	41.248169	105.587399	236.999589	846.984033	10979.831	-0.627
005551	41.226046	105.633009	236.999781	847.077802	10979.9	-0.301
005611	41.203099	105.680187	237.000145	846.377044	10980.108	0.061
005631	41.180111	105.727288	236.999975	844.569047	10979.938	0.132
005651	41.157986	105.772509	236.999981	842.928081	10979.803	0.59
005711	41.134462	105.820461	237.000011	844.403281	10980.683	-2.719
005731	41.110229	105.869834	236.999999	847.191757	10979.653	-7.307
005751	41.087403	105.916403	236.999999	847.547268	10974.561	-8.223
005811	41.065506	105.961028	237.0	846.028902	10972.935	-7.796
005831	41.043032	106.006667	237.0	845.01105	10972.852	-8.036
005851	41.01897	106.055345	237.000004	846.352958	10967.189	-8.568
005911	40.995498	106.102744	236.999989	847.261004	10964.315	-6.031
005931	40.972856	106.148405	237.000003	846.987794	10964.981	0.382
005951	40.949703	106.195033	237.000052	846.972839	10964.029	7.14
010011	40.927122	106.240584	236.999851	846.975006	10968.502	6.037
010031	40.904866	106.285483	237.000042	847.011504	10972.932	-0.235
010051	40.881486	106.332457	237.000731	847.555792	10966.782	-1.394
010111	40.857136	106.381323	236.997928	848.695234	10966.856	2.863
010131	40.833586	106.42853	237.000585	850.063232	10973.157	8.192
010151	40.81202	106.471602	237.010176	850.955248	10972.708	9.286
010211	40.788145	106.519277	236.971136	850.739301	10975.839	5.094
010231	40.762906	106.569681	237.008147	851.087184	10979.946	-0.165
010251	40.740476	106.614322	237.141729	853.926676	10974.467	-0.766
010311	40.716996	106.660833	236.548687	855.39802	10974.984	1.013
010331	40.692308	106.70977	236.010397	854.988901	10980.031	-0.236
010351	40.669462	106.7553	236.805029	855.45421	10975.492	-6.693
010411	40.646172	106.801461	236.692441	856.822685	10971.987	-6.148
010431	40.622116	106.84883	236.001597	858.03417	10973.047	0.216
010451	40.598894	106.894596	236.747674	858.12826	10973.1	0.918
010511	40.57526	106.941233	236.802378	857.942347	10973.112	-1.036
010531	40.550879	106.989305	235.972811	859.122337	10972.951	0.225
010551	40.526501	107.037223	235.91141	862.182425	10972.101	6.447
010611	40.50201	107.08522	236.039486	862.770027	10975.923	6.874
010631	40.478036	107.132071	235.998015	860.923587	10979.993	-0.423
010651	40.455218	107.176548	235.992864	860.489194	10975.566	-7.273
010711	40.431499	107.22282	236.002793	861.875019	10972.087	-6.064
010731	40.407	107.2706	236.0	863.0	10973.0	0.0
010751	40.383716	107.315826	235.999498	861.582316	10973.166	0.67
010811	40.360168	107.361644	236.000188	861.210044	10972.934	-0.265
010831	40.3358	107.4091	236.0	863.0	10973.0	-0.0
010851	40.311501	107.456144	236.000032	864.252999	10973.012	0.048
010911	40.286678	107.504087	235.999841	862.991518	10972.995	-0.019
010931	40.2616	107.5525	236.0	861.0	10973.0	0.0
010951	40.237482	107.598944	236.000954	862.033747	10973.001	0.003
011011	40.214289	107.643511	235.997583	863.671206	10973.0	-0.001
011031	40.1911	107.6881	236.0	864.0	10973.0	-0.0
011051	40.166891	107.734739	236.014078	863.644306	10973.0	0.0
011111	40.142435	107.781494	235.969482	864.887424	10973.0	-0.0
011131	40.118301	107.827763	235.990679	866.957856	10973.0	-0.0
011151	40.094131	107.874805	235.933762	866.734629	10973.0	-0.0
011211	40.068743	107.92029	233.414475	868.176152	10973.0	0.0
011231	40.04145	107.963625	229.394545	871.670654	10973.0	0.0
011251	40.012615	108.006974	228.44381	872.261501	10973.0	-0.001
011311	39.983974	108.049585	229.115091	872.188197	10973.0	0.002
011331	39.95622	108.091166	229.074144	873.70053	10972.999	0.005
011351	39.927241	108.134356	228.945467	873.667772	10973.005	-0.018
011411	39.897449	108.178521	228.989484	872.217995	10973.004	-0.014
011431	39.868809	108.221086	229.012321	871.753	10972.977	0.08
011451	39.840408	108.263287	228.998993	872.017879	10973.01	-0.034
011511	39.811045	108.306708	228.998452	872.009996	10973.074	-0.257
011531	39.782326	108.349109	229.000803	872.052757	10972.766	0.813
011551	39.75366	108.391441	228.999911	871.964005	10973.128	-0.446
011611	39.723972	108.435291	228.999758	871.70304	10974.021	-6.699
011631	39.696581	108.475794	229.000476	873.145819	10969.231	-6.546
011651	39.669273	108.516113	228.999765	875.112857	10965.09	0.79
011711	39.638306	108.561639	228.998157	875.173903	10970.791	6.987
011731	39.609426	108.603981	229.005859	874.908713	10973.718	7.706
011751	39.582035	108.644098	228.9968	875.010664	10973.104	8.42
011811	39.551975	108.68815	228.974447	875.032939	10977.232	14.445
011831	39.522851	108.730816	229.082791	874.927154	10984.47	11.172
011851	39.494874	108.771677	228.978366	875.017614	10987.938	-0.546
011911	39.465586	108.814282	228.292663	875.318668	10982.719	-7.624
011931	39.436207	108.85708	227.898303	874.114254	10979.098	-6.16
011951	39.4073	108.8992	228.0	872.0	10980.0	-0.0
012011	39.378226	108.941298	228.020414	871.288706	10979.782	2.26
012031	39.349388	108.982956	227.992863	870.501767	10980.828	-4.018
012051	39.320832	109.02423	227.999581	869.061755	10980.27	-14.592
012111	39.292024	109.065843	228.001725	868.441177	10970.851	-18.114
012131	39.263066	109.107607	227.999539	869.676382	10963.703	-11.615
012151	39.234209	109.149188	227.999905	871.100077	10964.73	-1.015
012211	39.205507	109.190586	228.00012	868.673833	10965.35	1.214
012231	39.176234	109.232672	227.999967	866.915203	10964.883	-0.266
012251	39.146422	109.275364	227.999993	868.702322	10964.955	0.016
012311	39.117446	109.316947	228.000011	870.128022	10965.215	-0.571
012331	39.089307	109.357351	227.999993	871.706494	10964.66	1.233
012351	39.061115	109.397728	227.999994	873.80543	10964.644	7.056
012411	39.031785	109.439637	228.00004	874.214322	10969.117	12.634
012431	39.001795	109.482336	227.999931	873.986456	10974.739	15.72
012451	38.971944	109.524769	227.999927	874.043697	10979.213	15.376
012511	38.942556	109.566723	228.000548	873.220492	10985.104	11.492
012531	38.913823	109.607698	227.999038	871.116823	10988.574	6.121
012551	38.885361	109.648047	227.998699	867.793693	10988.077	0.991
012611	38.856185	109.689325	228.007485	863.615451	10988.416	-4.003
012631	38.82667	109.731106	227.98869	860.154481	10987.094	-9.946
012651	38.797746	109.772048	227.978753	858.325573	10981.623	-14.841
012711	38.769971	109.811192	228.100893	856.93915	10975.54	-12.203
012731	38.741948	109.850536	227.871769	854.004603	10972.836	-7.087
012751	38.712933	109.891442	227.711441	849.14048	10973.313	-7.105
012811	38.685122	109.931621	229.899549	845.288552	10969.8	-12.056
012831	38.658649	109.972964	232.442005	842.182036	10963.47	-15.038
012851	38.63295	110.016653	233.004568	838.779316	10958.743	-10.214
012911	38.60831	110.058577	232.992788	836.100581	10957.033	0.04
012931	38.583284	110.100409	233.001487	834.830935	10958.754	10.155
012951	38.55702	110.144288	233.000661	834.316243	10963.498	14.92
013011	38.531453	110.187132	232.99948	832.244578	10969.659	12.616
013031	38.506933	110.228277	233.000109	829.312349	10973.493	6.358
013051	38.482731	110.268829	233.000057	827.310739	10973.262	0.929
013111	38.458056	110.310115	232.999965	826.705983	10972.827	-0.574
013131	38.433134	110.351812	233.000003	825.586005	10973.03	0.097
013151	38.408221	110.393484	232.999994	822.731567	10973.02	0.058
013211	38.382449	110.436408	233.00004	821.109291	10972.983	-0.023
013231	38.356617	110.479359	232.999956	821.032202	10973.007	-0.012
013251	38.331873	110.520531	232.999855	821.098062	10973.017	-0.058
013311	38.307727	110.560505	233.000614	820.405816	10972.932	0.264
013331	38.283411	110.600714	232.999541	818.677528	10973.05	-0.199
013351	38.258441	110.642157	232.9978	816.50686	10973.239	-0.954
013411	38.233146	110.683937	233.00794	815.704623	10972.137	4.096
013431	38.208077	110.725107	232.99367	816.060747	10973.695	7.837
013451	38.183363	110.76568	232.969422	816.156983	10979.479	2.001
013511	38.15802	110.807442	233.110549	815.532923	10977.037	-1.135
013531	38.132528	110.849384	232.910844	816.364828	10973.141	0.189
013551	38.107859	110.889708	232.124314	819.93893	10978.598	0.38
013611	38.083425	110.929882	232.264344	821.25935	10978.468	-0.817
013631	38.058664	110.970796	232.97018	819.376986	10973.257	-0.475
013651	38.03337	111.012335	232.596459	817.065946	10975.752	4.474
013711	38.008232	111.053412	231.922203	815.910271	10980.557	6.703
013731	37.983604	111.093608	231.941534	816.024347	10980.42	1.635
013751	37.958454	111.134598	232.037186	815.501655	10979.725	-0.959
013811	37.933154	111.175833	231.99809	813.906182	10980.016	0.043
013831	37.90863	111.215861	231.987628	811.919639	10980.143	0.111
013851	37.884	111.256	232.0	810.0	10980.0	-0.0
013911	37.858471	111.297426	232.00157	808.513194	10979.845	0.535
013931	37.833143	111.338409	231.999355	807.612959	10980.363	-1.692
013951	37.808342	111.378492	231.999965	806.132685	10980.1	-7.649
014011	37.783431	111.418746	232.000138	802.654058	10976.244	-13.956
014031	37.759047	111.45812	231.99992	800.36199	10970.17	-13.629
014051	37.73527	111.496498	231.999955	800.100821	10965.399	-7.814
014111	37.711186	111.535392	232.000198	798.987655	10965.244	-6.556
014131	37.686566	111.575057	231.999717	797.75025	10963.958	-8.558
014151	37.661797	111.614769	231.999559	797.195244	10958.744	-8.525
014211	37.637565	111.653495	232.002655	795.786032	10957.341	-4.166
014231	37.613249	111.692496	231.99679	795.027654	10958.033	1.104
014251	37.588271	111.732733	231.992825	796.446747	10957.8	5.987
014311	37.563251	111.772727	232.034749	798.723751	10960.117	16.335
014331	37.538228	111.812451	231.955695	800.21251	10967.318	23.72
014351	37.513306	111.852287	231.900251	800.151972	10977.745	20.477
014411	37.489333	111.891727	232.676803	799.422842	10984.658	14.778
014431	37.466301	111.930739	233.78526	798.378005	10987.499	8.411
014451	37.443667	111.969671	234.134038	796.932205	10988.846	-0.637
014511	37.420455	112.009653	233.977144	794.33711	10987.281	-9.481
014531	37.396202	112.051148	233.985467	790.282624	10981.733	-14.291
014551	37.372082	112.092236	234.00963	786.266635	10976.661	-15.509
014611	37.348682	112.132065	233.998351	783.63487	10971.93	-13.257
014631	37.325859	112.170977	233.998779	782.574795	10966.615	-8.737
014651	37.302927	112.210089	233.99909	781.262377	10964.917	-6.629
014711	37.279844	112.249448	233.999561	779.110019	10965.105	-7.913
014731	37.257193	112.288066	234.00992	777.072182	10960.644	-8.923
014751	37.234671	112.326294	233.980795	775.345587	10957.377	-6.411
014811	37.211816	112.364971	233.987499	774.084534	10957.964	-0.595
014831	37.188445	112.404684	234.133691	773.690477	10957.602	4.841
014851	37.165124	112.444146	233.714809	774.450584	10959.197	10.246
014911	37.142104	112.482827	233.013	775.875627	10964.413	14.761
014931	37.118926	112.521877	233.493782	776.539508	10970.035	15.295
014951	37.095277	112.561739	234.203118	775.121408	10974.765	15.187
015011	37.071776	112.601272	234.065903	772.250102	10979.437	15.199
015031	37.049659	112.638475	233.219263	770.28664	10985.507	11.197
015051	37.027491	112.675736	233.195507	767.775049	10988.439	6.169
015111	37.004416	112.714505	233.976305	764.299874	10987.941	0.773
015131	36.981438	112.753178	233.526371	761.830627	10989.42	-8.681
015151	36.959039	112.790831	232.867774	758.623354	10985.217	-15.487
015211	36.937043	112.827684	232.945314	754.131884	10974.836	-15.548
015231	36.914698	112.865063	233.035828	751.234337	10972.987	-14.012
015251	36.892083	112.902838	232.993897	749.697445	10971.8	-15.814
015311	36.86961	112.940311	232.996138	748.274128	10960.954	-17.521
015331	36.847287	112.977532	233.002477	747.800157	10954.958	-1.591
015351	36.825058	113.014455	232.99966	748.068308	10959.758	17.424
015411	36.802637	113.051545	233.000063	749.076425	10970.368	17.936
015431	36.779364	113.090364	232.998797	752.670062	10974.389	7.857
015451	36.756217	113.129022	233.001081	756.33725	10972.824	-0.72
015511	36.734183	113.165396	233.005316	756.498998	10972.877	-0.846
015531	36.711542	113.202675	232.980713	754.702459	10972.909	1.122
015551	36.68876	113.240334	233.015389	751.368245	10973.139	-0.661
015611	36.666933	113.276476	233.074354	746.569051	10973.726	-6.572
015631	36.64443	113.313395	232.731185	742.651804	10969.686	-8.252
015651	36.621921	113.35114	233.217264	739.497641	10964.536	-5.564
015711	36.600835	113.388309	235.339828	736.244347	10964.265	-2.869
015731	36.57977	113.424847	235.815666	735.055261	10964.953	0.641
015751	36.557582	113.460941	233.098295	737.318428	10964.273	5.303
015811	36.534934	113.496831	231.540555	741.302035	10967.601	8.152
015831	36.5121	113.5329	232.0	747.0	10973.0	7.0
015851	36.488788	113.569584	232.087872	754.80715	10973.618	2.181
015911	36.464856	113.607054	231.968222	759.109751	10972.783	-0.644
015931	36.440966	113.644465	231.997823	758.113793	10972.987	-0.035
015951	36.41809	113.680598	232.014886	756.065912	10973.059	0.083
020011	36.394678	113.717386	231.978251	756.948163	10972.95	0.065
020031	36.370672	113.754864	231.993867	759.906698	10972.989	0.032
020051	36.347861	113.790765	232.127419	760.261661	10973.227	-0.718
020111	36.324814	113.827043	231.738089	760.125191	10972.571	1.541
020131	36.300559	113.864965	231.029191	760.943285	10972.722	7.409
020151	36.276378	113.902617	231.318446	760.846102	10977.486	11.215
020211	36.255483	113.934984	232.561152	759.114099	10980.376	4.916
020231	36.232787	113.970199	232.813775	757.237197	10979.689	-1.355
020251	36.2062	114.0116	232.0	756.0	10980.0	-0.0
020311	36.184542	114.045174	232.664702	753.939773	10980.777	-4.979
020331	36.162347	114.079581	232.909228	752.417267	10977.844	-9.565
020351	36.1371	114.1188	232.0	752.0	10973.0	-8.0
020411	36.112403	114.157106	231.243079	751.919816	10972.497	-2.271
020431	36.08945	114.192546	230.84134	752.160091	10973.199	0.781
020451	36.0669	114.2273	231.0	752.0	10973.0	0.0
020511	36.042639	114.264832	231.81248	750.567276	10972.964	-0.143
020531	36.018791	114.301657	231.79546	749.898084	10973.013	0.06
020551	35.9957	114.3372	231.0	750.0	10973.0	0.0
020611	35.971655	114.374236	230.909421	748.83686	10973.003	-0.029
020631	35.948093	114.410357	231.035839	747.190857	10972.987	0.053
020651	35.9252	114.4453	231.0	745.0	10973.0	0.0
020711	35.90157	114.481504	230.993493	741.482095	10973.077	-0.269
020731	35.87769	114.518229	231.002582	739.181322	10972.804	0.679
020751	35.8545	114.5539	231.0	739.0	10973.0	-0.0
020811	35.832344	114.587804	230.999483	739.579134	10974.08	-6.113
020831	35.809442	114.622554	231.000311	740.421722	10969.973	-7.134
020851	35.7858	114.6584	231.0	740.0	10965.0	-0.0
020911	35.763108	114.693177	230.999271	737.329489	10969.974	7.133
020931	35.740577	114.727749	231.001772	738.31538	10974.079	6.116
020951	35.7177	114.7626	231.0	742.0	10973.0	-0.0
021011	35.694557	114.797636	230.990307	741.885568	10972.809	-0.696
021031	35.669968	114.83494	231.024747	743.360328	10973.065	0.313
021051	35.645264	114.872531	231.006884	746.901845	10973.0	0.024
021111	35.623626	114.905354	231.081352	746.791099	10972.964	0.163
021131	35.60291	114.936638	231.920087	745.218116	10972.776	0.909
021151	35.578416	114.973504	231.536693	745.34596	10973.846	-4.028
021211	35.553333	115.011488	231.059617	744.58881	10972.313	-7.879
021231	35.531952	115.043868	231.987754	740.661165	10966.071	-2.063
021251	35.50801	115.077965	230.894722	740.795549	10965.964	3.036
021311	35.480739	115.1149	228.125343	744.938784	10971.159	4.902
021331	35.453603	115.150824	226.668805	747.859242	10972.946	7.344
021351	35.427872	115.184539	226.980963	747.119734	10972.824	8.163
021411	35.402561	115.217531	227.067441	743.866675	10978.944	2.101
021431	35.377937	115.249551	226.97624	740.873603	10977.251	0.654
021451	35.353813	115.28092	226.998639	739.983443	10972.698	-6.741
021511	35.329263	115.312904	227.004728	740.619724	10982.432	-56.158
021531	35.304388	115.345288	226.998559	738.223795	10947.293	-157.405
021551	35.279178	115.378071	227.000238	730.589012	10860.723	-254.73
021611	35.253525	115.411422	227.000248	721.221576	10775.404	-279.531
021631	35.228284	115.444108	226.999766	717.562064	10680.231	-291.516
021651	35.203897	115.475536	227.000102	719.399014	10576.572	-306.307
021711	35.179598	115.506829	226.999802	720.989378	10474.737	-307.945
021731	35.153932	115.540025	226.998572	719.405743	10370.965	-307.386
021751	35.129095	115.572125	227.007478	719.081178	10268.904	-305.758
021811	35.105175	115.602903	227.009253	719.541763	10167.99	-307.523
021831	35.080666	115.634264	226.976902	716.912954	10064.167	-318.939
021851	35.055851	115.666048	227.01201	712.657716	9956.01	-318.16
021911	35.031421	115.697479	226.960026	709.629278	9850.156	-290.844
021931	35.006257	115.729561	226.243877	704.504743	9759.219	-285.841
021951	34.981765	115.760635	225.88717	698.07776	9664.826	-299.43
022011	34.957772	115.791085	226.01049	691.320103	9560.295	-312.729
022031	34.933259	115.822278	226.015639	687.732862	9452.984	-313.108
022051	34.909482	115.852638	225.993525	698.740471	9349.867	-311.47
022111	34.88576	115.882906	225.999865	713.901353	9247.472	-312.033
022131	34.860583	115.914836	225.994028	715.420804	9140.049	-309.182
022151	34.835343	115.946685	226.022178	716.184835	9038.094	-292.87
022211	34.811014	115.977425	225.987615	719.136166	8944.963	-243.916
022231	34.787226	116.007697	225.900754	718.849067	8866.46	-153.332
022251	34.762073	116.039654	226.380965	720.527216	8835.589	-60.903
022311	34.736895	116.071671	227.038305	723.08408	8839.48	-4.885
022331	34.713732	116.101339	227.063644	721.829685	8839.735	2.327
022351	34.688922	116.13286	226.951325	720.300186	8838.63	-1.243
022411	34.662612	116.166195	227.013538	721.22851	8839.035	0.115
022431	34.63753	116.198265	227.09071	723.402971	8839.056	0.169
022451	34.612948	116.229473	226.659377	719.952064	8838.962	-0.06
022511	34.588486	116.260336	225.973581	712.689493	8839.004	-0.004
022531	34.564253	116.291096	225.809776	708.735356	8839.05	-0.135
022551	34.539443	116.322445	226.440447	707.624643	8838.87	0.418
022611	34.514473	116.353957	226.999089	708.048606	8839.036	-0.119
022631	34.490365	116.384587	226.379342	709.357296	8839.631	-2.08
022651	34.466018	116.414854	225.823227	710.507688	8837.21	5.902
022711	34.442161	116.445668	228.252983	707.668333	8839.504	-1.673
022731	34.4209	116.4783	235.0	700.0	8839.0	-91.0
022751	34.402341	116.514025	240.200041	697.856651	8773.78	-271.222
022811	34.386434	116.550677	243.109101	691.680875	8682.589	-335.818
022831	34.371747	116.587384	244.038717	682.687847	8579.096	-316.26
022851	34.356725	116.623847	243.364328	674.404641	8466.101	-307.381
022911	34.341429	116.660217	243.126284	658.898639	8359.858	-369.017
022931	34.32669	116.696052	244.031593	635.997669	8236.964	-468.449
022951	34.312987	116.730358	244.105071	623.811476	8045.078	-481.372
023011	34.299331	116.764682	243.946892	629.256032	7886.492	-411.606
023031	34.285406	116.799319	244.004397	644.73899	7782.909	-377.049
023051	34.271602	116.833455	244.047259	655.60776	7662.58	-495.51
023111	34.25775	116.867975	243.892487	658.306082	7483.278	-634.803
023131	34.243597	116.903217	243.757974	655.288994	7247.67	-700.598
023151	34.228952	116.938599	244.252702	652.511111	6996.456	-691.906
023211	34.214854	116.97443	246.142887	649.696078	6763.046	-633.86
023231	34.203468	117.011552	249.670132	639.778485	6560.242	-581.304
023251	34.193886	117.047362	252.482892	628.539326	6380.535	-565.918
023311	34.184532	117.081837	252.914055	623.323161	6198.162	-585.603
023331	34.174615	117.118286	252.120685	623.286126	5992.303	-600.94
023351	34.164555	117.155323	251.922997	619.57703	5791.022	-599.164
023411	34.154664	117.19167	251.96263	615.010659	5594.917	-592.938
023431	34.145272	117.225898	251.904314	613.336299	5396.602	-593.016
023451	34.136622	117.256985	252.751209	611.02292	5199.499	-592.136
023511	34.127007	117.291677	252.821482	608.813939	5002.96	-597.425
023531	34.116463	117.329715	251.922249	606.732702	4802.648	-601.701
023551	34.10668	117.364878	251.716142	603.399947	4598.438	-589.076
023611	34.098075	117.397808	252.814919	599.966335	4404.862	-567.584
023631	34.089921	117.431073	253.984472	594.41925	4222.991	-538.758
023651	34.081163	117.466622	253.461509	584.632357	4045.827	-501.896
023711	34.072446	117.501413	252.87279	580.627904	3886.186	-484.806
023731	34.064116	117.534173	252.998048	582.968103	3734.154	-501.475
023751	34.055723	117.56693	252.897267	580.764959	3556.896	-528.043
023811	34.047341	117.60001	253.288504	578.218604	3366.823	-484.696
023831	34.038928	117.633057	253.091242	570.843621	3213.356	-358.098
023851	34.030457	117.665383	251.149521	546.39662	3140.837	-254.144
023911	34.023435	117.695626	257.427913	526.231653	3049.161	-379.645
023931	34.018926	117.727833	264.390517	522.354912	2875.966	-476.784
023951	34.01607	117.761456	263.991134	525.139037	2723.545	-337.432
024011	34.013385	117.790462	264.924436	525.351796	2680.255	-236.866
024031	34.010376	117.821601	264.678236	517.419533	2588.005	-239.205
024051	34.007273	117.852859	263.60799	497.377169	2489.249	-247.511
024111	34.004373	117.881115	263.027048	469.632192	2429.331	-240.694
024131	34.001753	117.907384	262.951058	447.468268	2348.38	-316.983
024151	33.999126	117.934326	263.015324	435.514204	2220.972	-416.932
024211	33.996453	117.961952	263.001912	432.897074	2058.601	-476.251
024231	33.994046	117.987205	262.99658	435.840221	1895.683	-496.77
024251	33.99157	118.012186	263.000909	441.329148	1731.51	-476.38
024311	33.988905	118.03833	262.999831	446.681239	1569.94	-387.05
024331	33.986318	118.064396	262.999782	444.305228	1447.217	-225.051
024351	33.98365	118.090342	263.000345	417.15064	1416.858	-118.351
024411	33.981022	118.11505	262.99978	385.863636	1412.133	-131.981
024431	33.978671	118.137464	262.99898	378.035363	1337.963	-237.375
024451	33.976508	118.158928	263.003656	372.592853	1236.701	-319.593
024511	33.974376	118.180867	262.997089	363.868661	1124.985	-344.134
024531	33.972174	118.203557	262.985938	358.014044	1000.68	-335.934
024551	33.969981	118.225047	263.050835	351.3259	893.595	-309.701
024611	33.967898	118.245323	262.959461	341.241619	800.921	-288.215
024631	33.965963	118.265251	262.804154	326.163034	704.419	-287.054
024651	33.964077	118.284	263.760014	303.186746	610.25	-282.495
024711	33.962367	118.300805	263.471654	281.182343	508.556	-208.668
024731	33.960784	118.316771	262.900394	266.628818	442.265	-174.642
024751	33.959088	118.333445	265.016305	258.926197	433.821	-303.22
024811	33.957468	118.349401	264.560592	261.728439	354.987	-327.797
024831	33.955884	118.364927	263.189199	267.044876	240.664	-291.432
024851	33.954282	118.380419	262.945893	266.345857	134.327	-254.755
024911	33.952666	118.396177	263.956023	261.594258	56.689	-212.458
024931	33.951209	118.411146	262.595487	241.919587	-2.822	-33.767
