204314	40.641	73.7999	302.0	291.0	137.0	0.0
204334	40.64855	73.815066	301.70848	280.934	408.886	640.979
204354	40.652872	73.833478	274.149294	306.941798	552.947	441.053
204414	40.645454	73.852643	229.934792	343.331132	714.563	369.104
204434	40.6322	73.8693	224.0	401.0	792.0	272.0
204454	40.616318	73.887802	216.414763	442.527562	915.501	499.84
204514	40.592786	73.897362	184.659066	496.625589	1122.842	782.494
204534	40.568991	73.889084	154.29368	515.492285	1432.326	930.147
204554	40.550742	73.86553	124.951162	527.021429	1735.39	870.502
204614	40.5442	73.8331	93.0	528.0	2012.0	762.0
204634	40.551183	73.799976	65.70172	525.884709	2246.38	741.672
204654	40.568107	73.771228	51.791004	528.536002	2505.083	750.687
204714	40.584986	73.745747	49.807901	537.399165	2733.756	623.678
204734	40.602035	73.718672	50.627351	548.559426	2953.786	517.177
204754	40.620572	73.689683	50.366169	566.662496	3145.902	467.565
204814	40.639361	73.66091	49.365193	600.192093	3251.089	375.383
204834	40.658949	73.629692	50.302761	640.771574	3325.02	300.39
204854	40.680823	73.595213	49.607666	666.635615	3455.147	365.581
204914	40.7062	73.5716	26.0	661.0	3589.0	504.0
204934	40.73911	73.562762	4.218352	650.177783	3780.127	559.212
204954	40.771766	73.558964	23.297648	658.521388	3965.977	562.936
205014	40.804204	73.555111	-30.543731	677.813074	4152.276	584.276
205034	40.838791	73.55018	-31.921188	689.863941	4353.236	571.169
205054	40.873907	73.547827	343.137445	677.576622	4519.924	389.277
205114	40.904633	73.562571	326.819226	642.990457	4614.914	315.606
205134	40.9287	73.5872	322.0	647.0	4732.0	323.0
205154	40.954972	73.614311	325.375659	666.610192	4838.111	299.269
205214	40.982473	73.641892	320.738283	689.889464	4927.449	296.045
205234	41.0095	73.6697	322.0	711.0	5022.0	358.0
205254	41.037125	73.69832	321.762013	723.341152	5153.6	469.332
205314	41.067175	73.72827	322.947408	729.225782	5349.059	557.155
205334	41.095728	73.759863	317.30646	718.31389	5539.15	505.38
205354	41.114309	73.795307	295.162508	679.010878	5672.443	442.826
205414	41.123866	73.836845	279.914082	650.3942	5839.321	522.029
205434	41.130769	73.880375	281.665642	654.788279	6015.542	496.408
205454	41.137255	73.921264	283.411428	660.527028	6169.493	448.984
205514	41.144305	73.963217	281.811297	661.289087	6308.057	414.103
205534	41.151796	74.00996	281.706558	665.782844	6447.476	390.154
205554	41.158615	74.052092	282.605846	672.03118	6566.623	398.678
205614	41.165107	74.093241	281.569779	673.636004	6698.339	406.267
205634	41.171181	74.139178	278.159728	670.720987	6853.894	377.256
205654	41.175272	74.182659	277.017849	673.876406	6964.093	348.289
205714	41.179366	74.226681	277.090661	678.134873	7071.113	328.515
205734	41.183808	74.271622	276.97254	681.144099	7183.225	319.816
205754	41.187768	74.315498	276.516639	684.63809	7282.046	319.591
205814	41.192357	74.359994	278.374169	690.419759	7396.009	317.647
205834	41.196438	74.407257	276.610979	689.513506	7501.916	276.053
205854	41.195319	74.455377	260.802339	674.625441	7566.427	250.612
205914	41.183443	74.495675	241.947947	666.989278	7676.655	366.531
205934	41.166325	74.532211	238.844611	665.963975	7807.87	288.683
205954	41.150482	74.567902	238.930989	667.15769	7886.158	242.72
210014	41.133327	74.606404	239.054087	671.646455	7953.685	277.978
210034	41.115726	74.64507	238.988882	673.838303	8054.063	354.049
210054	41.099177	74.681346	238.995132	668.333567	8198.391	411.84
210114	41.082061	74.718816	239.00346	658.159815	8348.581	413.722
210134	41.064553	74.756761	238.999725	652.711963	8468.483	319.751
210154	41.047127	74.794323	238.999107	656.670175	8548.688	201.258
210214	41.029542	74.832687	238.99812	662.217093	8613.747	192.15
210234	41.012609	74.869493	239.007294	664.989142	8674.992	194.808
210254	40.995335	74.906892	239.229058	669.63144	8741.4	222.967
210314	40.979336	74.945649	242.551332	670.239861	8819.963	283.306
210334	40.966339	74.985193	248.609762	665.559686	8919.119	279.702
210354	40.955794	75.026107	253.119295	665.248438	9017.226	164.917
210414	40.945742	75.069146	253.38859	674.640839	9044.984	116.888
210434	40.93595	75.111353	252.827121	682.137067	9075.45	142.091
210454	40.925982	75.153923	253.008602	684.06316	9139.44	175.562
210514	40.915357	75.199701	253.028551	685.811709	9204.138	169.926
210534	40.905332	75.242535	252.98574	688.723464	9252.256	202.108
210554	40.8957	75.283326	253.001139	689.932093	9316.743	269.762
210614	40.885252	75.327961	253.011123	686.123084	9438.773	298.338
210634	40.874853	75.372408	252.970264	682.07508	9550.984	286.865
210654	40.864942	75.414543	252.940765	680.018142	9628.761	265.27
210714	40.855175	75.455875	253.067612	678.345544	9706.194	275.314
210734	40.845225	75.497796	253.066958	674.857029	9805.193	309.617
210754	40.834955	75.540832	252.323147	667.679683	9921.69	299.249
210814	40.825005	75.582346	252.088055	661.237304	10019.218	244.904
210834	40.815465	75.622086	252.889196	659.76697	10081.02	182.363
210854	40.805393	75.664209	253.248756	662.853077	10133.435	148.237
210914	40.795145	75.707243	252.722384	665.502126	10180.537	131.236
210934	40.785108	75.749385	252.016789	665.838556	10220.396	115.827
210954	40.775006	75.791548	252.4761	668.279984	10256.734	106.046
211014	40.765061	75.832894	253.151431	672.556013	10290.502	93.513
211034	40.755217	75.873801	253.060856	675.82082	10320.845	73.948
211054	40.744824	75.91694	252.549142	675.261375	10345.802	55.605
211114	40.734193	75.960956	252.057484	673.207154	10361.414	36.484
211134	40.723943	76.003252	251.946229	673.313033	10364.46	12.576
211154	40.71405	76.044282	252.013113	674.087266	10362.667	-2.327
211214	40.704066	76.085474	252.00427	673.309447	10362.925	-0.836
211234	40.693615	76.127435	252.297988	671.612975	10362.901	1.517
211254	40.684434	76.169632	255.422272	671.146078	10363.278	-1.519
211314	40.6784	76.2124	262.0	674.0	10363.0	-8.0
211334	40.675952	76.257116	268.704563	680.399293	10358.056	-10.997
211354	40.677172	76.300617	275.265161	687.268085	10355.567	-4.312
211414	40.682143	76.345144	279.739837	692.104884	10356.319	1.114
211434	40.6893	76.3921	281.0	695.0	10356.0	-0.0
211454	40.696015	76.436813	281.067375	697.124091	10355.238	4.963
211514	40.702395	76.480131	280.973335	698.761337	10358.112	9.704
211534	40.709	76.5245	281.0	700.0	10363.0	8.0
211554	40.715961	76.571326	281.004886	701.444787	10363.749	1.409
211614	40.722717	76.61748	280.997964	705.405685	10362.178	1.7
211634	40.7293	76.6628	281.0	710.0	10363.0	8.0
211654	40.736211	76.709761	281.001022	710.84367	10368.84	8.541
211714	40.742825	76.755215	280.998156	711.770111	10371.197	8.166
211734	40.7492	76.7995	281.0	713.0	10371.0	8.0
211754	40.756021	76.846061	281.009427	710.996216	10376.453	3.199
211814	40.76262	76.891247	280.976227	709.857351	10376.655	-2.858
211834	40.7689	76.9348	281.0	711.0	10371.0	-6.0
211854	40.775494	76.980542	281.195125	711.587291	10370.424	-5.053
211914	40.782284	77.02772	281.082374	710.383522	10371.226	-5.403
211934	40.788975	77.074545	280.296346	707.078349	10367.237	-11.791
211954	40.795427	77.120259	280.108944	704.327478	10360.824	-14.835
212014	40.801742	77.165375	280.907221	704.647106	10356.352	-9.107
212034	40.808245	77.211452	281.119852	708.010292	10355.576	-2.54
212054	40.814974	77.258567	280.958439	710.427099	10356.103	0.554
212114	40.821641	77.30522	280.982848	710.077504	10356.007	0.147
212134	40.827795	77.349181	281.087844	710.169362	10356.105	-0.433
212154	40.833856	77.392525	280.847755	711.683473	10355.764	0.622
212214	40.840232	77.437578	280.230764	713.997595	10355.352	4.156
212234	40.846798	77.484469	279.921113	715.677107	10357.617	10.431
212254	40.8535	77.5329	280.0	716.0	10363.0	15.0
212314	40.860268	77.581719	280.014353	715.297729	10369.03	11.513
212334	40.866551	77.627599	279.994238	714.992099	10371.697	4.479
212354	40.8726	77.6719	280.0	716.0	10371.0	-0.0
212414	40.879232	77.719433	280.001571	718.084815	10370.652	0.383
212434	40.885867	77.767955	279.998221	719.582642	10371.626	-2.134
212454	40.8922	77.8153	280.0	721.0	10371.0	-8.0
212514	40.898457	77.861223	280.007634	723.704492	10365.432	-9.453
212534	40.904459	77.905659	279.980862	722.83156	10362.175	-5.323
212554	40.9105	77.9508	280.0	721.0	10363.0	0.0
212614	40.917068	77.999334	280.075559	725.158921	10363.032	0.494
212634	40.923224	78.047475	279.548596	725.013148	10363.196	-1.088
212654	40.928944	78.094523	278.930287	723.059059	10362.741	0.987
212714	40.934743	78.141973	278.949345	725.555934	10362.133	7.143
212734	40.9406	78.189729	279.061005	725.070837	10367.433	6.175
212754	40.946323	78.236177	278.961214	722.722023	10370.729	-1.77
212814	40.951891	78.281078	278.887144	722.81558	10364.712	-8.021
212834	40.957712	78.32843	279.558811	723.257094	10361.712	-3.942
212854	40.963533	78.376991	279.963446	724.385261	10363.423	-0.355
212914	40.969092	78.424301	279.206673	726.63819	10363.9	-6.801
212934	40.97495	78.472524	278.868421	726.863881	10358.957	-6.143
212954	40.980844	78.520522	279.02244	727.407039	10356.339	1.497
213014	40.986406	78.567024	279.01428	730.967076	10361.794	7.018
213034	40.992196	78.615166	278.990489	733.47724	10362.945	9.017
213054	40.998042	78.663304	279.001678	734.023804	10363.872	7.385
213114	41.003616	78.709541	279.00124	733.972879	10370.261	2.211
213134	41.009321	78.757906	278.998427	734.302818	10368.269	-5.544
213154	41.015013	78.806598	279.001045	735.220139	10362.259	-7.267
213214	41.020407	78.852803	279.00308	736.541233	10362.376	-0.572
213234	41.025739	78.899837	278.988828	738.123681	10363.982	-3.981
213254	41.031219	78.94747	279.027075	739.460608	10360.935	-8.16
213314	41.036919	78.995383	279.018141	740.002077	10356.054	-1.037
213334	41.042759	79.045525	278.804904	739.77027	10359.841	8.32
213354	41.048423	79.094653	279.406719	740.592594	10363.646	5.845
213414	41.053889	79.142265	280.077523	743.115718	10362.287	-1.502
213434	41.059396	79.190911	279.440597	745.844241	10361.588	2.2
213454	41.064895	79.239616	278.870142	747.404305	10365.023	7.819
213514	41.070355	79.28772	278.97561	747.122281	10370.645	8.314
213534	41.075804	79.335472	279.13383	745.557843	10371.631	3.08
213554	41.081321	79.383969	278.758518	745.109439	10370.83	-0.899
213614	41.086936	79.433928	278.045899	745.16673	10370.996	-0.172
213634	41.092549	79.484749	277.916558	741.935332	10370.821	0.966
213654	41.097881	79.533385	278.026149	739.524283	10371.435	-1.774
213714	41.102982	79.579796	278.003277	739.959494	10371.292	-7.534
213734	41.108309	79.627997	277.993978	739.648809	10366.13	-9.71
213754	41.113798	79.677305	278.001941	738.530036	10362.065	-5.566
213814	41.119136	79.725421	278.000366	737.224517	10362.743	-0.121
213834	41.124068	79.771063	277.999541	735.682017	10363.943	-3.769
213854	41.129139	79.818644	278.000127	734.881438	10361.555	-9.32
213914	41.13459	79.869629	278.000026	735.000948	10356.503	-8.609
213934	41.139833	79.918687	277.999967	734.801043	10355.387	-3.175
213954	41.144838	79.965605	278.000009	735.42964	10356.154	0.765
214014	41.149835	80.01252	278.000002	736.896696	10356.016	0.227
214034	41.155018	80.061203	277.999998	736.83844	10356.099	-0.812
214054	41.160187	80.110048	278.000001	737.59237	10355.76	1.259
214114	41.165237	80.15806	278.0	739.819795	10355.735	7.02
214134	41.170374	80.206686	277.999999	739.719602	10359.279	12.997
214154	41.175458	80.254928	278.000001	738.806285	10365.102	14.968
214214	41.180442	80.302488	278.000001	738.942437	10370.394	9.564
214234	41.18555	80.351124	277.999989	739.207691	10372.706	-2.819
214254	41.190476	80.399415	278.000018	738.677877	10368.738	-7.791
214314	41.195247	80.447384	278.00002	737.237325	10363.004	-0.945
214334	41.200497	80.498013	277.999853	735.762402	10367.914	1.724
214354	41.20561	80.547322	278.000257	734.676332	10370.139	-1.548
214414	41.21021	80.593218	278.000273	734.059118	10363.555	-7.116
214434	41.214935	80.639992	277.997955	733.838683	10363.749	-12.592
214454	41.219807	80.688342	278.003573	734.213481	10360.069	-15.583
214514	41.224672	80.737061	278.003797	734.92932	10348.923	-10.203
214534	41.229527	80.78497	277.971519	735.088568	10349.802	10.317
214554	41.234419	80.833694	278.04976	734.973401	10359.77	26.374
214614	41.239287	80.883312	278.052881	734.992359	10369.755	24.271
214634	41.243956	80.930864	277.421349	734.844189	10376.179	14.232
214654	41.248687	80.978758	276.905961	733.112879	10378.257	5.61
214714	41.253505	81.027826	276.980535	729.561701	10377.963	0.777
214734	41.257956	81.074298	277.024406	726.059525	10378.75	-5.163
214754	41.262386	81.120537	276.993255	722.915533	10376.462	-8.426
214814	41.267015	81.168212	276.998609	719.570456	10371.334	-7.907
214834	41.271487	81.21484	277.001701	715.481716	10371.756	-10.795
214854	41.276017	81.261887	276.999605	711.942885	10368.541	-17.71
214914	41.280635	81.309621	276.999995	710.126678	10357.502	-23.002
214934	41.284896	81.35509	276.99939	709.832559	10350.455	-17.622
214954	41.289271	81.401759	277.00104	710.042528	10347.069	-2.992
215014	41.293986	81.451132	277.001665	710.017632	10346.924	12.779
215034	41.298333	81.497851	276.990199	710.107409	10356.117	18.572
215054	41.302437	81.542858	277.014808	711.756161	10364.376	11.761
215114	41.306644	81.589043	277.023292	714.629913	10363.551	0.876
215134	41.310958	81.636945	276.863396	715.442207	10361.707	2.977
215154	41.315301	81.684804	277.214257	716.729125	10364.535	9.046
215214	41.319644	81.731647	277.974598	720.449768	10370.486	8.308
215234	41.324045	81.779098	277.518448	723.281789	10371.109	7.097
215254	41.32842	81.826908	276.878715	724.023131	10371.986	9.163
215314	41.332674	81.87419	276.9745	723.894981	10377.231	9.17
215334	41.336807	81.92063	277.03504	725.347591	10380.275	-4.857
215354	41.340976	81.967638	276.984899	725.772397	10374.85	-17.982
215414	41.345256	82.016212	276.991375	724.156878	10364.084	-16.323
215434	41.349531	82.065586	277.05348	724.003185	10361.543	-5.139
215454	41.353786	82.113817	276.89717	723.612459	10363.61	0.068
215514	41.357696	82.160055	276.175755	721.38631	10363.336	-6.726
215534	41.360617	82.20582	274.778196	719.205883	10359.675	-13.517
215554	41.363273	82.253608	273.790893	719.548773	10353.833	-14.558
215614	41.36625	82.303481	273.917198	722.537467	10348.514	-9.208
215634	41.369179	82.351975	274.59241	725.030689	10347.017	0.267
215654	41.371959	82.398949	275.132189	726.356884	10348.989	12.505
215714	41.374685	82.44579	275.070018	726.946225	10354.641	22.406
215734	41.37749	82.4937	274.399282	727.166509	10365.433	20.767
215754	41.380246	82.541719	273.913087	726.764085	10372.107	11.383
215814	41.382899	82.589532	273.983048	726.044689	10371.132	1.311
215834	41.385618	82.638605	274.013199	726.109661	10371.587	-5.711
215854	41.388348	82.687804	274.010579	725.653897	10369.407	-8.477
215914	41.391006	82.735878	274.016656	724.180414	10363.508	-8.123
215934	41.393614	82.78312	273.86687	723.600745	10362.994	-7.66
215954	41.396209	82.83064	274.247717	724.445772	10361.817	-8.422
220014	41.39881	82.878648	274.97914	725.860109	10356.556	-8.421
220034	41.401408	82.925978	274.512569	726.194098	10355.324	-3.427
220054	41.404014	82.973616	273.880723	725.921609	10356.164	0.862
220114	41.406614	83.022273	273.975304	726.672114	10356.01	0.274
220134	41.40916	83.070962	274.031019	729.847774	10356.171	-1.089
220154	41.411686	83.11882	273.991331	732.726831	10355.629	1.717
220214	41.414221	83.166497	273.998115	733.825484	10355.594	7.503
220234	41.41672	83.216006	274.003115	735.483841	10360.328	8.093
220254	41.419094	83.264848	273.9984	737.622656	10362.961	8.849
220314	41.421412	83.312056	273.99821	738.960093	10362.212	14.023
220334	41.423964	83.361483	274.009907	738.291459	10370.721	16.978
220354	41.426511	83.411043	273.988203	736.571911	10379.004	13.322
220414	41.428826	83.458455	273.9737	734.650159	10378.192	3.003
220434	41.431168	83.506472	274.130524	731.55009	10379.17	-8.559
220454	41.433585	83.556319	273.869732	728.515875	10376.472	-15.884
220514	41.435939	83.607023	273.077821	727.142368	10365.352	-16.055
220534	41.438045	83.655537	273.355758	726.958189	10362.063	-11.453
220554	41.440141	83.702667	274.085297	726.963748	10362.584	-7.616
220614	41.442478	83.750212	274.06197	726.823004	10357.51	-7.372
220634	41.444779	83.796988	273.968697	727.818089	10355.253	-4.788
220654	41.447028	83.844977	274.000019	729.065723	10356.015	0.539
220714	41.44932	83.895911	273.978418	729.059995	10355.619	5.758
220734	41.451448	83.944137	274.082736	729.104896	10357.984	11.582
220754	41.453515	83.990931	273.953313	728.917008	10363.617	15.065
220814	41.455731	84.040526	273.233633	727.519911	10369.33	11.479
220834	41.457832	84.087444	272.892214	726.571704	10372.337	1.157
220854	41.459797	84.132899	273.010071	725.887646	10370.563	-8.616
220914	41.461796	84.1818	273.015413	724.428832	10364.773	-9.588
220934	41.4638	84.230779	272.992261	723.77096	10362.185	-4.541
220954	41.465801	84.278942	273.000723	722.785887	10363.076	0.261
221014	41.467809	84.327554	273.001107	719.842551	10363.12	0.388
221034	41.469765	84.375202	272.999445	718.78173	10362.93	-0.157
221054	41.471695	84.422483	273.000052	718.929879	10363.012	-0.006
221114	41.473643	84.470839	273.000079	717.013107	10363.058	-0.17
221134	41.475493	84.518499	272.999963	714.645266	10362.836	0.619
221154	41.477281	84.564412	273.000002	712.84042	10363.088	-0.347
221214	41.479139	84.609768	272.999993	711.455608	10363.699	-5.917
221234	41.481047	84.658872	273.000036	710.427988	10360.323	-9.547
221254	41.482874	84.708773	272.999979	709.996598	10355.737	-7.543
221314	41.484534	84.75408	272.999829	710.51414	10355.596	-1.732
221334	41.486239	84.799723	273.000547	711.946561	10356.21	0.765
221354	41.487967	84.846525	272.999701	713.032545	10355.977	-0.056
221414	41.489607	84.8927	272.99761	712.851097	10355.937	0.035
221434	41.491421	84.942069	273.007628	713.927864	10356.124	-0.42
221454	41.493273	84.991977	272.995831	716.211332	10355.939	0.258
221514	41.494871	85.037487	272.966709	718.107591	10355.522	5.229
221534	41.49649	85.083782	273.106247	720.67554	10357.969	12.175
221554	41.498163	85.132014	272.941636	723.176178	10363.653	14.833
221614	41.499755	85.17999	272.14195	723.970433	10369.652	9.359
221634	41.501405	85.228999	272.242224	723.983751	10371.258	5.252
221654	41.503093	85.278213	272.955807	723.975309	10370.613	6.257
221714	41.504663	85.325201	272.591959	724.115679	10374.271	9.178
221734	41.506186	85.372357	271.903734	723.848657	10378.728	6.177
221754	41.50773	85.42131	271.957245	723.091254	10378.625	-5.227
221814	41.509151	85.468083	272.033516	723.100641	10375.108	-13.601
221834	41.510568	85.514744	271.993101	722.755018	10369.437	-14.555
221854	41.51211	85.563992	271.996959	721.274443	10363.84	-9.642
221914	41.513641	85.61319	272.002269	720.7933	10362.368	-3.215
221934	41.515028	85.660841	271.99968	721.041039	10363.133	0.447
221954	41.51628	85.707542	272.000176	721.014834	10363.064	0.177
222014	41.517621	85.755793	271.998252	721.005557	10362.924	-0.033
222034	41.519065	85.804772	272.002421	720.976862	10363.048	-0.13
222054	41.520494	85.852722	272.006336	720.933671	10363.106	-0.405
222114	41.521794	85.899729	271.974274	721.274345	10362.589	2.31
222134	41.523061	85.946777	272.027061	720.706543	10363.435	6.872
222154	41.524384	85.994569	272.175776	718.249624	10367.172	9.315
222214	41.525551	86.042267	271.973747	715.924255	10371.155	5.606
222234	41.52643	86.089399	271.248775	715.217	10372.239	-4.538
222254	41.527281	86.137352	270.924023	714.458674	10367.9	-9.242
222314	41.528139	86.185689	270.997525	712.914507	10362.904	-7.974
222334	41.528867	86.232852	270.884867	711.379042	10363.479	-8.529
222354	41.529651	86.280029	271.415585	710.933295	10360.112	-5.566
222414	41.530545	86.327015	271.99797	710.981801	10356.047	0.226
222434	41.531428	86.373048	271.335358	710.229592	10361.349	1.604
222454	41.532223	86.421232	270.862905	710.115498	10361.574	-3.663
222514	41.532935	86.470395	271.006797	711.056784	10355.809	-7.957
222534	41.53361	86.516808	271.022139	712.307252	10355.338	-2.433
222554	41.534239	86.563255	270.990157	714.00208	10356.415	0.503
222614	41.534829	86.610552	271.000488	716.109761	10355.946	0.109
222634	41.535419	86.657518	271.00159	718.215942	10355.254	5.383
222654	41.536063	86.706196	270.999293	719.75151	10358.355	9.759
222714	41.536733	86.755513	271.000035	721.080054	10363.159	7.722
222734	41.537346	86.802611	271.000116	723.030937	10363.808	1.077
222754	41.537894	86.849925	270.999944	725.142765	10361.788	2.273
222814	41.538428	86.898211	271.000004	727.094549	10363.296	9.227
222834	41.539	86.9464	271.0	729.0	10371.0	9.0
222854	41.539575	86.995272	270.999875	731.037556	10371.85	2.921
222914	41.540265	87.044233	271.00032	732.843072	10370.811	-1.605
222934	41.5409	87.0928	271.0	734.0	10371.0	0.0
222954	41.541173	87.141152	270.998233	734.240956	10370.104	6.336
223014	41.541504	87.189781	271.004466	733.525175	10373.664	6.924
223034	41.542	87.239	271.0	732.0	10378.0	0.0
223054	41.542388	87.288584	270.975389	730.002493	10373.423	-6.33
223114	41.542866	87.337233	271.062203	728.101966	10370.635	-8.415
223134	41.5434	87.3852	271.0	727.0	10371.0	-8.0
223154	41.5437	87.433875	270.360911	727.016174	10365.596	-8.738
223214	41.543905	87.481965	269.755269	726.717162	10362.146	-5.62
223234	41.5442	87.5288	270.0	726.0	10363.0	0.0
223254	41.5446	87.576	271.0	726.0	10363.0	0.0
223314	41.544823	87.626545	270.43807	726.02166	10363.677	-5.372
223334	41.544989	87.674635	269.840927	725.988622	10360.884	-9.412
223354	41.5452	87.7206	270.0	726.0	10356.0	-8.0
223414	41.545413	87.770545	270.031391	726.019808	10355.486	-2.283
223434	41.545568	87.819654	269.982013	725.953051	10356.212	0.752
223454	41.5457	87.8665	270.0	726.0	10356.0	-0.0
223514	41.545899	87.914713	270.038438	726.551943	10355.906	0.08
223534	41.546083	87.963348	269.907257	727.539284	10356.158	-0.509
223554	41.5462	88.0112	270.0	729.0	10356.0	-0.0
223614	41.546272	88.058563	270.803031	731.003686	10355.204	5.48
223634	41.546329	88.107759	270.793661	732.856185	10358.265	9.008
223654	41.5464	88.1582	270.0	734.0	10363.0	8.0
223714	41.546484	88.207121	269.944738	734.536694	10362.842	7.005
223734	41.546486	88.256549	269.944736	735.78064	10364.771	10.442
223754	41.5465	88.3073	270.0	737.0	10371.0	15.0
223814	41.546742	88.357584	270.79367	735.991514	10376.329	12.112
223834	41.547044	88.405149	270.803009	733.998698	10378.859	2.74
223854	41.5473	88.4517	270.0	732.0	10378.0	-8.0
223914	41.54753	88.50103	269.907379	729.937089	10373.874	-14.254
223934	41.547625	88.549368	270.038131	728.201126	10367.916	-14.051
223954	41.5477	88.5971	270.0	727.0	10363.0	-8.0
224014	41.547983	88.64785	269.983704	726.238846	10362.136	-0.441
224034	41.548136	88.694317	270.027116	725.854107	10364.228	-3.565
224054	41.5481	88.7379	270.0	726.0	10363.0	-15.0
224114	41.548155	88.787885	269.864483	726.740082	10352.736	-18.409
224134	41.548235	88.839275	270.378535	727.015625	10345.973	-8.082
224154	41.5483	88.887	271.0	727.0	10348.0	8.0
224214	41.548385	88.931523	270.378314	728.04823	10353.093	14.943
224234	41.548379	88.980516	269.86497	730.142426	10358.879	13.566
224254	41.5483	89.0335	270.0	732.0	10363.0	8.0
224314	41.548289	89.082386	270.024503	732.15736	10363.386	1.87
224334	41.54831	89.128334	269.990305	731.978337	10362.815	-0.51
224354	41.5483	89.1752	270.0	732.0	10363.0	0.0
224414	41.548235	89.225526	270.001762	731.747407	10363.238	-0.616
224434	41.548174	89.275672	269.999297	732.739481	10362.455	2.102
224454	41.5481	89.324	270.0	734.0	10363.0	8.0
224514	41.547923	89.372225	270.000166	732.824857	10368.318	10.248
224534	41.547663	89.421203	269.99985	731.559578	10372.443	2.974
224554	41.5474	89.4702	270.0	732.0	10371.0	-8.0
224614	41.547202	89.518066	270.000558	733.578375	10365.217	-9.691
224634	41.546978	89.567145	269.998609	733.761282	10362.408	-5.8
224654	41.5467	89.617	270.0	732.0	10363.0	0.0
224714	41.546427	89.664875	270.007647	729.939061	10362.049	6.666
224734	41.546178	89.71323	269.980673	728.172448	10366.006	6.795
224754	41.5459	89.7624	270.0	727.0	10371.0	-0.0
224814	41.545546	89.810191	270.106505	726.420327	10365.839	-6.313
224834	41.545305	89.858095	269.69378	725.319651	10362.417	-8.408
224854	41.5451	89.9067	269.0	724.0	10363.0	-8.0
224914	41.544654	89.9549	268.927873	723.871449	10358.36	-8.823
224934	41.54417	90.002292	269.028538	724.043409	10355.128	-5.399
224954	41.5437	90.0494	269.0	724.0	10356.0	0.0
225014	41.5431	90.097277	268.994821	724.039218	10356.417	-0.475
225034	41.542536	90.146134	269.002049	723.880668	10355.264	2.743
225054	41.5421	90.1947	269.0	724.0	10356.0	8.0
225114	41.541716	90.241607	268.999628	725.270202	10361.813	3.358
225134	41.541248	90.289976	269.000147	726.545207	10361.093	-1.828
225154	41.5407	90.3397	269.0	727.0	10356.0	-0.0
225214	41.540179	90.387687	268.999973	726.891758	10360.218	6.597
225234	41.539587	90.43625	269.000011	727.418901	10363.996	6.334
225254	41.5389	90.4864	269.0	729.0	10363.0	-0.0
225314	41.538218	90.536241	268.999998	731.029229	10362.835	-0.774
225334	41.537602	90.583229	269.0	732.837926	10363.03	0.428
225354	41.537	90.6292	269.0	734.0	10363.0	0.0
225414	41.536293	90.678891	269.000003	734.591522	10363.216	-0.844
225434	41.535489	90.730582	268.999993	735.645392	10362.427	2.318
225454	41.5347	90.7807	269.0	737.0	10363.0	8.0
225514	41.534039	90.827231	269.00004	737.326148	10368.554	9.409
225534	41.53332	90.874937	268.999898	736.382747	10371.841	5.364
225554	41.5325	90.9252	269.0	735.0	10371.0	-0.0
225614	41.531702	90.974801	269.000563	734.307887	10370.909	-0.76
225634	41.530882	91.022504	268.998577	733.527876	10370.9	0.778
225654	41.53	91.0701	269.0	732.0	10371.0	0.0
225714	41.529071	91.120275	269.007844	729.910197	10371.879	-5.528
225734	41.52813	91.16958	268.980176	728.340856	10368.459	-8.991
225754	41.5272	91.2168	269.0	727.0	10363.0	-8.0
225814	41.526276	91.264081	269.109247	724.805241	10362.95	-6.997
225834	41.525306	91.311843	268.686851	723.762623	10361.634	-10.471
225854	41.5243	91.3604	268.0	724.0	10356.0	-15.0
225914	41.523309	91.409863	267.966055	723.807623	10350.058	-11.949
225934	41.522275	91.458204	267.932036	724.669206	10346.974	-3.152
225954	41.5213	91.5055	268.0	726.0	10348.0	8.0
230014	41.520443	91.554018	268.526628	726.019995	10352.633	17.416
230034	41.518838	91.604062	266.542939	729.338491	10359.713	14.36
230054	41.515619	91.652729	264.632345	733.064351	10364.234	3.262
230114	41.510963	91.699355	264.384428	733.439282	10363.683	-1.61
230134	41.505674	91.74849	259.39449	735.789069	10362.696	5.188
230154	41.495321	91.796534	251.732463	739.539716	10365.212	10.75
230214	41.479544	91.841358	246.287496	741.768966	10369.577	8.235
230234	41.46327	91.886192	244.845675	741.565486	10371.35	4.037
230254	41.4483	91.9319	246.0	740.0	10371.0	0.0
230314	41.433488	91.977215	246.209915	739.564087	10371.795	-5.479
230334	41.418584	92.021996	245.855656	740.659501	10368.876	-9.173
230354	41.403735	92.066389	245.970654	741.975416	10363.182	-8.192
230414	41.389169	92.110531	246.789951	741.805286	10362.304	-2.791
230434	41.374714	92.154677	246.797557	742.682658	10363.212	0.727
230454	41.360164	92.199046	246.019885	744.871257	10363.025	0.097
230514	41.345366	92.244	246.519346	745.078208	10362.972	-0.237
230534	41.329931	92.291065	247.117851	745.328677	10362.974	0.196
230554	41.314471	92.338566	247.006798	746.860099	10362.975	0.101
230614	41.300399	92.381948	247.078861	747.784384	10363.3	-1.066
230634	41.285926	92.426103	246.809134	748.062542	10362.493	1.865
230654	41.270299	92.47326	246.075195	748.037279	10362.464	7.692
230714	41.255522	92.517974	245.907066	747.764453	10368.476	5.188
230734	41.241102	92.561596	246.025521	748.423925	10370.172	-2.963
230754	41.226174	92.606627	246.005095	749.879413	10363.753	-8.058
230814	41.210909	92.652847	245.995066	749.985031	10362.015	-3.654
230834	41.195502	92.699332	245.998795	750.318551	10363.362	0.538
230854	41.180174	92.745205	245.997138	751.8125	10363.166	-0.186
230914	41.165134	92.790103	246.0247	752.428512	10362.052	3.952
230934	41.150031	92.834716	245.963845	751.620653	10364.342	9.094
230954	41.134603	92.879741	245.94336	750.192691	10370.183	8.805
231014	41.119082	92.925105	246.331897	749.798331	10371.805	3.16
231034	41.103534	92.969926	245.498917	750.056203	10370.751	-0.174
231054	41.088381	93.014416	245.211884	748.119376	10370.84	0.536
231114	41.07516	93.060858	252.579955	740.125901	10371.464	-5.53
231134	41.06756	93.109066	261.172553	732.759678	10368.405	-9.972
231154	41.064634	93.157736	265.682945	729.323669	10363.47	-7.697
231214	41.062137	93.205746	266.388313	727.621301	10362.419	-2.542
231234	41.059526	93.252727	265.892589	726.78171	10363.161	0.546
231254	41.057162	93.299191	265.977764	726.148385	10363.033	0.113
231314	41.054636	93.346371	266.027903	724.839446	10362.958	-0.142
231334	41.051957	93.394581	265.992248	723.7137	10363.012	0.039
231354	41.049291	93.443099	265.998361	723.126509	10363.002	0.008
231414	41.046735	93.490506	266.002325	721.927386	10362.997	-0.01
231434	41.044211	93.537057	265.998881	720.569833	10363.001	0.003
231454	41.041603	93.584086	265.999285	719.261738	10363.0	0.001
231514	41.03887	93.632964	266.004648	717.186889	10363.0	-0.001
231534	41.036175	93.681593	265.992091	715.63892	10363.0	-0.0
231554	41.03359	93.72859	265.99163	715.109826	10363.0	-0.0
231614	41.030952	93.775432	266.06274	713.957645	10362.999	0.003
231634	41.028251	93.822254	265.890399	712.544973	10363.002	-0.005
231654	41.025586	93.868467	265.883528	711.239827	10363.002	-0.005
231714	41.023031	93.913832	266.873713	709.890331	10362.988	0.036
231734	41.020011	93.961192	264.258208	712.903401	10363.02	-0.058
231754	41.012511	94.007227	252.225301	722.148051	10362.944	0.165
231814	40.997694	94.048582	240.831444	728.711886	10363.375	-1.257
231834	40.980186	94.09175	241.668554	728.854021	10363.347	-6.23
231854	40.962425	94.135358	242.409748	731.788573	10359.154	-9.764
231914	40.944863	94.17853	241.899214	734.418595	10354.975	-4.999
231934	40.927618	94.220631	241.991899	734.004748	10355.473	6.569
231954	40.910991	94.261435	241.911147	734.811446	10360.38	11.64
232014	40.89304	94.304699	242.277282	734.404749	10363.338	5.728
232034	40.87667	94.349362	246.485393	729.493452	10362.937	-1.901
232054	40.86579	94.392119	253.547064	723.363404	10363.052	-0.44
232114	40.855665	94.437384	254.865328	722.619111	10362.215	4.703
232134	40.845457	94.483099	253.796485	724.715588	10364.476	9.349
232154	40.835344	94.527877	253.989894	725.940597	10370.294	8.901
232214	40.824814	94.574453	253.582267	725.902011	10372.606	-0.865
232234	40.813806	94.623081	252.715819	726.340564	10369.165	-10.447
232254	40.803005	94.670731	252.739081	727.138371	10363.581	-10.336
232314	40.793873	94.713223	255.478347	724.546583	10362.971	-0.965
232334	40.787354	94.758593	262.020639	717.859102	10362.583	5.346
232354	40.782835	94.805927	265.673699	714.941903	10365.745	5.583
232414	40.779307	94.852928	264.939342	717.155023	10370.783	2.434
232434	40.77584	94.900019	263.77955	719.57269	10369.298	-1.063
232454	40.772065	94.947385	263.954368	719.272024	10363.249	-0.737
232514	40.768373	94.994736	264.057221	716.740203	10366.607	6.388
232534	40.764703	95.041424	263.984172	714.352547	10372.37	5.651
232554	40.760959	95.087474	263.996724	713.178664	10371.624	-6.56
232614	40.75727	95.133844	264.004108	711.768616	10366.118	-10.492
232634	40.753624	95.179929	263.998864	710.806232	10362.319	-5.963
232654	40.749955	95.225595	263.999765	710.933274	10362.86	-0.5
232714	40.746214	95.27227	264.000294	711.290195	10363.168	0.652
232734	40.742311	95.320826	263.99992	710.516964	10362.967	-0.241
232754	40.738367	95.369434	263.999985	708.350168	10363.007	-0.111
232814	40.734735	95.413857	264.000007	706.196298	10362.887	0.615
232834	40.731087	95.457208	264.000019	704.413416	10363.217	-1.111
232854	40.727189	95.502808	264.000025	703.123076	10363.233	-6.894
232914	40.723301	95.5498	263.999805	702.731304	10359.971	-13.892
232934	40.719453	95.596717	264.000343	703.306085	10353.456	-13.317
232954	40.715656	95.64232	264.000365	704.725895	10348.136	-2.088
233014	40.711987	95.686511	263.997262	706.725295	10351.273	10.877
233034	40.708072	95.733237	264.004784	708.580516	10358.39	14.667
233054	40.7039	95.782127	264.005084	709.847449	10362.772	8.782
233114	40.700086	95.826229	263.961866	710.706564	10362.652	6.659
233134	40.696163	95.871531	264.066971	711.049039	10364.298	9.028
233154	40.691853	95.921395	264.090594	710.999267	10370.04	9.115
233214	40.687731	95.968568	263.327095	711.086869	10372.602	-0.504
233234	40.683847	96.013863	263.120506	710.840306	10369.493	-9.692
233254	40.679987	96.059704	263.936726	710.105514	10363.758	-8.938
233314	40.675979	96.104757	263.584943	709.890977	10362.306	-3.35
233334	40.671859	96.150031	262.880206	710.041112	10363.141	0.703
233354	40.667724	96.196603	262.958113	710.034995	10363.004	0.354
233414	40.663609	96.243648	263.069813	709.830371	10363.236	-1.174
233434	40.659435	96.290704	262.938381	710.247266	10362.579	1.612
233454	40.655224	96.337309	262.913602	710.386784	10362.322	7.589
233514	40.651191	96.382842	263.64577	706.975696	10368.21	5.229
233534	40.647179	96.428543	263.921125	705.084606	10370.273	-2.128
233554	40.642968	96.475118	263.128912	707.595086	10363.873	-7.349
233614	40.63857	96.521172	262.878221	708.206849	10362.963	-9.115
233634	40.634217	96.566977	263.029374	708.233216	10361.762	-6.898
233654	40.630034	96.61295	263.009085	709.770785	10356.287	-1.315
233714	40.625806	96.658658	262.991257	710.183891	10359.263	5.08
233734	40.621316	96.706051	263.002109	710.004419	10363.437	8.468
233754	40.61675	96.754289	263.000652	710.074713	10362.695	8.085
233814	40.612766	96.797508	262.999376	709.177113	10367.194	8.286
233834	40.608701	96.841123	263.000146	707.436646	10371.579	7.309
233854	40.604039	96.889496	263.000038	705.422459	10370.964	1.759
233914	40.59947	96.936869	263.000006	703.462205	10372.349	-8.503
233934	40.595095	96.982153	262.999933	703.236625	10368.56	-16.668
233954	40.590764	97.02675	262.999881	704.795862	10357.519	-16.22
234014	40.586426	97.071912	263.000714	705.013165	10354.73	-7.255
234034	40.581919	97.118612	262.99891	705.290229	10356.065	2.296
234054	40.577264	97.166104	262.997645	707.29145	10355.509	6.431
234114	40.572826	97.211434	263.009532	709.411735	10359.212	7.798
234134	40.568421	97.25668	262.992924	709.908916	10363.21	7.967
234154	40.563793	97.304102	262.966158	708.446061	10362.596	7.792
234214	40.559346	97.349109	263.122095	707.773043	10366.156	8.788
234234	40.554912	97.394307	262.901666	708.019359	10371.464	7.36
234254	40.550208	97.443252	262.079169	707.967324	10371.495	1.336
234314	40.54575	97.488399	262.406158	708.211027	10370.496	0.059
234334	40.541301	97.531626	262.993404	707.81711	10371.242	-0.62
234354	40.536462	97.578089	262.261505	705.769989	10372.041	-7.003
234414	40.531875	97.622524	261.857596	703.893268	10366.676	-5.74
234434	40.527408	97.666706	262.018983	702.891178	10363.333	0.703
234454	40.522605	97.71461	262.017864	702.273886	10369.814	1.28
234514	40.517781	97.761155	261.989773	701.277465	10368.545	-3.719
234534	40.513108	97.805954	262.001365	699.748385	10362.562	-8.34
234554	40.508521	97.851323	262.001292	698.266753	10363.089	-8.149
234614	40.503842	97.895978	261.999227	697.984429	10360.501	-8.573
234634	40.499135	97.940017	262.000069	697.936613	10355.714	-7.615
234654	40.494499	97.984729	262.000106	697.009788	10355.522	-1.692
234714	40.489657	98.030859	261.999947	697.856309	10356.372	0.245
234734	40.484714	98.077286	262.000005	700.218474	10355.894	0.263
234754	40.479972	98.122373	262.000008	701.730457	10355.284	5.766
234814	40.475271	98.166989	261.999996	702.095408	10358.651	9.7
234834	40.4704	98.212538	262.0	702.00259	10363.284	7.487
234854	40.465296	98.25954	262.000001	702.456507	10363.609	1.345
234914	40.46025	98.305876	262.0	703.941459	10362.378	1.202
234934	40.455357	98.351052	262.0	704.995158	10363.129	8.423
234954	40.45051	98.39624	262.0	703.770298	10367.715	15.031
235014	40.4457	98.44188	261.999999	702.567925	10374.438	11.533
235034	40.4409	98.4872	262.0	702.0	10378.0	0.0
235054	40.436038	98.531227	262.000003	700.69396	10373.691	-7.492
235114	40.431013	98.576247	261.999994	699.620989	10370.198	-6.291
235134	40.425858	98.622508	261.999998	698.140899	10370.962	-0.231
235154	40.42075	98.667552	262.00004	694.195539	10370.978	1.37
235214	40.415786	98.711511	261.99991	690.7734	10371.371	-1.969
235234	40.410852	98.755658	261.999972	689.083443	10371.129	-7.703
235254	40.405726	98.801082	262.000555	687.113324	10366.312	-13.035
235314	40.400633	98.846274	261.998752	685.226615	10360.743	-15.833
235334	40.39574	98.889958	261.999617	684.039891	10356.251	-15.125
235354	40.390938	98.932627	262.008437	683.65748	10350.798	-11.114
235414	40.385877	98.977657	261.986393	684.410243	10347.204	-4.363
235434	40.380547	99.025194	261.981817	685.802952	10347.555	4.842
235454	40.375464	99.070172	262.10741	686.384323	10350.928	16.124
235514	40.370581	99.113119	261.865955	687.438424	10358.318	24.405
235534	40.365651	99.156254	261.132217	689.6196	10368.709	24.456
235554	40.360588	99.199846	260.899929	690.286793	10375.867	15.77
235614	40.35539	99.244512	261.020666	689.941632	10378.197	6.107
235634	40.350117	99.290106	261.009256	689.975707	10377.953	1.165
235654	40.344872	99.334705	260.992297	690.010664	10378.74	-4.14
235714	40.339657	99.378594	261.001324	690.005526	10377.176	-7.036
235734	40.334416	99.422987	261.001114	689.619296	10371.807	-3.055
235754	40.329102	99.468288	260.999446	687.349613	10372.872	5.09
235814	40.32377	99.513576	261.000053	683.618358	10378.398	7.587
235834	40.318525	99.557484	261.00009	680.183285	10379.143	-2.773
235854	40.313384	99.60015	260.99996	677.916674	10375.821	-12.137
235914	40.30824	99.642869	261.000002	675.865737	10370.735	-15.076
235934	40.302972	99.686874	261.000006	672.530396	10365.447	-15.633
235954	40.297733	99.730623	260.999997	669.474297	10359.982	-13.255
000014	40.2926	99.7735	261.0	668.0	10356.0	-8.0
000034	40.287499	99.816156	261.000001	668.054016	10355.639	-1.974
000054	40.282238	99.858899	261.0	667.532729	10356.142	0.671
000114	40.2768	99.9022	261.0	666.0	10356.0	0.0
000134	40.271385	99.946167	261.0	665.007748	10355.981	-0.171
000154	40.266213	99.988509	260.999999	665.317858	10355.99	0.128
000214	40.261159	100.029785	261.0	666.002126	10355.994	0.028
000234	40.25584	100.073196	261.000005	665.295261	10356.123	-0.513
000254	40.250546	100.11614	260.999988	665.197252	10355.719	1.324
000314	40.245273	100.158602	260.999996	665.989126	10355.914	6.671
000334	40.239662	100.203849	261.00008	665.477393	10359.371	13.056
000354	40.234299	100.247547	260.999871	664.941982	10365.156	14.611
000414	40.229328	100.288079	260.999828	665.053566	10370.385	9.403
000434	40.223947	100.330454	261.000986	664.225691	10371.62	2.698
000454	40.218323	100.374168	260.998516	662.382022	10370.781	-0.209
000514	40.212867	100.416864	260.997667	660.341042	10370.828	0.305
000534	40.207588	100.457991	261.013678	658.934285	10371.803	-3.761
000554	40.202297	100.499419	260.979347	657.485148	10369.774	-9.34
000614	40.196885	100.542106	260.967516	655.422318	10363.978	-9.186
000634	40.191501	100.584038	261.196144	653.41746	10361.249	0.22
000654	40.186336	100.625157	260.752391	651.525024	10364.329	9.516
000714	40.180763	100.666743	259.169952	650.066658	10370.54	8.671
000734	40.173182	100.709921	257.67143	650.013501	10372.359	-1.293
000754	40.165245	100.75169	256.651035	649.67036	10369.371	-11.368
000814	40.158074	100.790939	256.061348	647.493766	10363.887	-15.03
000834	40.15073	100.8305	255.812142	643.801911	10358.37	-12.285
000854	40.143128	100.871126	256.262641	641.651116	10355.398	-5.252
000914	40.135528	100.912185	256.982011	641.965393	10355.77	0.026
000934	40.128051	100.952707	256.510657	641.569624	10357.108	-4.406
000954	40.120352	100.993907	255.878174	640.807866	10354.146	-8.252
001014	40.112503	101.035475	255.966293	641.520822	10348.369	-2.179
001034	40.105254	101.074523	256.03238	644.877086	10350.811	9.81
001054	40.097721	101.11515	255.99219	647.329731	10358.11	14.926
001114	40.089553	101.158501	255.997584	647.012115	10362.693	9.081
001134	40.082248	101.197035	256.002325	647.840159	10362.584	6.79
001154	40.074854	101.236126	255.999439	649.390144	10364.219	8.574
001214	40.066614	101.279837	255.999827	649.996846	10370.151	8.602
001234	40.058894	101.320759	256.000167	649.820841	10371.798	3.618
001254	40.051421	101.360402	255.99996	650.33229	10370.809	-0.681
001314	40.043525	101.402303	255.999988	651.810399	10370.943	-0.218
001334	40.035331	101.445479	256.000012	652.091023	10371.042	0.255
001354	40.027376	101.486974	255.999997	652.117912	10371.01	-0.13
001414	40.019824	101.526029	255.999999	652.883259	10371.033	-0.143
001434	40.012034	101.566322	256.000001	653.109481	10370.786	0.767
001454	40.003967	101.608291	256.0	652.974482	10371.328	-1.204
001514	39.995956	101.65017	256.0	652.993444	10371.517	-6.996
001534	39.988325	101.68993	256.0	652.99815	10366.75	-9.861
001554	39.980458	101.730386	256.0	653.012831	10362.209	-6.101
001614	39.972061	101.773195	256.0	653.022592	10362.631	-0.14
001634	39.963962	101.814921	255.999999	652.864614	10364.112	-4.141
001654	39.955979	101.856174	256.000001	653.221148	10361.526	-7.986
001714	39.947821	101.897941	256.000002	654.624767	10356.276	-1.778
001734	39.939815	101.938666	255.999989	656.636222	10358.866	6.312
001754	39.931927	101.978896	256.000013	658.343426	10363.736	7.053
001814	39.923995	102.019588	256.000029	659.581368	10363.464	0.673
001834	39.915979	102.060474	255.999858	661.641001	10361.92	2.701
001854	39.907871	102.101691	256.000139	663.114478	10363.879	8.824
001914	39.899573	102.143884	256.000445	662.941968	10369.749	8.921
001934	39.890848	102.187852	255.998118	663.804033	10371.657	4.887
001954	39.882261	102.23092	256.001407	665.116427	10371.04	-0.918
002014	39.874348	102.270799	256.006737	665.132048	10371.616	-6.552
002034	39.866357	102.311259	255.975247	664.837375	10367.824	-9.426
002054	39.857941	102.353711	256.012597	665.056768	10362.707	-7.559
002114	39.849296	102.396885	256.099603	665.80496	10362.552	-1.766
002134	39.840952	102.438462	255.61875	666.011336	10363.226	0.813
002154	39.832769	102.479235	254.961778	666.040943	10362.979	-0.077
002214	39.82431	102.521278	254.934576	667.130803	10362.963	-0.132
002234	39.815908	102.56301	255.028844	669.28639	10363.016	0.058
002254	39.807579	102.60439	254.99857	671.038814	10362.999	-0.003
002314	39.799024	102.646789	254.99534	670.982997	10362.997	-0.009
002334	39.790272	102.689708	255.002078	671.528234	10363.001	0.004
002354	39.781683	102.731754	254.999895	673.068496	10363.0	-0.0
002414	39.773535	102.772164	254.99962	673.921331	10363.0	-0.001
002434	39.765089	102.813688	255.000159	673.899367	10363.0	0.0
002454	39.756109	102.857368	255.000017	673.92902	10363.0	0.0
002514	39.747071	102.901607	254.999969	675.208025	10363.0	-0.0
002534	39.738392	102.94398	255.000009	676.24837	10363.0	0.0
002554	39.730054	102.984333	255.000001	676.07745	10363.0	0.0
002614	39.721571	103.025448	255.000008	675.668697	10363.0	-0.0
002634	39.712796	103.068088	254.999983	676.543347	10363.0	0.0
002654	39.70377	103.111807	254.999981	678.712073	10363.0	0.0
002714	39.694628	103.155606	255.000144	680.157636	10363.0	-0.0
002734	39.685749	103.198186	254.999747	681.622207	10363.0	0.0
002754	39.677262	103.239208	254.999732	683.710618	10363.0	0.0
002814	39.668808	103.2799	255.002014	685.297399	10363.0	-0.0
002834	39.660119	103.321569	254.996482	686.314582	10363.0	0.0
002854	39.651083	103.364733	254.996261	686.946582	10363.0	0.0
002914	39.641794	103.408688	255.028049	687.095356	10363.0	-0.0
002934	39.632639	103.452196	254.950741	686.920983	10363.0	0.0
002954	39.62377	103.494674	254.933366	686.911455	10363.0	0.001
003014	39.614851	103.53681	255.528258	687.724546	10363.001	-0.004
003034	39.605726	103.579636	256.00898	688.899959	10363.0	-0.002
003054	39.596415	103.623743	255.434666	689.658005	10362.996	0.015
003114	39.587312	103.666838	254.882989	690.272884	10363.008	-0.029
003134	39.578406	103.708652	254.984802	691.748178	10363.005	-0.019
003154	39.569147	103.752043	255.033786	695.007338	10362.943	0.199
003214	39.559758	103.795788	254.977312	697.979622	10363.114	-0.396
003234	39.550436	103.839044	254.989573	699.804542	10363.075	-0.259
003254	39.541013	103.883094	255.102337	701.98873	10362.201	4.496
003314	39.531473	103.927844	254.780421	703.285083	10364.743	9.685
003334	39.521863	103.972644	254.056186	703.05349	10370.544	8.679
003354	39.512283	104.016737	253.814935	702.706885	10372.545	-1.837
003414	39.503091	104.05908	254.244578	703.525022	10368.918	-9.99
003434	39.494041	104.101048	254.946366	704.934832	10363.347	-8.488
003454	39.484293	104.145997	255.186748	704.883664	10362.383	-2.764
003514	39.474606	104.190559	254.742036	705.568043	10363.166	0.801
003534	39.465257	104.233519	254.043897	707.800683	10363.003	0.16
003554	39.455448	104.278325	253.919543	709.256413	10363.184	-0.952
003614	39.445855	104.322347	254.026587	710.663727	10362.557	1.784
003634	39.436644	104.364699	254.004193	712.774587	10362.703	7.545
003654	39.426889	104.408779	253.982852	714.722116	10367.925	9.591
003714	39.416952	104.45375	254.024557	714.576881	10371.824	5.806
003734	39.407259	104.497951	254.015101	713.054797	10371.116	0.272
003754	39.397671	104.54114	253.84038	713.38921	10370.645	0.185
003814	39.387785	104.585603	254.335712	711.782556	10371.387	-1.614
003834	39.377708	104.631062	255.001063	707.660647	10370.722	-8.753
003854	39.368018	104.674479	254.306707	705.585671	10365.58	-14.412
003914	39.35847	104.717403	253.855524	703.97518	10359.451	-13.466
003934	39.348953	104.760249	254.0135	703.000731	10355.821	-7.325
003954	39.339385	104.803002	254.020659	704.185205	10355.739	-1.455
004014	39.32919	104.848617	253.989627	706.266609	10356.085	0.813
004034	39.319034	104.894245	254.000969	708.167075	10356.017	-0.161
004054	39.30982	104.935562	254.001484	709.941719	10356.216	-0.911
004114	39.300198	104.97813	253.999252	713.149346	10355.257	3.178
004134	39.289732	105.024095	254.000072	716.173527	10356.413	8.256
004154	39.279195	105.070508	254.000098	716.260521	10362.131	8.14
004214	39.269652	105.112491	253.999767	715.296248	10362.765	8.454
004234	39.260102	105.154328	254.000247	716.812921	10364.219	7.149
004254	39.249617	105.200274	254.000538	721.767483	10370.6	1.454
004314	39.239396	105.245475	253.997407	725.714296	10367.286	-2.624
004334	39.229365	105.289713	254.003304	727.137263	10362.976	2.54
004354	39.219075	105.334506	254.007437	726.441016	10368.932	13.937
004414	39.208823	105.379154	253.963929	724.328896	10376.117	10.432
004434	39.19849	105.424139	254.046002	722.8171	10377.602	-3.419
004454	39.188052	105.469362	254.103574	722.948414	10372.552	-13.588
004514	39.178035	105.512689	253.372595	722.890253	10366.854	-16.331
004534	39.167896	105.556581	253.089803	723.228063	10361.665	-14.339
004554	39.157291	105.602502	253.910197	725.244187	10356.831	-9.905
004614	39.1472	105.646024	253.627406	728.384648	10354.962	-0.192
004634	39.136932	105.690168	252.896424	728.408186	10356.772	10.189
004654	39.12591	105.737498	252.953993	724.521128	10361.512	14.906
004714	39.115412	105.782347	253.036092	724.869822	10367.617	12.773
004734	39.105224	105.825799	252.992537	727.435617	10371.541	6.106
004754	39.094733	105.870705	252.996638	727.352525	10371.348	-3.691
004814	39.084271	105.915607	253.002919	725.458073	10369.324	-17.924
004834	39.074099	105.959089	252.999635	722.507051	10361.059	-20.735
004854	39.064104	106.001395	252.999657	720.439717	10348.48	-0.55
004914	39.053538	106.04597	253.000197	724.618052	10356.165	20.352
004934	39.04256	106.092333	252.999974	733.323892	10372.516	21.252
004954	39.031799	106.137856	252.999975	739.194522	10372.879	-0.109
005014	39.021307	106.182192	253.000016	734.629384	10367.62	-13.138
005034	39.0109	106.2259	253.0	724.0	10363.0	-13.0
005054	39.000362	106.269766	252.999996	717.503774	10358.776	-11.644
005114	38.989745	106.313993	253.0	716.016215	10355.199	-4.037
005134	38.979143	106.358482	253.0	718.086907	10354.822	11.424
005154	38.968577	106.402893	253.000003	722.328078	10362.961	22.136
005214	38.957915	106.447331	252.999996	727.181096	10373.009	21.762
005234	38.947069	106.492033	252.999989	731.15608	10377.4	11.689
005254	38.936178	106.536999	253.000045	733.24325	10378.752	-0.115
005314	38.925339	106.581979	252.999954	734.172028	10377.453	-9.672
005334	38.9146	106.626569	252.99985	734.403713	10372.827	-14.89
005354	38.903963	106.670406	253.000634	731.963102	10366.569	-12.452
005414	38.893288	106.714225	252.999526	728.597108	10362.798	-7.493
005434	38.882476	106.758733	252.997731	727.138724	10363.219	-7.142
005454	38.871739	106.802984	253.008189	727.001588	10360.76	-10.339
005514	38.861107	106.846614	252.993425	726.946459	10355.167	-13.222
005534	38.850409	106.890192	252.947718	726.30089	10350.497	-11.922
005554	38.839343	106.935183	253.036788	726.031475	10347.57	-5.186
005614	38.827956	106.981551	253.111848	726.214051	10347.262	5.24
005634	38.817007	107.02602	252.44072	724.813579	10351.315	12.476
005654	38.80636	107.069176	252.037809	724.166312	10357.021	15.348
005714	38.7953	107.114017	252.797778	726.402198	10361.506	15.529
005734	38.783431	107.162093	253.113011	727.443132	10367.068	12.637
005754	38.773236	107.2033	253.001731	726.910126	10371.346	7.025
005814	38.765645	107.233805	253.077351	726.763042	10371.369	1.073
005834	38.754038	107.28028	252.588202	727.874239	10370.624	0.013
005854	38.740203	107.335706	251.945846	729.098746	10371.18	-0.459
005914	38.729301	107.379456	251.949042	729.079787	10371.775	-6.128
005934	38.718638	107.422185	252.029167	729.003959	10367.616	-9.627
005954	38.707301	107.46748	251.996112	728.960314	10362.579	-7.291
010014	38.696052	107.512242	251.996341	728.77975	10362.603	-1.473
010034	38.684697	107.557132	252.002094	730.061373	10363.228	0.781
010054	38.67344	107.601564	251.999721	732.319645	10362.969	-0.101
010114	38.662581	107.644611	251.999737	733.816644	10362.967	-0.082
010134	38.651678	107.687779	252.00015	733.896596	10363.034	-0.005
010154	38.640093	107.733535	251.99998	734.169714	10362.984	0.042
010214	38.627921	107.78156	251.999981	736.223079	10362.929	0.23
010234	38.617038	107.824365	252.000011	738.090041	10363.249	-0.854
010254	38.606533	107.865526	251.999999	739.127348	10362.802	0.691
010314	38.594694	107.911875	251.999999	739.819689	10362.046	6.909
010334	38.582961	107.957846	252.0	740.381235	10367.1	6.404
010354	38.57158	108.002432	252.000001	742.530162	10370.834	-1.281
010414	38.559974	108.047806	252.000003	747.754009	10364.985	-7.67
010434	38.548366	108.093053	251.999988	754.1577	10361.922	-5.192
010454	38.536608	108.138759	252.00001	758.325919	10363.144	0.499
010514	38.524556	108.185461	252.000046	758.34299	10363.136	0.472
010534	38.512877	108.230432	251.999829	757.662916	10362.918	-0.282
010554	38.501323	108.274831	252.000087	758.096894	10363.007	0.025
010614	38.489318	108.32118	252.000688	759.447385	10363.011	0.039
010634	38.477363	108.367353	251.997808	760.624303	10362.994	-0.019
010654	38.465506	108.412986	252.001198	760.996886	10363.001	0.001
010714	38.453448	108.45918	252.009565	760.854805	10363.002	-0.001
010734	38.44135	108.505361	251.969474	761.668109	10362.996	0.009
010754	38.429419	108.550917	252.016683	763.121729	10363.002	-0.006
010814	38.417659	108.595929	252.13322	763.870995	10363.014	-0.047
010834	38.405627	108.641755	251.51083	764.089227	10362.954	0.15
010854	38.39338	108.688111	251.021111	763.973395	10363.025	-0.082
010914	38.381214	108.734093	251.80278	763.81705	10363.199	-0.654
010934	38.368825	108.781058	251.775991	764.68963	10362.354	2.583
010954	38.356387	108.828109	250.974174	766.050511	10363.169	8.245
011014	38.344307	108.873437	250.915852	766.339956	10368.642	10.085
011034	38.332231	108.919103	251.037507	765.233961	10372.457	2.494
011054	38.319874	108.965956	250.998114	763.96933	10370.788	-8.37
011114	38.307299	109.012926	250.993221	763.995785	10365.236	-10.184
011134	38.295043	109.058618	251.002656	763.694768	10362.142	-4.676
011154	38.2831	109.1033	251.0	763.0	10363.0	0.0
011214	38.270986	109.148493	250.999507	763.491704	10363.71	-3.882
011234	38.258831	109.193878	251.00022	764.5064	10361.266	-9.203
011254	38.246591	109.239546	251.000048	765.6939	10356.736	-8.314
011314	38.234009	109.286133	250.999954	767.504675	10354.652	1.384
011334	38.221681	109.331696	251.000011	769.634687	10357.376	9.25
011354	38.209684	109.376124	251.000003	771.628313	10362.46	8.419
011414	38.196821	109.42351	250.999997	773.313745	10362.845	7.397
011434	38.183739	109.471606	251.000001	774.099298	10364.099	8.45
011454	38.171207	109.51782	251.0	774.002808	10369.911	8.711
011514	38.158726	109.563942	251.0	774.17555	10371.873	3.764
011534	38.146154	109.610088	251.0	773.727973	10370.759	-0.36
011554	38.133555	109.655846	251.0	772.237419	10370.762	0.292
011614	38.120915	109.701836	250.999999	771.949036	10371.849	-3.518
011634	38.108222	109.748228	251.000001	771.842712	10369.943	-9.006
011654	38.095487	109.794786	251.000002	771.001734	10364.095	-9.069
011714	38.082753	109.841064	250.99999	771.73596	10362.016	-3.013
011734	38.070185	109.886588	251.000013	771.639436	10363.399	-0.431
011754	38.057749	109.931623	251.000029	769.300739	10363.601	-6.548
011814	38.044983	109.977653	250.999858	769.596396	10359.523	-9.687
011834	38.03201	110.024319	251.000139	771.192677	10355.616	-7.197
011854	38.019141	110.070613	251.000447	771.14034	10355.881	-1.844
011914	38.006365	110.116402	250.998149	770.829701	10355.539	4.225
011934	37.993666	110.16189	251.001926	771.111325	10356.654	8.623
011954	37.980978	110.20745	251.00696	771.819381	10361.648	9.075
012014	37.968106	110.253494	250.975474	772.098437	10363.721	4.456
012034	37.955168	110.299714	251.019481	771.985186	10362.906	-0.408
012054	37.942326	110.345728	251.094054	771.978157	10362.923	-0.421
012114	37.929326	110.392044	250.578642	772.042366	10363.003	0.383
012134	37.916523	110.437324	249.94712	771.970787	10363.032	-0.163
012154	37.90415	110.480969	249.950241	771.862442	10363.181	-0.676
012214	37.89108	110.527256	250.02848	772.657424	10362.326	3.014
012234	37.877608	110.575064	249.996203	774.255839	10363.548	8.718
012254	37.86457	110.621144	249.996427	775.716406	10369.215	9.83
012314	37.8514	110.667287	250.002045	776.105871	10372.564	1.289
012334	37.8384	110.712905	249.999727	776.018953	10370.31	-9.021
012354	37.825908	110.757186	249.999744	776.172283	10364.541	-9.758
012414	37.812626	110.803816	250.000147	775.154989	10361.994	-3.331
012434	37.799005	110.851253	249.99998	773.903504	10363.278	-0.328
012454	37.786056	110.896437	249.999982	773.951039	10363.935	-6.57
012514	37.772809	110.942463	250.000011	773.869906	10359.353	-6.587
012534	37.75929	110.989394	249.999999	774.144109	10356.156	1.297
012554	37.74613	111.035255	249.999999	775.617751	10361.282	7.644
012614	37.733235	111.079934	250.0	776.137846	10363.894	5.358
012634	37.720221	111.124835	250.0	776.034986	10362.911	-0.641
012654	37.706851	111.171083	250.000002	776.713479	10363.069	-1.253
012714	37.693545	111.2171	249.999995	777.216367	10362.429	2.99
012734	37.680259	111.262918	250.000003	776.935425	10363.344	8.466
012754	37.66672	111.309479	250.000023	776.164201	10368.919	9.952
012814	37.653236	111.3558	249.999926	776.067001	10372.521	1.874
012834	37.639985	111.401317	250.00004	775.917923	10370.559	-8.692
012854	37.6269	111.446223	250.000347	774.517049	10364.923	-9.875
012914	37.613732	111.49116	249.999045	773.828649	10362.238	-4.788
012934	37.600323	111.536698	250.000268	773.998843	10363.038	0.137
012954	37.58671	111.582935	250.004665	773.830667	10363.123	0.445
013014	37.573197	111.628854	249.98677	774.66112	10362.945	-0.197
013034	37.559832	111.674159	250.003734	776.043892	10363.003	0.01
013054	37.546429	111.719504	250.069307	776.196431	10363.011	0.03
013114	37.53292	111.765813	249.756569	775.861743	10362.993	-0.001
013134	37.5185	111.8123	248.0	777.0	10363.0	0.0
013154	37.50183	111.856864	243.742715	781.578325	10363.02	-0.07
013214	37.48248	111.89924	238.17372	788.855363	10362.951	0.183
013234	37.4604	111.9406	234.0	795.0	10363.0	0.0
013254	37.436276	111.982139	233.578782	795.736011	10363.284	-1.072
013314	37.413026	112.021469	234.146798	794.50537	10362.384	2.541
013334	37.390574	112.059888	234.008484	793.113616	10362.812	7.936
013354	37.365994	112.101957	233.968999	790.222433	10368.825	4.293
013414	37.341785	112.143347	234.013234	788.734619	10370.357	-3.303
013434	37.319399	112.181578	234.005984	789.623723	10364.724	-7.329
013454	37.29725	112.219285	233.994331	790.242478	10361.856	-3.869
013514	37.274217	112.25841	234.000737	788.869188	10363.083	-0.019
013534	37.250211	112.299179	234.010524	785.784059	10363.797	-4.977
013554	37.227101	112.338424	233.971055	785.259153	10360.761	-10.297
013614	37.2046	112.3766	234.0	787.0	10356.0	-8.0
013634	37.180955	112.416648	234.143126	787.191474	10354.831	2.882
013654	37.15751	112.456286	233.602153	786.957928	10358.206	10.694
013714	37.1344	112.4953	233.0	787.0	10363.0	8.0
013734	37.110419	112.535773	233.728188	786.794782	10364.159	-2.94
013754	37.086901	112.5755	233.828812	787.624469	10360.816	-10.736
013814	37.0641	112.614	233.0	789.0	10356.0	-8.0
013834	37.0408	112.653213	232.903364	789.342884	10354.725	3.358
013854	37.016867	112.693392	233.038247	791.488343	10358.477	9.666
013914	36.9927	112.7339	233.0	795.0	10363.0	8.0
013934	36.968821	112.773894	232.992982	796.450042	10362.661	6.995
013954	36.945232	112.813428	233.002959	797.911313	10365.146	7.066
014014	36.92167	112.852848	233.000319	799.872466	10370.683	7.031
014034	36.897835	112.892479	232.99944	800.294393	10371.156	6.683
014054	36.873984	112.932156	233.000126	799.755065	10371.907	7.65
014114	36.850361	112.971594	232.99991	798.778729	10376.272	8.416
014134	36.826908	113.010631	233.000462	796.723755	10379.009	2.979
014154	36.8029	113.0505	233.0	795.0	10378.0	-7.0
014214	36.777653	113.09254	232.997251	795.389557	10374.264	-13.906
014234	36.752883	113.133744	233.005064	793.861863	10368.522	-14.201
014254	36.729497	113.172499	233.003273	790.227059	10363.303	-8.682
014314	36.706538	113.210477	232.963633	789.709862	10362.399	-2.315
014334	36.682885	113.249643	233.060767	789.806105	10363.183	0.212
014354	36.659023	113.289078	233.064176	788.969845	10363.057	-0.216
014414	36.636888	113.325361	232.519184	789.851698	10362.778	2.289
014434	36.612695	113.366056	233.86053	787.289686	10363.271	-4.297
014454	36.588762	113.408076	235.487098	784.049655	10360.779	-12.272
014514	36.56803	113.445416	234.975847	785.038428	10355.857	-7.696
014534	36.545402	113.485435	234.921292	784.976092	10355.642	-2.25
014554	36.522925	113.524837	235.035112	785.547921	10355.846	2.787
014614	36.500642	113.563933	234.998226	787.0629	10356.094	8.296
014634	36.476776	113.605886	234.99347	787.507232	10360.087	13.712
014654	36.454092	113.64571	235.002949	785.974821	10366.023	14.542
014714	36.4326	113.6833	235.0	784.0	10371.0	8.0
014734	36.409564	113.723479	234.99699	784.012522	10372.36	-3.738
014754	36.386187	113.764278	235.006646	783.458996	10368.21	-9.372
014814	36.3631	113.8046	235.0	782.0	10363.0	-8.0
014834	36.33981	113.845198	234.964326	781.892626	10363.364	-8.258
014854	36.317631	113.883832	235.091032	781.93136	10360.659	-6.499
014914	36.296107	113.921278	235.025321	781.96623	10356.02	-0.382
014934	36.27327	113.960873	234.242315	783.237421	10360.031	6.742
014954	36.250472	114.000319	234.148965	784.383043	10363.923	6.464
015014	36.228046	114.039116	234.966537	784.959853	10363.052	0.217
015034	36.204637	114.079666	235.204813	786.148533	10362.831	-0.826
015054	36.181583	114.119578	234.70203	787.697576	10363.022	0.425
015114	36.15896	114.158604	234.022308	788.955493	10362.99	0.064
015134	36.135245	114.199411	233.88769	789.595557	10363.265	-1.039
015154	36.11234	114.239293	234.089457	790.545017	10362.379	2.451
015214	36.089704	114.277119	233.126144	792.836825	10362.808	7.908
015234	36.064035	114.314814	229.60008	796.487497	10368.9	4.993
015254	36.03751	114.35164	227.844119	798.253805	10370.009	-3.744
015314	36.011774	114.387419	228.934669	797.954544	10363.55	-8.326
015334	35.985756	114.42359	228.570079	799.362963	10361.289	1.181
015354	35.959007	114.460609	227.841428	799.753206	10365.125	10.228
015414	35.931892	114.497989	227.980142	798.116864	10370.652	8.538
015434	35.905253	114.534747	228.036334	797.836758	10371.682	2.45
015454	35.878796	114.571183	227.988616	797.931974	10370.684	-0.254
015514	35.852008	114.607978	227.998575	797.118002	10370.896	0.19
015534	35.824769	114.645474	228.002599	795.79965	10371.892	-4.506
015554	35.797811	114.682633	227.999203	794.523174	10369.147	-9.405
015614	35.771752	114.718496	227.999911	793.175762	10363.392	-8.471
015634	35.746401	114.753247	228.000047	791.118346	10362.129	-2.171
015654	35.719979	114.789414	228.000223	789.517658	10363.598	-0.793
015714	35.692521	114.827	228.000253	789.0273	10363.394	-7.075
015734	35.666568	114.862488	227.998062	788.922741	10359.074	-10.48
015754	35.641302	114.897111	228.003397	789.099393	10355.034	-4.762
015814	35.615071	114.933123	228.003612	789.099897	10355.523	6.68
015834	35.587519	114.970781	227.972902	787.895349	10360.024	10.839
015854	35.561265	115.006512	228.047589	786.716764	10363.951	4.904
015914	35.536768	115.039869	228.064375	786.824951	10363.607	-5.437
015934	35.510289	115.076099	227.481211	788.046674	10359.307	-9.497
015954	35.482977	115.112634	226.924132	789.196208	10355.363	-5.297
020014	35.456577	115.146639	226.958916	789.219361	10355.365	3.989
020034	35.429615	115.181599	227.03038	788.167541	10358.362	12.996
020054	35.402487	115.217152	226.994657	786.823426	10364.03	14.408
020114	35.37613	115.251505	226.988329	785.624669	10370.232	4.606
020134	35.349545	115.286041	227.032833	783.449797	10369.257	-8.058
020154	35.32266	115.320938	226.992449	782.003205	10362.667	-15.107
020214	35.296135	115.355359	226.872775	783.381219	10357.407	-11.841
020234	35.270211	115.389044	227.407893	784.090069	10355.172	-2.452
020254	35.244061	115.423039	228.001962	784.040064	10356.12	6.311
020314	35.216537	115.458764	227.45115	785.792107	10359.516	9.004
020334	35.188324	115.495329	226.961105	787.059386	10362.723	6.641
020354	35.160518	115.531325	227.738364	785.545992	10363.333	1.979
020414	35.134198	115.565307	227.720941	785.551784	10362.924	-0.168
020434	35.107529	115.599574	226.541795	787.933892	10363.154	-0.314
020454	35.079189	115.635827	226.016987	788.971398	10363.044	-0.141
020514	35.052288	115.670113	225.826962	789.237689	10362.119	5.039
020534	35.025519	115.704242	226.347963	788.547869	10365.192	9.234
020554	34.997888	115.739528	226.998675	787.077502	10370.833	8.168
020614	34.970286	115.774738	226.413486	785.64718	10371.402	3.382
020634	34.943445	115.808913	225.884689	784.567276	10371.294	-2.791
020654	34.916945	115.842592	225.997243	784.01055	10371.146	-7.825
020714	34.889573	115.877336	225.930578	784.01142	10365.811	-9.302
020734	34.862118	115.912203	226.232959	783.833961	10362.121	-5.761
020754	34.835501	115.946003	226.945036	782.286097	10362.898	-0.338
020814	34.809756	115.978587	227.178061	778.705495	10363.188	0.608
020834	34.783093	116.01229	226.767291	776.621622	10362.939	-0.177
020854	34.755254	116.047594	226.061184	776.987558	10362.991	-0.013
020914	34.72824	116.082083	225.857501	776.288936	10363.016	-0.029
020934	34.701455	116.116199	227.187896	774.759385	10362.911	0.279
020954	34.67462	116.150352	228.051398	773.808369	10363.162	-0.547
021014	34.647829	116.184483	227.167828	773.931587	10363.174	-0.59
021034	34.620996	116.218468	226.279299	774.30883	10361.696	4.441
021054	34.594914	116.251502	225.943773	773.495344	10365.278	-9.122
021114	34.569045	116.28437	225.986857	772.042408	10365.421	-86.254
021134	34.541176	116.319645	226.02815	773.317782	10325.549	-264.576
021154	34.514054	116.35401	225.971609	777.955785	10201.718	-441.993
021214	34.488211	116.386734	225.973175	783.438119	10005.01	-557.298
021234	34.4599	116.4227	227.0	784.0	9807.0	-664.0
021254	34.434941	116.458408	231.704175	775.014614	9569.907	-698.869
021314	34.413258	116.495321	236.32009	762.865545	9339.077	-711.972
021334	34.393762	116.534993	241.257723	751.066856	9093.832	-697.753
021354	34.376082	116.576173	244.633234	746.241893	8870.654	-704.495
021414	34.359552	116.616476	244.550582	742.396027	8631.797	-665.515
021434	34.343499	116.655179	243.033576	734.348102	8390.89	-559.931
021454	34.327532	116.693711	243.466656	731.091693	8266.812	-531.101
021514	34.311689	116.732785	244.170747	739.098576	8095.994	-572.314
021534	34.295536	116.77331	244.009844	742.648504	7844.041	-589.299
021554	34.278599	116.815379	243.964531	712.780391	7674.884	-498.862
021614	34.263278	116.853193	244.01387	670.689035	7544.768	-478.818
021634	34.249874	116.886331	244.001201	638.261881	7378.906	-602.383
021654	34.235962	116.920728	243.987479	619.814448	7147.965	-749.742
021714	34.222018	116.95447	244.157951	613.416197	6859.516	-857.767
021734	34.210135	116.986915	248.316089	617.67784	6557.112	-786.178
021754	34.200579	117.020859	254.414198	622.870395	6318.592	-554.792
021814	34.190834	117.05697	252.924807	614.215042	6177.779	-454.878
021834	34.181126	117.092948	251.486632	603.549294	6040.314	-465.762
021854	34.17184	117.127335	252.06732	598.731337	5871.42	-508.186
021914	34.162796	117.160671	252.058138	599.078637	5691.892	-518.927
021934	34.153138	117.195731	251.985791	596.771615	5524.655	-492.77
021954	34.144073	117.228617	252.004547	585.994232	5373.78	-538.938
022014	34.135315	117.260538	252.002915	574.974778	5186.322	-646.36
022034	34.12567	117.295446	252.019188	573.095097	4928.763	-697.422
022054	34.116774	117.327316	251.926869	571.753262	4691.402	-653.31
022114	34.108273	117.357924	252.059941	569.926765	4498.622	-566.283
022134	34.099167	117.391866	252.803665	570.205664	4323.705	-506.813
022154	34.090818	117.425217	253.754044	567.024886	4159.398	-461.049
022214	34.083276	117.457248	253.879644	559.326707	4012.196	-439.665
022234	34.075385	117.488766	252.456517	551.043345	3876.626	-448.376
022254	34.065547	117.51969	249.81428	548.732282	3723.825	-458.273
022314	34.054312	117.550187	247.396881	549.359737	3560.489	-462.289
022334	34.043146	117.580487	246.843548	546.261942	3407.972	-463.204
022354	34.032696	117.609931	247.066017	541.43489	3261.646	-447.289
022414	34.022667	117.638289	246.601551	540.694789	3111.222	-392.929
022434	34.011143	117.670198	250.741412	541.882695	2998.516	-304.759
022454	34.004591	117.702894	258.746019	541.144637	2911.709	-298.48
022514	34.002104	117.734429	263.761727	535.789095	2806.126	-354.667
022534	33.998785	117.765765	263.2356	527.347662	2671.113	-386.228
022554	33.995566	117.79682	262.773269	523.104907	2541.613	-391.266
022614	33.99262	117.827817	263.054688	523.349022	2415.218	-388.891
022634	33.98962	117.859157	263.016913	523.560267	2282.443	-389.624
022654	33.986463	117.890998	262.983734	518.183641	2152.706	-380.894
022714	33.983425	117.921814	263.003907	511.153217	2028.037	-357.384
022734	33.980587	117.951173	263.001183	502.252813	1911.375	-325.657
022754	33.977548	117.981142	262.999013	480.505776	1811.35	-303.425
022814	33.974715	118.009319	263.000007	460.796016	1715.383	-296.459
022834	33.9723	118.034723	262.999655	452.838378	1613.282	-297.502
022854	33.969653	118.061505	263.00245	440.173072	1514.366	-292.432
022914	33.967076	118.087559	262.996194	428.583005	1419.862	-304.733
022934	33.964785	118.111656	262.993988	425.389066	1318.333	-343.733
022954	33.962183	118.13822	263.035289	421.647609	1190.501	-369.63
023014	33.959544	118.164698	262.946707	408.750054	1059.972	-371.136
023034	33.957237	118.187856	262.916176	385.21032	945.101	-355.206
023054	33.955081	118.209031	263.643303	359.251084	826.482	-332.48
023114	33.952969	118.229348	263.921705	333.053755	716.487	-301.535
023134	33.950966	118.248694	263.129068	305.044002	626.862	-270.375
023154	33.949272	118.265664	262.87821	275.078239	542.043	-262.113
023214	33.94774	118.281067	263.029166	260.714522	452.419	-225.444
023234	33.946138	118.296634	263.008703	267.504369	375.15	-153.706
023254	33.944393	118.31351	262.993929	270.409377	352.297	-154.382
023314	33.942665	118.330283	263.004678	266.424269	328.708	-198.901
023334	33.941051	118.346059	263.004628	261.861161	261.239	-242.435
023354	33.939506	118.361421	263.000566	261.253436	158.052	-285.331
023414	33.937981	118.376858	262.999597	265.000856	38.17	-306.343
023434	33.936473	118.391777	263.000222	243.412944	-12.006	-113.231
