190930	40.6464	73.7664	31.0	280.0	114.0	0.0
190950	40.659187	73.755903	39.094342	285.17788	356.991	559.119
191010	40.66496	73.739271	79.39716	315.646175	481.018	394.103
191030	40.665634	73.714652	89.541307	362.75834	628.521	406.699
191050	40.6662	73.6928	82.0	410.0	747.0	386.0
191110	40.67704	73.667152	47.671104	445.939686	905.244	740.754
191130	40.693161	73.644708	46.984586	458.539502	1196.645	861.942
191150	40.709592	73.621863	42.311142	468.541887	1490.673	891.069
191210	40.724727	73.599374	59.571392	472.402353	1795.219	881.992
191230	40.740413	73.577522	50.953677	475.423294	2090.438	823.266
191250	40.760973	73.558311	32.728643	495.19913	2321.513	743.807
191310	40.786174	73.556779	367.134222	519.193951	2588.058	741.482
191330	40.811942	73.563873	272.689392	533.341594	2815.31	675.44
191350	40.839318	73.565688	-137.268892	539.091479	3042.116	495.116
191410	40.866786	73.562604	-216.147451	572.143786	3186.51	462.671
191430	40.896356	73.557401	71.39111	601.873495	3363.691	586.802
191450	40.927617	73.556638	384.33436	616.439045	3609.15	699.741
191510	40.954632	73.572695	316.313806	630.805621	3825.927	710.374
191530	40.977806	73.60138	318.090158	629.359591	4085.471	821.902
191550	41.000602	73.631065	316.463152	627.838711	4366.724	762.228
191610	41.022943	73.659683	316.024457	638.18316	4569.949	555.545
191630	41.046993	73.690565	315.554452	659.431602	4729.266	531.476
191650	41.070874	73.719515	321.051659	670.093845	4911.482	563.776
191710	41.093923	73.7499	319.471704	676.81649	5107.557	568.578
191730	41.114626	73.789437	294.754141	692.2637	5298.336	610.058
191750	41.123031	73.832915	280.840373	688.965227	5510.969	564.15
191810	41.130241	73.876584	282.090961	698.395087	5687.106	541.526
191830	41.137794	73.92168	283.242958	708.011952	5862.829	545.103
191850	41.145441	73.968768	281.762779	714.359457	6049.557	548.317
191910	41.153236	74.017032	281.690252	721.864228	6233.927	533.45
191930	41.161065	74.06434	282.89428	728.21183	6405.719	508.506
191950	41.167924	74.11049	281.122352	732.828094	6571.45	520.326
192010	41.173176	74.157422	276.445456	735.078914	6751.45	560.758
192030	41.177779	74.20637	276.6679	734.054824	6948.565	524.485
192050	41.182149	74.253374	277.131173	735.555555	7112.092	446.749
192110	41.186618	74.300067	277.069394	741.494481	7240.319	378.25
192130	41.191409	74.350126	277.329243	750.262015	7357.142	355.103
192150	41.195958	74.402954	274.453816	759.059804	7471.278	383.607
192210	41.19466	74.453052	263.149689	767.309641	7612.846	404.748
192230	41.182048	74.498012	244.783549	777.586529	7745.51	357.603
192250	41.162572	74.542774	235.285615	787.599881	7854.067	318.894
192310	41.14188	74.587951	237.285701	794.715243	7966.264	321.99
192330	41.122321	74.630602	239.227399	800.67221	8067.374	304.698
192350	41.101666	74.675927	238.752495	808.218032	8161.581	287.457
192410	41.078994	74.725398	238.868309	816.248456	8260.832	299.495
192430	41.057647	74.771763	239.081728	820.364321	8367.023	310.3
192450	41.036819	74.8171	238.76818	821.610369	8477.908	291.8
192510	41.015156	74.8644	238.92719	826.535547	8569.704	249.968
192530	40.994507	74.911027	241.446385	835.789807	8628.758	237.768
192550	40.9749	74.9634	245.0	835.0	8725.0	285.0
192610	40.959799	75.012966	250.038898	833.618113	8825.195	281.185
192630	40.947219	75.063183	252.928132	835.197528	8910.459	256.068
192650	40.935	75.116	253.0	840.0	8992.0	263.0
192710	40.922651	75.168697	253.007802	845.443595	9090.082	305.967
192730	40.910303	75.221787	253.00738	845.261613	9191.226	314.607
192750	40.897555	75.276321	252.995631	845.601793	9298.769	305.32
192810	40.884835	75.330448	253.000697	847.125871	9402.433	286.1
192830	40.872673	75.382328	253.00119	847.50739	9488.969	256.468
192850	40.860277	75.434879	252.996941	850.039647	9568.554	239.488
192910	40.847481	75.488774	252.996157	854.37625	9648.346	242.141
192930	40.834665	75.542728	253.007977	857.217805	9730.925	257.267
192950	40.821744	75.597163	252.997866	858.02075	9819.644	266.939
193010	40.808563	75.652607	252.963221	858.532628	9913.265	256.101
193030	40.796032	75.705149	253.10413	859.862324	9993.835	250.215
193050	40.783544	75.757229	252.97058	861.011574	10070.27	268.59
193110	40.769938	75.813726	252.145859	860.016288	10168.434	296.505
193130	40.757279	75.866395	252.291588	857.507847	10278.846	252.633
193150	40.745381	75.915976	253.009627	854.890838	10358.215	139.006
193210	40.732319	75.970102	252.467811	852.32941	10367.812	35.986
193230	40.719078	76.024522	251.525948	845.56316	10360.805	-5.131
193250	40.706265	76.077118	252.100454	837.744932	10363.101	0.342
193310	40.694325	76.129407	255.729121	834.903225	10363.17	0.721
193330	40.685891	76.181447	261.206951	828.869153	10362.939	-1.081
193350	40.681428	76.236883	266.412639	818.847522	10362.915	1.069
193410	40.680721	76.294793	271.434784	808.487185	10363.296	-3.1
193430	40.683781	76.345512	276.988015	799.997183	10360.738	-17.588
193450	40.689722	76.393128	280.041843	795.582312	10352.278	-15.691
193510	40.697415	76.444433	280.984109	793.179935	10347.996	-0.786
193530	40.704838	76.495207	281.060628	789.28453	10351.85	11.855
193550	40.712414	76.547076	280.981289	793.216863	10358.536	14.697
193610	40.72041	76.600746	280.997658	805.023873	10362.783	8.742
193630	40.728102	76.653673	281.004275	810.40557	10363.405	2.211
193650	40.735602	76.705574	280.998683	808.841185	10362.847	-0.443
193710	40.743144	76.757131	280.999849	806.06333	10362.965	0.001
193730	40.750704	76.808949	281.000125	807.805212	10363.242	-0.616
193750	40.758164	76.860351	281.000268	811.243574	10362.565	1.589
193810	40.765555	76.911363	281.000226	813.749558	10362.72	7.465
193830	40.773097	76.96333	280.99747	816.6514	10367.712	10.351
193850	40.780788	77.016727	281.005076	820.804407	10372.257	4.174
193910	40.788447	77.070421	281.00332	822.354926	10371.4	-7.196
193930	40.795884	77.122485	280.964456	814.402384	10365.877	-10.176
193950	40.803501	77.175606	281.070793	804.647453	10362.259	-5.722
194010	40.811252	77.229824	281.04626	800.968734	10362.907	-0.324
194030	40.818435	77.28087	280.288917	803.725971	10363.171	0.591
194050	40.825409	77.330802	280.104813	806.775229	10362.945	-0.19
194110	40.832673	77.382665	280.895619	806.275635	10362.99	-0.036
194130	40.840294	77.436992	281.218152	804.11758	10363.013	0.045
194150	40.847534	77.488929	280.770663	802.758278	10362.996	-0.012
194210	40.854334	77.53803	280.067261	802.949845	10362.999	-0.002
194230	40.861791	77.591511	279.916788	803.063826	10363.002	-0.001
194250	40.869211	77.644994	280.023233	802.980699	10362.998	0.006
194310	40.876071	77.695075	280.005028	802.994331	10362.998	0.008
194330	40.883087	77.746326	279.991991	803.020099	10363.017	-0.057
194350	40.890365	77.799845	280.005222	802.971505	10362.971	0.101
194410	40.897635	77.853727	280.004138	802.970784	10362.969	0.107
194430	40.904574	77.904845	279.971091	803.217555	10363.232	-0.804
194450	40.911401	77.955146	280.049879	802.594967	10362.594	1.506
194510	40.918206	78.006701	280.052905	801.138644	10362.569	7.325
194530	40.924666	78.058814	279.421319	800.882563	10367.689	9.373
194550	40.93106	78.111112	278.905969	800.924585	10371.648	6.57
194610	40.937543	78.163021	278.980536	800.161237	10371.045	0.929
194630	40.943816	78.213791	279.024407	798.953074	10371.637	-4.997
194650	40.950157	78.26547	278.993249	797.427774	10369.499	-9.105
194710	40.95672	78.319036	278.998603	795.381674	10363.634	-8.691
194730	40.963152	78.372316	279.001752	792.40517	10362.002	-2.092
194750	40.969338	78.42349	278.999515	788.603801	10363.651	-1.368
194810	40.975387	78.473007	278.9999	785.286199	10363.516	-7.786
194830	40.981541	78.523951	279.000126	784.452827	10358.118	-3.535
194850	40.98779	78.577141	278.999965	783.272621	10356.805	-0.203
194910	40.993915	78.62991	278.999993	779.647115	10362.414	4.648
194930	40.999656	78.677598	279.000009	775.546255	10363.331	25.84
194950	41.005503	78.726175	278.999998	773.832912	10362.775	-82.266
195010	41.011669	78.778049	279.000002	773.967476	10318.724	-257.044
195030	41.017792	78.82892	279.000001	775.52148	10207.229	-290.554
195050	41.023852	78.880094	278.999989	783.434567	10109.261	-281.631
195110	41.02995	78.93258	279.000021	794.356698	10022.792	-288.335
195130	41.036009	78.985096	279.000014	804.94341	9924.831	-292.982
195150	41.041803	79.035083	278.999851	814.946714	9816.005	-225.757
195210	41.047709	79.087198	279.000296	820.239626	9754.187	-113.796
195230	41.053883	79.142623	279.000193	819.299593	9753.287	-20.71
195250	41.059982	79.196035	278.99793	815.787423	9755.309	3.615
195310	41.06601	79.248666	279.004123	813.358959	9753.596	-1.457
195330	41.072006	79.301819	279.002694	813.007334	9753.953	-0.198
195350	41.077921	79.354296	278.971169	813.077208	9754.044	0.526
195410	41.083926	79.407493	279.057422	815.292763	9754.07	-0.498
195430	41.090002	79.46163	279.037522	818.797447	9754.062	-0.271
195450	41.095881	79.514772	278.382431	819.189494	9753.308	4.519
195510	41.10179	79.568057	277.900225	819.339721	9755.523	9.677
195530	41.107806	79.622027	277.987505	820.890262	9760.601	8.678
195550	41.113669	79.675536	278.022862	821.199713	9762.351	-1.832
195610	41.119606	79.730061	277.992836	820.937405	9759.18	-9.999
195630	41.125695	79.785607	277.999103	820.99215	9754.305	-8.493
195650	41.131643	79.839597	278.001641	821.014488	9753.446	-2.706
195710	41.137362	79.892334	277.999486	820.995209	9754.174	0.687
195730	41.143022	79.945563	277.999936	820.999242	9754.022	0.086
195750	41.148903	80.000664	278.000118	821.003119	9753.959	-0.152
195810	41.154651	80.05432	277.999963	820.995516	9754.015	0.039
195830	41.160147	80.106038	277.999995	820.99724	9754.004	-0.001
195850	41.165776	80.159959	278.000012	821.029179	9753.976	0.061
195910	41.171474	80.214454	277.99999	820.94201	9754.043	-0.141
195930	41.177134	80.26812	277.999995	820.962118	9754.027	-0.094
195950	41.182802	80.322294	278.00005	821.621391	9753.709	1.007
200010	41.188455	80.377012	277.999902	822.092173	9754.58	-2.159
200030	41.193965	80.430782	277.999936	822.007529	9754.379	-7.816
200050	41.199212	80.481954	278.000684	822.030288	9748.217	-4.906
200110	41.204611	80.535015	277.998637	821.901307	9747.031	3.482
200130	41.210246	80.590978	277.99911	821.931726	9753.501	8.146
200150	41.215638	80.644775	278.00953	823.170646	9755.122	2.498
200210	41.220922	80.697412	277.98102	824.325242	9753.219	1.228
200230	41.226346	80.75121	277.987597	824.106851	9753.633	7.704
200250	41.231936	80.806667	278.132735	822.646752	9759.14	5.065
200310	41.237275	80.86071	277.716677	821.958743	9760.042	-3.437
200330	41.242374	80.912428	277.014217	822.07086	9754.411	-8.081
200350	41.24775	80.96517	277.264761	820.819882	9753.273	-3.274
200410	41.252609	81.021821	276.287707	822.141229	9754.181	0.505
200430	41.256466	81.077672	274.691618	824.035252	9753.845	0.108
200450	41.259954	81.128782	274.936167	821.448235	9753.877	0.337
200510	41.263781	81.183988	275.080046	819.326785	9754.859	-4.319
200530	41.267584	81.238722	274.977859	819.113927	9752.417	-9.196
200550	41.271148	81.289956	274.995417	819.18554	9746.597	-8.611
200610	41.274976	81.344032	275.005747	816.964845	9745.211	-2.959
200630	41.278809	81.399054	274.99841	816.307503	9746.308	0.327
200650	41.282449	81.452943	274.999671	818.719326	9746.155	-0.248
200710	41.286184	81.507871	275.000412	819.34957	9745.097	4.22
200730	41.28986	81.561693	274.999886	818.900888	9747.602	9.201
200750	41.293372	81.613921	274.999977	818.977023	9753.414	8.59
200810	41.296939	81.668412	275.000025	819.047906	9754.725	3.159
200830	41.300576	81.723964	275.0	818.953036	9753.8	-0.689
200850	41.304173	81.778229	275.000007	818.956003	9753.959	-0.138
200910	41.307618	81.830751	274.999943	819.295827	9754.049	0.134
200930	41.311069	81.883856	275.000143	818.199323	9753.972	-0.012
200950	41.314622	81.938463	275.000045	816.06679	9753.995	0.01
201010	41.318173	81.993057	274.999097	815.775898	9754.082	-0.261
201030	41.321656	82.047747	275.002031	816.051083	9753.822	0.608
201050	41.325034	82.101849	275.000624	815.994673	9753.946	0.188
201110	41.328308	82.154013	274.987419	816.187904	9755.094	-5.82
201130	41.331579	82.20665	275.028297	815.49084	9751.324	-7.327
201150	41.33493	82.261504	275.008688	814.052153	9746.018	-0.426
201210	41.338351	82.317747	274.82477	813.696539	9750.631	6.854
201230	41.341667	82.372147	275.421131	814.434671	9755.021	6.523
201250	41.344842	82.424559	276.024305	815.909466	9754.051	0.25
201310	41.34803	82.478341	274.630401	817.899091	9753.986	-1.539
201330	41.351252	82.533268	274.098534	819.798551	9753.624	2.268
201350	41.354443	82.587545	274.98406	820.970298	9753.866	7.791
201410	41.357529	82.639753	274.470953	821.104952	9758.562	9.497
201430	41.360568	82.692553	273.851347	820.963041	9761.765	5.513
201450	41.363644	82.747513	273.991455	820.997888	9761.052	0.127
201510	41.366786	82.803384	274.030274	821.007233	9760.649	0.21
201530	41.369872	82.857974	273.989327	820.998025	9761.507	-1.807
201550	41.372852	82.910688	273.999387	821.000057	9761.143	-7.767
201610	41.375821	82.96322	274.002174	820.996315	9756.397	-9.536
201630	41.378914	83.018152	273.999234	821.009314	9753.277	-5.608
201650	41.382048	83.074625	273.999956	821.002907	9753.958	-0.165
201710	41.384957	83.128746	274.000156	820.941178	9754.147	0.583
201730	41.387768	83.181846	273.999945	821.132377	9753.948	-0.206
201750	41.390652	83.23604	273.999997	821.040647	9753.997	-0.012
201810	41.393654	83.292122	274.000011	819.672103	9754.011	0.042
201830	41.396612	83.348927	273.999996	818.827969	9753.996	-0.015
201850	41.399369	83.403507	274.0	818.999036	9754.0	-0.001
201910	41.401922	83.453667	274.000003	818.842872	9754.001	0.002
201930	41.404628	83.50665	273.999993	819.664007	9754.0	-0.001
201950	41.407435	83.562419	274.000002	821.041437	9754.0	0.0
202010	41.410025	83.615175	274.000035	821.141625	9754.0	0.0
202030	41.412706	83.669427	273.999943	820.944583	9754.0	-0.0
202050	41.41546	83.725178	274.000478	821.471897	9754.0	0.0
202110	41.418179	83.780846	273.999348	822.098232	9754.0	-0.0
202130	41.420854	83.836573	273.998516	822.076247	9754.0	0.0
202150	41.423372	83.891418	274.007211	821.774977	9754.0	-0.0
202210	41.425812	83.944961	273.9908	822.266379	9754.0	0.0
202230	41.428282	83.997558	273.979285	823.725909	9754.0	0.0
202250	41.430749	84.050453	274.100481	824.252785	9754.0	-0.0
202310	41.433219	84.105101	273.867225	823.890335	9754.0	0.0
202330	41.43569	84.161248	273.132775	823.827221	9754.0	0.001
202350	41.438106	84.215733	272.899519	825.014013	9754.001	-0.005
202410	41.4405	84.26975	273.020715	826.15202	9753.998	0.006
202430	41.442904	84.325011	273.0092	826.068146	9753.996	0.014
202450	41.445266	84.379767	272.992786	825.94339	9754.017	-0.068
202510	41.447572	84.434286	273.001487	826.01572	9753.978	0.087
202530	41.449838	84.489104	273.000661	826.015712	9753.951	0.195
202550	41.452086	84.543107	272.999482	825.943454	9754.239	-0.946
202610	41.454383	84.597437	273.000107	826.068059	9753.695	1.243
202630	41.456727	84.652909	273.000047	826.151823	9753.314	7.345
202650	41.458964	84.707534	272.999963	825.014969	9758.202	5.829
202710	41.461151	84.76169	273.000008	823.826001	9760.613	-2.128
202730	41.463359	84.816676	273.000004	823.887588	9755.173	-7.92
202750	41.465475	84.87262	272.999997	824.26611	9753.091	-4.455
202810	41.467502	84.927439	273.000001	823.708915	9754.205	0.631
202830	41.4695	84.98063	273.000002	822.228117	9754.13	0.105
202850	41.471501	85.035909	272.999993	821.94665	9753.787	0.517
202910	41.473491	85.089807	273.000032	821.881287	9754.905	-3.626
202930	41.475508	85.143108	272.999973	822.138346	9753.255	-8.07
202950	41.477581	85.199606	272.999871	823.592498	9746.821	-3.018
203010	41.479598	85.256205	273.000467	824.227237	9748.58	5.38
203030	41.481469	85.310021	272.999629	823.963033	9754.488	7.538
203050	41.483229	85.361562	272.999076	823.962845	9754.196	0.815
203110	41.485094	85.416274	273.007515	824.229633	9753.754	-1.013
203130	41.486916	85.471351	272.986699	823.58802	9754.067	0.282
203150	41.488633	85.524333	272.985837	822.133541	9754.013	0.06
203210	41.490484	85.578212	273.106284	821.917407	9753.988	-0.092
203230	41.492326	85.633652	272.801591	821.864725	9753.995	0.054
203250	41.494044	85.689878	272.073647	821.097787	9753.991	0.04
203310	41.495772	85.745753	271.908902	820.792725	9754.076	-0.272
203330	41.4975	85.801144	272.025198	821.221721	9753.866	0.468
203350	41.49916	85.85582	272.005216	821.926478	9753.857	0.496
203410	41.500719	85.909083	271.993459	822.127409	9755.074	-5.176
203430	41.502228	85.961977	272.001809	821.900366	9752.021	-7.697
203450	41.503763	86.015948	272.000374	821.91391	9746.173	-1.31
203510	41.505368	86.071727	271.99953	822.97982	9749.846	6.619
203530	41.506935	86.128272	272.00013	824.532401	9755.049	6.533
203550	41.508389	86.183998	272.000027	825.837266	9754.299	0.292
203610	41.509783	86.237921	271.999965	826.721069	9752.994	3.601
203630	41.511207	86.291611	272.000011	827.041982	9755.483	9.288
203650	41.512681	86.34605	272.000004	826.995815	9760.525	8.522
203710	41.514112	86.400182	271.999984	827.10514	9761.419	3.911
203730	41.515464	86.454722	272.000025	826.781833	9761.179	-2.176
203750	41.516793	86.510452	272.000026	826.049149	9761.337	-7.454
203810	41.518207	86.566827	271.999807	826.097967	9756.973	-9.288
203830	41.519545	86.62146	272.000336	825.667905	9753.366	-6.459
203850	41.520725	86.674633	272.000357	824.194266	9753.9	-0.769
203910	41.521914	86.73052	271.997321	823.498397	9753.884	2.279
203930	41.523121	86.786694	272.004379	824.62682	9754.427	-3.075
203950	41.524283	86.840648	271.988737	826.222426	9752.786	-9.233
204010	41.525407	86.894278	271.97272	826.098847	9746.498	-2.459
204030	41.526616	86.950135	272.134248	825.922202	9749.153	6.084
204050	41.527768	87.005693	271.823764	826.016409	9754.793	7.292
204110	41.528753	87.058739	271.034786	826.008086	9754.352	1.22
204130	41.529783	87.112521	271.499973	825.989617	9753.724	-0.927
204150	41.530872	87.168166	271.965254	826.007296	9754.057	0.191
204210	41.53194	87.224635	271.176315	826.014356	9754.025	0.085
204230	41.532963	87.27989	270.865379	825.932435	9753.98	-0.067
204250	41.533941	87.33535	271.027753	826.085741	9754.004	0.014
204310	41.534875	87.391507	271.012326	826.192897	9754.002	0.006
204330	41.535755	87.444278	270.990335	824.814468	9753.998	-0.005
204350	41.536617	87.496425	271.001992	824.091224	9754.0	0.001
204410	41.537487	87.551687	271.000884	825.621391	9754.0	-0.0
204430	41.53832	87.608212	270.999309	826.470116	9753.999	0.003
204450	41.539083	87.663297	271.00014	825.663622	9754.002	-0.005
204510	41.539809	87.717146	271.000056	824.201023	9754.003	-0.01
204530	41.540607	87.774697	270.999987	824.017161	9753.984	0.051
204550	41.54138	87.831726	270.999963	823.773552	9754.021	-0.065
204610	41.542038	87.884035	270.999899	822.28553	9754.047	-0.145
204630	41.542704	87.936839	271.000508	821.770141	9753.774	0.705
204650	41.543356	87.99214	270.999348	822.06426	9754.288	-0.937
204710	41.54395	88.048259	270.99853	822.064918	9754.648	-6.655
204730	41.544563	88.101473	271.007131	821.764818	9749.856	-10.3
204750	41.545131	88.154605	270.991112	822.295177	9745.564	-7.59
204810	41.545626	88.210507	271.005421	824.092238	9745.996	0.397
204830	41.546167	88.266186	271.102101	825.587795	9745.268	6.549
204850	41.546652	88.321183	270.656798	826.292984	9748.835	8.578
204910	41.547015	88.376053	269.980031	827.067844	9754.12	7.963
204930	41.547286	88.431423	269.934959	829.026174	9753.789	7.745
204950	41.547548	88.487257	270.028917	830.992565	9756.212	8.514
205010	41.547812	88.543525	269.998566	832.024759	9761.14	7.864
205030	41.548024	88.599956	269.99533	832.080641	9761.298	2.919
205050	41.548178	88.655059	270.002076	831.964146	9761.334	-3.442
205110	41.548307	88.708663	269.999897	832.001778	9760.855	-8.165
205130	41.548446	88.762119	269.999665	832.005797	9755.92	-9.212
205150	41.54855	88.817121	270.000149	831.997406	9753.23	-5.079
205210	41.548602	88.873526	269.999993	832.000133	9754.038	0.151
205230	41.548614	88.929796	269.999976	832.000515	9754.124	0.492
205250	41.548565	88.985321	270.000011	831.999535	9753.945	-0.219
205310	41.548498	89.039573	269.999999	832.000088	9754.003	0.011
205330	41.548487	89.092368	269.999998	832.001408	9754.009	0.035
205350	41.548523	89.145148	270.000003	831.996132	9753.996	-0.015
205410	41.548488	89.200678	269.999999	832.002281	9754.0	0.002
205430	41.548284	89.259846	269.99999	832.018396	9754.0	0.004
205450	41.54811	89.316051	270.000032	831.941173	9754.001	-0.005
205510	41.547985	89.370375	269.999983	832.032161	9753.999	0.002
205530	41.547794	89.427453	269.999862	832.256822	9753.995	0.018
205550	41.547546	89.482182	270.00044	831.05235	9754.015	-0.058
205610	41.547272	89.535581	269.99976	830.025449	9753.992	0.032
205630	41.547002	89.592	269.998081	831.471626	9753.936	0.252
205650	41.546754	89.647742	270.006126	832.103727	9754.203	-0.803
205710	41.546466	89.702412	269.996652	832.067535	9753.889	0.441
205730	41.546069	89.758084	269.973265	833.487862	9753.114	6.661
205750	41.545656	89.813261	270.085323	834.255834	9757.275	6.666
205810	41.54526	89.868253	269.953072	833.96656	9760.934	-0.856
205830	41.544857	89.924275	269.233263	833.874589	9756.034	-7.511
205850	41.54447	89.979645	268.8924	834.373955	9753.048	-5.521
205910	41.544054	90.033901	269.010054	835.049793	9754.087	0.36
205930	41.543535	90.08814	269.015386	835.165571	9754.121	0.594
205950	41.542928	90.143836	268.992275	834.55553	9753.98	-0.441
210010	41.542349	90.199571	269.000722	833.983869	9753.98	0.118
210030	41.541889	90.253526	269.001105	834.096734	9753.797	0.777
210050	41.541372	90.309173	268.999445	833.419469	9754.675	-2.887
210110	41.540732	90.366265	269.000052	831.835785	9753.627	-8.404
210130	41.540012	90.422049	269.00008	830.405294	9747.879	-9.296
210150	41.539211	90.47709	268.99996	829.661042	9745.101	-4.579
210210	41.538427	90.531739	269.000004	830.115339	9746.101	0.206
210230	41.53776	90.586044	269.000008	831.611157	9746.287	-0.151
210250	41.537087	90.641037	268.999989	832.027116	9745.415	2.14
210310	41.536318	90.697282	269.000005	832.078217	9746.294	8.708
210330	41.535452	90.754232	269.000037	833.531641	9751.448	14.328
210350	41.534583	90.809723	268.999883	834.142586	9757.522	13.557
210410	41.53371	90.864173	269.000064	834.026512	9761.189	7.29
210430	41.532777	90.9196	269.000511	834.742336	9761.328	1.198
210450	41.531842	90.976088	268.998368	835.097082	9760.704	-0.004
210510	41.530904	91.032236	269.000892	835.003172	9761.098	-0.282
210530	41.529914	91.086898	269.007123	835.100177	9761.699	-5.763
210550	41.528863	91.142093	268.977267	834.568561	9758.375	-9.804
210610	41.527794	91.198093	269.012424	833.993299	9753.704	-7.422
210630	41.526738	91.253907	269.099209	834.194069	9753.327	-0.794
210650	41.525614	91.309985	268.619376	833.094779	9755.07	-2.724
210710	41.524494	91.364717	267.96149	832.015613	9753.504	-8.121
210730	41.523456	91.416822	267.934694	833.410856	9747.024	-3.409
210750	41.522239	91.470965	268.053994	834.286338	9748.261	4.755
210810	41.521111	91.526821	267.983233	833.968103	9754.353	7.892
210830	41.520006	91.581395	267.459236	833.917216	9754.363	2.612
210850	41.516737	91.63739	265.678528	834.225398	9754.288	-3.975
210910	41.511506	91.6943	263.486925	834.242839	9754.711	-3.394
210930	41.506281	91.749015	262.743158	833.140042	9751.563	13.18
210950	41.501344	91.802485	263.034322	831.888425	9755.981	63.637
211010	41.496096	91.857536	263.032687	832.747146	9787.185	151.757
211030	41.490643	91.914575	262.979816	837.749285	9856.759	231.145
211050	41.48519	91.97177	263.003855	843.691576	9950.364	269.469
211110	41.479854	92.027174	263.009064	846.411422	10043.299	264.486
211130	41.474553	92.081767	262.974267	848.270025	10127.982	250.837
211150	41.469187	92.136974	263.019642	851.674644	10208.088	243.111
211210	41.463719	92.193408	263.094205	856.654502	10289.153	241.571
211230	41.458248	92.249742	262.578556	859.202468	10367.79	253.281
211250	41.452776	92.305692	261.947131	858.856434	10452.864	268.73
211310	41.447248	92.361561	261.950249	857.988677	10550.815	277.446
211330	41.441659	92.416963	262.028482	858.557706	10641.099	294.556
211350	41.435925	92.473455	261.996198	857.489433	10737.327	304.51
211410	41.430082	92.531708	261.996399	852.3669	10853.159	272.542
211430	41.42457	92.587088	262.00216	850.294883	10938.589	180.096
211450	41.419139	92.640872	261.999803	849.784223	10974.639	71.901
211510	41.413331	92.696851	261.999663	846.138473	10975.806	11.544
211530	41.407556	92.752804	262.000149	845.130181	10971.76	-4.203
211550	41.401916	92.807739	261.999993	847.072543	10973.062	0.205
211610	41.396154	92.862806	261.999976	847.664734	10973.217	0.611
211630	41.390207	92.919297	262.000011	848.911254	10972.861	-0.105
211650	41.384202	92.976543	261.999999	849.979441	10973.019	-0.041
211710	41.37832	93.032661	261.999998	848.402076	10973.26	-0.924
211730	41.372502	93.087578	262.000003	848.576268	10972.297	3.133
211750	41.366712	93.141805	261.999999	850.007963	10973.197	8.046
211810	41.360901	93.196365	261.99999	848.699328	10978.824	3.8
211830	41.354789	93.25325	262.000029	847.744128	10978.401	-4.674
211850	41.3486	93.310595	261.999992	848.004085	10972.807	-7.871
211910	41.342793	93.364829	261.999857	847.523521	10972.151	-1.532
211930	41.336955	93.418682	262.000405	846.18552	10974.029	-2.117
211950	41.330894	93.473664	261.999886	844.96589	10972.769	-8.102
212010	41.324732	93.529356	261.997877	844.876454	10966.42	-4.227
212030	41.318428	93.586459	262.005187	845.050753	10966.655	4.128
212050	41.3121	93.6437	262.0	845.0	10973.0	8.0
212110	41.30596	93.698648	261.969977	844.974768	10973.798	3.048
212130	41.299823	93.75311	262.065071	845.037151	10972.72	-0.929
212150	41.29361	93.808061	262.019873	845.010514	10972.983	-0.051
212210	41.287427	93.862683	261.345552	844.791358	10973.071	0.135
212230	41.281158	93.91791	260.892288	845.520786	10972.947	0.06
212250	41.274746	93.974232	260.987506	846.91288	10972.978	0.068
212310	41.268297	94.030808	261.02285	847.135729	10973.206	-0.783
212330	41.262025	94.085786	260.99284	847.003251	10972.599	1.731
212350	41.255835	94.13955	260.999103	847.029103	10972.739	7.538
212410	41.249305	94.195111	261.001641	846.631781	10977.309	9.602
212430	41.242649	94.251768	260.999486	847.80989	10980.727	5.805
212450	41.23614	94.307786	260.999936	849.933096	10980.106	0.274
212510	41.2298	94.362194	261.000118	849.0292	10979.638	0.165
212530	41.223438	94.416126	260.999963	847.704989	10980.452	-1.544
212550	41.216952	94.470699	260.999995	847.955135	10980.269	-7.519
212610	41.210403	94.52612	261.000009	848.169017	10975.666	-9.59
212630	41.203684	94.582655	260.999997	847.752101	10972.305	-5.904
212650	41.196872	94.639406	260.999999	847.047984	10972.913	-0.345
212710	41.190258	94.694583	261.000003	846.88104	10973.164	0.615
212730	41.183618	94.749909	260.999994	847.101458	10972.941	-0.167
212750	41.176868	94.805629	260.999996	847.052938	10972.988	-0.005
212810	41.170233	94.859614	261.000041	846.048267	10973.075	-0.176
212830	41.163312	94.915669	260.999931	844.386598	10972.892	0.362
212850	41.15621	94.973386	260.999927	843.072223	10972.889	0.394
212910	41.149823	95.025293	261.000548	843.146562	10973.825	-4.424
212930	41.143327	95.077656	260.999038	842.508127	10971.46	-9.109
212950	41.136212	95.134528	260.998699	840.357778	10965.756	-8.664
213010	41.129333	95.189437	261.007487	839.406146	10964.417	-3.994
213030	41.122531	95.243697	260.988731	840.556211	10964.948	1.499
213050	41.11557	95.299113	260.982284	842.702424	10964.694	6.655
213110	41.108822	95.352625	261.103887	843.338654	10968.274	13.893
213130	41.101831	95.407589	260.835138	842.828579	10975.254	13.024
213150	41.094503	95.464826	260.102316	842.812037	10980.122	1.727
213210	41.087816	95.517249	259.903816	844.30775	10975.765	-1.864
213230	41.081102	95.569559	260.0232	844.83589	10973.73	0.808
213250	41.073768	95.626149	260.007176	843.252171	10979.525	0.789
213310	41.066569	95.682053	259.993094	842.784367	10977.111	-5.26
213330	41.059442	95.737599	260.001666	843.017884	10972.18	-7.347
213350	41.052158	95.7938	260.000515	842.95421	10972.746	-1.025
213410	41.044913	95.848445	259.999503	843.357242	10973.244	0.969
213430	41.037762	95.901925	260.000121	842.414486	10972.941	-0.236
213450	41.030571	95.956226	260.000039	840.158622	10972.982	-0.077
213510	41.023108	96.013046	259.999951	841.008897	10973.015	0.099
213530	41.015776	96.068479	260.000014	843.388805	10973.001	-0.031
213550	41.008819	96.120169	260.000029	844.648289	10973.013	-0.067
213610	41.001577	96.174134	259.999896	846.028684	10972.94	0.248
213630	40.994117	96.229999	260.000106	847.114041	10973.063	-0.253
213650	40.986739	96.284954	260.00034	847.072983	10973.206	-0.816
213710	40.979186	96.340492	259.99859	846.949594	10972.146	4.193
213730	40.9716	96.39584	260.001465	847.010736	10973.904	7.982
213750	40.964209	96.449776	260.004736	847.013479	10979.452	2.533
213810	40.95681	96.503787	259.980364	846.962225	10977.503	-5.508
213830	40.949282	96.558799	260.020404	847.036263	10972.413	-7.531
213850	40.941567	96.614765	260.065969	847.115719	10972.627	-1.542
213910	40.933651	96.670633	259.726506	846.318291	10973.248	0.982
213930	40.926504	96.724515	260.291145	844.613959	10972.957	-0.171
213950	40.920791	96.776907	262.421078	843.081037	10972.968	-0.128
214010	40.915299	96.833741	263.339475	843.712224	10973.02	0.08
214030	40.909838	96.891555	262.984126	845.02117	10972.999	-0.004
214050	40.904799	96.944018	262.937144	844.152357	10972.996	-0.015
214110	40.899594	96.998288	263.022966	841.950491	10973.001	0.005
214130	40.894107	97.055877	263.004013	840.129838	10973.0	0.001
214150	40.888874	97.110085	262.994986	839.983635	10973.0	-0.001
214210	40.88363	97.163861	263.001373	839.727523	10973.0	0.0
214230	40.878245	97.219002	263.000315	838.283462	10973.0	0.0
214250	40.873156	97.271029	263.000118	837.231073	10973.0	-0.0
214310	40.867855	97.324846	262.99967	837.013458	10973.0	0.0
214330	40.861934	97.384398	262.998065	837.140547	10973.0	0.0
214350	40.85631	97.440387	263.006307	836.398472	10973.0	-0.0
214410	40.8511	97.4924	263.0	835.0	10973.0	0.0
214430	40.845754	97.546697	262.971306	834.128873	10973.0	-0.0
214450	40.840208	97.602257	263.072189	834.052819	10973.0	0.0
214510	40.8347	97.6562	263.0	834.0	10973.0	0.0
214530	40.829432	97.707524	262.30621	832.834493	10973.0	-0.0
214550	40.823799	97.762282	261.893498	831.172153	10973.0	0.001
214610	40.8179	97.8195	262.0	830.0	10973.0	-0.0
214630	40.81246	97.872119	262.019334	829.887363	10973.001	-0.005
214650	40.807075	97.923767	261.992332	830.061031	10972.997	0.013
214710	40.8014	97.9781	262.0	830.0	10973.0	0.0
214730	40.79551	98.03494	262.001538	829.878674	10973.019	-0.076
214750	40.789739	98.089918	261.999465	830.247809	10972.959	0.165
214810	40.784177	98.142093	261.999969	830.074962	10972.987	0.05
214830	40.778576	98.195051	262.000108	827.730261	10973.253	-1.016
214850	40.772732	98.24994	261.999964	827.446255	10972.431	2.501
214910	40.76679	98.305284	261.999998	829.899731	10972.825	7.928
214930	40.761118	98.358533	261.999994	830.610801	10978.302	4.451
214950	40.755381	98.411692	262.00003	829.116327	10978.946	-3.671
215010	40.749483	98.465313	262.000019	827.122021	10973.4	-8.068
215030	40.743716	98.517625	261.999801	826.777146	10972.284	-3.528
215050	40.737773	98.571461	262.000397	827.0722	10973.2	1.043
215110	40.731607	98.627285	262.000259	827.010529	10973.009	0.192
215130	40.725657	98.681443	261.997227	826.964414	10973.153	-1.027
215150	40.719679	98.735737	262.005523	827.044192	10972.607	1.84
215210	40.713597	98.790301	262.003609	827.026246	10972.734	7.573
215230	40.707758	98.84177	261.961373	826.508646	10977.374	9.313
215250	40.701964	98.893138	262.07693	825.609008	10980.591	6.353
215310	40.696004	98.946442	262.05027	824.195729	10980.017	0.629
215330	40.689908	98.99994	261.245999	821.980634	10980.597	-5.359
215350	40.683713	99.053884	261.19091	820.784433	10978.409	-9.03
215410	40.677514	99.108123	261.978099	820.992774	10973.329	-8.357
215430	40.671435	99.161307	261.490616	820.36423	10972.449	-3.121
215450	40.665358	99.213738	260.866326	817.609201	10973.076	1.151
215510	40.659215	99.266222	260.98326	814.202956	10972.949	0.353
215530	40.653081	99.31923	261.03063	813.670592	10973.758	-4.671
215550	40.646938	99.372043	260.990401	814.004832	10971.266	-9.626
215610	40.640727	99.424768	260.998797	813.14016	10965.454	-8.67
215630	40.634431	99.478453	261.00221	811.616053	10963.488	1.796
215650	40.628265	99.530773	260.999288	810.908564	10967.01	10.058
215710	40.62222	99.581416	260.999865	811.041216	10972.478	8.733
215730	40.615964	99.633661	261.000169	810.317779	10973.644	2.982
215750	40.60955	99.68736	260.999953	810.155959	10972.822	-0.645
215810	40.603152	99.740817	260.99999	810.970778	10972.963	-0.133
215830	40.596837	99.79275	261.000012	810.440569	10973.046	0.167
215850	40.590434	99.845426	260.999996	810.058988	10972.987	-0.046
215910	40.583881	99.899785	260.999999	810.886648	10972.997	-0.01
215930	40.577406	99.953041	261.000004	811.225038	10973.003	0.013
215950	40.571126	100.004138	260.999995	810.776464	10973.0	-0.005
220010	40.564868	100.054695	260.999995	810.076296	10973.0	-0.003
220030	40.558239	100.108098	261.000039	809.844673	10972.996	0.016
220050	40.551631	100.161457	260.999931	810.150509	10973.007	-0.027
220110	40.545336	100.212358	260.999927	810.140493	10973.007	-0.028
220130	40.539042	100.262786	261.000567	808.610248	10972.945	0.218
220150	40.532502	100.314557	260.999185	808.238495	10973.079	-0.313
220210	40.525743	100.367657	260.998727	809.855111	10973.124	-0.489
220230	40.519113	100.419782	261.007458	809.294715	10972.276	4.078
220250	40.5125	100.471848	260.988741	807.551628	10974.149	9.052
220310	40.505817	100.524376	260.982292	806.310046	10979.276	8.779
220330	40.499312	100.575255	261.103852	804.383875	10980.722	3.267
220350	40.492653	100.62714	260.835188	802.564297	10979.764	-0.324
220410	40.485682	100.681309	260.102394	801.328494	10979.834	0.303
220430	40.478928	100.733415	259.903358	799.277461	10980.725	-3.967
220450	40.472496	100.783012	260.023904	797.733069	10978.912	-8.97
220510	40.466134	100.83221	260.00932	797.274745	10973.938	-8.113
220530	40.459435	100.883616	259.992273	795.358159	10972.066	-2.508
220550	40.452518	100.936158	260.00132	792.438708	10973.334	-0.386
220610	40.445651	100.987636	260.000965	790.323477	10973.769	-6.257
220630	40.438813	101.037808	259.998815	789.842425	10969.265	-9.759
220650	40.431908	101.088366	260.000766	789.982364	10964.48	-7.013
220710	40.424901	101.140374	260.00224	789.347373	10964.669	-1.212
220730	40.417929	101.191549	259.990916	788.014026	10965.22	0.76
220750	40.411021	101.241871	260.009406	786.832018	10964.962	-0.13
220810	40.404101	101.292508	260.030394	786.747744	10964.973	-0.083
220830	40.397043	101.343607	259.85174	788.004387	10965.034	0.059
220850	40.389971	101.394373	259.818788	789.131128	10965.019	-0.006
220910	40.383119	101.443763	260.51427	788.000474	10964.972	0.075
220930	40.376105	101.494235	260.970833	787.114062	10965.02	-0.071
220950	40.36863	101.547471	260.205716	789.366514	10965.097	-0.351
221010	40.361688	101.59712	260.020093	790.105266	10964.65	1.927
221030	40.35495	101.645672	259.893295	790.174798	10965.287	9.589
221050	40.347652	101.69797	258.96868	792.38154	10969.951	20.716
221110	40.340508	101.747969	259.938973	793.255892	10980.379	22.687
221130	40.333466	101.796809	260.964242	793.021791	10988.91	13.623
221150	40.32612	101.848375	259.460723	793.222581	10988.612	2.052
221210	40.318766	101.899515	258.602999	791.642615	10987.45	-0.771
221230	40.311577	101.949602	259.175995	789.795375	10988.244	-0.407
221250	40.304469	102.000021	259.951541	789.360127	10988.621	-5.957
221310	40.297122	102.051833	259.623544	787.231498	10984.755	-12.029
221330	40.289594	102.104087	258.919545	784.640272	10978.974	-15.434
221350	40.282118	102.15533	258.948848	784.011204	10974.513	-15.613
221410	40.27479	102.205522	259.033877	783.954511	10968.81	-12.422
221430	40.267708	102.254168	258.994224	784.052586	10964.556	-6.735
221450	40.260754	102.301888	258.996327	784.17273	10964.714	-1.022
221510	40.253371	102.352136	259.002432	783.078321	10965.206	0.577
221530	40.245809	102.40327	258.999585	781.868676	10964.948	-0.039
221550	40.238492	102.452674	258.999736	781.919022	10964.915	0.158
221610	40.231117	102.502574	259.000175	782.042721	10965.282	-0.9
221630	40.223585	102.553077	258.99997	782.003992	10964.719	0.995
221650	40.215983	102.603406	258.99998	782.037577	10964.096	7.271
221710	40.208397	102.654241	259.000016	781.819323	10969.56	5.584
221730	40.201014	102.703835	258.999996	782.139734	10972.635	-0.699
221750	40.193763	102.751682	258.999989	783.562889	10966.13	-1.353
221810	40.185876	102.803679	259.000033	784.442383	10967.587	4.053
221830	40.177839	102.85675	258.999974	785.178949	10973.342	8.066
221850	40.170456	102.905288	258.999876	786.660369	10972.453	7.265
221910	40.16302	102.954222	259.000278	787.075452	10977.432	16.393
221930	40.155141	103.005374	258.998262	786.910275	10984.723	17.474
221950	40.147101	103.057108	259.001904	787.052258	10988.528	5.354
222010	40.139228	103.108095	259.006204	787.148065	10988.883	-5.818
222030	40.131516	103.158129	258.974236	786.200707	10984.229	-10.165
222050	40.123871	103.207722	259.026778	784.735809	10979.445	-6.78
222110	40.116255	103.256995	259.086582	783.983414	10979.519	-0.556
222130	40.108787	103.304828	258.539415	784.458439	10980.872	-2.69
222150	40.101123	103.353817	257.933883	785.023888	10979.262	-8.916
222210	40.092975	103.406122	257.957944	784.379728	10974.178	-9.259
222230	40.08479	103.457978	258.027941	782.966777	10972.094	-3.42
222250	40.076985	103.507202	257.995143	781.866704	10973.323	-0.179
222310	40.069507	103.554814	257.99641	781.839371	10973.812	-5.716
222330	40.061521	103.605307	258.002044	782.322071	10969.76	-10.431
222350	40.053291	103.657128	257.999727	781.772254	10964.43	-6.728
222410	40.045444	103.706682	257.999744	779.587406	10963.86	4.746
222430	40.037509	103.756192	258.000147	778.690986	10968.587	10.38
222450	40.029517	103.805626	257.999981	779.036947	10973.399	7.174
222510	40.021731	103.853886	257.999982	779.014934	10973.397	1.288
222530	40.013859	103.902555	258.000009	779.066402	10972.689	-0.391
222550	40.005915	103.951636	258.0	778.932007	10973.107	-0.176
222610	39.998057	104.000336	258.000004	778.65978	10973.408	-1.228
222630	39.990128	104.049323	257.999983	780.482751	10971.607	5.941
222650	39.981952	104.099689	258.000014	781.980156	10974.116	16.06
222710	39.973531	104.151427	258.000069	779.948761	10985.07	17.01
222730	39.965246	104.201702	257.999751	777.613785	10989.433	8.804
222750	39.957067	104.251206	258.000198	775.666174	10987.915	-1.187
222810	39.948836	104.301433	258.000958	773.011471	10988.417	-6.438
222830	39.940839	104.349431	257.996537	770.243345	10985.232	-11.434
222850	39.93289	104.396612	258.002762	768.989276	10979.166	-15.285
222910	39.924726	104.445537	258.013343	769.374093	10974.553	-15.174
222930	39.916764	104.493264	257.951762	766.927199	10969.757	-15.257
222950	39.90877	104.541053	258.038468	763.747688	10964.131	-14.677
223010	39.900399	104.590871	258.185842	763.840195	10959.063	-10.232
223030	39.892232	104.638219	257.165386	763.716777	10957.416	-3.62
223050	39.883619	104.684926	255.888081	762.934438	10958.098	0.122
223110	39.874	104.7341	256.0	763.0	10958.0	0.0
223130	39.864851	104.781483	256.827086	763.13615	10957.215	5.244
223150	39.855608	104.829837	256.789681	762.743096	10960.225	9.233
223210	39.8462	104.8789	256.0	764.0	10965.0	8.0
223230	39.837294	104.925189	255.91047	769.199869	10965.076	6.134
223250	39.828122	104.972742	256.035423	770.96088	10966.179	12.913
223310	39.8185	105.0225	256.0	769.0	10973.0	23.0
223330	39.809049	105.071253	255.993575	770.106461	10983.96	20.302
223350	39.79977	105.119335	256.002537	771.338851	10989.506	8.663
223410	39.7904	105.1679	256.0	771.0	10988.0	-0.0
223430	39.780759	105.217299	255.999576	770.253542	10986.923	10.619
223450	39.771373	105.265253	256.000088	766.857102	10991.345	61.666
223510	39.7622	105.3119	256.0	764.0	11019.0	152.0
223530	39.752688	105.359639	256.000488	767.480168	11091.487	251.881
223550	39.743171	105.407652	255.998572	768.631668	11192.597	312.633
223610	39.733805	105.455435	255.996632	764.21953	11302.421	317.116
223630	39.724334	105.503635	256.00326	760.18564	11407.011	284.417
223650	39.714842	105.551462	256.004766	759.795981	11492.461	220.9
223710	39.705797	105.596785	255.979269	761.531514	11546.647	119.757
223730	39.696222	105.645211	256.083511	766.100083	11573.216	47.865
223750	39.6861	105.696406	255.977517	768.954012	11582.176	22.051
223810	39.67634	105.744857	255.268742	764.788641	11582.573	4.774
223830	39.666662	105.792776	254.892522	762.758377	11581.745	-1.846
223850	39.657025	105.840655	255.005329	766.236758	11582.013	0.092
223910	39.647645	105.887084	255.017356	770.434723	11582.041	0.298
223930	39.638105	105.934372	254.992283	769.845842	11581.982	-0.133
223950	39.628197	105.983485	255.000383	765.832606	11582.001	0.007
224010	39.618097	106.033237	255.001246	764.08948	11582.002	0.025
224030	39.608211	106.08169	254.999446	764.129151	11582.002	-0.021
224050	39.598624	106.128633	255.000027	763.953497	11581.999	0.004
224110	39.589141	106.175141	255.000089	762.133996	11581.986	0.057
224130	39.579726	106.221142	254.99996	759.621793	11582.04	-0.159
224150	39.5701	106.268	255.0	758.0	11582.0	0.0
224210	39.559999	106.317162	254.999997	758.088659	11581.801	0.789
224230	39.55017	106.364701	255.000022	757.386965	11582.503	-2.286
224250	39.5407	106.4103	255.0	756.0	11582.0	-8.0
224310	39.530953	106.457503	254.999866	756.170489	11577.157	-9.484
224330	39.521048	106.505433	255.000339	755.127868	11574.22	-5.183
224350	39.5113	106.5524	255.0	753.0	11575.0	0.0
224410	39.501796	106.598064	254.998128	752.853746	11575.323	-0.231
224430	39.491793	106.645867	255.004731	752.884668	11574.473	2.022
224450	39.4816	106.6944	255.0	753.0	11575.0	8.0
224510	39.472224	106.739062	254.972458	754.98441	11579.646	9.886
224530	39.462465	106.785411	255.059703	756.320506	11582.81	4.937
224550	39.452017	106.835126	255.018234	756.022441	11582.076	-0.037
224610	39.441867	106.883211	254.309385	755.881558	11581.385	5.379
224630	39.431399	106.928096	253.228688	756.58268	11585.419	7.084
224650	39.420273	106.971796	252.27799	757.640516	11590.214	2.248
224710	39.408619	107.017665	251.908026	758.123043	11587.121	-0.959
224730	39.3968	107.0653	252.0	758.0	11582.0	0.0
224750	39.385238	107.111567	252.016624	757.967694	11587.758	1.27
224810	39.373738	107.157314	251.993567	758.034777	11588.686	-3.214
224830	39.3621	107.2035	252.0	758.0	11582.0	-8.0
224850	39.350309	107.250077	252.000254	757.854712	11581.039	-2.285
224910	39.338506	107.296688	252.001912	758.437913	11582.773	-1.071
224930	39.3267	107.3433	252.0	760.0	11582.0	-8.0
224950	39.31481	107.390094	251.986936	761.998267	11577.306	-10.439
225010	39.303046	107.436561	252.033202	763.94786	11573.726	-2.889
225030	39.2913	107.4829	252.0	766.0	11575.0	8.0
225050	39.279213	107.529948	251.816849	768.343244	11580.24	9.911
225110	39.266995	107.577524	252.49889	769.037297	11582.11	8.332
225130	39.254843	107.625008	253.049437	769.41755	11583.113	7.91
225150	39.242823	107.671871	252.380246	771.20335	11587.886	7.27
225210	39.231013	107.717928	251.88059	772.251991	11590.648	4.25
225230	39.219202	107.764015	251.986307	772.033336	11590.075	0.246
225250	39.206967	107.811614	252.023327	771.894427	11589.865	-0.454
225310	39.194525	107.859651	251.996164	772.123375	11590.039	0.155
225330	39.182215	107.907005	252.001697	772.072051	11590.002	0.027
225350	39.170181	107.953665	251.973001	770.598919	11590.022	-0.139
225410	39.158185	107.99982	252.056833	767.700144	11589.94	0.223
225430	39.146025	108.046117	252.037439	764.304875	11589.959	0.14
225450	39.133737	108.093344	251.382686	761.842442	11590.438	-3.217
225510	39.121558	108.140163	250.899937	760.687533	11588.975	-12.519
225530	39.10951	108.186096	250.987339	760.093981	11582.925	-22.541
225550	39.097329	108.232396	251.024946	758.780521	11572.253	-20.927
225610	39.085158	108.278596	250.993096	757.803791	11565.98	-11.263
225630	39.073107	108.324264	250.998442	757.934821	11566.896	-1.206
225650	39.061045	108.369835	251.003284	758.470208	11566.007	4.975
225710	39.049062	108.415093	251.000673	759.571758	11565.978	10.188
225730	39.037247	108.459857	250.999428	761.587077	11573.208	18.589
225750	39.024861	108.506714	251.000071	763.107833	11583.314	21.501
225810	39.01165	108.556398	251.000067	763.043498	11589.095	11.884
225830	38.99949	108.602035	250.999961	763.275552	11590.46	2.94
225850	38.987912	108.645519	251.000005	764.127245	11589.938	-0.199
225910	38.975458	108.692299	251.000005	765.266336	11589.94	-0.192
225930	38.962763	108.739771	250.999996	767.975851	11590.042	0.133
225950	38.950241	108.786466	251.0	770.837372	11590.004	0.012
230010	38.937893	108.832564	251.000001	771.245986	11589.992	-0.019
230030	38.925547	108.87824	250.999999	771.041567	11590.005	-0.001
230050	38.912897	108.92463	251.0	771.878351	11590.002	-0.004
230110	38.899742	108.973203	251.000004	773.189363	11589.981	0.059
230130	38.886982	109.020455	250.999995	774.246567	11590.025	-0.083
230150	38.874826	109.065299	250.99999	774.262003	11590.047	-0.155
230210	38.861922	109.112738	251.000047	772.71274	11589.778	0.734
230230	38.84894	109.16057	250.999941	772.172978	11590.283	-0.968
230250	38.836637	109.205992	250.999847	773.780866	11590.73	-6.612
230310	38.823899	109.252459	251.00062	773.335741	11586.229	-9.306
230330	38.810945	109.299353	250.999358	771.81609	11581.55	-7.316
230350	38.798377	109.344962	250.997925	771.858578	11581.912	-2.105
230410	38.785669	109.391236	251.008602	772.199874	11581.2	5.205
230430	38.772847	109.438018	250.991062	771.853751	11583.043	7.602
230450	38.760131	109.484322	250.971103	771.055358	11589.505	1.649
230510	38.74729	109.530675	251.124733	771.338897	11586.525	-1.341
230530	38.734421	109.577019	250.940164	770.793771	11582.13	0.205
230550	38.721743	109.622951	250.13924	767.364197	11588.399	0.999
230610	38.709118	109.668529	250.25071	764.720959	11588.083	-3.23
230630	38.696178	109.715057	251.061263	763.960383	11581.586	-6.993
230650	38.682817	109.763164	251.203616	763.498181	11581.264	-2.736
230710	38.670051	109.809015	250.665667	762.188037	11582.169	1.508
230730	38.657821	109.852688	250.019151	760.103316	11581.975	0.213
230750	38.645098	109.897945	249.932274	758.40513	11582.768	-5.462
230810	38.632244	109.943725	250.023882	758.026384	11579.972	-8.701
230830	38.619537	109.989213	250.001374	758.041305	11575.107	-8.024
230850	38.606718	110.035237	249.995098	756.531681	11575.455	-8.243
230910	38.593752	110.081236	250.001807	756.247348	11572.706	-6.953
230930	38.580867	110.126443	250.000223	757.858792	11567.13	-0.927
230950	38.568373	110.170616	249.999445	758.477715	11570.698	9.818
231010	38.555845	110.214958	250.000472	757.366147	11577.252	16.54
231030	38.542914	110.260478	250.000246	756.019577	11581.541	15.329
231050	38.529701	110.306925	249.997303	756.958533	11586.771	11.337
231110	38.516806	110.352034	250.003723	758.211584	11590.885	4.59
231130	38.504358	110.395309	250.009733	758.106942	11591.127	-4.136
231150	38.491492	110.440125	249.97127	758.01884	11587.143	-9.536
231210	38.4783	110.4862	250.0	758.0	11582.0	-7.0
231230	38.465426	110.531198	250.128183	757.008515	11580.568	3.697
231250	38.452452	110.576804	249.58072	754.632568	11584.896	9.284
231310	38.438309	110.622299	247.383257	751.313355	11590.889	6.081
231330	38.421755	110.665103	243.023991	747.879344	11592.18	0.481
231350	38.402007	110.706081	237.022002	744.501276	11589.382	-7.338
231410	38.379242	110.745103	230.718553	742.080047	11584.114	-15.095
231430	38.355689	110.778839	226.968664	743.183914	11578.179	-13.827
231450	38.330945	110.81087	225.918067	745.175432	11574.675	-6.656
231510	38.30416	110.845929	225.947799	744.937465	11574.881	-1.391
231530	38.277748	110.880445	226.035042	745.999494	11574.698	3.453
231550	38.252225	110.913588	225.993536	746.957568	11575.461	9.259
231610	38.22684	110.946525	225.993934	745.493941	11579.935	14.46
231630	38.20113	110.979763	226.008237	744.729505	11585.894	13.253
231650	38.174666	111.013907	225.995118	745.037925	11590.494	5.611
231710	38.147516	111.048974	225.971883	745.050326	11591.367	-3.666
231730	38.120998	111.083204	226.064383	744.979934	11587.439	-8.585
231750	38.095375	111.116165	226.017613	744.998907	11582.161	-7.195
231810	38.069784	111.148939	225.403943	745.004191	11581.383	-2.332
231830	38.04391	111.182179	224.831817	744.998704	11582.19	0.594
231850	38.017811	111.21584	224.94053	744.999836	11582.024	0.074
231910	37.991697	111.249361	225.746382	745.000315	11581.956	-0.136
231930	37.96527	111.283235	225.860979	744.99987	11582.014	0.043
231950	37.938882	111.31709	225.059428	744.999964	11582.002	0.005
232010	37.913427	111.349648	224.882468	745.000289	11581.997	-0.011
232030	37.886958	111.383314	225.034352	744.999544	11582.001	0.003
232050	37.858955	111.418821	225.014237	744.999167	11582.0	0.001
232110	37.832202	111.452835	224.990551	745.00322	11582.0	-0.001
232130	37.806878	111.485093	225.001737	744.996663	11582.0	-0.0
232150	37.781863	111.516896	225.001906	744.982954	11582.001	-0.001
232210	37.756911	111.548585	224.99982	745.027836	11581.999	0.003
232230	37.731148	111.581271	225.000309	745.025198	11581.999	0.002
232250	37.703281	111.616551	224.99698	744.815473	11582.005	-0.018
232310	37.675482	111.651766	225.005484	745.346482	11581.992	0.031
232330	37.649278	111.684919	225.005861	746.798996	11581.991	0.033
232350	37.623341	111.717451	224.955984	747.767397	11582.066	-0.247
232410	37.597037	111.750663	225.076918	748.032101	11581.884	0.432
232430	37.570324	111.784558	225.081744	747.996752	11581.877	0.459
232450	37.543582	111.817792	224.386791	748.080825	11582.922	-5.078
232510	37.517718	111.851012	226.149174	747.849038	11580.285	-10.029
232530	37.494052	111.885058	230.607604	748.222162	11574.305	-6.902
232550	37.472798	111.920371	233.314532	750.737996	11573.058	2.955
232610	37.450575	111.958676	234.158939	752.304287	11577.239	7.26
232630	37.426634	111.999121	234.030284	752.750664	11581.904	1.333
232650	37.403836	112.037945	233.959576	755.687394	11578.811	-6.948
232710	37.381741	112.07579	234.009501	758.589112	11574.078	-6.12
232730	37.359241	112.114165	234.002872	759.682693	11574.454	5.695
232750	37.336465	112.152951	233.997643	762.08476	11578.178	13.889
232810	37.313679	112.191682	233.999951	764.560819	11583.843	14.469
232830	37.291087	112.229993	233.999056	765.742477	11589.305	9.436
232850	37.268738	112.267893	234.006773	767.442264	11590.897	2.195
232910	37.246395	112.305817	233.991588	769.472054	11589.568	0.651
232930	37.223683	112.344442	233.98112	770.831023	11589.267	6.778
232950	37.200332	112.384284	234.091521	771.100638	11594.315	8.814
233010	37.17722	112.42348	233.878664	771.010624	11598.266	7.942
233030	37.15478	112.461143	233.158536	771.07235	11597.498	3.677
233050	37.131731	112.500081	232.774558	770.350654	11601.533	-22.467
233110	37.1091	112.538381	233.184711	768.385014	11592.948	-91.133
233130	37.087355	112.574916	233.946719	765.056884	11547.334	-191.299
233150	37.063861	112.614338	233.627296	760.558513	11459.527	-256.977
233210	37.040329	112.6538	232.860065	757.620319	11360.903	-275.068
233230	37.018681	112.690008	232.859413	757.816612	11276.361	-272.6
233250	36.99678	112.726619	233.632584	757.968535	11185.721	-284.593
233310	36.974423	112.764217	233.939538	754.711484	11083.862	-259.045
233330	36.952124	112.801988	233.168391	748.880319	10993.973	-158.791
233350	36.929432	112.840242	232.850809	747.963794	10965.139	-59.405
233410	36.906513	112.878622	233.012728	750.160907	10973.767	-3.982
233430	36.883738	112.916599	233.021803	750.398034	10974.314	2.82
233450	36.860972	112.954341	232.990338	749.372581	10972.42	-1.316
233510	36.838382	112.991756	233.000493	747.917252	10973.029	0.065
233530	36.816244	113.028638	233.001838	746.019612	10973.098	0.198
233550	36.794056	113.065527	232.998496	743.660178	10972.946	-0.053
233610	36.771571	113.102771	233.000264	741.963501	10973.005	-0.007
233630	36.749089	113.140034	233.004109	742.018812	10973.066	-0.19
233650	36.727406	113.175876	232.988469	741.491133	10972.826	0.584
233710	36.7059	113.2114	233.0	740.0	10973.0	0.0
233730	36.683266	113.248954	233.057243	739.148864	10973.851	-5.314
233750	36.660776	113.286189	232.855679	738.96921	10970.56	-9.464
233810	36.639	113.3221	233.0	739.0	10965.0	-8.0
233830	36.617341	113.358151	234.387571	738.920572	10964.363	-2.087
233850	36.595957	113.395464	235.213006	739.255867	10965.381	0.263
233910	36.5746	113.434	235.0	740.0	10965.0	0.0
233930	36.552818	113.472578	234.961347	740.924325	10964.117	5.137
233950	36.531675	113.509747	235.015296	743.724038	10967.439	9.591
234010	36.5108	113.5465	235.0	747.0	10973.0	8.0
234030	36.488775	113.585088	234.997207	747.279235	10973.721	1.704
234050	36.46717	113.622935	235.001145	747.026393	10972.397	0.963
234110	36.446349	113.659461	235.000062	747.934535	10972.885	7.627
234130	36.424993	113.696847	234.999769	749.342474	10976.853	13.677
234150	36.403117	113.735048	235.000105	750.336955	10982.698	14.57
234210	36.381017	113.773626	235.000024	750.11366	10987.667	8.897
234230	36.358957	113.812219	234.999825	748.333844	10989.122	-1.688
234250	36.337798	113.849184	235.000321	746.222897	10986.455	-11.272
234310	36.317181	113.885069	235.000296	745.053163	10980.911	-15.039
234330	36.295319	113.92308	234.997823	745.130057	10975.281	-12.065
234350	36.273094	113.961671	235.00379	744.582757	10972.527	-5.681
234410	36.251435	113.9992	235.004025	742.385643	10972.902	-0.438
234430	36.229829	114.036596	234.969807	739.982234	10973.123	0.538
234450	36.208276	114.073951	235.052751	738.79746	10972.965	-0.147
234510	36.186824	114.11113	235.056059	738.95973	10972.992	-0.029
234530	36.165282	114.148229	234.397506	739.037664	10973.013	0.023
234550	36.143811	114.185026	233.947619	739.012244	10972.99	0.016
234610	36.122569	114.221593	234.024805	739.025574	10972.991	0.027
234630	36.101382	114.258282	233.328389	738.971135	10973.063	-0.213
234650	36.079294	114.293348	230.948429	741.22458	10972.891	0.376
234710	36.055663	114.326648	228.187206	744.799303	10972.884	0.4
234730	36.030837	114.361083	228.371126	743.773084	10973.867	-4.458
234750	36.005766	114.396106	228.98243	741.462841	10971.384	-9.051
234810	35.981151	114.430428	228.111079	741.772666	10965.559	-8.474
234830	35.956868	114.464048	227.861962	743.732116	10964.499	-3.965
234850	35.93192	114.498433	228.038181	745.442047	10964.804	2.179
234910	35.906144	114.533985	228.007903	745.253018	10964.619	7.442
234930	35.880955	114.568857	227.99009	742.883648	10969.577	9.398
234950	35.856929	114.601944	228.00274	742.323926	10973.767	6.261
235010	35.833476	114.634	228.000567	744.716589	10973.159	0.558
235030	35.809083	114.667544	227.999295	745.400617	10972.801	-0.688
235050	35.783787	114.702333	228.000185	744.802693	10973.056	0.189
235110	35.758366	114.73714	228.000029	744.871222	10973.012	0.037
235130	35.733621	114.771101	228.000039	746.207698	10972.982	-0.035
235150	35.709501	114.804226	227.999856	747.136116	10973.011	-0.012
235210	35.685163	114.837556	227.999835	746.989518	10973.008	-0.025
235230	35.659469	114.872652	228.001254	747.495037	10972.945	0.205
235250	35.633706	114.907871	227.997803	748.170925	10973.095	-0.363
235310	35.608961	114.941782	227.997664	748.090035	10973.101	-0.387
235330	35.584554	114.975217	228.017522	747.463045	10972.245	4.357
235350	35.559512	115.009431	227.969386	748.948091	10974.408	9.228
235410	35.534397	115.043761	227.967467	751.862967	10979.505	8.661
235430	35.511083	115.075746	228.201621	750.807012	10980.461	2.455
235450	35.485332	115.109846	227.238016	749.904079	10979.707	-0.997
235510	35.457567	115.145617	225.984911	749.937922	10980.036	0.053
235530	35.432534	115.178046	226.806845	747.250355	10980.773	-0.394
235550	35.40813	115.209895	227.961593	745.008404	10980.29	-4.874
235610	35.381624	115.244502	227.430152	746.486582	10976.957	-13.17
235630	35.355835	115.278054	227.099001	746.207801	10970.361	-13.081
235650	35.332	115.309012	227.924228	742.422646	10964.975	-1.965
235710	35.306419	115.342451	227.643132	742.682764	10969.238	3.417
235730	35.27969	115.377286	226.917304	745.485035	10972.764	-1.818
235750	35.253669	115.410883	226.950188	746.84389	10966.724	-9.587
235810	35.228251	115.443859	227.020719	747.101567	10963.867	-0.0
235830	35.202898	115.476738	226.995035	746.755542	10967.102	13.013
235850	35.177467	115.509562	227.0009	745.142174	10972.708	15.073
235910	35.15227	115.542172	226.971802	741.605146	10977.972	11.766
235930	35.127364	115.574267	227.057201	739.693522	10980.63	4.915
235950	35.102021	115.606738	227.037495	740.0238	10980.16	-0.058
000010	35.075187	115.641207	226.382478	738.62596	10978.822	4.915
000030	35.048972	115.674748	225.900216	735.815658	10982.314	7.816
000050	35.024508	115.705838	225.987508	732.39706	10987.899	0.966
000110	35.000327	115.736655	226.022816	728.17273	10984.051	-9.176
000130	34.975397	115.768514	225.992936	724.99798	10978.227	-18.339
000150	34.95	115.800919	225.999168	723.20141	10973.77	-22.946
000210	34.925425	115.832116	226.000939	720.688262	10963.316	-19.862
000230	34.900676	115.863547	226.000884	717.986582	10956.727	-11.006
000250	34.875077	115.896124	226.00085	716.122824	10957.898	-0.869
000310	34.849431	115.928658	225.990335	715.326941	10957.557	5.799
000330	34.824633	115.960084	226.019447	714.679347	10959.547	8.88
000350	34.800851	115.990225	226.012727	713.212941	10964.668	8.33
000410	34.777273	116.020037	225.863751	710.856911	10965.527	3.251
000430	34.752903	116.051023	226.290335	710.028875	10964.991	-1.358
000450	34.727876	116.083036	226.990366	710.951086	10965.097	-0.483
000510	34.703436	116.114181	226.470186	710.82981	10963.751	2.592
000530	34.678656	116.145654	225.868648	711.653796	10967.43	-25.384
000550	34.653465	116.177663	225.980993	714.653373	10960.99	-98.173
000610	34.629357	116.208354	226.06285	717.856434	10907.514	-189.008
000630	34.604994	116.239215	225.923477	719.219968	10824.29	-259.08
000650	34.579881	116.270868	225.954794	718.991105	10730.949	-288.884
000710	34.555484	116.301755	226.68971	720.280261	10628.457	-290.863
000730	34.530992	116.332916	226.940628	725.866651	10532.557	-292.059
000750	34.505181	116.365628	226.108199	733.458544	10441.928	-291.718
000810	34.478087	116.399613	225.369085	735.675221	10336.296	-272.989
000830	34.453612	116.431206	227.199208	731.940078	10248.292	-352.404
000850	34.4326	116.4617	232.0	727.0	10142.0	-543.0
000910	34.411612	116.497893	237.28686	726.22032	9915.354	-687.452
000930	34.392468	116.537305	241.793935	722.579269	9649.831	-716.827
000950	34.376512	116.57568	244.11628	713.937807	9423.516	-667.241
001010	34.361217	116.612463	243.397369	709.470307	9207.29	-675.276
001030	34.344609	116.652311	242.703351	704.306722	8976.886	-704.566
001050	34.328055	116.692545	243.100895	699.590296	8734.597	-726.825
001110	34.313355	116.728942	243.826515	699.475997	8491.468	-742.294
001130	34.298133	116.76692	244.094722	700.985959	8241.231	-755.309
001150	34.282244	116.806443	243.985245	702.125337	7985.685	-762.307
001210	34.266852	116.84458	243.976176	702.298575	7731.52	-757.699
001230	34.251492	116.882912	244.051198	700.983748	7479.357	-745.361
001250	34.236107	116.920736	243.965536	700.001417	7232.544	-729.547
001310	34.221319	116.95691	244.728505	699.058832	6993.705	-716.048
001330	34.208282	116.994181	249.785693	689.922104	6757.298	-712.689
001350	34.197484	117.033144	252.072672	680.500693	6520.325	-689.611
001410	34.186853	117.073276	251.887056	675.890035	6291.605	-667.054
001430	34.17622	117.11209	251.964279	673.694665	6070.372	-665.842
001450	34.166846	117.146531	252.010317	671.844009	5847.825	-682.796
001510	34.156718	117.183678	251.990633	670.097012	5616.402	-691.966
001530	34.145238	117.225229	252.00162	667.841761	5383.642	-685.688
001550	34.134517	117.263954	252.025095	664.194418	5161.202	-678.699
001610	34.123943	117.302181	251.930517	662.3812	4932.904	-652.864
001630	34.113274	117.340807	252.019578	659.713193	4714.019	-577.517
001650	34.103122	117.377963	252.709808	648.195001	4543.13	-458.819
001710	34.093993	117.413276	253.477611	623.819983	4420.509	-431.72
001730	34.085401	117.44904	254.081072	603.337352	4278.262	-490.635
001750	34.076384	117.485769	253.094932	600.810398	4076.109	-528.01
001810	34.066337	117.517219	247.03339	593.025479	3923.139	-482.512
001830	34.054385	117.550145	245.351895	584.771012	3756.742	-407.458
001850	34.04256	117.583091	247.594073	569.688203	3619.697	-353.368
001910	34.032195	117.612104	247.516158	546.818048	3547.133	-349.32
001930	34.021386	117.641175	244.474798	541.733153	3414.245	-422.249
001950	34.011321	117.671701	250.81472	538.027425	3240.951	-504.58
002010	34.004743	117.703178	263.357849	524.630336	3072.046	-553.861
002030	34.001881	117.734597	263.416387	521.885503	2883.202	-592.215
002050	33.999043	117.765394	262.633011	531.478118	2669.992	-575.043
002110	33.99571	117.796981	263.030406	538.774776	2478.606	-526.197
002130	33.992591	117.829489	262.922014	534.409751	2330.347	-460.273
002150	33.989691	117.860225	263.750917	527.06817	2182.236	-334.082
002210	33.986604	117.891985	263.782471	514.317436	2088.505	-216.299
002230	33.983512	117.923199	262.947122	493.630404	2045.577	-166.358
002250	33.980852	117.949906	262.919486	468.517823	1990.712	-181.986
002310	33.978142	117.976895	263.03907	446.861983	1927.62	-225.662
002330	33.975449	118.004209	262.997078	434.232352	1841.205	-291.15
002350	33.973057	118.029316	263.000981	430.865455	1717.456	-360.57
002410	33.970525	118.054929	263.0015	430.163063	1599.095	-356.521
002430	33.967991	118.080018	262.999247	429.459108	1486.579	-355.59
002450	33.965436	118.105194	263.00007	425.288751	1366.128	-374.184
002510	33.962787	118.13139	263.000105	413.429552	1232.31	-372.083
002530	33.960469	118.154899	262.999954	392.052688	1111.097	-353.925
002550	33.958386	118.176143	263.000001	366.569658	1001.902	-333.197
002610	33.956174	118.197892	262.999973	347.524738	889.177	-318.096
002630	33.954049	118.218656	263.000106	343.99853	785.983	-302.084
002650	33.951989	118.23924	262.99994	348.181271	691.5	-297.951
002710	33.949835	118.261053	262.99952	342.315301	592.006	-307.201
002730	33.947824	118.280473	263.001534	318.350731	482.402	-255.997
002750	33.946027	118.297369	262.999161	287.253344	398.653	-187.428
002810	33.944342	118.314137	262.992765	266.830949	369.762	-201.906
002830	33.942696	118.330531	263.023421	255.907794	317.509	-269.316
002850	33.941084	118.346193	263.073226	251.448939	215.852	-332.315
002910	33.939555	118.361109	263.065293	251.939169	102.714	-331.245
002930	33.938156	118.375299	262.944859	255.395708	18.018	-210.698
002950	33.936661	118.389575	263.595124	239.653755	-4.985	-83.53
