195728	40.6501	73.8242	287.0	319.0	206.0	786.0
195748	40.64765	73.84485	250.0	330.25	400.0	436.25
195808	40.6368	73.8623	226.5	367.5	506.5	348.5
195828	40.62232	73.88122	224.6	410.0	629.2	436.4
195848	40.607012	73.8985	216.529412	441.411765	801.529	690.235
195908	40.588557	73.914239	212.347826	447.0	1076.696	822.0
195928	40.56904	73.93002	212.0	453.0	1357.6	800.4
195948	40.5494	73.94594	212.0	464.4	1620.6	725.2
200008	40.529355	73.962391	212.272727	486.545455	1829.545	673.818
200028	40.5089	73.9793	215.0	492.0	2065.0	772.0
200048	40.491596	74.00443	231.521739	491.130435	2343.261	828.522
200108	40.47591	74.03047	232.866667	496.666667	2622.433	737.267
200128	40.460618	74.056473	232.212121	508.848485	2862.121	609.03
200148	40.445527	74.082109	232.818182	531.272727	3028.182	460.545
200208	40.429191	74.109948	233.0	562.347826	3148.0	339.913
200228	40.413167	74.143171	242.428571	596.333333	3244.857	397.857
200248	40.402475	74.18105	253.0	620.25	3393.0	529.75
200308	40.396425	74.21995	257.0	634.75	3595.0	599.25
200328	40.390233	74.2601	259.0	644.333333	3807.667	641.667
200348	40.3839	74.3015	259.0	649.0	4031.0	657.0
200408	40.377358	74.344381	259.0	654.423729	4247.949	643.102
200428	40.370815	74.387263	259.0	659.847458	4464.898	629.203
200448	40.364283	74.430077	259.0	665.3	4680.133	611.3
200508	40.35795	74.47161	259.0	671.3	4862.8	517.3
200528	40.351311	74.514891	259.0	682.311111	5023.222	464.244
200548	40.344422	74.559602	259.0	697.422222	5165.444	444.689
200608	40.3375	74.60455	259.0	711.75	5309.0	452.75
200628	40.330457	74.650224	259.0	723.095238	5461.286	527.524
200648	40.323047	74.697357	258.966667	723.9	5664.4	614.7
200708	40.31598	74.74249	258.3	721.9	5872.4	548.7
200728	40.308628	74.789769	258.37931	726.310345	6041.483	486.759
200748	40.301053	74.83868	258.933333	735.666667	6180.2	436.067
200808	40.293587	74.88648	258.266667	742.333333	6332.2	456.733
200828	40.28632	74.93252	258.0	746.2	6487.4	461.8
200848	40.27916	74.977633	258.0	748.266667	6643.733	452.467
200908	40.27176	75.024967	258.0	750.933333	6791.067	407.133
200928	40.26404	75.07378	258.0	757.6	6917.2	361.4
200948	40.25612	75.1235	258.0	766.866667	7028.133	320.533
201008	40.24832	75.1725	258.0	775.533333	7129.467	325.867
201028	40.24032	75.22258	258.0	783.0	7240.4	340.0
201048	40.2322	75.273293	258.0	789.4	7358.2	359.0
201108	40.2242	75.323227	258.0	793.4	7480.2	369.0
201128	40.21604	75.37388	258.0	795.8	7605.0	364.2
201148	40.207747	75.425133	258.0	797.266667	7729.667	350.467
201208	40.199213	75.477467	258.0	799.933333	7836.333	345.133
201228	40.19092	75.52836	258.0	801.8	7952.2	358.2
201248	40.18278	75.57828	258.0	802.8	8075.2	377.8
201308	40.17458	75.62808	258.0	800.8	8207.2	345.8
201328	40.166167	75.679467	258.0	802.0	8316.0	308.333
201348	40.157611	75.731911	258.0	805.333333	8409.333	267.222
201408	40.149163	75.783284	258.0	808.947368	8492.0	243.0
201428	40.140742	75.834389	258.0	812.631579	8572.0	223.0
201448	40.1306	75.886075	253.5	825.75	8637.0	206.0
201508	40.116382	75.937341	246.235294	838.235294	8706.235	235.588
201528	40.0987	75.986367	244.433333	842.833333	8790.667	295.133
201548	40.08063	76.035103	244.0	842.666667	8895.067	326.133
201608	40.06243	76.08397	244.0	836.0	9032.4	300.8
201628	40.044343	76.132667	244.0	836.133333	9104.567	184.8
201648	40.026207	76.181357	244.0	836.533333	9145.867	75.9
201708	40.00794	76.23009	244.0	835.2	9151.2	9.9
201728	39.989447	76.279617	244.0	834.433333	9147.467	-4.533
201748	39.970937	76.329143	244.233333	835.4	9144.0	-6.133
201808	39.95247	76.37841	244.9	839.4	9144.0	-0.8
201828	39.93406	76.42711	244.433333	840.0	9144.0	3.4
201848	39.91573	76.475552	244.0	840.0	9145.4	4.95
201908	39.89753	76.523702	244.0	840.0	9149.4	1.95
201928	39.879073	76.572523	244.0	840.7	9150.133	-1.867
201948	39.86014	76.62259	244.0	842.7	9144.8	-7.2
202008	39.84149	76.67192	244.0	841.3	9144.0	-3.467
202028	39.822807	76.721172	244.0	840.0	9144.0	0.977
202048	39.80397	76.770521	244.0	840.0	9144.0	3.767
202108	39.785233	76.81956	244.0	840.0	9145.067	5.2
202128	39.7669	76.86736	244.0	840.0	9150.4	1.2
202148	39.748053	76.916607	244.0	840.0	9148.267	0.0
202208	39.72916	76.965967	244.0	840.0	9145.067	0.0
202228	39.71096	77.0133	244.0	840.0	9150.4	0.0
202248	39.692527	77.061193	244.0	840.0	9148.267	0.0
202308	39.673967	77.109407	243.866667	840.0	9145.067	1.067
202328	39.6553	77.15794	243.2	840.0	9150.4	6.4
202348	39.63626	77.20722	243.0	839.066667	9152.0	4.267
202408	39.617167	77.256487	243.0	838.0	9152.0	-1.067
202428	39.5985	77.30442	243.0	838.0	9152.0	-6.4
202448	39.579413	77.353613	243.0	837.533333	9148.267	-8.0
202508	39.560187	77.403147	243.0	836.733333	9144.0	-6.933
202528	39.54112	77.45188	243.0	835.4	9144.0	-1.6
202548	39.522613	77.499353	243.0	835.933333	9144.0	3.733
202608	39.504227	77.546513	243.0	836.733333	9145.067	8.0
202628	39.48536	77.59458	243.0	835.4	9150.4	8.0
202648	39.467007	77.641527	243.0	836.4	9152.0	0.533
202708	39.44854	77.688727	243.0	837.866667	9150.933	-6.933
202728	39.42874	77.73886	243.0	837.2	9145.6	-1.6
202748	39.409593	77.78736	243.0	835.6	9147.733	3.733
202808	39.39087	77.834741	243.0	833.407407	9152.0	15.111
202828	39.372722	77.880444	243.0	830.444444	9152.0	50.667
202848	39.353623	77.928723	243.0	830.0	9182.033	136.467
202908	39.33445	77.977153	243.0	829.066667	9238.833	224.6
202928	39.31545	78.02502	243.0	826.4	9335.5	300.6
202948	39.296903	78.071583	243.0	823.733333	9444.633	321.067
203008	39.278509	78.117648	243.0	821.086957	9554.13	328.0
203028	39.26006	78.16374	243.0	817.933333	9661.4	323.867
203048	39.24086	78.21194	243.0	812.6	9773.4	303.2
203108	39.2218	78.259533	243.0	811.0	9867.2	272.267
203128	39.20308	78.306173	243.0	811.0	9951.333	242.0
203148	39.18548	78.35004	243.0	811.0	10028.0	232.0
203208	39.1669	78.396287	243.0	811.0	10104.2	229.0
203228	39.147967	78.443353	243.0	810.866667	10180.2	224.867
203248	39.1293	78.48962	243.0	810.2	10256.2	204.2
203308	39.110867	78.535327	243.0	810.0	10318.2	148.067
203328	39.0924	78.58106	243.0	809.466667	10364.067	79.933
203348	39.0734	78.62786	243.0	806.8	10369.4	24.6
203408	39.054493	78.674333	242.533333	806.933333	10371.0	4.267
203428	39.035813	78.7202	242.0	808.0	10371.0	0.0
203448	39.01788	78.7642	242.0	808.0	10371.0	0.0
203508	38.99934	78.8096	242.0	808.0	10371.0	-3.733
203528	38.980473	78.855773	242.0	808.266667	10369.933	-6.933
203548	38.96134	78.90264	242.0	809.6	10364.6	-1.6
203608	38.94272	78.948153	242.0	810.466667	10366.733	3.733
203628	38.92416	78.993473	242.0	811.0	10371.0	6.933
203648	38.90496	79.04034	242.0	811.0	10371.0	1.6
203708	38.886087	79.086227	242.0	811.0	10371.0	4.2
203728	38.867709	79.131939	243.043478	809.608696	10372.217	7.435
203748	38.850912	79.178671	248.176471	802.705882	10377.588	-0.647
203808	38.837623	79.226815	251.923077	797.230769	10371.0	-13.0
203828	38.826238	79.277892	256.538462	793.384615	10371.0	-23.0
203848	38.81742	79.3259	257.0	789.4	10357.2	-14.4
203908	38.80878	79.373913	257.0	787.0	10352.0	0.267
203928	38.79998	79.422447	257.0	787.0	10362.0	20.933
203948	38.79124	79.4708	257.0	787.0	10367.8	12.8
204008	38.782409	79.519577	257.186047	786.44186	10371.0	3.767
204028	38.773433	79.569019	257.651163	785.046512	10371.0	-1.814
204048	38.7644	79.618533	258.0	784.833333	10369.667	-5.0
204108	38.7552	79.668267	258.0	788.166667	10364.333	-1.0
204128	38.74615	79.71755	257.5	786.5	10367.0	0.0
204148	38.7372	79.766267	257.0	784.0	10369.667	0.0
204208	38.7284	79.813733	257.0	784.0	10364.333	0.0
204228	38.7195	79.862	257.0	784.5	10367.0	0.0
204248	38.710483	79.910933	257.0	784.833333	10369.667	0.0
204308	38.701217	79.961067	257.0	784.166667	10364.333	0.0
204328	38.6921	80.0099	257.0	781.5	10367.0	4.0
204348	38.683117	80.057983	257.0	779.5	10371.0	5.333
204408	38.674383	80.105117	257.0	781.5	10371.0	-5.333
204428	38.66535	80.1532	256.5	782.0	10367.0	-4.0
204448	38.6562	80.201667	256.166667	781.5	10364.333	0.0
204508	38.647	80.250333	256.833333	779.5	10369.667	0.0
204528	38.63785	80.29885	256.5	779.0	10367.0	0.0
204548	38.628667	80.347483	256.0	779.0	10364.333	1.333
204608	38.619333	80.396617	256.0	779.0	10369.667	6.667
204628	38.6103	80.44415	256.0	775.5	10371.0	0.0
204648	38.601317	80.49135	256.0	771.833333	10369.667	-6.667
204708	38.592183	80.53915	256.0	771.166667	10364.333	-1.333
204728	38.583	80.58705	256.0	770.0	10367.0	4.0
204748	38.5738	80.634917	256.0	768.166667	10371.0	6.667
204808	38.5646	80.682583	256.0	764.833333	10371.0	1.333
204828	38.55555	80.7295	256.0	765.0	10371.0	0.0
204848	38.54645	80.776717	256.0	765.666667	10371.0	0.0
204908	38.53705	80.825583	256.0	764.333333	10371.0	0.0
204928	38.527926	80.872639	256.0	763.516129	10371.0	-3.871
204948	38.51882	80.91944	256.0	762.6	10369.933	-6.933
205008	38.50942	80.96764	256.0	760.6	10364.6	-1.6
205028	38.500627	81.012527	256.0	759.066667	10366.733	3.733
205048	38.491933	81.056793	256.0	758.266667	10371.0	6.933
205108	38.4826	81.10426	256.0	759.6	10371.0	1.6
205128	38.47322	81.151773	256.0	758.133333	10371.0	0.0
205148	38.463887	81.199013	256.0	755.6	10371.0	-1.067
205208	38.45482	81.24508	256.0	753.6	10371.0	-6.4
205228	38.445613	81.291613	256.0	754.4	10367.267	-4.267
205248	38.436387	81.338093	256.0	756.0	10364.067	0.0
205308	38.42732	81.38356	256.0	756.0	10369.4	0.0
205328	38.41802	81.430193	256.0	754.6	10367.267	-3.733
205348	38.408567	81.47758	256.0	752.6	10363.0	-5.867
205408	38.3989	81.52598	256.0	750.6	10363.0	4.8
205428	38.389793	81.5713	256.0	750.0	10366.733	4.267
205448	38.380878	81.615507	256.148148	749.703704	10369.815	0.0
205508	38.371767	81.660544	256.888889	748.222222	10363.889	0.0
205528	38.362523	81.70776	257.566667	749.133333	10367.533	5.667
205548	38.354094	81.755894	259.3125	749.125	10371.0	5.625
205608	38.349167	81.80319	262.833333	746.9	10371.0	-2.933
205628	38.345887	81.84903	266.0	744.9	10370.733	-7.733
205648	38.34362	81.89563	266.0	742.9	10365.4	-2.4
205708	38.341323	81.942113	266.0	741.290323	10365.839	2.484
205728	38.339	81.9885	266.0	740.0	10371.0	7.0
205748	38.336548	82.03521	266.0	741.290323	10371.0	2.484
205808	38.33412	82.08208	266.0	742.0	10371.0	-2.4
205828	38.33172	82.129147	266.0	742.0	10371.0	-7.733
205848	38.32932	82.176403	266.0	740.733333	10365.933	-8.0
205908	38.32692	82.22325	266.0	739.1	10363.0	-3.2
205928	38.32452	82.269583	266.0	737.1	10363.0	7.467
205948	38.322071	82.317561	266.0	737.0	10367.903	8.0
210008	38.319587	82.3652	266.0	737.533333	10371.0	3.733
210028	38.317053	82.4122	266.0	738.866667	10371.0	-6.933
210048	38.31458	82.45764	266.0	739.0	10366.2	-3.2
210108	38.31206	82.503653	266.0	738.466667	10365.133	2.133
210128	38.30946	82.550787	266.0	737.133333	10370.467	7.467
210148	38.306877	82.597713	266.0	737.0	10371.0	3.355
210208	38.304267	82.644277	266.0	737.0	10371.0	0.0
210228	38.3016	82.69021	266.0	737.0	10371.0	0.0
210248	38.29899	82.736937	266.0	737.0	10371.0	-4.533
210308	38.296367	82.78399	266.0	736.3	10369.133	-6.133
210328	38.2937	82.83139	266.0	734.3	10363.8	-0.8
210348	38.29109	82.87692	266.0	732.866667	10367.533	4.533
210408	38.288443	82.92261	266.0	732.466667	10371.0	6.133
210428	38.28571	82.96921	266.0	733.8	10371.0	0.8
210448	38.283014	83.015359	266.0	734.586207	10371.0	0.0
210508	38.280269	83.061317	266.275862	735.0	10371.0	0.0
210528	38.277441	83.10711	266.965517	735.0	10371.0	0.0
210548	38.274577	83.155	266.366667	734.366667	10371.0	57.633
210608	38.27177	83.20222	266.0	734.0	10398.3	126.4
210628	38.269037	83.248487	266.0	734.0	10458.967	205.067
210648	38.26641	83.292207	266.655172	730.724138	10537.345	219.483
210708	38.2636	83.3382	266.666667	728.0	10612.333	211.0
210728	38.2606	83.3866	266.0	726.0	10683.0	183.0
210748	38.2578	83.430933	265.333333	726.666667	10733.667	167.667
210808	38.2549	83.476867	265.333333	727.666667	10787.0	172.667
210828	38.2519	83.5244	266.0	729.0	10843.0	198.0
210848	38.249033	83.569933	265.333333	725.666667	10919.667	157.333
210908	38.246167	83.615233	265.0	723.0	10965.333	99.0
210928	38.2433	83.6603	265.0	721.0	10980.0	23.0
210948	38.240233	83.7065	265.0	719.666667	10980.0	2.333
211008	38.237233	83.7522	265.0	719.0	10977.667	-5.333
211028	38.2343	83.7974	265.0	719.0	10973.0	0.0
211048	38.2313	83.843	265.0	720.333333	10977.667	5.333
211108	38.2283	83.888767	265.0	721.666667	10980.0	5.333
211128	38.2253	83.9347	265.0	723.0	10980.0	0.0
211148	38.222167	83.981233	265.0	723.666667	10980.0	0.0
211208	38.2191	84.0263	265.0	724.0	10980.0	0.0
211228	38.2161	84.0699	265.0	724.0	10980.0	0.0
211248	38.2129	84.116833	265.0	723.333333	10980.0	0.0
211308	38.2097	84.1631	265.0	723.0	10980.0	0.0
211328	38.2065	84.2087	265.0	723.0	10980.0	0.0
211348	38.2035	84.252233	265.0	723.0	10980.0	0.0
211408	38.200425	84.296525	265.0	722.5	10980.0	0.0
211428	38.197275	84.341575	265.0	721.5	10980.0	0.0
211448	38.193967	84.3879	265.0	721.0	10980.0	-2.667
211508	38.1905	84.4355	265.0	721.0	10980.0	-8.0
211528	38.1873	84.480033	265.0	719.666667	10975.333	-8.0
211548	38.184033	84.525367	265.0	719.0	10973.0	-5.333
211608	38.1807	84.5715	265.0	719.0	10973.0	0.0
211628	38.1775	84.616633	265.0	717.0	10973.0	0.0
211648	38.174584	84.657042	265.526316	715.473684	10973.0	0.0
211708	38.171347	84.701003	265.633333	715.366667	10973.0	0.0
211728	38.167633	84.751417	265.0	715.966667	10973.0	0.0
211748	38.1643	84.79575	265.0	715.3	10973.0	0.0
211808	38.16093	84.840927	265.0	715.0	10973.0	2.933
211828	38.157533	84.886703	265.0	714.933333	10973.233	8.0
211848	38.1542	84.93077	265.0	713.6	10977.9	8.0
211908	38.150757	84.9759	264.633333	713.0	10980.0	2.133
211928	38.147233	85.021777	264.033333	712.933333	10979.767	-7.733
211948	38.1439	85.06531	264.7	711.6	10975.1	-2.4
212008	38.140457	85.110017	265.0	711.0	10975.567	2.933
212028	38.136923	85.155677	264.966667	710.966667	10980.0	7.467
212048	38.13339	85.20121	264.3	710.3	10980.0	-3.2
212108	38.129893	85.245753	264.0	710.0	10977.433	-5.067
212128	38.126423	85.289547	264.0	709.933333	10973.233	0.267
212148	38.12289	85.33448	264.0	708.6	10977.9	5.6
212208	38.11943	85.378497	264.0	708.0	10980.0	5.067
212228	38.116017	85.421907	264.0	707.9	10980.0	0.0
212248	38.11235	85.46804	264.0	705.9	10980.0	0.0
212308	38.108867	85.51179	264.0	704.266667	10980.0	0.0
212328	38.105527	85.553733	264.033333	703.066667	10980.0	-0.267
212348	38.10206	85.5984	264.7	704.4	10980.0	-5.6
212408	38.098703	85.644277	265.0	705.0	10977.433	-8.0
212428	38.095442	85.691006	265.0	705.0	10973.0	-7.742
212448	38.092281	85.735135	265.0	705.0	10973.0	-2.581
212508	38.089133	85.778833	265.0	705.0	10973.0	0.0
212528	38.086	85.8221	265.0	705.0	10973.0	0.0
212548	38.082833	85.865963	265.0	704.933333	10973.233	9.0
212608	38.0795	85.91123	265.0	703.6	10977.9	9.0
212628	38.076114	85.956324	265.0	703.0	10980.0	4.286
212648	38.072833	86.0001	265.0	702.666667	10980.0	0.0
212708	38.0697	86.0427	265.0	702.0	10980.0	0.0
212728	38.066515	86.085885	265.0	702.0	10980.0	0.0
212748	38.06319	86.13012	264.566667	701.133333	10980.0	0.0
212808	38.05981	86.17465	264.1	700.0	10980.0	0.0
212828	38.056543	86.21765	264.766667	700.0	10980.0	0.0
212848	38.053103	86.26234	265.0	699.133333	10980.0	0.0
212908	38.0496	86.30749	264.9	698.0	10980.0	0.0
212928	38.046267	86.35009	264.233333	698.0	10980.0	0.0
212948	38.042847	86.393903	264.0	697.566667	10980.0	-3.467
213008	38.03939	86.43814	264.0	697.0	10979.3	-8.0
213028	38.03599	86.481073	264.0	697.0	10974.633	-8.0
213048	38.032547	86.5247	264.0	696.133333	10973.0	-4.533
213108	38.02909	86.5686	264.0	695.0	10973.0	0.0
213128	38.02569	86.611933	264.0	695.0	10973.0	0.0
213148	38.02216	86.65635	264.0	695.0	10973.0	0.0
213208	38.01858	86.70106	264.0	695.0	10973.0	0.0
213228	38.015113	86.744127	264.0	695.0	10973.0	0.0
213248	38.01156	86.787713	264.0	695.0	10973.0	3.467
213308	38.00798	86.83138	264.0	695.0	10973.7	8.0
213328	38.004513	86.873913	264.0	695.0	10978.367	8.0
213348	38.00096	86.9174	264.0	695.0	10980.0	4.533
213408	37.99733	86.96156	264.0	695.0	10980.0	0.0
213428	37.99353	87.006627	264.0	695.0	10980.0	0.0
213448	37.989867	87.049833	264.0	695.0	10980.0	0.0
213508	37.986277	87.092038	264.0	695.0	10980.0	0.0
213528	37.982587	87.13662	264.0	695.0	10980.0	0.0
213548	37.978893	87.181407	264.0	694.6	10980.0	0.0
213608	37.97536	87.22294	264.0	692.6	10980.0	0.0
213628	37.971681	87.266335	264.0	693.354839	10980.0	-3.613
213648	37.96794	87.31049	264.0	695.0	10979.3	-7.2
213708	37.964207	87.354423	264.0	695.0	10974.633	-1.867
213728	37.960473	87.398227	264.0	695.0	10976.033	3.467
213748	37.95672	87.44201	264.0	695.0	10980.0	7.2
213808	37.952853	87.486077	264.0	695.0	10980.0	1.867
213828	37.948943	87.530317	264.0	693.7	10980.0	0.0
213848	37.94503	87.57449	264.0	691.8	10980.0	0.0
213908	37.94123	87.617757	264.0	690.466667	10980.0	0.0
213928	37.937342	87.661165	263.580645	690.83871	10980.0	-3.355
213948	37.933413	87.704587	263.066667	692.0	10979.533	-8.0
214008	37.929547	87.747453	263.733333	692.0	10974.867	-8.0
214028	37.92556	87.791	263.6	692.0	10973.0	-4.8
214048	37.921507	87.834787	263.0	691.866667	10973.0	0.0
214108	37.917573	87.876653	263.0	690.533333	10973.0	0.0
214128	37.9136	87.91912	263.0	690.0	10973.0	3.2
214148	37.909587	87.961973	263.0	690.0	10973.467	7.467
214208	37.905453	88.004707	263.0	690.0	10978.133	2.133
214228	37.90128	88.04812	263.0	689.6	10977.2	-3.2
214248	37.897087	88.091833	263.0	689.0	10973.0	-6.867
214308	37.892953	88.134167	263.0	689.0	10973.0	4.467
214328	37.888767	88.177567	263.0	689.0	10977.667	11.0
214348	37.884774	88.218063	263.0	689.0	10980.0	-3.474
214408	37.8804	88.2625	263.0	689.0	10976.5	-7.5
214428	37.875955	88.307791	263.0	688.772727	10973.0	-4.636
214448	37.871773	88.350155	263.0	687.863636	10973.0	0.818
214508	37.867587	88.392553	263.0	686.966667	10973.233	6.1
214528	37.86332	88.43562	263.0	686.3	10977.9	8.1
214548	37.859154	88.4781	263.458333	686.458333	10980.0	4.875
214608	37.856344	88.520644	267.5	688.166667	10980.0	0.0
214628	37.857529	88.565035	273.529412	690.0	10980.0	0.0
214648	37.860706	88.610447	274.705882	690.0	10980.0	0.0
214708	37.8638	88.65305	275.0	690.0	10980.0	0.0
214728	37.866933	88.695333	275.0	689.833333	10980.0	-1.333
214748	37.870267	88.739467	275.0	689.166667	10980.0	-6.667
214808	37.87355	88.78245	275.5	688.0	10976.5	-8.0
214828	37.876833	88.82515	275.833333	686.5	10973.0	-6.667
214848	37.880167	88.86815	275.166667	684.5	10973.0	-1.333
214908	37.881094	88.908619	266.5625	678.375	10973.0	0.0
214928	37.875227	88.951018	255.636364	676.272727	10973.0	0.0
214948	37.865347	88.994007	253.433333	677.133333	10973.0	0.0
215008	37.855117	89.03586	253.0	678.0	10973.0	1.867
215028	37.84545	89.07546	253.0	678.0	10973.0	7.2
215048	37.8355	89.11591	253.0	678.0	10976.967	3.467
215108	37.825387	89.15691	253.0	678.0	10978.419	0.0
215128	37.815065	89.198652	253.0	678.0	10973.903	0.0
215148	37.805267	89.237987	253.0	676.933333	10976.733	0.0
215208	37.79542	89.27754	253.0	676.0	10978.6	0.0
215228	37.785153	89.319007	253.0	676.0	10973.933	0.0
215248	37.774993	89.359727	253.0	677.066667	10976.733	5.333
215308	37.764618	89.401159	253.0	678.0	10980.0	6.471
215328	37.75434	89.44214	253.0	677.4	10980.0	0.0
215348	37.744873	89.480007	253.0	676.066667	10980.0	0.0
215408	37.734457	89.52123	252.366667	676.0	10980.0	0.0
215428	37.72411	89.56224	252.3	676.0	10980.0	0.0
215448	37.71391	89.602773	252.966667	676.0	10980.0	0.0
215508	37.70371	89.643243	252.366667	674.733333	10980.0	0.0
215528	37.69357	89.68347	252.3	673.7	10980.0	0.0
215548	37.683503	89.723403	252.966667	673.033333	10980.0	0.0
215608	37.67331	89.763717	252.366667	671.733333	10980.0	0.0
215628	37.66302	89.80426	252.0	670.1	10980.0	-2.4
215648	37.65262	89.84506	252.0	668.1	10980.0	-7.733
215708	37.6426	89.884277	252.0	666.1	10975.567	-8.0
215728	37.63227	89.92461	252.0	665.0	10973.0	-5.6
215748	37.621537	89.96641	252.0	665.0	10973.0	-0.267
215808	37.611563	90.005423	252.0	665.0	10973.0	0.0
215828	37.60178	90.0436	252.0	665.3	10973.0	0.0
215848	37.59218	90.080933	252.0	665.966667	10973.0	0.0
215908	37.581567	90.122067	252.0	669.166667	10973.0	0.0
215928	37.57114	90.16241	252.0	671.0	10973.0	2.4
215948	37.561007	90.201543	252.0	671.0	10973.0	7.733
220008	37.550113	90.243653	252.0	671.0	10977.433	2.933
220028	37.5396	90.28439	252.0	670.1	10977.9	-2.7
220048	37.5296	90.323257	252.0	668.1	10973.233	-8.7
220108	37.519255	90.362941	252.0	668.0	10973.0	6.545
220128	37.508577	90.40375	252.0	669.7	10976.967	8.433
220148	37.497913	90.444587	252.0	671.466667	10980.0	6.133
220208	37.48738	90.48512	252.0	672.8	10980.0	0.8
220228	37.476903	90.525143	252.0	673.566667	10980.0	0.0
220248	37.466745	90.563821	252.241379	674.482759	10980.0	0.0
220308	37.457159	90.600166	252.931034	675.862069	10980.0	0.0
220328	37.44594	90.6428	252.4	676.0	10980.0	4.8
220348	37.434967	90.684533	252.266667	675.466667	10982.133	5.867
220408	37.424633	90.723867	252.933333	674.133333	10987.467	0.533
220428	37.414	90.7641	252.4	673.4	10983.2	-4.8
220448	37.40344	90.80406	252.0	672.466667	10980.0	-5.867
220508	37.39304	90.84346	252.0	671.133333	10980.0	-0.533
220528	37.38228	90.88376	252.0	671.0	10980.0	-4.8
220548	37.37156	90.923973	252.0	670.2	10978.133	-8.0
220608	37.36096	90.963907	252.0	668.2	10973.467	-8.0
220628	37.35018	91.00432	252.0	669.8	10973.0	-3.2
220648	37.339593	91.04396	252.0	670.2	10973.0	0.0
220708	37.329327	91.08236	252.0	668.2	10973.0	0.0
220728	37.31906	91.1207	251.4	666.8	10973.0	-4.8
220748	37.308607	91.1597	251.266667	666.0	10970.867	-5.867
220808	37.297873	91.1997	251.933333	666.0	10965.533	-0.533
220828	37.28708	91.2397	251.4	666.0	10969.8	4.8
220848	37.276333	91.279567	251.0	666.533333	10973.0	8.0
220908	37.265667	91.319233	251.0	667.866667	10973.0	8.0
220928	37.255	91.35884	251.0	666.8	10977.2	8.0
220948	37.244387	91.398093	251.0	665.733333	10980.0	5.867
221008	37.233853	91.436827	251.0	665.066667	10980.0	0.533
221028	37.22302	91.47676	251.0	665.6	10980.0	0.0
221048	37.21218	91.516667	251.0	666.0	10980.0	0.0
221108	37.20138	91.556333	251.0	666.0	10980.0	0.0
221128	37.191	91.59432	251.0	666.0	10980.0	-4.8
221148	37.180347	91.633347	251.0	666.0	10978.133	-8.0
221208	37.169213	91.674213	251.0	666.0	10973.467	-8.0
221228	37.15844	91.71364	251.0	665.4	10973.0	-3.2
221248	37.14776	91.752613	251.0	665.0	10973.0	0.0
221308	37.13716	91.791147	251.0	665.0	10973.0	0.0
221328	37.12596	91.8319	251.0	665.0	10973.0	0.0
221348	37.11496	91.871833	251.0	665.266667	10973.0	0.0
221408	37.10436	91.910167	251.0	665.933333	10973.0	0.0
221428	37.09394	91.94802	251.0	667.2	10973.0	6.0
221448	37.083135	91.987076	251.470588	667.058824	10976.294	10.0
221508	37.07206	92.026987	251.633333	666.733333	10980.0	9.267
221528	37.061243	92.066107	251.0	668.1	10980.267	8.0
221548	37.05011	92.10624	251.0	670.1	10985.6	8.0
221608	37.039197	92.145493	251.0	671.0	10988.0	2.133
221628	37.028437	92.184107	251.0	671.0	10987.733	-8.0
221648	37.01717	92.22424	251.0	671.0	10982.4	-8.0
221708	37.00605	92.26397	251.0	671.0	10980.0	-5.067
221728	36.995043	92.303387	251.0	670.9	10980.0	0.0
221748	36.98391	92.34312	251.0	668.9	10980.0	0.0
221808	36.972777	92.382853	251.0	667.266667	10980.0	0.0
221828	36.961657	92.422517	251.0	665.966667	10980.0	-0.2
221848	36.95079	92.46085	251.0	665.3	10980.0	-4.2
221908	36.939719	92.500048	250.738095	663.952381	10978.167	-6.0
221928	36.928481	92.539952	250.261905	662.047619	10974.833	-6.0
221948	36.91759	92.57843	250.3	661.0	10973.0	-6.6
222008	36.907123	92.615163	250.966667	661.0	10973.0	-7.933
222028	36.895833	92.654937	251.0	661.0	10967.933	-8.0
222048	36.88468	92.69412	251.0	661.0	10965.0	-3.2
222108	36.873747	92.732387	251.0	661.0	10965.0	7.467
222128	36.86256	92.771667	250.366667	660.366667	10970.067	8.0
222148	36.85151	92.81043	250.0	660.0	10973.0	5.6
222208	36.840643	92.848497	250.0	660.0	10973.0	0.267
222228	36.829967	92.88593	250.0	660.0	10973.0	5.067
222248	36.81888	92.92465	250.0	660.0	10975.1	8.0
222308	36.80728	92.964983	250.0	660.0	10979.767	8.0
222328	36.79663	93.00215	250.0	660.0	10980.0	8.0
222348	36.78543	93.04107	250.0	659.4	10982.4	5.6
222408	36.773497	93.082337	250.0	658.066667	10987.733	0.267
222428	36.763083	93.118537	250.0	658.0	10982.933	0.0
222448	36.75224	93.15615	250.0	656.5	10982.4	0.0
222508	36.740773	93.195817	250.0	653.166667	10987.733	0.0
222528	36.72994	93.23314	250.0	652.366667	10982.933	-9.5
222548	36.71899	93.27088	250.0	652.0	10977.9	-12.9
222608	36.707857	93.30928	250.0	652.0	10973.233	-8.233
222628	36.696533	93.34806	250.0	652.0	10973.0	-2.933
222648	36.68532	93.38644	250.0	651.4	10973.0	0.0
222708	36.674253	93.424307	250.0	650.066667	10973.0	0.0
222728	36.66401	93.459513	250.0	651.266667	10973.0	0.0
222748	36.65303	93.49713	250.0	652.0	10973.0	2.4
222808	36.641097	93.537863	250.0	652.0	10973.0	7.733
222828	36.629797	93.576317	250.0	652.0	10977.433	8.0
222848	36.61871	93.61408	250.0	651.4	10980.0	5.6
222908	36.607843	93.651147	250.0	650.066667	10980.0	0.267
222928	36.59685	93.688277	250.0	650.0	10980.0	0.0
222948	36.58576	93.72574	250.0	650.0	10980.0	-2.4
223008	36.57456	93.763607	250.0	650.0	10980.0	-7.733
223028	36.563423	93.801283	250.0	648.1	10975.567	-8.0
223048	36.55223	93.8391	250.0	647.0	10973.0	-8.0
223108	36.540963	93.8771	250.0	647.0	10973.0	-8.0
223128	36.529823	93.914277	250.0	647.0	10967.933	-2.933
223148	36.51869	93.95153	250.0	647.0	10967.4	2.4
223208	36.507557	93.98893	250.0	647.0	10972.733	7.733
223228	36.496423	94.026457	250.0	648.266667	10973.0	2.933
223248	36.48535	94.06387	250.0	649.3	10973.0	4.5
223308	36.47435	94.101137	250.0	649.966667	10973.0	14.5
223328	36.46297	94.139163	250.0	650.0	10982.5	15.0
223348	36.45154	94.17726	250.0	650.0	10988.0	10.5
223408	36.440073	94.215393	250.0	650.0	10988.0	0.5
223428	36.428797	94.252767	250.0	650.0	10988.0	0.0
223448	36.41741	94.29055	250.0	650.0	10988.0	-2.4
223508	36.405877	94.328883	250.0	650.0	10988.0	-7.733
223528	36.394533	94.366457	250.0	650.0	10982.933	-8.0
223548	36.38344	94.40318	249.7	650.0	10980.0	-5.6
223608	36.37264	94.438913	249.033333	650.0	10980.0	-0.267
223628	36.360953	94.477497	249.633333	648.1	10980.0	-5.067
223648	36.34934	94.51578	250.0	647.0	10977.9	-8.0
223708	36.337873	94.553513	250.0	647.0	10973.233	-8.0
223728	36.326153	94.592007	249.366667	645.1	10973.0	-2.933
223748	36.3146	94.62988	249.0	643.4	10973.0	0.0
223808	36.303267	94.666947	249.0	642.066667	10973.0	0.0
223828	36.291933	94.704077	249.0	641.366667	10973.0	-5.067
223848	36.28069	94.74085	249.0	641.9	10970.6	-5.6
223908	36.269557	94.777183	249.0	643.9	10965.267	-0.267
223928	36.25817	94.814403	249.0	644.0	10970.067	5.067
223948	36.24677	94.85167	249.0	644.0	10973.0	5.6
224008	36.23537	94.888937	249.0	644.0	10973.0	0.267
224028	36.22378	94.926647	249.0	645.9	10973.0	0.0
224048	36.21233	94.9636	249.0	647.6	10973.0	2.4
224108	36.201063	94.9996	249.0	648.933333	10973.0	7.733
224128	36.18967	95.036613	249.0	649.633333	10977.433	8.0
224148	36.17812	95.07401	249.0	650.0	10980.0	8.0
224208	36.166387	95.11181	249.0	650.0	10980.0	8.0
224228	36.155033	95.14866	249.0	649.366667	10985.067	8.0
224248	36.143574	95.185652	249.0	649.0	10988.0	5.677
224308	36.131961	95.222877	249.0	649.0	10988.0	0.516
224328	36.12012	95.26086	249.0	647.8	10988.0	-4.8
224348	36.108387	95.298527	249.0	647.0	10985.867	-9.867
224408	36.096853	95.335593	249.0	647.0	10980.533	-14.533
224428	36.08538	95.37242	249.0	647.0	10975.8	-10.8
224448	36.073833	95.409327	249.0	647.0	10973.0	-5.867
224508	36.062167	95.446393	249.0	647.0	10973.0	-0.533
224528	36.0508	95.48238	249.0	647.0	10973.0	0.0
224548	36.0392	95.519233	249.0	647.0	10973.0	0.0
224608	36.0272	95.557567	249.0	647.0	10973.0	0.0
224628	36.01532	95.59518	249.0	648.2	10973.0	0.0
224648	36.00356	95.63242	249.0	648.466667	10973.0	0.0
224708	35.99196	95.66922	249.0	647.133333	10973.0	0.0
224728	35.98024	95.70632	249.0	647.0	10973.0	0.0
224748	35.968453	95.743693	249.0	647.0	10973.0	0.0
224808	35.956587	95.781427	249.0	647.0	10973.0	0.0
224828	35.94538	95.81676	249.0	647.0	10973.0	0.0
224848	35.933873	95.852893	249.0	647.533333	10973.0	2.133
224908	35.921807	95.890627	249.0	648.866667	10973.0	7.467
224928	35.91022	95.92692	249.0	649.0	10977.2	8.0
224948	35.898473	95.9638	249.0	649.0	10980.0	5.867
225008	35.886407	96.0018	249.0	649.0	10980.0	0.533
225028	35.87446	96.03914	249.0	649.6	10980.0	0.0
225048	35.86242	96.076833	248.733333	650.0	10980.0	0.0
225108	35.85022	96.115167	248.066667	650.0	10980.0	0.0
225128	35.83844	96.15176	248.6	649.4	10980.0	0.0
225148	35.826653	96.188293	248.733333	649.0	10980.0	0.0
225208	35.814787	96.225027	248.066667	649.0	10980.0	0.0
225228	35.80304	96.26134	248.0	649.0	10980.0	0.0
225248	35.79112	96.2983	248.266667	648.466667	10980.0	-2.133
225308	35.77892	96.3363	248.933333	647.133333	10980.0	-7.467
225328	35.76726	96.37232	248.4	648.2	10975.8	-8.0
225348	35.75534	96.40908	248.0	649.266667	10973.0	-3.733
225408	35.74294	96.44728	248.0	649.933333	10973.0	6.933
225428	35.73108	96.48374	248.0	650.0	10977.2	8.0
225448	35.71904	96.520727	248.0	650.533333	10980.0	5.867
225508	35.70664	96.558793	248.0	651.866667	10980.0	0.533
225528	35.69436	96.59638	248.0	650.8	10980.0	0.0
225548	35.68244	96.632927	248.0	650.0	10980.0	-2.133
225608	35.67104	96.667993	248.0	650.0	10980.0	-7.467
225628	35.65844	96.70654	248.0	649.4	10975.8	-8.0
225648	35.646026	96.744377	248.0	649.0	10973.0	-5.935
225708	35.63409	96.780571	248.0	649.0	10973.0	-0.774
225728	35.621987	96.817393	248.0	647.866667	10973.0	0.0
225748	35.609853	96.854373	248.0	647.466667	10973.0	0.0
225808	35.59772	96.89144	248.0	648.8	10973.0	0.0
225828	35.58604	96.92675	248.0	649.0	10973.0	0.0
225848	35.57437	96.962077	248.0	649.0	10973.0	1.867
225908	35.56257	96.99801	248.0	649.0	10973.0	7.2
225928	35.550203	97.03536	248.0	649.0	10976.967	8.0
225948	35.537877	97.072493	248.0	649.7	10980.0	6.133
230008	35.52581	97.10876	248.0	651.7	10980.0	0.8
230028	35.513007	97.14735	248.0	652.566667	10980.0	0.0
230048	35.500445	97.18521	248.0	653.0	10980.0	1.806
230108	35.488574	97.220952	248.0	653.0	10980.0	6.968
230128	35.476013	97.25866	248.0	654.066667	10984.267	8.0
230148	35.46344	97.2964	248.0	654.6	10988.0	6.4
230208	35.45124	97.333067	248.0	653.266667	10988.0	1.067
230228	35.438987	97.369733	248.0	651.4	10988.0	-4.267
230248	35.42672	97.40644	248.0	649.4	10986.4	-8.0
230308	35.414453	97.44324	248.0	647.4	10981.067	-8.0
230328	35.401973	97.480307	248.0	645.4	10980.0	-8.533
230348	35.389767	97.516533	248.666667	643.333333	10977.667	-9.0
230408	35.3792	97.552175	252.0	643.75	10973.0	-6.75
230428	35.36995	97.590113	257.0	648.125	10973.0	-1.125
230448	35.3634	97.628	261.0	653.0	10973.0	-13.0
230508	35.359984	97.669077	266.16129	661.225806	10965.0	-8.71
230528	35.359661	97.708626	269.387097	665.741935	10965.0	-2.903
230548	35.3596	97.748667	270.666667	668.0	10965.0	2.333
230608	35.3598	97.7892	270.0	668.0	10965.0	7.0
230628	35.359976	97.8302	270.0	668.0	10969.706	7.0
230648	35.36016	97.87124	270.0	668.0	10973.0	5.6
230708	35.36036	97.912373	270.0	668.0	10973.0	0.933
230728	35.360497	97.953085	270.0	668.0	10973.0	3.394
230748	35.360619	97.993803	270.0	667.806452	10973.677	7.097
230808	35.360748	98.035158	270.0	666.516129	10978.194	7.742
230828	35.36084	98.07626	270.0	666.0	10980.0	4.8
230848	35.360913	98.117119	270.0	665.935484	10980.0	0.0
230908	35.361042	98.157313	270.0	665.290323	10980.0	0.0
230928	35.361137	98.197547	270.0	664.266667	10980.0	-2.933
230948	35.361203	98.23785	270.0	662.933333	10979.767	-8.233
231008	35.36127	98.27885	270.0	661.6	10975.1	-12.9
231028	35.3613	98.319263	270.0	661.0	10970.067	-12.433
231048	35.3613	98.359223	270.0	661.066667	10965.0	-7.467
231108	35.3613	98.39969	270.0	662.4	10965.0	3.2
231128	35.3613	98.44001	270.0	663.733333	10967.933	8.0
231148	35.361303	98.48022	270.0	665.1	10973.0	8.033
231208	35.36137	98.52062	270.0	667.1	10973.0	8.7
231228	35.3614	98.561961	270.0	671.055556	10977.278	15.111
231248	35.361316	98.602952	270.0	673.419355	10983.355	14.387
231308	35.361193	98.643369	270.068966	674.137931	10988.0	7.448
231328	35.361124	98.684059	270.758621	675.517241	10988.0	1.931
231348	35.361013	98.725817	271.0	675.133333	10988.0	0.0
231408	35.36089	98.76784	270.9	674.0	10988.0	0.0
231428	35.360823	98.808107	270.233333	674.0	10988.0	0.0
231448	35.360713	98.849933	270.0	671.4	10988.0	-6.5
231508	35.36058	98.89209	270.0	667.8	10986.5	-15.8
231528	35.360447	98.931357	270.0	666.466667	10976.5	-21.133
231548	35.36027	98.971837	270.0	665.566667	10969.533	-16.5
231608	35.36006	99.01284	270.0	665.1	10965.0	-7.2
231628	35.359793	99.053107	270.0	665.766667	10965.0	-1.867
231648	35.35957	99.09398	270.0	666.0	10965.0	3.467
231708	35.35936	99.13488	269.9	665.9	10965.8	8.0
231728	35.359093	99.17408	269.233333	665.233333	10971.133	8.0
231748	35.358827	99.214753	269.433333	666.3	10973.0	8.0
231808	35.358552	99.256029	269.903226	668.0	10973.677	8.0
231828	35.358229	99.296223	269.258065	668.0	10978.194	8.0
231848	35.3579	99.33734	269.0	670.0	10980.0	4.8
231908	35.357567	99.379027	269.066667	673.0	10980.0	0.0
231928	35.357233	99.420293	269.733333	673.0	10980.0	0.0
231948	35.3569	99.46124	269.6	673.4	10980.0	0.0
232008	35.356567	99.501953	269.0	674.133333	10980.0	0.0
232028	35.356233	99.542487	269.0	675.466667	10980.0	0.0
232048	35.35582	99.58386	269.0	676.8	10980.0	0.0
232108	35.35536	99.625773	269.0	678.066667	10980.0	0.0
232128	35.35496	99.667507	269.0	678.733333	10980.0	0.0
232148	35.35456	99.70876	269.0	678.6	10980.0	0.0
232208	35.354153	99.7498	269.0	678.0	10980.0	-0.533
232228	35.353687	99.7918	269.0	678.0	10980.0	-5.867
232248	35.35322	99.83328	269.0	677.2	10977.2	-4.8
232308	35.352747	99.874353	269.0	676.0	10973.467	0.533
232328	35.352213	99.914887	269.0	676.0	10978.133	5.867
232348	35.35172	99.95674	269.0	674.8	10980.0	1.6
232408	35.351247	99.999347	269.0	673.2	10979.533	-8.467
232428	35.350713	100.040813	269.0	675.2	10974.867	-13.133
232448	35.35018	100.08112	269.0	676.0	10969.8	-15.0
232508	35.349633	100.120813	269.0	676.2	10964.533	-14.0
232528	35.348967	100.161947	269.0	678.2	10959.867	-4.0
232548	35.3483	100.2042	269.0	681.0	10960.8	3.2
232608	35.34764	100.247113	269.0	684.333333	10965.0	8.0
232628	35.34704	100.289247	269.0	687.666667	10965.0	8.0
232648	35.3464	100.33042	269.0	690.2	10968.2	10.8
232708	35.345727	100.371193	269.0	692.4	10973.467	15.0
232728	35.344993	100.414127	269.0	696.4	10978.133	15.0
232748	35.34426	100.45662	269.0	699.6	10983.2	12.2
232808	35.343527	100.498853	269.0	702.2	10988.0	7.467
232828	35.342793	100.541387	269.0	704.2	10988.0	2.133
232848	35.34206	100.58496	269.0	706.2	10988.0	3.2
232908	35.34132	100.6292	269.0	707.8	10988.533	7.467
232928	35.34052	100.6732	269.0	705.8	10993.867	2.133
232948	35.33976	100.71668	269.0	704.2	10992.8	-5.6
233008	35.339024	100.759518	269.0	702.176471	10987.529	-13.588
233028	35.338259	100.799694	269.0	693.941176	10982.824	-9.471
233048	35.337427	100.84116	269.0	689.266667	10980.0	-7.267
233108	35.336493	100.88456	269.0	689.933333	10980.0	-7.933
233128	35.33556	100.92688	269.0	694.8	10975.8	-3.2
233148	35.334653	100.96924	269.0	697.733333	10974.867	2.133
233208	35.333787	101.01184	269.0	697.066667	10979.533	7.467
233228	35.33292	101.05396	269.0	695.8	10980.0	-1.0
233248	35.332025	101.096425	268.75	694.25	10978.25	-10.75
233308	35.331088	101.139488	268.125	692.375	10973.875	-20.125
233328	35.3301	101.180633	268.533333	693.6	10965.0	-14.0
233348	35.3291	101.222618	268.823529	695.0	10959.235	-4.529
233408	35.3281	101.267676	268.235294	695.0	10963.353	3.706
233428	35.327045	101.311155	268.0	696.090909	10965.0	7.0
233448	35.325955	101.353579	268.0	697.909091	10965.0	7.0
233508	35.32495	101.395422	268.59375	700.375	10969.75	15.312
233528	35.32395	101.437081	268.78125	702.0	10976.281	19.688
233548	35.32295	101.478456	268.15625	702.0	10985.656	15.938
233608	35.32185	101.52265	268.0	701.0	10988.0	7.5
233628	35.32071	101.566903	268.0	699.677419	10988.0	0.0
233648	35.319548	101.608516	268.0	698.387097	10988.0	0.0
233708	35.318407	101.650867	268.0	697.533333	10988.0	0.0
233728	35.317273	101.693093	268.0	696.733333	10988.0	-2.0
233748	35.31614	101.73356	268.0	695.4	10988.0	-12.0
233808	35.31496	101.777153	268.0	693.6	10981.0	-15.0
233828	35.313781	101.821281	268.0	691.741935	10973.0	-13.065
233848	35.312684	101.862184	268.0	690.451613	10973.0	-3.387
233908	35.31152	101.90406	268.0	689.566667	10973.0	3.467
233928	35.31031	101.94633	268.0	688.8	10973.7	7.2
233948	35.309043	101.987863	268.0	687.466667	10978.367	1.867
234008	35.30782	102.028963	268.0	684.4	10976.967	-6.5
234028	35.30659	102.07015	268.0	681.0	10972.2	-15.0
234048	35.30519	102.11315	268.0	681.0	10966.867	-15.0
234108	35.303877	102.154547	268.0	682.3	10961.967	-5.033
234128	35.3026	102.19522	268.0	684.3	10959.5	8.8
234148	35.301267	102.236687	268.0	686.3	10969.5	14.133
234208	35.299948	102.278993	268.0	690.586207	10973.0	12.414
234228	35.298647	102.321733	268.0	695.0	10973.933	6.933
234248	35.29738	102.3644	268.0	695.0	10978.6	1.6
234308	35.29602	102.406693	268.0	695.0	10976.733	-3.733
234328	35.29462	102.448573	268.0	695.0	10973.0	-6.933
234348	35.29322	102.48944	268.0	695.0	10973.0	-1.6
234408	35.29182	102.53278	268.0	695.0	10973.0	-3.267
234428	35.290394	102.576559	267.882353	695.235294	10972.059	-7.0
234448	35.288865	102.617853	267.294118	696.411765	10967.353	-7.0
234508	35.287333	102.6607	267.666667	697.333333	10965.0	-4.667
234528	35.2858	102.7051	269.0	698.0	10965.0	0.0
234548	35.284352	102.744962	269.0	702.827586	10965.0	-5.517
234608	35.282783	102.788017	268.633333	707.933333	10962.433	-5.067
234628	35.28112	102.8336	267.966667	713.266667	10958.233	0.5
234648	35.27952	102.8776	267.3	718.6	10962.9	10.5
234708	35.277957	102.920683	267.0	723.933333	10967.933	17.933
234728	35.276417	102.963107	267.0	729.2	10973.5	23.0
234748	35.27475	103.00724	267.0	733.2	10983.5	23.0
234808	35.273042	103.051761	267.0	737.483871	10990.839	17.323
234828	35.2713	103.0966	267.0	742.0	10996.0	7.0
234848	35.269487	103.143038	267.0	742.0	10996.0	-6.75
234908	35.267703	103.1893	267.0	740.709677	10991.871	-14.484
234928	35.265961	103.2353	267.0	737.483871	10981.548	-13.194
234948	35.264087	103.280733	267.0	736.128205	10980.0	-7.333
235008	35.26219	103.326067	267.0	735.102564	10980.0	-0.667
235028	35.260457	103.369017	267.0	729.342857	10980.0	0.0
235048	35.25871	103.41213	267.0	724.5	10980.0	0.0
235108	35.256777	103.457663	267.0	727.833333	10980.0	0.0
235128	35.25493	103.502113	267.433333	731.166667	10980.0	3.467
235148	35.25311	103.54618	267.9	734.5	10980.8	8.7
235208	35.251177	103.59138	267.233333	737.833333	10986.133	13.367
235228	35.2492	103.636765	267.0	741.516129	10991.355	6.194
235248	35.24721	103.682105	267.0	745.153846	10995.179	-6.359
235308	35.245313	103.726156	267.0	746.692308	10986.974	-9.949
235328	35.24338	103.77068	267.0	748.4	10980.0	-12.5
235348	35.241247	103.81788	267.0	751.066667	10980.0	-9.167
235408	35.239116	103.864761	267.0	754.516129	10977.065	-4.645
235428	35.237012	103.911133	267.0	758.121212	10973.424	0.848
235448	35.235133	103.954467	267.0	759.333333	10977.667	9.333
235508	35.233113	103.999116	267.0	760.290323	10982.323	12.258
235528	35.230919	104.045374	267.0	760.935484	10987.484	8.387
235548	35.22878	104.09248	267.0	760.4	10988.0	3.2
235608	35.226673	104.138933	267.0	757.866667	10988.0	-3.467
235628	35.224607	104.184267	267.0	752.533333	10988.0	-12.133
235648	35.222343	104.231014	267.0	747.714286	10981.571	-12.571
235708	35.220057	104.277919	267.0	742.952381	10974.429	-12.095
235728	35.21795	104.32085	267.0	739.5	10973.0	-2.5
235748	35.215833	104.363667	266.866667	737.4	10973.933	7.133
235808	35.2135	104.41	266.2	739.4	10978.6	7.8
235828	35.211265	104.454429	266.0	738.645161	10980.0	-2.387
235848	35.20905	104.49844	266.1	737.0	10978.5	-15.0
235908	35.206717	104.544707	266.766667	737.0	10968.5	-15.0
235928	35.204383	104.59054	267.0	737.866667	10965.0	-8.5
235948	35.20205	104.63611	266.9	739.3	10965.0	0.0
000008	35.199717	104.68151	266.233333	741.3	10965.0	0.0
000028	35.19747	104.725047	266.433333	744.6	10965.0	0.0
000048	35.19523	104.76829	266.9	748.4	10965.0	1.5
000108	35.192763	104.815557	266.233333	751.066667	10965.0	11.5
000128	35.190297	104.861177	266.0	752.433333	10971.5	18.033
000148	35.187844	104.906128	266.0	753.46875	10980.75	20.594
000208	35.185469	104.952316	266.0	756.59375	10985.75	11.219
000228	35.183007	104.99906	266.0	758.0	10988.0	4.433
000248	35.180477	105.046113	266.0	758.066667	10988.0	-0.233
000308	35.17801	105.09038	266.0	759.4	10988.0	-4.9
000328	35.175422	105.136597	266.0	759.3125	10985.25	-7.0
000348	35.172734	105.184409	266.0	758.0625	10980.25	-7.0
000408	35.170047	105.231272	266.0	759.1875	10980.0	-2.844
000428	35.167397	105.27771	266.0	760.225806	10980.0	0.0
000448	35.164816	105.323452	266.0	760.870968	10980.0	0.0
000508	35.162273	105.369027	266.0	760.466667	10980.0	-4.267
000528	35.1597	105.4149	266.0	760.2	10978.6	-9.4
000548	35.157033	105.461567	266.0	760.866667	10973.933	-14.067
000608	35.154313	105.50786	266.0	762.066667	10968.733	-7.0
000628	35.15156	105.55434	266.0	763.6	10966.6	3.0
000648	35.14876	105.601473	266.0	765.6	10971.933	13.0
000708	35.14596	105.648233	266.0	767.6	10976.733	11.267
000728	35.14316	105.69502	266.0	769.6	10980.0	6.4
000748	35.14036	105.742087	266.0	771.6	10980.0	1.067
000808	35.137453	105.78894	266.0	772.0	10980.0	-4.267
000828	35.134529	105.835577	266.0	772.967742	10978.645	-6.452
000848	35.131626	105.881835	266.0	776.193548	10974.129	-1.29
000908	35.12865	105.92955	266.0	777.0	10976.5	7.5
000928	35.125683	105.97745	266.0	777.333333	10981.333	13.833
000948	35.122817	106.02445	266.0	778.666667	10986.667	9.167
001008	35.1199	106.07105	266.0	780.5	10988.0	-3.5
001028	35.116983	106.117217	266.0	782.5	10985.5	-15.0
001048	35.114117	106.162483	266.0	784.5	10975.5	-15.0
001108	35.111077	106.210429	266.0	785.967742	10973.0	-7.742
001128	35.108013	106.258727	265.866667	788.066667	10973.0	2.0
001148	35.10508	106.30486	265.2	793.4	10973.0	12.0
001208	35.10182	106.353793	265.0	795.933333	10980.0	18.733
001228	35.098455	106.403435	265.0	797.0	10989.032	20.032
001248	35.095229	106.451113	265.0	797.0	10994.194	5.194
001308	35.091977	106.499823	265.0	797.0	10992.533	-6.5
001328	35.08869	106.54918	265.0	797.0	10987.2	-13.5
001348	35.08529	106.599047	265.0	797.0	10981.867	-3.5
001408	35.082063	106.646617	265.433333	795.266667	10983.467	0.0
001428	35.07892	106.69335	265.9	793.0	10987.2	-2.3
001448	35.07572	106.74235	265.233333	793.0	10981.867	-17.633
001508	35.07252	106.78901	265.0	794.733333	10973.5	-19.533
001528	35.06926	106.83525	265.0	797.1	10965.0	-12.0
001548	35.06566	106.88625	265.0	797.766667	10965.0	8.0
001608	35.062303	106.934084	265.0	798.0	10971.29	20.871
001628	35.059037	106.98055	265.0	797.6875	10981.0	27.188
001648	35.055413	107.03005	265.0	794.5625	10991.0	9.062
001708	35.051867	107.079133	265.0	793.0	10990.667	-10.0
001728	35.0484	107.1278	265.0	793.0	10980.0	-30.0
001748	35.045067	107.174467	265.0	793.0	10970.0	-20.0
001808	35.0417	107.221167	265.0	792.0	10965.0	-10.0
001828	35.0383	107.2679	265.0	790.0	10965.0	0.0
001848	35.0345	107.317967	265.0	789.333333	10965.0	10.0
001908	35.030933	107.365867	265.0	789.333333	10970.0	12.667
001928	35.0276	107.4116	265.0	790.0	10980.0	8.0
001948	35.023923	107.461019	265.0	791.935484	10975.484	2.839
002008	35.019728	107.509614	263.758621	793.62069	10975.172	7.138
002028	35.0149	107.5572	261.0	795.0	10980.0	23.0
002048	35.007481	107.602426	259.709677	791.774194	10990.323	13.323
002108	34.99977	107.64914	259.0	788.5	10993.6	-1.3
002128	34.991703	107.697673	259.0	785.166667	10988.267	-21.967
002148	34.98408	107.74399	258.366667	785.0	10978.5	-27.433
002208	34.97612	107.79151	258.0	785.6	10968.5	-21.0
002228	34.96772	107.840643	258.0	786.933333	10958.5	-1.0
002248	34.95989	107.887053	258.0	795.233333	10967.5	9.5
002308	34.952029	107.93349	258.0	804.645161	10973.0	12.677
002328	34.944094	107.980135	258.0	814.967742	10973.0	7.516
002348	34.935519	108.030439	258.0	812.516129	10977.065	7.0
002408	34.927032	108.080177	258.0	810.677419	10980.0	5.419
002428	34.918839	108.128113	258.0	812.612903	10980.0	0.903
002448	34.910747	108.175193	258.0	806.066667	10980.0	-4.267
002508	34.90264	108.22234	258.0	797.8	10978.6	-9.4
002528	34.89444	108.27014	258.0	790.466667	10973.933	-14.067
002548	34.886347	108.316873	258.0	785.266667	10968.733	-11.267
002608	34.878339	108.363123	258.0	781.032258	10965.0	-4.903
002628	34.870468	108.408865	258.0	777.806452	10965.0	5.419
002648	34.8622	108.4564	258.0	781.0	10969.0	-22.5
002708	34.854	108.503433	258.0	782.333333	10962.833	-156.833
002728	34.8464	108.547167	258.0	771.666667	10922.167	-572.167
002748	34.838326	108.593367	258.0	780.860465	10646.186	-736.349
002808	34.830093	108.640391	258.0	796.674419	10291.767	-816.814
002828	34.821788	108.6874	258.352941	797.352941	10034.235	-680.647
002848	34.813435	108.7344	258.941176	787.941176	9841.294	-400.059
002908	34.80492	108.7826	258.4	793.6	9781.2	-190.2
002928	34.796493	108.83	258.0	795.866667	9754.0	-48.467
002948	34.788227	108.876	258.0	790.533333	9754.0	2.867
003008	34.78014	108.92116	258.0	788.2	9758.2	8.0
003028	34.771971	108.966961	258.0	787.516129	9761.0	4.129
003048	34.763648	109.013865	258.0	788.806452	9761.0	-5.548
003108	34.755326	109.060603	258.0	786.806452	9757.161	-7.548
003128	34.74698	109.10738	258.0	785.0	9754.0	-6.4
003148	34.73858	109.154313	258.0	785.0	9754.0	-1.067
003208	34.730127	109.20114	258.0	785.0	9754.0	0.0
003228	34.72168	109.24766	258.0	785.0	9754.0	0.0
003248	34.71328	109.293527	258.0	785.0	9754.0	0.0
003308	34.704827	109.340193	258.0	785.0	9754.0	0.0
003328	34.6963	109.38714	257.8	785.0	9754.0	0.0
003348	34.687633	109.434273	257.133333	785.0	9754.0	0.0
003408	34.678773	109.481373	255.545455	790.818182	9754.0	5.818
003428	34.666767	109.526028	252.277778	800.777778	9756.722	7.611
003448	34.653433	109.569639	248.388889	811.888889	9760.611	7.056
003508	34.63794	109.61636	248.0	811.8	9761.0	2.8
003528	34.62226	109.663373	248.0	811.0	9761.0	-2.133
003548	34.60666	109.710307	248.0	811.0	9761.0	-7.467
003608	34.59262	109.75328	248.6	810.4	9756.8	-8.0
003628	34.578407	109.797627	249.266667	810.0	9754.0	-5.867
003648	34.563673	109.844693	249.933333	810.0	9754.0	-0.533
003708	34.54954	109.8893	249.4	811.8	9754.0	0.0
003728	34.535035	109.934584	248.741935	813.258065	9754.0	0.0
003748	34.519874	109.981294	248.096774	813.903226	9754.0	0.0
003808	34.504737	110.027117	248.0	816.833333	9754.0	3.967
003828	34.489409	110.073141	248.0	819.4375	9755.531	5.469
003848	34.473722	110.119828	248.0	820.6875	9759.906	1.094
003908	34.459436	110.167432	252.090909	810.772727	9756.227	0.0
003928	34.449644	110.21345	259.6875	786.5	9759.688	8.125
003948	34.444307	110.25947	262.133333	775.766667	9761.0	-0.2
004008	34.439397	110.305343	263.0	772.4	9759.367	-6.133
004028	34.43453	110.35061	263.0	776.4	9754.7	-0.8
004048	34.429493	110.39752	263.0	777.0	9757.967	4.533
004108	34.424427	110.444837	263.0	777.466667	9761.0	6.133
004128	34.41936	110.49237	263.0	778.8	9761.0	0.8
004148	34.41452	110.536843	263.0	779.0	9761.0	0.0
004208	34.409627	110.581663	262.766667	779.7	9761.0	0.0
004228	34.40456	110.62813	262.1	781.7	9761.0	0.0
004248	34.399267	110.676353	262.566667	782.0	9761.0	0.0
004308	34.394003	110.724303	262.766667	782.0	9761.0	1.867
004328	34.38887	110.77117	262.1	782.0	9761.0	7.2
004348	34.383793	110.817187	262.0	780.3	9765.533	3.467
004408	34.378703	110.86331	262.0	779.0	9767.133	-1.867
004428	34.37357	110.90991	262.0	779.0	9761.8	-7.2
004448	34.368323	110.957247	262.0	777.3	9761.0	-8.0
004508	34.363033	111.004667	262.0	776.0	9759.367	-8.0
004528	34.3577	111.052	262.0	776.0	9754.7	-8.0
004548	34.35265	111.09718	262.0	774.866667	9754.0	-8.0
004608	34.34758	111.1424	262.0	774.0	9752.133	-8.0
004628	34.34238	111.1884	262.0	774.0	9746.8	-8.0
004648	34.339447	111.235647	266.533333	760.4	9746.0	-3.467
004708	34.33892	111.28162	272.1	744.633333	9746.0	0.0
004728	34.34212	111.32482	278.1	729.3	9746.0	0.0
004748	34.34991	111.36768	284.1	717.366667	9746.0	3.4
004808	34.359902	111.409329	288.466667	710.777778	9747.244	6.933
004828	34.37248	111.44884	289.8	713.0	9750.8	9.6
004848	34.385077	111.488368	291.0	715.258065	9754.452	11.226
004908	34.397852	111.528045	291.0	717.83871	9758.968	3.484
004928	34.410713	111.567827	291.0	717.9	9758.433	-2.933
004948	34.42365	111.60772	291.0	715.9	9754.0	-7.733
005008	34.43665	111.64812	291.0	713.9	9754.0	-2.4
005028	34.449943	111.689327	291.0	712.266667	9754.0	0.0
005048	34.463388	111.730923	291.0	685.615385	9754.0	-0.308
005108	34.475158	111.767385	291.0	177.923077	9754.0	-6.462
005128	34.48825	111.80795	291.0	380.5	9750.0	-4.0
005148	34.501567	111.849267	291.0	709.666667	9747.333	1.333
005208	34.514233	111.888733	291.0	708.333333	9752.667	6.667
005228	34.5273	111.9294	291.0	708.0	9754.0	4.0
005248	34.540283	111.969867	291.0	708.0	9754.0	1.333
005308	34.552617	112.008533	291.0	708.0	9754.0	6.667
005328	34.562335	112.048892	284.653846	723.0	9758.038	9.731
005348	34.568471	112.093529	274.705882	747.764706	9761.0	5.176
005408	34.569019	112.14049	269.612903	761.16129	9761.0	0.0
005428	34.568053	112.186013	269.0	762.933333	9761.0	-0.267
005448	34.56712	112.23228	269.0	761.6	9761.0	-5.6
005508	34.566187	112.278363	269.0	761.733333	9758.433	-8.0
005528	34.565247	112.324353	269.0	763.033333	9754.0	-7.733
005548	34.56418	112.37142	269.0	763.7	9754.0	-2.4
005608	34.563168	112.417687	268.645161	764.709677	9754.0	0.0
005628	34.5622	112.4633	268.0	766.0	9754.0	0.0
005648	34.5612	112.508567	268.0	768.0	9754.0	5.333
005708	34.560133	112.554767	268.0	769.666667	9756.333	8.0
005728	34.559	112.6019	268.0	771.0	9761.0	8.0
005748	34.557933	112.649033	268.0	771.666667	9761.0	2.667
005808	34.556833	112.695533	268.0	772.0	9761.0	0.0
005828	34.5557	112.7414	268.0	772.0	9761.0	0.0
005848	34.5545	112.787667	268.0	772.0	9761.0	0.0
005908	34.553319	112.834316	268.0	772.645161	9761.0	0.0
005928	34.552158	112.881348	268.0	773.935484	9761.0	0.0
005948	34.550897	112.928223	268.0	772.733333	9761.0	0.0
010008	34.549609	112.974784	268.0	771.15625	9761.0	0.0
010028	34.548297	113.020972	268.0	769.28125	9761.0	0.0
010048	34.546967	113.067737	268.0	766.166667	9761.0	-73.667
010108	34.54568	113.113997	268.0	761.433333	9730.9	-199.3
010128	34.54448	113.15913	268.0	754.1	9644.9	-397.3
010148	34.543167	113.205113	268.0	745.633333	9463.7	-457.033
010208	34.541857	113.250197	268.0	738.6	9292.3	-412.567
010228	34.54059	113.29333	268.0	734.6	9170.3	-219.9
010248	34.539267	113.339863	268.0	740.233333	9147.467	-82.767
010308	34.537926	113.386171	268.0	743.870968	9145.806	1.806
010328	34.536571	113.430945	268.0	740.645161	9150.968	6.968
010348	34.53518	113.474193	268.0	738.4	9152.0	3.733
010408	34.53378	113.51772	268.0	736.6	9152.0	-1.6
010428	34.53238	113.562787	268.0	735.266667	9152.0	-6.933
010448	34.531033	113.606893	268.0	734.466667	9147.733	-8.0
010508	34.52968	113.65062	268.0	734.2	9144.0	-6.4
010528	34.52828	113.69402	268.0	734.866667	9144.0	-1.067
010548	34.52672	113.739233	268.0	735.0	9144.0	0.0
010608	34.52518	113.78398	268.0	735.0	9144.0	0.0
010628	34.52378	113.82658	268.0	735.0	9144.0	0.0
010648	34.522273	113.87126	268.0	736.066667	9144.0	0.0
010708	34.52072	113.91642	268.0	737.0	9144.0	0.0
010728	34.51912	113.961487	268.0	737.0	9144.0	0.0
010748	34.517273	114.006064	265.090909	742.818182	9144.0	0.0
010808	34.512816	114.051374	261.290323	751.774194	9144.0	3.161
010828	34.50675	114.096705	257.842105	760.315789	9144.632	7.0
010848	34.49775	114.140074	256.789474	762.421053	9148.842	7.0
010908	34.488583	114.184033	256.0	764.333333	9152.0	5.833
010928	34.478917	114.229767	256.0	765.666667	9152.0	1.167
010948	34.46955	114.2741	256.0	766.0	9152.0	-4.0
011008	34.46015	114.318417	256.0	766.5	9150.667	-6.667
011028	34.45035	114.364083	256.0	768.5	9145.333	-1.333
011048	34.4409	114.4085	255.5	770.5	9148.0	7.5
011108	34.431367	114.453283	255.166667	772.333333	9153.167	13.833
011128	34.421233	114.500417	255.833333	773.666667	9157.833	9.167
011148	34.41145	114.54615	255.5	773.0	9159.0	4.0
011208	34.401867	114.590917	255.0	772.0	9159.0	-1.333
011228	34.392533	114.634183	255.0	772.0	9159.0	-6.667
011248	34.3826	114.6801	255.0	772.0	9155.5	-11.5
011308	34.372667	114.725967	255.0	772.0	9150.667	-15.0
011328	34.363333	114.769033	255.0	772.0	9145.333	-15.0
011348	34.3532	114.81565	255.0	772.0	9140.0	-7.5
011408	34.343033	114.862317	255.0	772.333333	9137.333	1.333
011428	34.333567	114.905583	255.0	773.666667	9142.667	6.667
011448	34.32375	114.9503	255.0	774.0	9144.0	4.0
011508	34.313783	114.995717	255.0	774.333333	9144.0	0.0
011528	34.303717	115.041783	255.0	775.666667	9144.0	0.0
011548	34.2939	115.08645	255.0	776.0	9144.0	0.0
011608	34.284117	115.130783	255.0	775.666667	9144.0	0.0
011628	34.274183	115.175517	255.0	774.333333	9144.0	0.0
011648	34.2643	115.22045	255.5	773.0	9144.0	0.0
011708	34.25455	115.26535	256.0	772.0	9144.0	0.0
011728	34.24515	115.30995	256.0	772.0	9144.0	0.0
011748	34.2354	115.356	256.0	772.0	9144.0	0.0
011808	34.225617	115.401933	256.0	771.833333	9144.0	0.0
011828	34.216083	115.446067	256.0	771.166667	9144.0	0.0
011848	34.2063	115.4917	256.0	771.5	9144.0	0.0
011908	34.196517	115.5374	255.833333	772.0	9144.0	-1.333
011928	34.186983	115.5818	255.166667	772.0	9144.0	-6.667
011948	34.1773	115.62685	255.5	773.0	9140.0	-4.0
012008	34.168176	115.671447	257.176471	772.529412	9138.353	-5.0
012028	34.161884	115.715653	260.631579	769.631579	9139.158	-46.053
012048	34.157095	115.762284	262.210526	771.210526	9127.053	-118.684
012108	34.1524	115.809133	263.333333	772.0	9070.333	-200.0
012128	34.1478	115.8562	264.0	772.0	8969.0	-290.0
012148	34.143467	115.900533	263.333333	771.333333	8877.667	-279.333
012208	34.138967	115.946133	263.0	768.666667	8786.0	-276.667
012228	34.1343	115.993	263.0	764.0	8694.0	-282.0
012248	34.1299	116.038333	263.0	765.333333	8598.0	-297.333
012308	34.1254	116.0844	263.0	767.0	8496.667	-305.0
012328	34.1208	116.1312	263.0	769.0	8390.0	-305.0
012348	34.1162	116.176867	263.0	769.0	8293.333	-299.667
012408	34.111633	116.222867	263.0	770.0	8194.0	-297.0
012428	34.1071	116.2692	263.0	772.0	8092.0	-297.0
012448	34.102367	116.316133	263.0	773.333333	7996.0	-302.333
012508	34.097467	116.3628	263.0	773.333333	7894.667	-304.333
012528	34.0924	116.4092	263.0	772.0	7788.0	-303.0
012548	34.087571	116.453883	263.0	765.170732	7691.415	-299.098
012608	34.082741	116.498566	263.0	758.341463	7594.829	-295.195
012628	34.077976	116.54269	263.0	748.952381	7493.19	-295.905
012648	34.07324	116.58628	263.0	730.6	7396.0	-296.0
012708	34.068898	116.629337	263.195122	717.439024	7297.805	-295.22
012728	34.065141	116.671678	263.682927	713.536585	7197.317	-293.268
012748	34.061331	116.71404	264.0	711.622222	7098.867	-293.089
012808	34.05742	116.75644	264.0	713.4	7004.2	-296.2
012828	34.053487	116.798993	264.0	714.533333	6908.333	-300.0
012848	34.049353	116.842927	264.0	709.866667	6801.667	-310.0
012908	34.045243	116.883586	262.285714	703.428571	6697.857	-385.429
012928	34.040283	116.924953	261.0	698.9	6554.467	-490.333
012948	34.034633	116.968533	261.0	696.633333	6375.567	-580.033
013008	34.0293	117.0092	261.0	689.3	6166.9	-600.7
013028	34.024297	117.049023	261.366667	681.233333	5964.1	-612.567
013048	34.01956	117.08826	262.0	672.766667	5765.333	-616.767
013108	34.01476	117.12946	262.0	668.1	5552.0	-612.1
013128	34.010217	117.167892	262.458333	663.708333	5351.042	-602.208
013148	34.00579	117.20491	263.0	658.9	5156.067	-602.1
013208	34.00119	117.24351	263.0	652.9	4953.4	-628.1
013228	33.996477	117.2833	262.433333	650.3	4737.133	-628.033
013248	33.991779	117.322674	262.0	648.263158	4527.579	-621.684
013308	33.987187	117.361307	262.0	644.333333	4326.667	-598.133
013328	33.982653	117.400573	262.0	637.666667	4113.333	-553.467
013348	33.97836	117.43744	262.0	627.4	3954.6	-459.6
013408	33.975089	117.473533	266.888889	608.111111	3822.556	-410.667
013428	33.976849	117.507876	275.702703	584.702703	3691.73	-442.108
013448	33.982146	117.541227	281.108108	570.108108	3531.189	-478.324
013508	33.9879	117.575347	283.0	562.833333	3365.8	-490.133
013528	33.993878	117.609733	282.888889	558.777778	3199.333	-479.778
013548	33.99973	117.643289	282.148148	550.62963	3041.556	-418.296
013608	34.0049	117.6756	276.666667	537.444444	2928.222	-379.333
013628	34.0041	117.707287	263.933333	540.666667	2786.8	-358.0
013648	34.0011	117.739153	263.266667	537.333333	2684.8	-358.0
013708	33.99798	117.77206	263.4	543.6	2561.6	-379.2
013728	33.994773	117.805607	263.933333	554.266667	2424.333	-409.133
013748	33.991507	117.838673	263.266667	546.933333	2287.667	-390.467
013808	33.988432	117.870784	264.263158	538.947368	2165.421	-377.316
013828	33.98532	117.902288	263.96	531.84	2038.64	-378.68
013848	33.98228	117.933147	263.266667	524.533333	1909.2	-369.933
013908	33.97948	117.963013	263.933333	515.866667	1787.2	-337.267
013928	33.976336	117.994064	263.181818	497.818182	1688.273	-319.273
013948	33.97346	118.02302	263.0	486.533333	1579.4	-281.333
014008	33.9707	118.05098	263.0	469.6	1484.2	-246.6
014028	33.968033	118.077913	263.0	434.933333	1428.2	-231.933
014048	33.96558	118.103727	263.0	417.866667	1340.2	-281.8
014108	33.96318	118.12862	263.0	408.6	1236.4	-337.0
014128	33.96078	118.15202	263.0	407.266667	1114.4	-367.0
014148	33.95838	118.176007	263.0	397.4	988.133	-365.0
014208	33.956	118.19958	263.0	384.6	865.6	-353.4
014228	33.953667	118.221847	263.0	369.933333	754.267	-338.067
014248	33.951547	118.243313	263.0	361.133333	642.4	-331.267
014308	33.94946	118.26454	263.0	348.6	532.0	-320.4
014328	33.947327	118.285673	263.0	323.933333	425.333	-295.067
014348	33.945513	118.303447	263.0	293.933333	334.667	-144.933
014408	33.943775	118.3201	263.0	269.75	362.5	-180.0
