204551	40.6246	73.7833	209.0	327.0	267.0	0.0
204611	40.609824	73.792299	202.031887	324.084499	550.542	660.423
204631	40.593948	73.800443	201.321942	353.119406	687.873	341.842
204651	40.575287	73.805781	180.85458	425.561479	798.401	363.137
204711	40.551889	73.794448	149.981453	489.065974	926.643	304.265
204731	40.5374	73.7708	118.0	529.0	998.0	282.0
204751	40.533958	73.737602	83.372314	524.131953	1147.258	706.075
204811	40.544024	73.706161	56.240301	492.608965	1449.752	802.282
204831	40.559147	73.68015	54.012154	507.933522	1684.594	634.714
204851	40.574963	73.652355	53.30727	533.495627	1881.05	584.102
204911	40.590189	73.62555	52.102248	550.532363	2076.943	695.667
204931	40.607558	73.597337	51.852786	557.20925	2332.924	756.976
204951	40.625394	73.567539	49.72708	566.120993	2574.294	679.377
205011	40.646821	73.54031	38.525697	566.802661	2783.239	645.164
205031	40.670993	73.527129	9.026691	548.540844	2999.657	572.088
205051	40.696362	73.523479	17.850976	548.201964	3188.922	493.839
205111	40.724819	73.521539	23.26426	571.624152	3352.787	469.105
205131	40.755783	73.518625	-56.13271	605.710067	3498.547	390.634
205151	40.78875	73.51653	51.118845	638.336425	3599.463	303.117
205211	40.819917	73.522814	364.280718	648.433458	3685.068	390.291
205231	40.845091	73.542747	307.57363	632.847101	3872.729	599.55
205251	40.872085	73.565872	317.435993	641.150042	4069.292	551.17
205311	40.899858	73.589738	332.394402	657.467409	4227.915	505.131
205331	40.927821	73.613973	326.269449	666.492716	4386.133	530.379
205351	40.95593	73.638484	326.259098	665.604895	4587.762	548.272
205411	40.983203	73.662174	327.62609	670.447792	4767.206	542.435
205431	41.010474	73.686106	326.756124	678.873534	4933.978	523.043
205451	41.039091	73.711361	325.576221	683.564494	5122.171	503.239
205511	41.068209	73.735558	327.751638	696.779901	5276.042	480.224
205531	41.095709	73.762695	320.35132	694.83301	5430.167	505.135
205551	41.115739	73.798919	295.997775	664.50565	5624.787	565.654
205611	41.124376	73.841911	280.877487	652.134472	5803.713	526.984
205631	41.131643	73.885487	280.93936	652.519601	5987.91	459.294
205651	41.138429	73.926123	282.623569	662.142056	6122.794	389.055
205711	41.145157	73.967597	281.903855	674.71804	6226.574	348.512
205731	41.152616	74.01409	281.848718	684.150308	6349.07	358.001
205751	41.160196	74.059526	282.316393	692.139098	6471.514	378.543
205811	41.16691	74.103609	281.772842	698.864012	6595.603	390.134
205831	41.172167	74.149522	279.298954	703.971749	6733.126	391.217
205851	41.176678	74.196453	277.058306	710.565696	6866.81	378.102
205911	41.181171	74.243171	276.878516	720.70855	6981.288	354.537
205931	41.185531	74.289575	276.848122	729.223829	7091.594	358.702
205951	41.190141	74.337409	276.933651	733.814467	7217.072	380.77
210011	41.195328	74.388289	277.905653	736.309997	7358.525	361.45
210031	41.197149	74.435579	268.988545	731.679848	7458.731	319.896
210051	41.188949	74.480137	247.6612	721.413029	7562.765	342.194
210111	41.172131	74.523244	235.753329	718.869529	7695.412	367.081
210131	41.153011	74.563669	238.246696	724.746516	7805.459	341.517
210151	41.133636	74.605729	240.140901	729.14958	7909.026	354.786
210211	41.115399	74.646265	239.992748	727.902579	8033.355	342.103
210231	41.097218	74.685884	239.867322	728.47906	8152.009	279.468
210251	41.077422	74.729133	239.111616	738.208518	8222.615	251.971
210311	41.058347	74.770747	238.898857	744.318239	8307.249	257.565
210331	41.039422	74.812001	239.018338	748.619852	8400.71	269.251
210351	41.019674	74.854924	238.996561	754.950352	8486.004	271.43
210411	41.000052	74.897563	239.420751	758.929991	8581.557	275.02
210431	40.981945	74.941629	242.654628	763.410069	8676.012	264.046
210451	40.966284	74.988512	248.300075	769.288273	8758.854	254.202
210511	40.9534	75.0372	253.0	774.0	8839.0	287.0
210531	40.942393	75.084716	253.076773	774.385724	8948.383	363.627
210551	40.931131	75.133294	252.858701	767.515388	9081.285	376.756
210611	40.919851	75.181396	253.04423	761.222431	9205.496	343.339
210631	40.908823	75.228519	253.005512	760.015413	9308.997	313.776
210651	40.897419	75.27694	252.990214	759.436059	9410.249	306.062
210711	40.886412	75.323824	253.002451	756.348635	9513.307	302.336
210731	40.875694	75.369574	252.999466	752.496611	9613.366	295.24
210751	40.864102	75.418533	252.999726	751.918685	9708.474	292.726
210811	40.852054	75.469264	252.999896	752.020907	9809.388	276.734
210831	40.840624	75.517343	253.000305	752.034969	9898.128	249.466
210851	40.830147	75.561451	252.999463	751.929845	9966.263	237.927
210911	40.819323	75.607325	252.99522	749.801585	10050.841	267.792
210931	40.808233	75.653962	253.015569	744.330455	10148.631	294.509
210951	40.797084	75.700823	252.991168	739.834464	10251.334	267.65
211011	40.785823	75.748269	252.537435	740.351136	10341.735	168.981
211031	40.774166	75.794969	250.985665	737.620654	10372.048	57.694
211051	40.763568	75.841388	253.756855	737.656994	10362.405	-2.06
211111	40.757243	75.889025	264.990012	750.988354	10363.319	1.099
211131	40.757705	75.938358	273.981334	763.758782	10362.856	-0.462
211151	40.762688	75.989406	276.846284	768.255443	10362.948	-0.115
211211	40.767813	76.039984	277.136524	773.026474	10363.093	-0.061
211231	40.772554	76.090767	276.96707	776.549151	10362.912	0.276
211251	40.777523	76.141898	276.989816	776.175131	10362.874	0.477
211311	40.782266	76.190848	277.009797	775.799238	10363.726	-4.066
211331	40.786906	76.239292	276.997643	776.105333	10361.851	-9.055
211351	40.791716	76.289792	276.999281	776.754614	10356.726	-8.782
211411	40.79669	76.34262	277.000632	778.297969	10355.27	-3.257
211431	40.801694	76.395269	276.999939	778.94951	10356.248	0.309
211451	40.806558	76.445716	277.000118	778.727542	10356.184	-0.326
211511	40.811173	76.494861	276.999052	781.588035	10355.166	4.1
211531	40.815826	76.54481	277.001496	784.547809	10357.255	8.775
211551	40.820716	76.596693	277.002369	784.93912	10362.427	8.286
211611	40.825591	76.649209	276.98609	785.829638	10362.849	7.444
211631	40.830282	76.700412	277.021008	787.519811	10364.142	8.56
211651	40.834863	76.75054	277.033043	788.864584	10370.107	8.814
211711	40.839634	76.802786	276.806213	789.062157	10371.961	2.095
211731	40.84422	76.852912	277.299064	789.075501	10370.603	1.772
211751	40.848658	76.901735	278.00379	788.692287	10371.856	10.539
211811	40.853563	76.956428	277.193048	785.961066	10376.976	9.643
211831	40.858398	77.010116	276.854197	781.835412	10379.09	0.827
211851	40.862888	77.060408	277.027586	778.287398	10377.345	-10.933
211911	40.867188	77.109536	277.006923	776.374084	10372.814	-21.092
211931	40.87179	77.161579	277.021571	774.883251	10363.863	-26.135
211951	40.876427	77.213694	276.961121	773.803506	10353.643	-20.087
212011	40.880741	77.262795	276.9085	772.637228	10348.001	-3.786
212031	40.88499	77.312121	277.572794	769.030107	10351.493	7.276
212051	40.889274	77.361904	277.979027	765.318169	10356.787	6.789
212111	40.893661	77.412173	277.244491	764.107287	10356.487	0.44
212131	40.898294	77.465372	276.37254	763.663252	10354.92	3.5
212151	40.902595	77.516025	275.948968	762.650859	10357.145	8.3
212211	40.906326	77.561263	275.977334	761.198122	10362.464	2.691
212231	40.910491	77.61028	276.017773	761.005417	10361.011	-9.145
212251	40.914863	77.662187	275.996336	760.798482	10354.227	-15.185
212311	40.918968	77.712946	275.998373	759.911795	10348.696	-9.745
212331	40.923174	77.763642	276.001276	761.412583	10347.74	-4.031
212351	40.927296	77.812953	275.999737	763.22697	10347.726	1.828
212411	40.931194	77.86072	275.999883	763.617937	10347.172	11.906
212431	40.935375	77.911338	276.000092	766.395751	10354.105	24.462
212451	40.939644	77.963233	275.999981	769.531877	10365.965	30.048
212511	40.943692	78.013545	275.999992	769.503213	10376.089	19.996
212531	40.947758	78.063378	276.000007	766.877926	10381.223	-1.369
212551	40.951795	78.113285	275.999999	766.432267	10375.066	8.709
212611	40.955717	78.163227	276.0	769.047417	10371.803	81.834
212631	40.959675	78.212928	276.0	765.77021	10421.023	184.115
212651	40.963546	78.261138	276.000001	759.785738	10507.208	220.777
212711	40.967403	78.310249	275.999998	758.054517	10580.416	165.563
212731	40.971563	78.364591	275.999985	759.967988	10622.37	143.387
212751	40.975435	78.415655	276.000007	760.868254	10679.731	218.328
212811	40.978854	78.460516	275.999985	754.875796	10787.732	332.142
212831	40.982642	78.509811	275.999848	741.048762	10914.26	264.981
212851	40.986525	78.560754	276.000369	737.827593	10976.763	119.383
212911	40.9903	78.6106	276.0	747.0	10973.0	15.0
212931	40.994022	78.659492	275.997983	753.783534	10971.571	-4.853
212951	40.997496	78.706915	276.005097	757.92807	10973.433	2.62
213011	41.0009	78.7546	276.0	760.0	10973.0	0.0
213031	41.004664	78.805375	275.971913	758.767968	10973.759	-5.583
213051	41.008501	78.856743	276.07599	757.800286	10970.563	-6.523
213111	41.012185	78.906795	276.135085	758.142266	10965.194	-2.14
213131	41.015747	78.955654	275.642944	757.238687	10967.865	1.668
213151	41.019278	79.004693	274.980718	755.991447	10973.016	-0.303
213211	41.022838	79.05503	274.937197	757.131261	10967.953	-7.494
213231	41.026251	79.10374	275.02792	758.922689	10963.299	-3.677
213251	41.029679	79.152655	274.998616	760.037961	10965.218	8.464
213311	41.033418	79.205748	274.9955	760.632919	10970.743	10.99
213331	41.037072	79.257585	275.00198	761.736855	10974.589	1.526
213351	41.040466	79.306309	274.999908	764.159528	10972.733	-8.166
213411	41.043774	79.354793	274.999799	767.690604	10966.16	-3.999
213431	41.047228	79.40499	274.999797	769.971348	10967.05	4.207
213451	41.050775	79.456246	275.000091	771.066317	10973.17	8.048
213511	41.054188	79.506626	275.00168	772.937535	10973.139	7.482
213531	41.057553	79.556952	274.995179	775.327497	10974.505	10.559
213551	41.060973	79.608192	275.001363	777.045768	10980.327	15.064
213611	41.064456	79.660304	275.023722	777.159883	10986.26	11.653
213631	41.067837	79.711256	274.932707	776.847799	10988.884	2.682
213651	41.071058	79.760209	275.019027	775.910571	10987.899	-6.362
213711	41.074205	79.808077	275.640439	772.83091	10985.092	-11.027
213731	41.077406	79.856941	276.025505	767.10428	10980.778	-12.047
213751	41.08077	79.908682	275.441128	759.340702	10975.426	-10.786
213811	41.084192	79.962379	274.924676	755.58148	10972.523	-5.631
213831	41.087455	80.014703	274.999408	755.94078	10973.041	0.117
213851	41.090421	80.062546	274.947086	753.280564	10973.18	-0.173
213911	41.093337	80.109774	275.542664	754.339346	10971.902	3.444
213931	41.096354	80.158922	275.993264	758.165084	10973.22	6.989
213951	41.09949	80.21025	275.319915	760.354224	10979.027	2.717
214011	41.102596	80.260954	274.870114	761.813357	10977.932	-2.18
214031	41.105654	80.311259	275.006345	763.042848	10972.935	0.4
214051	41.108734	80.363028	275.019042	763.297433	10976.76	11.447
214111	41.111731	80.412883	274.996315	762.304559	10983.623	15.251
214131	41.114646	80.461368	274.998864	760.951529	10988.148	7.47
214151	41.117579	80.511855	274.973672	760.34584	10989.034	-3.643
214211	41.120509	80.56226	275.078294	759.283658	10985.525	-11.892
214231	41.123448	80.612444	274.977708	757.955743	10979.725	-15.049
214251	41.126407	80.663771	274.269362	757.756322	10974.969	-14.865
214311	41.129221	80.713491	273.892246	758.499843	10970.431	-15.925
214331	41.131938	80.762398	274.005343	760.105618	10964.664	-14.715
214351	41.134739	80.813421	274.017401	762.338667	10958.645	-4.834
214411	41.137516	80.863595	273.992264	763.246774	10960.072	4.227
214431	41.140236	80.912901	274.000384	764.110209	10965.104	8.121
214451	41.142969	80.963805	274.001249	767.536022	10964.44	8.983
214511	41.145702	81.014589	273.999445	770.022258	10968.286	5.432
214531	41.148437	81.064822	274.000028	771.068709	10972.952	-0.238
214551	41.15118	81.115545	274.00009	773.029647	10967.0	-1.967
214611	41.153868	81.166243	273.99996	774.989098	10966.304	5.122
214631	41.156535	81.217059	274.000002	776.025461	10973.31	15.361
214651	41.159267	81.26873	274.000005	776.092032	10977.759	17.217
214711	41.161992	81.320943	274.0	775.932293	10983.829	10.215
214731	41.164629	81.372539	273.999999	776.010749	10987.958	-0.502
214751	41.16716	81.42261	273.999987	776.161799	10982.592	-7.539
214811	41.16972	81.472901	274.000038	775.456343	10978.968	-5.832
214831	41.17233	81.523955	273.999989	773.918725	10980.045	0.217
214851	41.174888	81.574873	273.999811	772.46315	10980.032	1.207
214911	41.17732	81.625198	274.000537	771.639514	10980.32	-2.399
214931	41.179723	81.67554	273.999848	770.947916	10979.892	-8.321
214951	41.182253	81.726895	273.997362	769.580305	10975.668	-13.908
215011	41.184777	81.778693	274.007578	768.568395	10969.668	-14.323
215031	41.1872	81.8303	274.0	769.0	10965.0	-8.0
215051	41.189538	81.881477	273.962221	770.749563	10964.082	0.268
215111	41.191869	81.932535	274.095262	770.306263	10966.432	-7.564
215131	41.1942	81.9834	274.0	769.0	10965.0	-76.0
215151	41.196474	82.033646	273.178948	771.246493	10935.47	-237.355
215211	41.19873	82.08351	273.254963	771.14053	10812.839	-389.102
215231	41.201058	82.133401	274.076727	761.831345	10635.706	-544.71
215251	41.203429	82.183382	273.945376	749.572621	10454.443	-739.928
215311	41.205586	82.232984	273.221486	754.911546	10160.719	-757.453
215331	41.207597	82.282628	272.898312	759.645847	9900.883	-555.056
215351	41.209605	82.333113	273.009502	761.512911	9768.863	-263.367
215411	41.211681	82.38428	273.014544	769.180808	9749.792	-65.561
215431	41.213701	82.433122	272.992688	769.884105	9756.315	3.498
215451	41.215829	82.4826	273.000688	763.378796	9753.787	-0.805
215511	41.218214	82.536192	273.001091	759.043765	9753.704	-1.342
215531	41.220255	82.584977	272.999326	756.85963	9754.05	1.038
215551	41.222099	82.632396	273.000131	755.964751	9754.048	-0.295
215611	41.224249	82.6866	273.000728	755.982718	9754.485	-5.129
215631	41.226271	82.736946	272.997879	755.886708	9751.877	-12.748
215651	41.228081	82.78275	273.001142	756.07676	9745.191	-14.496
215711	41.229935	82.831471	273.009099	757.415917	9738.349	-3.897
215731	41.231867	82.88357	272.970977	758.706284	9741.252	2.116
215751	41.233787	82.935038	273.015861	760.206477	9745.907	-0.36
215811	41.235637	82.983034	273.126652	762.471527	9739.807	-1.819
215831	41.237593	83.034659	272.531794	763.065275	9739.317	6.089
215851	41.23947	83.088275	272.009653	764.34014	9746.74	15.427
215911	41.24104	83.137693	272.711287	769.387242	9752.419	14.855
215931	41.242821	83.187166	273.130137	771.73556	9756.071	17.924
215951	41.24479	83.237844	272.990686	770.935383	9761.845	16.943
220011	41.2466	83.2882	273.0	771.0	9769.0	-0.0
220031	41.248418	83.339668	272.969233	771.567906	9764.069	-7.359
220051	41.250135	83.391403	273.094562	772.557269	9760.408	-8.462
220111	41.251721	83.44193	273.026991	773.926774	9761.113	-8.111
220131	41.253309	83.49081	272.206408	775.353618	9755.884	-3.838
220151	41.25494	83.541727	272.230632	776.395767	9755.069	3.532
220211	41.256615	83.595324	272.991653	776.976473	9760.795	8.039
220231	41.258302	83.648028	272.444051	777.256571	9761.771	3.002
220251	41.259905	83.699101	271.860831	776.483703	9760.625	-0.513
220311	41.261424	83.749558	271.992	775.950549	9760.948	0.091
220331	41.262956	83.800932	272.028342	776.84504	9761.806	-4.816
220351	41.264484	83.852615	271.990008	768.203075	9759.096	-9.419
220411	41.266021	83.903315	271.999426	752.575247	9754.155	-8.211
220431	41.267599	83.952296	272.002036	747.377551	9753.456	-2.584
220451	41.268984	84.001558	271.99928	748.962341	9754.183	0.803
220511	41.270233	84.051882	271.999958	751.829607	9754.008	0.055
220531	41.271687	84.102002	272.000159	755.143272	9754.027	-0.383
220551	41.273121	84.151765	271.999919	755.694693	9753.866	0.565
220611	41.274433	84.201595	271.999988	753.14203	9753.955	0.16
220631	41.275788	84.251745	272.000196	750.790592	9754.916	-5.203
220651	41.277033	84.300649	271.99958	749.659364	9751.719	-8.953
220711	41.278144	84.348846	271.999872	749.946668	9746.139	-8.086
220731	41.279324	84.39927	272.002704	751.380556	9746.187	-7.016
220751	41.280646	84.451973	271.994829	752.063908	9744.379	-9.605
220811	41.281979	84.503398	271.99664	752.749597	9738.429	-9.814
220831	41.283082	84.549381	272.023724	756.738982	9737.224	4.561
220851	41.284184	84.599868	271.882423	759.884887	9741.193	14.33
220911	41.285322	84.653434	272.127688	761.254627	9747.206	14.882
220931	41.286387	84.703018	272.918772	763.11277	9752.634	14.684
220951	41.287433	84.750967	272.65416	766.638199	9756.847	16.251
221011	41.288525	84.80153	271.905109	769.221433	9762.412	13.674
221031	41.289666	84.855221	271.911036	768.979368	9768.674	3.153
221051	41.290748	84.904645	272.183079	769.916865	9765.692	-5.195
221111	41.291821	84.954161	271.838063	771.032994	9760.671	-8.315
221131	41.292909	85.008231	270.987738	770.710376	9761.61	-8.839
221151	41.293798	85.056688	271.702217	772.926422	9756.272	-9.454
221211	41.294736	85.107835	271.823019	775.250078	9752.88	-5.947
221231	41.295741	85.162679	270.893988	776.113051	9754.047	0.989
221251	41.296605	85.213538	270.804232	776.8391	9753.564	6.427
221311	41.297477	85.264807	271.55625	777.083186	9756.633	10.21
221331	41.298454	85.316662	271.973395	776.990201	9761.562	6.61
221351	41.299477	85.367073	271.242677	776.996808	9762.228	-5.545
221411	41.300312	85.418782	270.868372	776.979045	9757.085	-6.673
221431	41.301005	85.471446	271.017547	777.02077	9754.27	0.951
221451	41.301736	85.522727	271.016511	777.103509	9759.76	2.089
221511	41.30249	85.572107	270.99055	776.542081	9759.656	-6.928
221531	41.303201	85.621971	271.00126	775.977574	9752.959	-15.532
221551	41.303857	85.674762	271.001185	776.543394	9747.324	-11.542
221611	41.304587	85.72854	270.999324	778.050897	9744.687	-0.307
221631	41.305295	85.781146	271.000089	779.029263	9746.667	8.849
221651	41.305875	85.831888	271.000076	778.799857	9752.486	9.405
221711	41.306588	85.882894	270.999984	780.219068	9754.808	4.256
221731	41.307286	85.935238	270.99998	782.163109	9753.892	-0.374
221751	41.307737	85.987977	270.99988	782.14634	9753.899	-0.353
221811	41.308275	86.038023	271.000454	781.943238	9754.057	0.206
221831	41.308884	86.087102	270.999636	781.986264	9753.993	-0.031
221851	41.309356	86.13865	270.998238	781.887572	9753.997	-0.045
221911	41.309759	86.191552	271.007323	782.566441	9753.986	0.095
221931	41.310183	86.244413	271.010337	783.695972	9753.973	0.112
221951	41.310694	86.296249	270.977643	784.04378	9754.063	-0.225
222011	41.311224	86.347806	271.006032	784.018151	9753.983	0.06
222031	41.311638	86.400592	271.10409	784.749945	9753.702	1.032
222051	41.311993	86.453607	270.655914	785.002662	9754.843	-3.315
222111	41.312315	86.506224	269.980075	785.026571	9753.762	-8.0
222131	41.312584	86.558562	269.935102	786.229054	9747.117	-3.015
222151	41.312845	86.610509	270.028853	787.928085	9748.474	2.061
222211	41.313113	86.661626	269.998569	789.024208	9754.037	-0.328
222231	41.313378	86.711822	269.995341	789.35681	9749.048	-7.676
222251	41.313654	86.76297	270.002072	791.638939	9744.177	-3.303
222311	41.313911	86.816214	269.999897	795.137972	9746.246	8.364
222331	41.314109	86.871169	269.999665	796.722288	9752.213	9.28
222351	41.314325	86.92572	270.000149	797.27576	9754.265	7.156
222411	41.314505	86.97849	269.999993	798.056915	9754.107	8.118
222431	41.31452	87.030026	269.999976	799.44622	9758.796	9.684
222451	41.31448	87.083828	270.000011	800.433992	9762.358	2.635
222511	41.314504	87.137563	269.999999	801.039276	9760.805	-8.367
222531	41.314634	87.18703	269.999998	802.220789	9755.775	-9.897
222551	41.314764	87.240513	270.0	804.127162	9753.243	-4.696
222611	41.314798	87.297689	270.0	806.079616	9754.052	0.11
222631	41.314725	87.351106	270.000002	807.364826	9754.411	-0.013
222651	41.314705	87.402955	269.999994	809.008362	9753.02	1.364
222711	41.31473	87.455594	269.999989	810.702243	9752.374	5.532
222731	41.314619	87.509586	270.000018	810.711925	9757.357	7.355
222751	41.314407	87.564612	269.999928	809.372935	9762.349	6.591
222811	41.314217	87.618881	269.999819	808.271604	9761.633	4.009
222831	41.314016	87.669942	270.000229	808.020334	9761.186	-3.97
222851	41.313811	87.720854	269.998963	807.670476	9759.364	-10.872
222911	41.313611	87.775342	269.999657	806.096408	9754.179	-8.305
222931	41.313361	87.830174	270.007009	804.083574	9753.189	-1.625
222951	41.313057	87.883367	269.984197	802.199564	9754.692	-1.191
223011	41.312717	87.935831	269.995146	801.027227	9754.16	-7.699
223031	41.312373	87.990136	270.097899	800.952226	9748.939	-10.431
223051	41.31207	88.043947	269.7528	800.878419	9744.667	-3.568
223111	41.311723	88.096552	269.029096	800.058294	9745.794	7.613
223131	41.311183	88.150202	268.784469	798.7234	9751.397	10.128
223151	41.310726	88.204575	269.362005	797.521307	9754.811	5.289
223211	41.310417	88.257636	269.999204	797.002256	9754.056	0.114
223231	41.309994	88.307835	269.417296	797.156416	9753.607	0.269
223251	41.309435	88.360482	268.870264	796.512881	9754.585	-1.854
223311	41.308829	88.416072	268.992543	795.056657	9754.166	-7.777
223331	41.308281	88.468799	269.026421	794.614353	9748.676	-9.341
223351	41.307772	88.519625	268.990687	795.616024	9745.319	-6.04
223411	41.30723	88.571076	268.999465	796.964984	9745.997	-0.297
223431	41.306583	88.624303	269.001888	797.017859	9745.263	5.283
223451	41.305885	88.676884	268.999352	797.264451	9748.193	9.885
223511	41.30523	88.727322	268.999968	797.989077	9753.848	9.318
223531	41.304634	88.777654	269.00001	797.975302	9754.047	0.34
223551	41.30384	88.83321	268.999953	799.250617	9753.835	-1.205
223611	41.303091	88.888062	269.00004	800.24695	9754.057	0.431
223631	41.302437	88.939792	269.000009	800.019379	9754.003	0.027
223651	41.301596	88.993116	268.999828	799.825302	9754.0	-0.134
223711	41.300713	89.04738	269.000382	800.332571	9753.977	0.138
223731	41.299936	89.099788	269.000117	800.993062	9753.992	0.035
223751	41.299166	89.15102	269.001384	801.096169	9753.901	0.403
223811	41.298145	89.209069	269.008091	802.512662	9753.419	5.91
223831	41.297252	89.259983	268.969714	803.424651	9756.746	10.376
223851	41.296477	89.308648	269.024281	802.814934	9761.523	6.69
223911	41.29556	89.366249	269.117403	801.335809	9762.082	-4.991
223931	41.294496	89.420832	268.494108	800.918588	9757.586	-9.448
223951	41.293455	89.470397	268.015548	800.933904	9753.868	-7.932
224011	41.29254	89.521123	268.726628	800.133369	9754.696	-8.519
224031	41.291493	89.575954	269.225871	800.284952	9749.849	-4.85
224051	41.290326	89.632047	268.908388	801.081723	9746.33	0.521
224111	41.289194	89.685231	268.181506	801.126692	9752.901	0.81
224131	41.288062	89.737016	267.903384	800.739327	9751.151	-1.673
224151	41.286933	89.789208	268.012879	801.185222	9745.894	1.192
224211	41.285812	89.842534	268.012119	802.767165	9751.266	12.324
224231	41.284592	89.896081	267.993063	802.471146	9757.936	15.029
224251	41.283309	89.949379	268.000925	800.782378	9761.351	6.286
224311	41.282048	90.002323	268.00087	800.023134	9761.857	-5.154
224331	41.280746	90.054645	267.999502	800.144426	9757.949	-10.176
224351	41.279396	90.10756	268.000066	799.860073	9753.634	-7.178
224411	41.278054	90.161644	268.000063	798.414642	9753.609	-1.184
224431	41.276783	90.21368	267.999963	797.654703	9754.397	-0.077
224451	41.2755	90.265745	268.000005	796.739649	9753.81	0.568
224511	41.2741	90.320708	268.000008	794.053226	9753.182	6.699
224531	41.272681	90.373741	267.999985	791.241563	9757.455	6.878
224551	41.271294	90.425614	268.00001	788.569008	9760.969	-1.631
224611	41.269904	90.478779	268.000048	785.743777	9756.297	-12.452
224631	41.268424	90.528772	267.999828	784.225398	9750.377	-16.603
224651	41.266865	90.578464	268.000137	784.003458	9745.144	-14.579
224711	41.265319	90.631962	268.000661	784.491467	9739.455	-10.521
224731	41.263869	90.682714	267.99761	786.531635	9736.776	-1.364
224751	41.262357	90.73352	268.001906	789.4134	9738.525	9.369
224811	41.260619	90.789812	268.009208	792.906314	9743.747	14.783
224831	41.258889	90.845038	267.96671	800.524526	9750.172	13.113
224851	41.25726	90.897369	268.026547	809.008145	9754.316	6.997
224911	41.255668	90.948825	268.128251	812.700923	9754.297	1.2
224931	41.254011	90.999909	267.454964	812.54747	9753.833	-0.64
224951	41.252222	91.05319	267.046754	809.319629	9754.02	0.094
225011	41.250338	91.109694	267.87738	804.313017	9754.007	0.127
225031	41.248575	91.163164	267.599494	801.837133	9754.041	-0.221
225051	41.246825	91.215351	267.021007	800.717655	9753.959	0.146
225111	41.244936	91.270054	267.822886	797.930089	9753.796	0.684
225131	41.243206	91.321157	267.747461	795.865465	9754.755	-3.092
225151	41.241521	91.370858	266.950466	794.910165	9753.613	-8.363
225211	41.239598	91.424625	266.924196	793.713201	9747.802	-9.04
225231	41.237618	91.477968	267.038061	791.668741	9745.326	-5.353
225251	41.235714	91.529302	266.996444	789.902044	9745.98	0.628
225311	41.233863	91.580452	266.994558	789.830013	9745.324	6.348
225331	41.231899	91.632421	267.002733	790.152159	9748.998	9.328
225351	41.229784	91.685691	266.999745	789.949564	9754.306	7.565
225411	41.22763	91.739702	266.999609	789.249208	9754.467	1.778
225431	41.225617	91.791825	267.000196	788.813486	9753.768	-0.83
225451	41.223707	91.842239	266.999982	789.05585	9754.02	0.084
225511	41.221725	91.893241	266.999971	789.776237	9754.022	0.183
225531	41.219623	91.945956	267.000017	790.116646	9754.021	-0.27
225551	41.217366	91.999286	266.999997	789.981672	9753.981	0.124
225611	41.215004	92.051436	266.999985	789.914113	9753.837	4.088
225631	41.212836	92.103108	267.000042	790.235553	9754.975	17.846
225651	41.21079	92.155259	266.999978	789.874227	9762.203	50.402
225711	41.208597	92.207939	266.999821	788.608018	9783.809	108.138
225731	41.206356	92.259256	267.000569	791.269091	9830.699	182.585
225751	41.204065	92.310791	266.999689	795.191009	9906.882	230.727
225811	41.201641	92.365126	266.997133	795.618958	9998.864	215.227
225831	41.199155	92.419155	267.00679	800.449935	10060.821	189.256
225851	41.1967	92.4717	267.0	808.0	10104.0	236.0
225911	41.194344	92.524097	266.963008	806.249418	10195.473	389.206
225931	41.192071	92.575836	267.093464	790.25302	10369.621	441.414
225951	41.1898	92.6268	267.0	774.0	10546.0	330.0
230011	41.187438	92.67782	266.187378	778.614923	10597.068	196.897
230031	41.184988	92.729959	266.236838	786.156325	10627.571	175.83
230051	41.182432	92.783229	266.99201	784.253056	10709.151	241.951
230111	41.179752	92.836332	266.442787	778.430138	10806.612	235.159
230131	41.177161	92.88775	265.861277	775.286703	10877.039	179.952
230151	41.174721	92.937701	265.992026	776.854055	10917.052	124.566
230211	41.172271	92.987979	266.028251	780.160553	10957.505	77.236
230231	41.169762	93.038345	265.99004	783.294513	10977.525	33.393
230251	41.167136	93.090018	265.999428	784.972566	10973.26	0.875
230311	41.164364	93.144734	266.002027	784.860273	10972.07	-3.07
230331	41.161786	93.195954	265.999287	785.728479	10973.344	1.028
230351	41.159331	93.244169	265.99996	789.711645	10973.024	0.043
230411	41.156511	93.297817	266.000133	796.450041	10972.818	0.18
230431	41.153621	93.352406	265.999977	802.217188	10973.285	-0.827
230451	41.15084	93.404879	266.000006	805.827172	10973.082	-0.273
230511	41.147992	93.457733	265.999837	809.384412	10971.378	9.399
230531	41.145097	93.510928	266.000386	811.891159	10977.045	17.521
230551	41.14224	93.563955	266.000119	812.959617	10987.667	15.384
230611	41.139432	93.617079	265.997589	813.72421	10989.156	4.948
230631	41.136373	93.672083	266.005423	814.062034	10987.647	-1.686
230651	41.133154	93.727517	266.001665	813.10454	10987.996	-0.157
230711	41.130253	93.779425	265.966416	810.06734	10987.689	1.782
230731	41.127383	93.831439	266.075539	806.33032	10988.862	-3.855
230751	41.124353	93.884592	266.023192	801.343605	10988.272	-14.583
230811	41.121304	93.935677	265.279925	792.863182	10978.838	-18.137
230831	41.118204	93.987462	265.101685	784.300652	10971.714	-11.632
230851	41.115064	94.04105	265.894968	779.334264	10972.739	-1.041
230911	41.112025	94.092957	266.218626	778.782652	10973.285	1.426
230931	41.10907	94.143191	265.771139	778.696082	10972.996	-0.639
230951	41.106067	94.19373	265.067976	777.140075	10973.075	-0.381
231011	41.102864	94.246505	264.9101	777.368383	10972.291	3.643
231031	41.099656	94.298966	265.021733	780.000507	10974.106	8.077
231051	41.096574	94.349347	265.008404	783.414938	10979.109	8.741
231111	41.093428	94.399998	264.993427	784.723952	10980.686	3.86
231131	41.090184	94.451887	265.001357	785.240119	10979.844	-0.537
231151	41.086913	94.504337	265.000607	786.69051	10979.898	-0.126
231211	41.08368	94.555565	264.999498	787.40698	10980.248	-0.489
231231	41.08045	94.606157	265.000083	786.770404	10979.799	0.679
231251	41.077129	94.657856	265.000053	784.842675	10979.377	6.309
231311	41.073642	94.71176	264.999963	781.666682	10983.351	10.342
231331	41.070201	94.765337	265.000005	778.640201	10988.55	6.785
231351	41.066962	94.816091	265.000005	776.757024	10989.08	-4.508
231411	41.063542	94.866673	264.999997	774.076478	10984.607	-11.781
231431	41.060106	94.916222	265.000001	770.449488	10979.444	-15.798
231451	41.056949	94.963834	265.000003	767.135258	10976.108	-21.416
231511	41.053627	95.015533	264.999992	765.021584	10966.798	-19.355
231531	41.050128	95.068948	265.000002	763.956201	10957.872	-7.242
231551	41.046785	95.116912	265.000038	763.200547	10962.03	6.308
231611	41.043461	95.164233	264.999891	762.919214	10966.709	3.911
231631	41.040025	95.214151	265.000031	763.005006	10964.785	-8.421
231651	41.036485	95.265692	265.000536	763.033472	10959.664	-9.918
231711	41.032995	95.31626	264.998481	762.983895	10957.429	-5.142
231731	41.029523	95.366012	265.000429	764.120478	10958.005	0.259
231751	41.025925	95.416799	265.007459	767.522063	10957.614	5.37
231811	41.022339	95.46707	264.978841	770.217281	10959.7	11.585
231831	41.018825	95.516136	265.005972	772.126136	10965.328	14.963
231851	41.015278	95.565297	265.103896	775.075406	10971.444	10.46
231911	41.011445	95.617591	264.656	776.316848	10973.271	6.443
231931	41.007399	95.671995	263.98007	777.116383	10973.076	8.229
231951	41.003476	95.724459	263.935088	780.721627	10977.186	13.738
232011	40.999832	95.774047	264.02886	782.35411	10983.529	13.994
232031	40.996211	95.823669	263.998569	782.025073	10988.126	7.625
232051	40.992268	95.876403	263.995339	783.497373	10988.506	1.187
232111	40.988428	95.9268	264.002072	783.807616	10987.498	0.528
232131	40.98471	95.97529	263.999897	781.879231	10988.101	-0.292
232151	40.980785	96.026947	263.999665	779.613588	10989.642	-10.636
232211	40.976846	96.079554	264.000151	778.819034	10982.671	-17.303
232231	40.972899	96.131597	263.999992	778.99357	10972.746	-14.736
232251	40.968811	96.183247	263.999966	778.714863	10972.796	-9.172
232311	40.964859	96.233573	264.00004	780.052155	10970.86	-8.626
232331	40.961003	96.283421	263.999991	782.049971	10964.768	-7.675
232351	40.956959	96.334591	263.999855	782.011499	10963.527	3.577
232411	40.952824	96.386069	264.000408	782.538622	10968.165	9.803
232431	40.948694	96.437369	263.999885	784.061581	10973.104	7.903
232451	40.944572	96.488908	263.998001	784.44612	10972.736	7.546
232511	40.940388	96.540705	264.005669	782.980441	10975.235	8.605
232531	40.936193	96.591924	263.9984	782.038901	10980.139	7.859
232551	40.932076	96.642129	263.972161	783.880181	10980.298	2.89
232611	40.927852	96.694239	264.078965	782.495513	10980.323	-3.393
232631	40.92348	96.746519	263.977675	778.902003	10979.858	-8.177
232651	40.918976	96.795377	263.269257	778.892418	10974.979	-9.419
232711	40.913963	96.84666	262.892287	778.277225	10972.062	-4.494
232731	40.90875	96.899776	263.005342	775.890917	10973.086	-0.014
232751	40.903997	96.949243	263.017431	774.377673	10973.952	-5.12
232811	40.899269	96.998258	262.992158	773.711823	10970.202	-9.744
232831	40.894353	97.0483	263.000414	774.05417	10964.841	-7.759
232851	40.889378	97.098307	263.001784	775.545009	10964.445	-1.822
232911	40.884271	97.149416	262.997926	776.023741	10965.354	0.338
232931	40.879148	97.201279	263.000456	776.041575	10964.953	0.087
232951	40.874212	97.252407	263.007549	777.895454	10964.341	4.809
233011	40.869262	97.303304	262.978801	780.232882	10967.176	11.845
233031	40.86425	97.353686	263.005974	782.081802	10973.326	14.947
233051	40.859233	97.403271	263.103903	783.499348	10978.825	10.354
233111	40.853943	97.45524	262.655997	784.443275	10979.978	6.646
233131	40.848536	97.508288	261.980071	783.91032	10980.129	8.175
233151	40.843399	97.558476	261.935089	780.83542	10985.344	10.421
233211	40.838237	97.608465	262.028859	776.669777	10990.084	0.342
233231	40.833046	97.658784	261.998569	771.7155	10987.621	-15.545
233251	40.82802	97.708125	261.99534	765.914527	10976.894	-18.042
233311	40.822742	97.759395	262.002072	762.885339	10971.448	-9.177
233331	40.817338	97.811324	261.999897	763.035339	10973.077	0.265
233351	40.812309	97.859857	261.999665	763.749956	10973.256	0.848
233411	40.807363	97.906854	262.000149	764.167372	10972.873	-0.332
233431	40.802127	97.955969	261.999993	763.972845	10973.01	0.004
233451	40.796507	98.00906	261.999975	763.24586	10973.094	-0.201
233511	40.791055	98.060635	262.000014	762.925245	10972.777	0.719
233531	40.785837	98.109321	261.999999	762.997484	10973.061	-0.21
233551	40.780507	98.158068	261.999984	762.885084	10974.059	-6.404
233611	40.775181	98.207422	262.00004	763.414462	10969.604	-6.873
233631	40.769828	98.257527	261.999989	763.998309	10965.022	0.417
233651	40.764295	98.308324	261.999806	763.341315	10970.383	7.14
233711	40.758791	98.358632	262.000551	762.845969	10973.932	6.371
233731	40.753435	98.407612	261.999845	763.011579	10972.991	-0.344
233751	40.748143	98.455689	261.997296	763.105332	10973.61	-6.079
233811	40.742624	98.505632	262.007671	762.803472	10970.452	-9.664
233831	40.737027	98.556159	261.997835	764.170465	10964.801	-7.667
233851	40.731704	98.603986	261.962332	769.073336	10963.851	2.856
233911	40.726274	98.65252	262.106846	772.081114	10967.381	12.668
233931	40.720615	98.702822	261.969805	771.980418	10973.319	14.893
233951	40.714939	98.753037	261.132354	771.885371	10978.866	9.94
234011	40.709314	98.802856	261.329909	772.200612	10979.776	7.526
234031	40.70372	98.852482	261.99881	771.948655	10980.189	7.939
234051	40.698075	98.902254	261.283094	770.133843	10986.402	3.759
234111	40.692281	98.952467	261.150467	767.956514	10986.483	-4.247
234131	40.6865	99.0025	262.0	766.0	10980.0	-8.0
234151	40.680984	99.051458	262.203009	763.9433	10978.762	-1.057
234211	40.675318	99.100887	261.656433	762.201852	10981.573	-3.85
234231	40.6694	99.1513	261.0	761.0	10980.0	-8.0
234251	40.663551	99.201475	260.927766	759.685504	10970.59	19.524
234311	40.657855	99.249918	261.025148	755.862115	10983.862	67.714
234331	40.652188	99.297751	261.001446	752.936346	11023.922	106.052
234351	40.646342	99.347904	260.994879	758.421279	11061.105	112.318
234411	40.640466	99.397777	261.001806	766.118225	11093.786	142.692
234431	40.634597	99.446537	261.000104	769.038279	11144.3	190.049
234451	40.628596	99.496387	260.999632	765.075074	11231.807	169.294
234511	40.622644	99.545605	261.000131	757.347032	11283.195	89.426
234531	40.616883	99.593148	261.000008	750.261708	11278.456	10.409
234551	40.611226	99.640467	260.999964	747.423528	11276.379	-5.188
234611	40.605237	99.69052	261.000032	749.450227	11278.579	1.938
234631	40.599004	99.741826	261.000007	752.017114	11278.036	0.103
234651	40.593137	99.789256	260.999859	748.930658	11277.828	-0.182
234711	40.587413	99.836211	261.000313	746.620148	11278.166	-0.352
234731	40.581503	99.88513	261.000096	747.935217	11278.041	-0.143
234751	40.575351	99.93445	260.998065	748.334645	11277.219	5.06
234811	40.569339	99.982738	261.004351	747.612843	11279.929	9.199
234831	40.563497	100.030482	261.001336	747.004333	11284.856	8.158
234851	40.557415	100.079605	260.973056	747.21419	11285.298	3.584
234911	40.551209	100.129113	261.060603	746.34265	11285.376	-3.243
234931	40.5451	100.177706	261.018607	745.002523	11285.164	-7.963
234951	40.539172	100.22507	260.370679	746.221419	11279.725	-4.471
235011	40.533169	100.272382	259.836097	747.049255	11279.074	4.013
235031	40.526918	100.320834	259.975604	745.158957	11284.78	8.143
235051	40.520552	100.370268	260.646785	741.519781	11286.136	-0.964
235111	40.514613	100.416608	261.16545	739.528137	11283.6	-12.491
235131	40.508984	100.460636	261.049833	739.940292	11278.672	-15.374
235151	40.502853	100.508447	260.359925	740.163231	11271.669	-6.983
235211	40.49643	100.558105	259.907264	739.820512	11271.233	3.868
235231	40.490037	100.60728	259.988378	739.098297	11277.545	8.116
235251	40.483723	100.656246	260.021355	737.898779	11278.83	3.408
235311	40.477793	100.702492	259.993118	736.364989	11277.735	-0.942
235331	40.472017	100.746969	259.9987	735.099989	11277.952	-0.186
235351	40.465577	100.795073	260.001628	734.918063	11278.044	0.291
235411	40.459096	100.843707	259.99955	734.937498	11278.016	-0.185
235431	40.453018	100.890365	259.999907	734.187022	11278.032	-0.144
235451	40.446779	100.937858	260.000117	732.741416	11277.737	1.001
235511	40.440546	100.984991	259.999968	731.841062	11278.467	-1.827
235531	40.434433	101.031106	259.999993	731.968245	11278.497	-7.662
235551	40.428075	101.078515	260.000009	732.030978	11272.82	-5.476
235611	40.421532	101.126962	259.999997	732.00951	11270.435	2.562
235631	40.41502	101.175003	259.999998	732.039222	11276.288	7.646
235651	40.408705	101.221238	260.000004	731.827762	11279.695	0.777
235711	40.402587	101.266157	259.999996	732.185194	11277.068	-9.405
235731	40.396446	101.311756	259.999988	733.582799	11271.473	-9.989
235751	40.389844	101.360476	260.000044	734.415118	11268.98	-2.198
235811	40.383117	101.409674	259.999965	735.196173	11270.325	7.138
235831	40.376798	101.455643	259.999679	737.112084	11273.207	11.575
235851	40.370541	101.500882	259.999915	738.893329	11277.487	12.083
235911	40.363957	101.54818	260.00077	739.241181	11282.78	10.359
235931	40.357193	101.596522	259.998516	738.828302	11285.552	5.759
235951	40.350548	101.644285	259.999035	738.918241	11285.067	0.338
000011	40.344173	101.691056	260.010315	740.02697	11284.899	-0.714
000031	40.337624	101.738232	259.979461	739.249669	11284.987	0.427
000051	40.33078	101.78646	259.986579	737.057242	11284.97	0.181
000111	40.324066	101.834827	260.143635	738.176393	11285.363	-3.459
000131	40.317215	101.883342	259.694968	738.812251	11284.129	-11.82
000151	40.31019	101.931875	259.000031	737.124626	11278.825	-10.082
000211	40.303478	101.979586	259.632577	736.81853	11272.093	31.55
000231	40.297048	102.025267	259.907724	736.926876	11290.203	111.601
000251	40.290649	102.069774	259.072232	735.311812	11346.724	194.947
000311	40.284036	102.116152	258.74933	731.146774	11426.797	226.22
000331	40.277217	102.164058	258.931305	726.870945	11506.265	199.198
000351	40.270298	102.211966	259.040844	725.701132	11560.032	126.981
000411	40.263464	102.258583	258.998143	727.082243	11582.494	48.825
000431	40.25682	102.303709	258.993921	728.507331	11583.618	7.474
000451	40.250022	102.350196	259.002804	729.424179	11581.253	-2.8
000511	40.2431	102.398	259.0	729.0	11582.0	0.0
000531	40.236362	102.444739	258.999518	726.766152	11582.128	0.481
000551	40.229597	102.491119	259.000191	726.036681	11581.949	-0.19
000611	40.2228	102.5371	259.0	727.0	11582.0	-0.0
000631	40.216136	102.582147	258.999965	726.920269	11582.009	0.035
000651	40.209113	102.62968	259.000014	727.548184	11581.996	-0.014
000711	40.2019	102.6785	259.0	729.0	11582.0	0.0
000731	40.195204	102.723677	258.999997	729.236009	11582.0	0.004
000751	40.188581	102.767863	259.000001	728.822887	11582.001	-0.003
000811	40.181321	102.816048	259.0	729.696182	11581.997	0.012
000831	40.173759	102.866318	259.0	731.90788	11581.999	0.004
000851	40.16696	102.911335	258.999999	733.217196	11582.022	-0.078
000911	40.159907	102.957996	259.000002	734.965451	11581.949	0.175
000931	40.152456	103.007347	259.000001	736.95108	11581.984	0.054
000951	40.145716	103.051826	258.999989	736.988971	11582.314	-1.087
001011	40.138757	103.097115	259.000024	737.481133	11581.294	2.661
001031	40.131269	103.145597	259.000007	738.956395	11581.783	7.977
001051	40.124098	103.192635	258.999851	739.065367	11588.402	3.462
001111	40.116952	103.239605	259.000335	739.208407	11588.019	-1.23
001131	40.109662	103.287149	259.000103	739.974227	11582.024	-0.115
001151	40.102484	103.333644	258.997928	740.090161	11587.309	1.306
001211	40.095168	103.380673	259.00466	739.97056	11588.959	-2.746
001231	40.087583	103.429154	259.001431	739.999002	11582.242	-7.984
001251	40.079957	103.477847	258.97114	739.989334	11581.146	-3.388
001311	40.072706	103.524277	259.064912	740.036437	11582.292	1.092
001331	40.065663	103.569297	259.01993	740.011764	11582.014	0.074
001351	40.058172	103.616644	258.344	739.760514	11582.007	-0.485
001411	40.050653	103.664249	257.896104	740.593551	11581.867	0.686
001431	40.043184	103.711584	257.994028	741.97229	11581.954	0.192
001451	40.035312	103.760785	258.021159	741.816084	11582.952	-5.832
001511	40.027594	103.809092	257.992539	742.794277	11579.662	-7.33
001531	40.020265	103.855305	257.999571	744.942781	11575.017	-0.428
001551	40.012907	103.901457	258.001527	744.986885	11579.039	6.91
001611	40.005406	103.948516	257.999447	745.581326	11582.922	6.395
001631	39.997783	103.99613	257.999964	747.885341	11582.053	0.21
001651	39.990108	104.043227	258.000217	749.62305	11581.812	-0.744
001711	39.982476	104.090394	257.999718	749.991292	11582.066	0.263
001731	39.974881	104.137925	257.999923	749.967882	11582.004	0.015
001751	39.967197	104.185417	258.001517	751.26863	11581.986	-0.056
001811	39.959341	104.233383	257.996408	752.262552	11582.006	0.025
001831	39.951407	104.28165	257.992473	752.119098	11582.003	0.016
001851	39.943661	104.329037	258.014989	752.056404	11582.0	-0.009
001911	39.9359	104.3766	258.0	753.0	11582.0	0.0
001931	39.927672	104.426466	257.921059	755.045124	11581.995	0.02
001951	39.919388	104.476039	258.218127	756.63684	11582.015	-0.052
002011	39.911453	104.523542	258.50961	757.371549	11582.035	-0.121
002031	39.90403	104.569259	257.485211	758.413686	11581.966	0.118
002051	39.896374	104.61492	255.399548	760.331992	11581.932	0.236
002111	39.886529	104.663989	254.858752	762.453315	11582.265	-0.917
002131	39.875549	104.7143	254.909785	762.8097	11581.728	0.962
002151	39.865293	104.762262	254.084359	761.152552	11581.121	7.14
002211	39.855321	104.808781	254.4335	761.920597	11586.454	6.121
002231	39.845281	104.855407	254.984813	762.916149	11589.71	-1.703
002251	39.835089	104.903067	254.220258	761.268746	11583.655	-7.8
002311	39.824751	104.951243	253.859426	761.633269	11580.946	-4.863
002331	39.814459	104.999107	254.023972	763.187355	11582.18	0.621
002351	39.804289	105.046378	254.015249	763.137897	11582.115	0.392
002411	39.793882	105.093942	253.989868	762.827243	11581.92	-0.248
002431	39.783587	105.140669	254.001762	763.116006	11582.017	0.03
002451	39.773652	105.186235	254.001226	763.84581	11582.022	-0.019
002511	39.763213	105.234365	253.998729	764.088287	11581.938	0.178
002531	39.752624	105.282996	254.000691	763.993765	11582.059	-0.201
002551	39.742465	105.32921	254.001913	764.023437	11582.19	-0.659
002611	39.732075	105.376271	253.992344	763.764029	11581.215	3.551
002631	39.721341	105.424884	254.00791	762.701882	11582.835	8.667
002651	39.710582	105.473663	254.025552	761.202309	11588.733	8.782
002711	39.700102	105.521216	253.894087	761.069748	11590.616	5.118
002731	39.689858	105.567642	254.112423	759.210367	11590.082	-1.585
002751	39.67961	105.61391	254.867812	754.008895	11590.632	-9.903
002811	39.669149	105.660878	254.909364	752.999141	11586.004	-15.176
002831	39.658492	105.708592	254.285792	755.468183	11578.062	-14.886
002851	39.647787	105.756611	253.914651	755.263054	11574.101	-8.251
002911	39.637221	105.803976	253.995094	753.017766	11574.947	-0.234
002931	39.626929	105.849711	254.017371	754.789479	11575.211	0.742
002951	39.616658	105.895376	253.993896	756.154079	11574.872	-0.066
003011	39.606136	105.942225	253.999655	755.943591	11574.977	0.054
003031	39.595316	105.989982	254.0011	758.551084	11575.41	-1.375
003051	39.58465	106.036899	253.999893	760.419048	11574.102	3.612
003111	39.574134	106.083244	254.000077	760.017505	11574.725	14.54
003131	39.563288	106.131109	253.997928	760.309269	11584.253	18.836
003151	39.552568	106.178307	254.004122	761.592821	11591.894	9.319
003211	39.542066	106.224255	254.002694	762.92047	11590.48	-6.897
003231	39.531176	106.271578	253.971169	763.160778	11584.725	-10.702
003251	39.520049	106.320022	254.057422	762.916533	11581.317	-5.592
003311	39.509156	106.36768	254.037522	762.968806	11581.921	-0.33
003331	39.49878	106.41297	253.382431	763.500736	11582.075	0.84
003351	39.487921	106.460119	252.900225	764.387388	11582.117	-0.751
003411	39.476508	106.509428	252.987505	765.803403	11582.103	-0.4
003431	39.465836	106.555291	253.022862	768.025528	11580.842	5.819
003451	39.455125	106.601329	252.992836	769.204378	11584.477	6.964
003511	39.443914	106.649687	252.999103	769.000022	11590.026	0.503
003531	39.432895	106.69725	253.001641	769.280651	11584.655	-1.171
003551	39.421604	106.745621	252.999486	768.286941	11583.305	0.884
003611	39.410111	106.794479	252.999936	766.122528	11589.793	0.435
003631	39.39936	106.840212	253.000118	765.959591	11586.029	-6.081
003651	39.388399	106.886826	252.999963	765.60598	11580.805	-6.478
003711	39.376843	106.935857	252.999996	764.098183	11581.792	-0.189
003731	39.365699	106.983041	253.000006	763.87362	11583.016	-3.905
003751	39.354885	107.02871	253.000003	763.933963	11580.261	-9.415
003811	39.344083	107.074316	253.000003	763.925513	11575.3	-8.36
003831	39.333178	107.120514	252.999961	765.295083	11574.619	-3.603
003851	39.321967	107.167713	253.00008	766.057349	11574.786	2.442
003911	39.310536	107.215453	253.000052	765.929819	11574.764	7.62
003931	39.29927	107.262621	252.999442	767.625548	11579.238	9.532
003951	39.28793	107.310138	253.001111	769.711294	11582.799	5.665
004011	39.276442	107.358141	253.000726	770.900248	11582.146	0.154
004031	39.265155	107.405099	252.99223	771.798584	11581.226	3.231
004051	39.254096	107.450937	253.015476	771.885956	11583.42	11.253
004111	39.243024	107.496748	253.010113	771.088466	11589.306	15.202
004131	39.231595	107.544076	252.887367	770.139533	11595.864	7.928
004151	39.219883	107.592504	253.200483	768.05918	11597.827	-4.061
004211	39.208196	107.640668	253.899206	765.020121	11593.349	-12.458
004231	39.196949	107.686918	253.770626	763.685828	11586.682	-13.35
004251	39.1859	107.7323	253.0	764.0	11582.0	-8.0
004311	39.174374	107.779595	252.8685	763.589343	11581.54	-2.048
004331	39.162603	107.827738	253.114304	762.412473	11582.154	0.615
004351	39.151062	107.874717	253.02681	761.061162	11582.007	0.043
004411	39.140016	107.919525	252.236964	760.134148	11582.015	-0.315
004431	39.128744	107.965456	252.151027	760.117417	11581.904	0.484
004451	39.11699	108.013496	252.966708	760.050349	11581.968	0.138
004511	39.105323	108.060849	253.203139	758.421676	11582.662	-4.776
004531	39.094141	108.106024	252.705601	758.467312	11580.322	-9.92
004551	39.083051	108.150682	252.040687	759.98466	11575.389	-8.72
004611	39.071141	108.198399	251.925744	758.725139	11573.644	2.17
004631	39.059201	108.246499	252.023977	758.263338	11576.868	9.345
004651	39.047867	108.29239	252.004569	759.891251	11581.652	7.355
004711	39.036788	108.336697	251.993897	759.272764	11581.731	6.813
004731	39.025434	108.381951	252.001441	757.567882	11583.181	8.556
004751	39.013657	108.42909	252.000446	756.330921	11589.133	8.617
004811	39.001971	108.475565	251.999571	754.115374	11590.855	3.474
004831	38.990455	108.521126	252.000104	751.051255	11589.735	-0.451
004851	38.979057	108.566317	252.000032	748.353858	11589.83	0.147
004911	38.967824	108.61111	251.999967	747.313596	11590.718	-3.053
004931	38.956397	108.656292	252.000007	746.805376	11589.157	-9.736
004951	38.944626	108.702175	252.000003	745.448606	11583.592	-14.721
005011	38.933063	108.74755	251.999997	743.512751	11577.717	-12.836
005031	38.921631	108.79257	252.000001	741.532504	11574.606	-6.23
005051	38.910145	108.8375	252.000002	740.156845	11574.794	-0.624
005111	38.898848	108.881576	251.999991	739.980593	11575.32	-0.166
005131	38.887382	108.92644	252.000012	739.876536	11574.732	0.87
005151	38.875595	108.972679	252.000026	739.103701	11574.446	6.721
005211	38.864247	109.016896	251.999873	739.090553	11578.512	9.639
005231	38.85291	109.060777	252.000162	738.757517	11582.536	6.777
005251	38.84107	109.106587	252.000364	737.276456	11582.232	1.015
005311	38.829304	109.152264	251.998235	736.787147	11581.848	-0.892
005331	38.817876	109.196659	252.00225	737.048142	11581.993	0.343
005351	38.806638	109.240091	252.005067	737.030567	11581.915	0.495
005411	38.795146	109.28415	251.974803	736.928014	11582.495	-3.082
005431	38.783464	109.329004	252.024698	737.062302	11581.487	-9.319
005451	38.771804	109.374089	252.079213	738.201819	11576.817	-14.484
005511	38.760086	109.419078	251.570513	741.766751	11570.706	-13.488
005531	38.748207	109.464292	250.901478	745.579748	11566.473	-6.167
005551	38.736191	109.509942	250.853127	747.448591	11566.348	4.565
005611	38.724294	109.555233	251.56416	749.754296	11569.618	15.508
005631	38.712561	109.599887	251.980557	752.502716	11576.819	21.51
005651	38.70077	109.644601	251.329488	754.765158	11586.57	18.551
005711	38.688458	109.69126	250.884002	757.435767	11591.327	8.039
005731	38.6759	109.7389	251.0	760.0	11590.0	0.0
005751	38.663817	109.784768	251.021057	760.912276	11588.727	5.289
005811	38.651683	109.830781	250.99165	761.061183	11593.074	7.448
005831	38.6394	109.8771	251.0	761.0	11598.0	0.0
005851	38.627406	109.921906	251.00167	760.713826	11593.262	-7.133
005911	38.615315	109.967197	250.999428	761.669799	11588.991	-6.332
005931	38.603103	110.01305	250.99997	762.994447	11589.943	-0.209
005951	38.591144	110.057462	251.00005	761.865929	11590.19	0.785
010011	38.578659	110.103933	251.000113	760.689675	11589.962	-0.383
010031	38.565732	110.152248	251.000045	760.970383	11590.007	-0.053
010051	38.553405	110.197868	250.999048	761.345891	11589.798	0.832
010111	38.540853	110.244307	251.002158	760.242648	11590.483	-1.989
010131	38.528202	110.291359	251.000663	758.087168	11590.149	-7.766
010151	38.516711	110.334044	250.985979	756.853198	11584.994	-9.829
010211	38.50492	110.37759	251.026821	755.114629	11581.128	-5.455
010231	38.492254	110.424187	251.017426	753.08129	11581.834	-0.052
010251	38.479998	110.469241	250.830965	753.215271	11582.85	-4.383
010311	38.46767	110.514075	251.497613	751.863918	11579.759	-10.339
010331	38.4552	110.5596	252.0	750.0	11575.0	-9.0
010351	38.442744	110.604447	249.611418	752.557543	11574.874	-0.926
010411	38.427614	110.648351	244.691172	754.60229	11575.119	1.288
010431	38.409441	110.690466	239.081358	757.266589	11575.039	-0.602
010451	38.388367	110.730075	233.799534	762.219658	11575.081	-0.375
010511	38.363809	110.767291	228.611168	766.886146	11574.289	3.618
010531	38.33733	110.802912	225.612486	769.31967	11575.863	7.749
010551	38.310681	110.837738	225.760083	769.233157	11580.727	8.017
010611	38.284199	110.872157	226.137156	768.738096	11582.697	3.832
010631	38.257019	110.907412	225.980773	769.139002	11581.894	-0.329
010651	38.228681	110.944001	225.974502	770.444712	11581.81	-0.261
010711	38.20145	110.97912	226.010105	771.294307	11582.194	-0.32
010731	38.1749	111.0134	226.0	772.0	11582.0	0.0
010751	38.146822	111.04968	225.996281	773.6918	11581.201	5.073
010811	38.120137	111.084125	226.005628	773.453968	11584.296	9.99
010831	38.0945	111.1172	226.0	772.0	11590.0	8.0
010851	38.066545	111.153305	225.972716	773.134522	11591.444	-3.097
010911	38.039011	111.188718	226.068687	774.468655	11587.283	-10.046
010931	38.0128	111.2223	226.0	774.0	11582.0	-8.0
010951	37.986042	111.256673	225.331871	772.33684	11581.684	-3.194
011011	37.959388	111.290856	224.896443	772.451393	11581.6	2.784
011031	37.932893	111.32467	224.987743	773.95745	11581.668	6.921
011051	37.905531	111.359497	225.025771	773.074575	11587.426	4.456
011111	37.878182	111.394366	224.993878	771.80207	11589.383	-2.086
011131	37.851303	111.428719	224.997616	771.953967	11583.272	-6.897
011151	37.823719	111.463853	225.001963	771.879465	11580.994	-4.172
011211	37.796028	111.499062	224.999678	772.179489	11582.152	0.581
011231	37.769118	111.53331	224.999805	773.61405	11582.052	0.522
011251	37.742326	111.567304	225.000088	774.424951	11582.164	-1.024
011311	37.715341	111.601429	225.000024	773.818995	11581.83	0.629
011331	37.688166	111.635738	225.000186	772.352721	11581.15	6.017
011351	37.660719	111.670327	224.99925	771.860151	11585.74	5.871
011411	37.632565	111.70581	225.000184	771.991111	11589.992	-0.357
011431	37.603736	111.742236	225.003728	771.398765	11585.341	-6.256
011451	37.576605	111.776601	224.993395	770.867982	11581.119	-5.693
011511	37.551106	111.808743	224.995757	770.96691	11581.894	-0.354
011531	37.524376	111.842392	225.631259	770.616206	11582.137	0.461
011551	37.49875	111.877989	229.925262	765.340691	11581.972	-0.107
011611	37.475345	111.915736	233.648658	762.068715	11582.007	0.09
011631	37.452985	111.954427	233.992462	762.99129	11582.005	-0.024
011651	37.430795	111.992251	233.988453	761.45811	11582.048	-0.154
011711	37.408101	112.030822	234.005835	761.378546	11581.838	0.469
011731	37.385237	112.069862	233.999435	763.151843	11582.089	-0.256
011751	37.362875	112.107973	233.998879	763.940338	11582.869	-4.554
011811	37.340465	112.146206	234.000289	763.971561	11580.048	-8.304
011831	37.317649	112.185143	233.999989	763.987727	11575.144	-8.133
011851	37.294532	112.224416	234.000594	764.769171	11574.669	-3.53
011911	37.27115	112.264136	233.998496	767.556109	11574.704	2.895
011931	37.247888	112.30371	233.999108	770.829598	11574.734	7.732
011951	37.225355	112.341959	234.009433	771.057958	11579.519	8.547
012011	37.203057	112.379761	233.981252	771.54726	11582.254	7.706
012031	37.180476	112.417962	233.987753	773.819286	11581.792	7.887
012051	37.157618	112.456419	234.131057	774.557626	11586.745	9.049
012111	37.1348	112.49486	233.720022	773.324575	11590.915	5.817
012131	37.112001	112.533413	233.016403	772.004007	11590.149	0.174
012151	37.088791	112.572535	233.443131	773.111613	11589.307	0.37
012211	37.065572	112.61152	234.145129	774.007382	11590.628	-15.121
012231	37.042668	112.649929	234.097979	773.76368	11585.801	-68.315
012251	37.019798	112.688396	233.430027	776.138554	11552.305	-158.708
012311	36.996768	112.727159	232.920628	776.35997	11480.196	-241.364
012331	36.973682	112.765919	232.975211	772.455407	11380.924	-281.111
012351	36.95086	112.804135	233.025553	772.833878	11286.407	-292.093
012411	36.9274	112.843309	232.994537	777.218245	11192.448	-293.437
012431	36.902869	112.884204	232.996145	781.284713	11089.622	-294.602
012451	36.878782	112.924415	233.001959	781.640624	10991.078	-287.124
012511	36.855772	112.962886	232.999912	778.838768	10899.471	-276.687
012531	36.833494	113.000116	232.9998	776.615125	10808.475	-277.546
012551	36.811141	113.037412	232.999838	779.041574	10715.461	-289.733
012611	36.787683	113.076418	233.000077	781.98479	10616.859	-296.798
012631	36.76295	113.117391	233.00144	777.515868	10513.199	-272.83
012651	36.739878	113.155647	232.995809	769.694994	10424.372	-201.715
012711	36.7182	113.1916	233.0	766.0	10371.0	-105.0
012731	36.695139	113.229698	233.020942	771.025448	10360.926	-29.713
012751	36.671512	113.268892	232.94664	775.480725	10363.991	1.337
012811	36.648071	113.307681	232.985161	775.973618	10363.059	0.181
012831	36.624715	113.345877	233.549178	776.992725	10362.676	-0.132
012851	36.601992	113.384796	234.372838	776.127491	10363.378	-1.341
012911	36.579903	113.424614	234.983629	772.227259	10363.1	-7.638
012931	36.557765	113.463989	235.05787	767.862973	10359.274	-13.862
012951	36.535696	113.502837	234.979598	764.979753	10353.084	-13.981
013011	36.513704	113.541558	234.998827	764.015428	10348.125	-8.301
013031	36.491588	113.58038	235.004154	763.976931	10347.761	-2.962
013051	36.469985	113.618267	234.998537	763.936051	10347.618	2.756
013111	36.448593	113.655784	234.999916	763.974993	10347.84	7.856
013131	36.426195	113.694984	235.000285	765.033021	10353.423	8.509
013151	36.403569	113.73446	234.999925	766.90796	10356.371	7.822
013211	36.381309	113.773264	235.000003	768.911548	10355.903	7.99
013231	36.359182	113.81196	234.999827	770.365915	10360.504	8.027
013251	36.337266	113.850225	235.000369	771.36009	10363.226	8.012
013311	36.315325	113.888342	235.000244	771.969099	10362.766	8.014
013331	36.292754	113.927464	234.997385	772.054407	10368.035	7.835
013351	36.269817	113.967222	235.00521	771.986172	10371.331	8.333
013411	36.247048	114.006703	235.003405	772.000287	10370.768	8.218
013431	36.224814	114.045222	234.963562	771.977324	10375.944	3.934
013451	36.202769	114.083388	235.072572	772.051949	10377.002	-2.692
013511	36.180457	114.121996	235.047422	772.034616	10371.342	-7.743
013531	36.157697	114.161335	234.276478	771.41213	10371.103	-8.305
013551	36.134931	114.200662	234.111244	770.841563	10369.349	-8.231
013611	36.112521	114.239123	234.125395	770.94922	10363.388	-8.234
013631	36.09016	114.276341	231.683132	771.648491	10362.45	-3.596
013651	36.06598	114.312886	229.31312	772.076159	10362.844	1.916
013711	36.039851	114.348935	228.895406	771.982453	10362.2	5.456
013731	36.014442	114.383835	229.117627	772.163078	10365.593	8.95
013751	35.989632	114.418571	228.975758	771.949201	10371.207	7.656
013811	35.963574	114.454721	228.263018	770.075168	10372.352	-3.482
013831	35.937344	114.49088	227.895048	767.778222	10368.008	-10.312
013851	35.911845	114.526032	228.005209	765.918187	10362.855	-7.748
013911	35.886933	114.56045	228.017056	764.509879	10362.567	-2.093
013931	35.861456	114.595596	227.992132	763.476271	10363.074	1.365
013951	35.8355	114.6313	228.0	763.0	10363.0	0.0
014011	35.810177	114.666091	228.001354	763.132041	10363.71	-5.467
014031	35.785552	114.699941	227.999458	762.504399	10360.868	-9.363
014051	35.7607	114.7341	228.0	761.0	10356.0	-8.0
014111	35.734659	114.769791	228.000136	760.002419	10355.507	-2.362
014131	35.709104	114.804678	227.999863	760.384545	10356.164	0.939
014151	35.6844	114.8384	228.0	761.0	10356.0	-0.0
014211	35.659195	114.873	228.000551	760.087004	10356.165	-0.941
014231	35.633246	114.908568	227.998621	760.731083	10355.506	2.366
014251	35.6074	114.9439	228.0	763.0	10356.0	8.0
014311	35.582584	114.977899	228.007583	763.808227	10360.875	9.343
014331	35.556972	115.012844	227.980835	764.406176	10363.692	5.516
014351	35.5307	115.0486	228.0	766.0	10363.0	-0.0
014411	35.505743	115.082623	228.105613	768.228177	10363.165	-1.586
014431	35.480819	115.115784	227.696036	769.251676	10362.294	3.161
014451	35.4545	115.1499	227.0	769.0	10363.0	8.0
014511	35.426645	115.185936	226.915439	769.015887	10369.548	3.421
014531	35.399392	115.221339	227.059963	768.858024	10369.012	-2.158
014551	35.3735	115.2551	227.0	769.0	10363.0	0.0
014611	35.347938	115.28845	226.779438	770.097793	10366.422	9.178
014631	35.322249	115.321884	227.222892	767.855066	10371.831	4.11
014651	35.295905	115.3561	228.159223	763.329116	10369.559	-10.3
014711	35.268924	115.391185	228.13145	763.656862	10363.264	-2.407
014731	35.242989	115.424894	227.464267	764.497867	10367.011	2.38
014751	35.217619	115.457745	226.921488	763.591668	10370.719	-1.188
014811	35.191509	115.491435	226.946653	761.459612	10364.407	-5.431
014831	35.164314	115.526613	227.158562	760.190464	10361.944	-6.08
014851	35.137372	115.561505	227.135977	759.983679	10363.264	-5.476
014911	35.112544	115.593526	226.555608	760.007057	10360.414	-8.226
014931	35.088097	115.624866	225.950191	760.002538	10355.466	-6.967
014951	35.061433	115.65892	225.953128	760.018638	10354.961	4.552
015011	35.033892	115.694005	226.026834	759.927926	10359.194	10.374
015031	35.006938	115.728357	225.996418	760.058063	10363.317	7.267
015051	34.981124	115.761327	225.996606	760.280962	10363.2	1.807
015111	34.955573	115.793827	226.00204	758.670511	10363.264	-2.349
015131	34.929689	115.826727	225.999812	755.708404	10362.784	0.876
015151	34.903372	115.860328	225.999675	753.433317	10361.184	6.489
015211	34.876982	115.893874	226.000286	752.92971	10368.857	-26.724
015231	34.850919	115.926871	225.999907	752.942737	10359.764	-108.871
015251	34.825203	115.959503	225.999342	752.415382	10298.349	-210.724
015311	34.7989	115.992841	226.002045	755.651005	10208.15	-276.514
015331	34.771884	116.027039	225.998887	765.262358	10108.904	-298.076
015351	34.7448	116.061392	225.991116	779.63892	10007.494	-302.8
015411	34.71827	116.095176	226.032274	791.278086	9906.635	-303.106
015431	34.692018	116.128681	226.058696	798.768479	9806.412	-303.127
015451	34.66509	116.162978	225.920306	806.216628	9705.461	-302.897
015511	34.636974	116.198657	225.951113	815.108492	9604.07	-304.543
015531	34.60794	116.235435	226.732487	823.126418	9503.387	-310.545
015551	34.579255	116.271782	226.854259	826.673299	9397.774	-310.274
015611	34.551058	116.307569	226.051646	826.067671	9291.017	-298.523
015631	34.521999	116.344421	225.974572	826.058905	9197.519	-284.433
015651	34.49278	116.380928	225.888206	825.516822	9107.061	-284.971
015711	34.46438	116.417163	226.709705	821.654309	9009.187	-296.506
015731	34.437468	116.45567	231.410468	813.552756	8906.394	-294.116
015751	34.414096	116.494677	236.692277	806.741968	8811.112	-296.192
015811	34.393983	116.535094	240.230451	799.399899	8714.453	-299.434
015831	34.375459	116.577991	242.312089	785.933431	8607.399	-294.84
015851	34.358256	116.619793	243.044079	766.754023	8508.918	-308.598
015911	34.341956	116.658847	242.961107	744.909049	8416.45	-370.862
015931	34.325716	116.698122	243.417561	727.797292	8278.954	-505.493
015951	34.309933	116.737156	244.08528	717.369361	8078.025	-636.655
020011	34.294898	116.7749	244.090992	711.421836	7836.348	-679.3
020031	34.279191	116.813955	243.780289	706.604652	7610.66	-660.69
020051	34.263437	116.85304	244.204662	700.649026	7403.541	-638.321
020111	34.248477	116.890406	245.152774	693.708648	7190.867	-649.168
020131	34.232863	116.928666	243.696706	688.944285	6968.039	-664.791
020151	34.217754	116.967037	244.915421	682.037331	6745.271	-651.715
020211	34.205215	117.004113	250.931056	671.063794	6535.073	-619.231
020231	34.1949	117.041621	252.424721	664.312962	6333.23	-622.991
020251	34.184932	117.080017	251.86609	659.555624	6121.294	-631.568
020311	34.174491	117.118349	251.86613	654.050422	5898.881	-623.42
020331	34.164826	117.153728	252.014502	647.115625	5698.799	-616.639
020351	34.155336	117.188799	251.999696	640.211286	5508.303	-633.696
020411	34.14434	117.228408	252.009451	636.402301	5280.941	-642.332
020431	34.134308	117.264635	251.932658	634.346745	5063.107	-537.606
020451	34.124978	117.298566	252.110917	624.511578	4894.223	-382.339
020511	34.115356	117.333578	252.675131	602.039804	4785.025	-285.559
020531	34.105678	117.368945	253.020956	576.003078	4710.404	-299.819
020551	34.096673	117.402698	253.010395	555.341244	4620.726	-416.884
020611	34.089278	117.432661	253.526225	541.722053	4454.611	-551.537
020631	34.082588	117.461332	254.778533	526.327211	4245.282	-724.702
020651	34.074564	117.491684	252.377835	524.395492	3986.504	-754.577
020711	34.064112	117.523699	246.060992	541.156433	3718.637	-533.009
020731	34.053377	117.553338	246.602602	534.107154	3585.901	-418.391
020751	34.042727	117.582498	247.212011	523.850127	3465.363	-374.833
020811	34.032511	117.611302	247.083308	515.841732	3338.548	-353.551
020831	34.022648	117.638959	247.310828	508.033005	3228.885	-347.959
020851	34.012585	117.66598	246.382825	506.820219	3105.252	-376.197
020911	34.006183	117.695718	256.571243	507.436848	2979.838	-395.858
020931	34.002691	117.727226	265.503179	506.47687	2847.805	-393.313
020951	33.99973	117.757947	263.425865	504.342347	2709.282	-376.605
021011	33.996869	117.786888	262.467223	502.384356	2591.853	-351.231
021031	33.993985	117.815536	263.147373	502.230803	2483.319	-345.146
021051	33.991045	117.84533	263.030511	502.344747	2365.612	-368.658
021111	33.988059	117.876127	262.961695	497.807839	2237.082	-393.029
021131	33.985044	117.90687	263.010674	492.426848	2100.719	-390.722
021151	33.982116	117.936348	263.002289	487.255107	1968.895	-357.127
021211	33.979463	117.963887	262.996509	475.834682	1860.817	-319.041
021231	33.976886	117.990734	263.002061	462.780183	1763.781	-303.502
021251	33.974206	118.017988	263.00154	452.470746	1661.846	-306.063
021311	33.971511	118.045315	262.989432	442.316972	1556.045	-286.099
021331	33.968901	118.07161	263.018174	430.756644	1465.376	-259.115
021351	33.966379	118.09666	263.019267	419.370332	1390.897	-256.145
021411	33.96384	118.121689	262.855535	411.075488	1301.922	-290.298
021431	33.961335	118.146293	263.265085	394.12298	1195.09	-333.496
021451	33.959018	118.169204	263.997204	367.435907	1077.315	-351.675
021511	33.957034	118.189375	263.377651	350.612892	955.576	-331.864
021531	33.955106	118.208801	263.128973	340.439108	850.54	-304.049
021551	33.95302	118.229186	263.954593	329.629368	761.436	-291.268
021611	33.950901	118.249885	263.543097	320.401296	657.422	-286.687
021631	33.948945	118.269187	262.872726	322.70216	566.17	-308.928
021651	33.947095	118.287279	262.974103	324.663242	471.541	-298.154
021711	33.945073	118.306508	263.028999	291.455696	314.394	-147.462
021731	33.943579	118.3224	263.004854	269.585438	369.256	-255.417
021751	33.942152	118.337634	263.196671	268.633061	392.25	-423.497
021811	33.94046	118.354189	263.537267	269.643665	260.043	-442.345
021831	33.938695	118.370752	263.867045	267.127373	87.452	-348.359
021851	33.93705	118.38601	264.026407	255.59431	-10.705	-177.933
