230247	40.6434	73.8062	300.0	290.0	221.0	0.0
230307	40.650021	73.822793	292.502468	284.70738	474.967	495.759
230327	40.64988	73.842139	255.238152	335.154576	545.081	220.233
230347	40.638908	73.860889	225.72946	392.228584	641.602	305.382
230407	40.622586	73.880193	215.966911	441.349014	742.143	326.75
230427	40.599672	73.888191	184.237993	492.163216	874.11	623.013
230447	40.577392	73.87694	143.442273	501.086835	1165.173	971.942
230507	40.564055	73.849678	108.40359	496.890109	1489.19	748.58
230527	40.56429	73.817928	80.708072	523.548994	1674.616	552.26
230547	40.570697	73.783141	74.172091	549.882905	1861.23	557.769
230607	40.577808	73.746817	76.783653	574.758293	2043.387	586.04
230627	40.585209	73.710489	75.052327	594.611336	2224.861	652.389
230647	40.594354	73.672437	72.349519	593.460348	2505.477	826.659
230707	40.602877	73.634724	72.484739	583.776803	2823.174	883.68
230727	40.61452	73.598393	68.370908	585.397017	3060.505	570.394
230747	40.635223	73.569577	42.049614	620.337627	3175.727	263.072
230807	40.664664	73.557232	6.068214	657.769679	3259.372	355.136
230827	40.69943	73.554444	16.862107	676.180585	3393.431	488.29
230847	40.734532	73.55397	-8.866388	693.421842	3570.191	545.133
230907	40.768142	73.553122	-79.301275	704.246131	3769.808	577.008
230927	40.802774	73.551222	273.303368	712.14021	3960.069	585.828
230947	40.838809	73.560198	344.098112	691.905457	4158.413	567.453
231007	40.865328	73.58381	321.098392	655.612905	4339.592	623.686
231027	40.890071	73.612508	325.86152	653.083035	4543.77	686.231
231047	40.915328	73.642362	322.809456	668.488675	4764.992	680.298
231107	40.940551	73.671	316.720293	672.15121	4979.588	549.225
231127	40.960831	73.703072	301.129842	641.681047	5132.83	445.777
231147	40.970804	73.7406	282.122012	602.610875	5266.117	538.19
231207	40.976838	73.776273	284.120318	602.464111	5489.22	591.987
231227	40.984786	73.819773	283.159772	611.538923	5666.45	582.031
231247	40.992258	73.861624	282.900627	611.950234	5872.479	535.624
231307	40.998707	73.898343	283.098529	616.530722	6048.139	423.902
231327	41.005436	73.936558	282.975133	631.490417	6162.864	298.761
231347	41.013126	73.980554	282.988489	653.25875	6236.966	225.064
231407	41.020979	74.025775	283.007567	674.743368	6300.791	207.3
231427	41.028604	74.069461	282.99871	693.583327	6369.374	238.75
231447	41.036105	74.111846	282.999181	709.312346	6453.447	308.536
231507	41.043923	74.156124	283.00054	719.276163	6572.89	396.358
231527	41.052183	74.203515	282.999913	723.483287	6720.579	408.231
231547	41.060664	74.252706	283.000246	729.193063	6850.253	367.843
231607	41.068975	74.300832	283.000511	739.26268	6952.483	430.03
231627	41.076906	74.346383	282.998321	735.166482	7130.011	457.826
231647	41.084536	74.390552	283.001319	729.344008	7312.169	428.838
231707	41.092341	74.43668	283.006357	739.309048	7401.595	376.667
231727	41.101151	74.488175	282.983245	741.519921	7529.343	244.247
231747	41.109586	74.536936	283.087259	739.491443	7624.746	100.867
231807	41.117222	74.581697	283.128366	741.443463	7627.729	39.444
231827	41.125546	74.631662	282.969958	742.985225	7615.905	92.092
231847	41.13524	74.679492	288.049754	761.455641	7676.045	223.433
231907	41.150112	74.724727	295.803046	789.827666	7770.066	281.458
231927	41.169817	74.771747	300.103879	808.625938	7853.246	264.584
231947	41.189995	74.818175	300.31881	815.197522	7943.133	275.534
232007	41.209965	74.863874	299.915123	816.874392	8039.41	280.785
232027	41.229874	74.909791	300.014487	822.090963	8134.013	311.239
232047	41.250747	74.957926	299.990039	823.862949	8244.038	332.633
232107	41.272025	75.006808	300.001258	822.168502	8359.691	287.703
232127	41.292323	75.053869	300.000856	827.43913	8443.936	229.678
232147	41.312737	75.101188	300.000746	834.16042	8501.55	233.152
232207	41.333241	75.148648	299.998929	837.062968	8581.174	301.523
232227	41.353593	75.19598	299.996376	834.776817	8713.631	367.413
232247	41.375165	75.24644	300.010851	830.774108	8832.21	338.728
232307	41.396315	75.296015	299.895724	827.43447	8943.239	302.731
232327	41.416651	75.343564	299.929746	826.663068	9049.092	303.741
232347	41.436941	75.3908	300.358382	828.850951	9138.48	325.254
232407	41.456911	75.437888	299.430082	822.117633	9253.732	345.349
232427	41.475469	75.48565	295.76177	805.30561	9384.885	326.192
232447	41.491446	75.535774	291.614557	795.75455	9461.984	264.441
232507	41.505439	75.5848	291.003546	788.470911	9564.936	259.944
232527	41.518723	75.630843	291.004821	787.580772	9645.918	231.867
232547	41.533146	75.681626	290.999422	795.703904	9699.326	129.121
232607	41.547446	75.731936	291.000426	795.784736	9738.557	72.264
232627	41.561269	75.780171	291.000133	793.253038	9755.818	39.457
232647	41.575338	75.829659	290.999167	794.749083	9753.303	-8.06
232707	41.589416	75.879404	290.998514	790.063788	9753.8	-2.573
232727	41.603205	75.927711	291.008923	786.031152	9754.098	2.965
232747	41.616943	75.975893	290.985978	784.935309	9754.127	-1.489
232807	41.6309	76.025389	290.938365	785.230528	9754.769	-4.141
232827	41.645007	76.075507	291.008698	783.840987	9753.882	0.479
232847	41.659017	76.125091	291.133778	779.858551	9752.149	22.705
232907	41.672274	76.172352	290.580907	779.807303	9761.357	89.41
232927	41.68549	76.219772	290.000885	782.005746	9802.199	187.904
232947	41.699818	76.270933	290.638286	779.189417	9888.896	266.966
233007	41.713616	76.320191	291.215402	774.483874	9993.86	276.1
233027	41.726546	76.36652	290.97091	771.971344	10084.772	217.164
233047	41.739679	76.41376	290.247221	773.816284	10141.207	137.373
233107	41.75313	76.462396	289.90209	779.591377	10170.782	82.304
233127	41.766674	76.511437	290.004854	787.39666	10188.895	85.953
233147	41.780185	76.560169	290.015811	793.909558	10216.469	146.193
233207	41.794181	76.610756	289.99297	794.102366	10284.376	173.171
233227	41.808177	76.661449	290.000349	789.803668	10358.418	126.181
233247	41.821428	76.709315	290.001135	788.401521	10374.425	38.809
233307	41.835612	76.760567	289.999495	794.075225	10366.908	-9.517
233327	41.850305	76.813976	290.000025	801.180325	10362.909	-7.58
233347	41.863651	76.862969	290.000081	801.167741	10362.733	-1.433
233407	41.876797	76.910969	289.999964	802.406704	10363.029	0.735
233427	41.890384	76.9604	290.000002	806.117396	10363.023	-0.09
233447	41.904206	77.011241	290.000006	807.104849	10363.502	-1.209
233507	41.918579	77.064464	289.999998	810.515188	10361.524	3.728
233527	41.932445	77.115893	290.0	816.237949	10363.419	10.127
233547	41.94525	77.163468	290.0	819.79779	10372.086	9.962
233607	41.959661	77.217213	290.0	823.108609	10370.798	9.176
233627	41.973861	77.270233	290.0	826.509662	10375.497	0.983
233647	41.987496	77.321032	290.0	826.33541	10376.655	-10.656
233707	42.001152	77.371772	290.0	820.687471	10365.279	-15.768
233727	42.015039	77.423483	289.999999	814.307969	10361.268	-7.781
233747	42.028964	77.475077	290.000001	808.601649	10363.357	1.217
233807	42.042693	77.525424	290.000001	803.812274	10363.159	0.54
233827	42.056316	77.575398	289.999993	801.926907	10362.874	-0.418
233847	42.070234	77.626787	290.000009	803.856197	10363.027	0.08
233907	42.08443	77.679509	290.000021	810.415848	10363.016	0.022
233927	42.098041	77.730022	289.9999	821.91873	10362.971	0.051
233947	42.112035	77.781864	290.000128	824.898996	10363.027	-0.098
234007	42.126852	77.836812	290.000288	815.245713	10363.058	-0.231
234027	42.140345	77.887086	289.998603	816.935318	10362.721	1.132
234047	42.153502	77.936353	290.001782	822.359371	10363.356	-1.506
234107	42.167661	77.989442	290.004012	817.727839	10363.801	-10.78
234127	42.181536	78.041394	289.977492	811.531357	10357.586	-17.089
234147	42.194983	78.091811	289.988056	806.690568	10348.896	-14.395
234207	42.208545	78.142958	290.079778	802.218659	10346.35	-1.23
234227	42.222358	78.195145	289.850784	799.219681	10349.515	11.467
234247	42.235949	78.246724	289.12639	797.391409	10355.098	15.121
234307	42.248484	78.295335	288.330581	794.16519	10360.707	11.962
234327	42.260954	78.345144	287.93079	793.345428	10363.477	5.708
234347	42.273748	78.397231	287.985392	796.512647	10363.099	0.442
234407	42.285714	78.446082	288.02051	798.927812	10362.872	-0.53
234427	42.298334	78.497215	287.990458	800.647354	10363.042	0.123
234447	42.312022	78.552404	287.994091	802.699643	10363.016	0.002
234507	42.324505	78.603085	288.037928	804.618663	10362.927	0.182
234527	42.336626	78.652557	287.935623	806.879608	10363.114	-0.376
234547	42.349376	78.704485	287.931889	809.610362	10363.119	-0.409
234607	42.362104	78.756104	288.693106	811.89334	10362.081	4.509
234627	42.37465	78.807072	288.879592	813.337079	10364.385	8.578
234647	42.387173	78.858383	288.06972	813.952124	10370.272	7.435
234707	42.399926	78.911014	288.360702	814.036723	10371.239	5.913
234727	42.41291	78.963603	289.084562	814.005457	10371.465	7.755
234747	42.426037	79.015194	289.058659	814.038548	10376.372	9.771
234807	42.439251	79.067702	288.939926	813.720732	10380.407	-2.111
234827	42.452114	79.119532	289.032186	812.743678	10376.142	-16.963
234847	42.464511	79.169435	289.088643	811.33581	10364.774	-18.877
234907	42.477429	79.221411	288.77988	810.738436	10363.435	-14.666
234927	42.490794	79.273305	290.545081	812.510191	10357.245	-2.648
234947	42.505598	79.324182	291.909689	814.299797	10358.17	6.876
235007	42.521303	79.375307	291.99727	813.329042	10363.948	7.167
235027	42.536813	79.426956	291.999156	810.383274	10363.226	1.285
235047	42.552236	79.478596	292.000813	809.77715	10363.196	-4.362
235107	42.567597	79.529978	291.999804	809.830003	10362.27	-9.743
235127	42.582666	79.580324	291.999939	808.338033	10357.293	-14.591
235147	42.597138	79.628449	292.000062	807.146848	10350.854	-13.768
235207	42.612224	79.678713	291.999988	808.807444	10347.85	-6.776
235227	42.628042	79.731801	292.000026	811.507733	10347.483	3.956
235247	42.642994	79.782241	292.000026	812.507496	10347.261	13.935
235307	42.657737	79.83212	291.999803	817.927344	10356.559	17.581
235327	42.672866	79.883179	292.000347	821.268206	10364.539	11.869
235347	42.688477	79.93575	292.000561	819.266948	10363.564	1.576
235407	42.704117	79.988731	291.997324	820.012279	10362.393	-0.625
235427	42.719573	80.041227	292.002605	820.72985	10363.24	-0.525
235447	42.734789	80.092892	292.008345	817.111299	10363.584	-6.303
235507	42.749762	80.144253	291.964728	814.509851	10360.05	-9.843
235527	42.764908	80.196156	292.026396	813.957539	10355.514	-5.831
235547	42.780332	80.248399	292.138511	813.456179	10354.944	4.437
235607	42.794844	80.298074	291.507032	811.927129	10358.726	10.732
235627	42.808699	80.346283	291.022121	809.802573	10363.327	7.158
235647	42.82307	80.396358	291.809424	808.308067	10364.041	-4.121
235707	42.838049	80.44807	291.753838	807.864237	10360.233	-10.746
235727	42.853204	80.500312	290.949742	808.012753	10355.702	-7.227
235747	42.868006	80.551886	290.923065	808.020043	10355.199	3.467
235807	42.882379	80.60193	291.038705	807.988184	10357.995	13.346
235827	42.89676	80.65188	290.996342	808.002046	10363.723	14.527
235847	42.911575	80.703529	290.994084	808.010467	10370.327	4.615
235907	42.926286	80.75483	291.004032	807.97034	10368.55	-5.225
235927	42.94099	80.806226	290.999053	808.015893	10362.671	-7.885
235947	42.95596	80.858867	290.994107	808.126489	10362.718	-3.033
000007	42.970248	80.909037	291.017742	807.46858	10362.407	4.515
000027	42.984229	80.958379	290.990393	805.79646	10363.453	7.941
000047	42.998971	81.010931	290.92341	803.683051	10369.919	3.042
000107	43.013992	81.063608	291.180358	802.293785	10368.737	-4.264
000127	43.027761	81.114388	289.652827	800.771584	10362.664	-8.104
000147	43.038788	81.163746	284.725934	797.932519	10362.783	-6.728
000207	43.047489	81.21393	281.712865	796.333028	10361.812	-5.819
000227	43.054954	81.265858	281.770061	796.575943	10357.813	-6.421
000247	43.062507	81.31916	281.865024	797.224634	10355.609	-4.963
000307	43.070589	81.373434	281.059224	797.893263	10355.993	-0.512
000327	43.078593	81.428196	280.892323	799.271351	10355.551	4.689
000347	43.08641	81.482512	281.033448	800.250151	10357.207	10.315
000407	43.09413	81.536142	281.004006	800.868933	10362.411	15.582
000427	43.10183	81.589843	280.994988	802.612228	10368.379	17.525
000447	43.109482	81.643809	281.002604	802.590793	10375.1	10.495
000507	43.117054	81.69791	280.999757	800.84733	10377.835	-0.975
000527	43.124537	81.751626	280.99963	800.029106	10372.708	-7.098
000547	43.131916	81.803776	281.000179	800.135764	10370.79	-8.223
000607	43.139355	81.856293	280.999987	799.910985	10370.705	-8.062
000627	43.147022	81.911692	281.000007	798.486258	10364.968	-8.74
000647	43.154668	81.966919	280.999905	797.6699	10362.161	-4.971
000707	43.162014	82.020127	281.000057	796.834402	10363.039	0.303
000727	43.169158	82.072533	280.999577	794.53158	10363.122	-0.79
000747	43.176602	82.126321	280.998429	793.026601	10363.57	-6.539
000807	43.18376	82.178313	281.006684	793.783411	10359.776	-9.462
000827	43.190849	82.230824	280.993026	795.172323	10355.561	-7.176
000847	43.198273	82.286389	280.977438	795.161179	10355.797	-1.667
000907	43.20559	82.340142	281.093551	794.669422	10355.807	3.398
000927	43.212567	82.391351	280.900418	795.292492	10356.388	9.514
000947	43.219436	82.442878	280.173699	796.92591	10360.873	15.393
001007	43.226932	82.498216	279.859478	795.968944	10368.499	8.669
001027	43.234586	82.554991	280.055783	795.163154	10370.269	-1.106
001047	43.241652	82.608654	280.134346	796.969566	10363.555	-0.751
001107	43.248306	82.658404	279.132253	795.175189	10367.036	0.687
001127	43.253304	82.711147	275.58334	792.674638	10370.375	-0.581
001147	43.255532	82.769672	270.637008	793.049888	10363.632	-0.796
001207	43.255752	82.824168	269.39057	791.578362	10366.074	5.738
001227	43.255454	82.876126	270.165766	789.603275	10372.208	6.46
001247	43.255501	82.92961	270.079493	789.106167	10371.699	-4.864
001307	43.255353	82.983508	269.709619	788.190241	10367.315	-11.467
001327	43.25504	83.036955	269.879596	787.094639	10363.302	-9.008
001347	43.254838	83.089713	270.895464	786.941515	10362.892	-1.205
001407	43.254602	83.143177	270.620398	787.215941	10363.044	1.356
001427	43.254316	83.197967	269.877405	786.690962	10363.086	-0.661
001447	43.254052	83.253007	269.965895	785.2451	10363.172	-0.707
001507	43.253774	83.30598	270.009554	784.40908	10361.949	4.962
001527	43.253347	83.358311	270.033012	783.733502	10364.661	7.752
001547	43.252795	83.411738	270.063319	782.355421	10370.723	1.652
001607	43.252418	83.465469	269.463278	780.40659	10367.378	-5.851
001627	43.252086	83.517896	268.912768	778.458063	10362.237	-7.541
001647	43.251609	83.569497	268.973019	777.144122	10362.911	-1.592
001707	43.251051	83.623792	269.025965	776.682876	10362.193	5.822
001727	43.250577	83.677691	268.993737	775.383385	10364.614	7.503
001747	43.250192	83.729876	268.998063	772.547027	10370.726	1.512
001807	43.24964	83.785816	269.001864	770.267755	10367.266	-5.332
001827	43.249024	83.840344	268.999551	768.421324	10362.429	-8.312
001847	43.248499	83.889981	268.999862	766.390694	10363.218	-7.894
001907	43.247998	83.941567	269.000129	764.657696	10359.323	-9.492
001927	43.247406	83.993683	268.999975	763.922784	10355.575	-7.374
001947	43.246689	84.04465	269.000005	763.996479	10355.951	1.329
002007	43.245949	84.097672	269.000005	763.45656	10355.282	7.506
002027	43.245261	84.151814	268.999997	761.857035	10359.519	6.07
002047	43.244599	84.20407	269.0	761.05768	10362.865	-1.243
002107	43.243878	84.253498	269.0	762.520764	10357.754	-7.664
002127	43.243044	84.306055	269.000002	763.252529	10355.021	-5.079
002147	43.242174	84.360253	268.999998	762.972037	10356.151	0.392
002207	43.241372	84.411403	268.999991	763.000315	10356.239	-0.054
002227	43.24059	84.461456	269.000034	762.980562	10355.499	2.281
002247	43.239774	84.512881	268.999973	764.421841	10356.361	9.12
002307	43.238908	84.56643	268.99987	768.070947	10360.831	14.745
002327	43.238032	84.619579	269.000469	769.447938	10367.241	12.307
002347	43.237172	84.671551	268.999625	768.977817	10371.22	6.366
002407	43.236311	84.723411	268.997855	769.189868	10370.73	5.68
002427	43.235365	84.77685	269.005732	768.157491	10372.971	9.215
002447	43.234349	84.830527	268.998397	765.893339	10378.226	7.558
002507	43.23335	84.882198	268.972151	764.325278	10379.854	-7.646
002527	43.232345	84.93558	269.078971	763.912526	10373.149	-21.121
002547	43.231352	84.989063	268.977674	763.995194	10362.564	-22.786
002607	43.230381	85.038364	268.26925	763.827522	10357.095	-13.635
002627	43.229247	85.089621	267.892305	764.636797	10355.24	-1.351
002647	43.228044	85.142901	268.005337	766.052194	10356.137	8.384
002707	43.226996	85.193744	268.017345	766.338029	10360.536	13.738
002727	43.225818	85.246964	267.992404	765.256626	10365.922	15.827
002747	43.22454	85.301428	268.000345	763.962152	10371.282	14.862
002807	43.223416	85.352185	268.000578	763.521878	10376.551	10.494
002827	43.222214	85.404863	268.001349	761.64126	10378.477	4.963
002847	43.220939	85.458578	267.99949	757.785557	10377.999	-0.248
002907	43.219767	85.508302	267.990742	753.58626	10378.392	-5.305
002927	43.218427	85.560822	268.026476	750.434899	10376.32	-11.803
002947	43.217038	85.613205	267.992526	746.738639	10370.664	-17.139
003007	43.215886	85.658247	267.942493	740.739979	10363.889	-17.216
003027	43.214482	85.708299	268.672916	737.678884	10358.931	-15.807
003047	43.213004	85.761564	268.899106	736.618752	10354.149	-14.55
003107	43.211692	85.812626	268.093986	735.228834	10348.692	-9.636
003127	43.210391	85.861931	267.882197	734.1079	10345.924	5.412
003147	43.209	85.911544	268.034764	736.437099	10350.908	17.876
003207	43.207551	85.96249	268.012805	743.101197	10361.232	16.958
003227	43.206192	86.013673	267.986126	750.031995	10364.354	6.85
003247	43.20486	86.064774	268.007811	751.561315	10362.697	-0.99
003307	43.203457	86.115392	268.014142	747.540306	10362.813	-0.362
003327	43.202007	86.164536	267.933211	748.323952	10363.42	-0.116
003347	43.200335	86.21549	268.06739	752.843724	10362.672	0.449
003407	43.198663	86.270092	268.747547	755.654608	10362.121	6.429
003427	43.198118	86.322685	269.807123	756.205142	10368.761	17.01
003447	43.197992	86.373253	270.152071	754.332118	10376.21	12.191
003507	43.197723	86.423796	269.960936	747.743431	10377.633	-3.866
003527	43.197384	86.474562	269.966021	736.658305	10372.673	-14.133
003547	43.197073	86.524128	270.110881	727.971633	10366.212	-13.272
003607	43.196858	86.573069	269.86508	726.448535	10362.526	-6.136
003627	43.196675	86.622882	269.131823	730.998028	10362.752	-0.573
003647	43.196274	86.674311	268.900266	733.270739	10363.387	-0.251
003707	43.195789	86.725176	269.020561	734.596247	10362.675	0.945
003727	43.195399	86.774463	269.009132	738.170571	10362.328	6.879
003747	43.19497	86.825556	268.992839	740.693715	10367.203	8.884
003807	43.194471	86.875924	269.001476	742.533184	10371.372	7.774
003827	43.193936	86.923873	269.000656	744.672374	10370.724	7.806
003847	43.193391	86.974843	268.999484	745.191275	10374.325	8.628
003907	43.192877	87.026543	269.000109	745.030579	10378.535	7.228
003927	43.192372	87.075993	269.000058	745.190506	10378.151	1.92
003947	43.191742	87.127043	268.999962	743.825681	10378.47	-4.294
004007	43.191074	87.179283	269.000007	741.594512	10377.315	-8.592
004027	43.190481	87.230288	269.000004	740.202159	10372.163	-8.896
004047	43.189846	87.280025	268.999997	739.774491	10370.313	-4.341
004107	43.189163	87.330794	269.000001	738.570772	10371.069	0.7
004127	43.188494	87.383044	269.000003	735.207721	10370.895	0.961
004147	43.187852	87.431353	268.99999	731.079713	10371.716	-3.688
004207	43.187148	87.478985	269.00001	725.758373	10370.191	-8.708
004227	43.186339	87.530499	269.000032	717.91393	10364.326	-9.009
004247	43.185579	87.5811	268.999867	707.819117	10362.161	-4.094
004307	43.18485	87.628387	269.000138	702.996962	10363.146	0.479
004327	43.184055	87.674051	269.000446	708.099299	10363.104	0.268
004347	43.183186	87.723269	268.99815	712.984664	10362.885	-0.016
004407	43.182339	87.773629	269.001923	715.485609	10363.068	-0.164
004427	43.181553	87.82141	269.006217	718.164261	10363.192	-0.621
004447	43.180654	87.870197	268.974228	720.913736	10362.225	3.468
004507	43.179723	87.919717	269.02678	723.498748	10363.82	8.742
004527	43.17887	87.968696	269.086585	725.592356	10369.685	9.017
004547	43.177914	88.019569	268.539406	726.507487	10371.815	4.146
004607	43.176903	88.069998	267.933892	727.217747	10370.875	-0.548
004627	43.175919	88.117822	267.95797	728.640719	10370.963	-0.496
004647	43.174795	88.167643	268.027832	729.391671	10370.842	0.968
004707	43.173702	88.218392	267.995258	728.758605	10371.216	-0.845
004727	43.172791	88.267295	267.996996	727.297716	10371.726	-6.677
004747	43.171727	88.316336	268.001944	726.850868	10367.154	-8.927
004807	43.17058	88.366224	267.999716	726.984356	10362.643	-7.745
004827	43.169528	88.416254	267.999968	726.359302	10363.221	-7.538
004847	43.168377	88.465333	267.999378	724.95989	10360.199	-9.607
004907	43.167161	88.514419	268.000771	723.889044	10355.291	-6.343
004927	43.166022	88.564309	268.002556	723.932512	10355.008	5.399
004947	43.164972	88.613	267.98935	724.031442	10359.717	9.531
005007	43.163863	88.661693	268.011075	724.005968	10363.134	7.849
005027	43.16259	88.712053	268.035812	723.535871	10362.324	8.246
005047	43.16131	88.762026	267.851526	720.93363	10367.561	5.541
005107	43.160044	88.809217	268.156554	718.880042	10370.442	-1.717
005127	43.158763	88.855075	268.98951	719.043563	10363.276	-7.956
005147	43.157516	88.906474	268.451874	716.623039	10362.068	-3.649
005207	43.156177	88.957918	267.85751	714.169788	10363.226	1.554
005227	43.154768	89.005483	267.991643	713.067843	10362.983	0.21
005247	43.153455	89.051827	268.033016	711.18038	10363.683	-5.236
005307	43.152025	89.100986	267.980521	709.175555	10361.14	-9.273
005327	43.150474	89.152112	267.99656	708.028842	10356.158	-8.203
005347	43.14907	89.200095	268.059644	707.885249	10355.443	-2.602
005407	43.147634	89.247326	267.86978	708.069975	10356.195	0.784
005427	43.146168	89.295676	267.960202	708.012758	10356.011	0.047
005447	43.14501	89.34415	269.310076	707.776099	10355.97	-0.203
005507	43.144406	89.393164	270.212401	708.544096	10355.991	0.156
005527	43.144209	89.442276	270.013372	709.956438	10355.994	0.034
005547	43.143961	89.489989	269.928833	710.392401	10356.137	-0.634
005607	43.143677	89.536886	270.079827	712.103364	10355.686	1.619
005627	43.143414	89.58465	270.020787	714.90671	10355.903	7.656
005647	43.143111	89.634508	269.340961	715.696586	10359.731	13.745
005707	43.142697	89.683271	268.897177	716.674003	10365.88	14.142
005727	43.142222	89.730684	268.99409	718.892951	10370.863	8.346
005747	43.14182	89.780168	269.020924	720.549402	10371.489	2.077
005807	43.1414	89.829955	268.992655	721.124679	10370.817	-0.557
005827	43.140924	89.879036	268.999587	721.007339	10370.986	-0.021
005847	43.140462	89.92848	269.001269	720.97048	10371.112	-0.145
005907	43.139972	89.976784	268.999998	721.018503	10370.814	0.558
005927	43.139428	90.024646	269.000132	721.00346	10370.946	0.182
005947	43.138849	90.074833	268.996839	720.938732	10372.076	-5.748
010007	43.138193	90.124065	269.007315	721.134366	10368.368	-7.473
010027	43.137529	90.171863	269.002255	721.041094	10363.032	-0.47
010047	43.137004	90.221609	268.954472	719.663699	10367.357	7.742
010107	43.136405	90.270381	269.102416	718.84662	10372.638	4.31
010127	43.13573	90.318681	269.031445	719.00475	10371.24	-7.59
010147	43.13497	90.370737	267.777339	718.759613	10365.02	-9.616
010207	43.132617	90.420486	265.715469	720.072093	10361.956	-4.755
010227	43.128798	90.467687	264.045788	721.060379	10362.949	-0.13
010247	43.124991	90.51712	263.838119	717.911137	10363.183	0.446
010307	43.121395	90.564805	264.057097	715.265922	10362.927	-0.125
010327	43.117696	90.611258	264.00329	715.020485	10362.993	0.002
010347	43.113615	90.662292	263.988182	713.910557	10363.073	-0.201
010407	43.109701	90.71118	264.004539	712.30591	10362.861	0.515
010427	43.105994	90.757371	264.000371	711.051904	10362.958	0.161
010447	43.101919	90.808369	263.996427	710.231033	10363.833	-5.291
010507	43.098005	90.856909	264.006455	709.935813	10360.938	-8.73
010527	43.094386	90.901495	264.001908	709.996276	10356.102	-8.016
010547	43.09051	90.949934	263.961791	710.013899	10356.541	-8.464
010607	43.086494	90.999241	264.085826	710.020478	10353.52	-6.42
010627	43.0825	91.047195	264.026346	710.902441	10348.03	-0.34
010647	43.078504	91.095746	263.213005	713.586452	10352.54	5.831
010707	43.074495	91.144633	263.218277	715.436347	10356.584	8.428
010727	43.070497	91.192854	263.992571	715.898276	10355.86	7.992
010747	43.066535	91.239947	263.342909	717.714166	10360.11	8.69
010807	43.062426	91.288475	263.176986	719.619868	10363.743	6.266
010827	43.058211	91.338327	263.986661	720.848894	10363.079	0.441
010847	43.054205	91.385818	263.361833	722.762533	10363.008	-1.339
010907	43.050142	91.433666	263.154638	724.688613	10362.688	1.657
010927	43.045918	91.483427	263.97357	725.910096	10362.767	7.374
010947	43.041802	91.532754	263.498749	726.641302	10367.281	13.121
011007	43.037572	91.582157	262.864088	727.236128	10373.224	15.038
011027	43.033142	91.631868	262.983174	727.119702	10377.634	9.156
011047	43.028779	91.68067	263.028658	725.143693	10379.89	-5.869
011107	43.024482	91.728863	262.995332	723.663694	10374.646	-19.309
011127	43.020141	91.77771	263.002118	723.135221	10363.867	-23.126
011147	43.015678	91.82823	262.96646	720.778394	10358.318	-18.888
011207	43.011244	91.877308	263.070562	718.018852	10353.767	-12.768
011227	43.007009	91.92418	263.04648	716.164796	10348.298	-8.393
011247	43.002814	91.97205	262.069782	714.833819	10347.808	-4.027
011307	42.997148	92.019401	260.138436	715.786834	10347.345	3.666
011327	42.989663	92.065839	258.220547	718.58931	10347.029	13.459
011347	42.981944	92.114066	257.826717	719.493703	10356.006	17.935
011407	42.974295	92.162595	257.99212	718.717334	10364.42	11.92
011427	42.966602	92.209649	257.906597	718.60398	10363.673	0.996
011447	42.959057	92.256342	258.647688	721.272349	10361.935	3.515
011507	42.951387	92.30413	258.884853	723.486082	10364.955	9.104
011527	42.943408	92.35336	258.076268	723.107063	10370.54	7.325
011547	42.935365	92.402891	258.021284	722.742878	10370.998	6.725
011607	42.927446	92.451534	257.809841	723.234447	10371.937	8.761
011627	42.919725	92.498772	257.027153	723.969448	10377.15	8.958
011647	42.9121	92.545414	257.538774	723.568829	10379.21	0.242
011707	42.904153	92.593906	257.946933	722.860754	10377.033	-10.831
011727	42.895903	92.644	257.136894	722.917	10372.231	-15.188
011747	42.888134	92.690926	256.87054	723.323546	10365.833	-11.389
011807	42.880259	92.738443	257.031227	722.536111	10362.806	-7.481
011827	42.871989	92.788411	257.009658	721.003373	10363.38	-8.03
011847	42.864405	92.834114	256.990705	722.431335	10358.885	-5.592
011907	42.856855	92.879484	257.002242	724.300794	10356.166	3.44
011927	42.848723	92.928342	257.000693	724.086962	10361.545	14.051
011947	42.840753	92.976285	256.999333	723.953368	10368.24	13.071
012007	42.832766	93.024145	257.000161	723.947003	10371.394	6.092
012027	42.824533	93.072985	257.00005	723.250539	10371.008	1.031
012047	42.816465	93.120278	256.999952	721.764407	10371.687	-4.594
012107	42.808317	93.168167	257.000012	720.933242	10369.716	-8.908
012127	42.800014	93.217372	257.000004	721.082504	10363.829	-8.706
012147	42.792162	93.263419	256.999996	719.987734	10362.22	-3.514
012207	42.784274	93.309321	257.000002	718.782389	10363.188	0.651
012227	42.776023	93.357428	257.000002	718.890001	10363.058	0.201
012247	42.768068	93.403821	256.99999	719.366382	10362.944	-0.193
012307	42.75984	93.451469	257.000015	718.492199	10363.014	0.045
012327	42.751162	93.501349	257.000023	716.302838	10363.005	0.011
012347	42.743236	93.546995	256.999863	715.715542	10362.99	0.005
012407	42.735154	93.593739	257.000207	716.068404	10363.009	-0.025
012427	42.726382	93.644422	257.000326	716.020842	10363.013	-0.043
012447	42.71844	93.689919	256.998091	715.981866	10362.923	0.26
012507	42.710708	93.734087	257.002964	716.001359	10363.12	-0.405
012527	42.702339	93.782027	257.011137	715.988209	10363.449	-1.521
012547	42.693901	93.830073	256.988229	716.009731	10362.525	1.672
012607	42.685727	93.876215	256.982502	715.376921	10362.294	7.598
012627	42.677555	93.922441	257.098139	712.674479	10368.3	5.216
012647	42.669304	93.969213	256.80776	710.617855	10370.209	-2.95
012707	42.660891	94.01681	256.079025	710.909337	10363.754	-8.033
012727	42.652196	94.0658	255.870335	711.02143	10362.068	-3.855
012747	42.643892	94.112265	256.092056	708.934722	10363.252	0.895
012807	42.636024	94.155855	256.076182	705.393539	10363.047	0.194
012827	42.627538	94.202627	255.461233	703.834898	10362.985	-0.31
012847	42.619183	94.24956	257.007873	702.138217	10362.928	0.204
012907	42.612398	94.294608	261.36252	698.567211	10362.907	0.162
012927	42.608216	94.34189	264.698634	695.099639	10363.917	-1.866
012947	42.605598	94.390285	265.974633	692.431351	10363.564	-5.276
013007	42.602911	94.436905	265.543888	690.644637	10359.124	-8.318
013027	42.600061	94.482513	264.893324	689.890401	10355.423	-6.777
013047	42.597344	94.52868	264.967005	689.961387	10355.829	-0.879
013107	42.594579	94.575492	265.031753	690.065927	10356.12	1.018
013127	42.591748	94.622287	264.99234	689.940433	10356.04	-0.534
013147	42.588882	94.668966	264.997629	689.915914	10356.115	-0.599
013207	42.585947	94.716464	265.002291	690.785014	10355.262	4.439
013227	42.583039	94.762988	264.999433	692.643217	10357.186	8.57
013247	42.58021	94.807859	264.999779	694.673079	10362.267	7.452
013307	42.577342	94.854054	265.000183	695.306067	10362.908	6.421
013327	42.57441	94.90135	264.999969	694.903449	10363.69	7.303
013347	42.571442	94.948287	264.999977	694.774399	10369.468	8.383
013407	42.568461	94.994816	265.000013	695.863994	10371.611	5.558
013427	42.565443	95.041839	264.999998	697.102924	10371.083	-1.126
013447	42.562372	95.089779	264.999999	697.096854	10371.849	-7.326
013507	42.559322	95.136796	265.0	696.944549	10366.952	-6.137
013527	42.556226	95.184304	265.000001	697.007404	10363.166	1.223
013547	42.553061	95.233309	265.000003	697.007023	10369.045	7.509
013607	42.550137	95.278257	264.999989	696.995769	10371.945	5.685
013627	42.547246	95.322195	265.000009	697.000731	10370.965	-0.889
013647	42.544043	95.370448	265.000044	697.001468	10371.393	-5.915
013707	42.540809	95.417882	264.999841	696.99621	10368.515	-12.652
013727	42.53762	95.463971	265.000127	697.002832	10361.915	-14.383
013747	42.534413	95.51098	265.000614	697.013535	10356.326	-4.195
013807	42.531259	95.557526	264.997781	696.951174	10358.427	5.815
013827	42.528127	95.603368	265.001772	697.038963	10363.447	7.63
013847	42.524916	95.649422	265.00938	697.206295	10363.479	1.995
013907	42.521595	95.696459	264.970894	696.231884	10362.761	-0.926
013927	42.518274	95.743673	265.01584	694.92525	10363.022	0.087
013947	42.515076	95.789791	265.126396	694.885529	10363.034	0.132
014007	42.511851	95.835695	264.532665	695.057733	10362.983	-0.067
014027	42.508449	95.883057	264.009172	694.994467	10363.002	0.006
014047	42.504886	95.932128	264.707439	694.990454	10363.002	0.01
014107	42.501524	95.978483	265.142904	695.008458	10362.999	-0.005
014127	42.498339	96.023188	264.993271	694.998717	10363.0	0.0
014147	42.49507	96.070406	264.978648	694.980775	10363.0	0.001
014207	42.491833	96.118149	265.007833	695.052825	10363.0	-0.0
014227	42.488639	96.164917	265.00007	694.985164	10363.0	0.0
014247	42.485377	96.211089	265.008083	694.742117	10363.0	0.0
014307	42.482101	96.257849	264.973288	695.82996	10363.0	-0.0
014327	42.478837	96.304937	265.007703	696.999722	10363.0	0.0
014347	42.475531	96.351441	265.134508	695.746868	10363.0	0.0
014407	42.47208	96.39891	264.568683	694.500667	10363.0	-0.0
014427	42.4686	96.4464	264.0	695.0	10363.0	0.0
014447	42.465316	96.491552	264.732705	696.708953	10363.0	0.0
014507	42.462061	96.536904	264.827031	696.437358	10363.0	-0.0
014527	42.4587	96.5837	264.0	695.0	10363.0	0.0
014547	42.455247	96.630774	263.903647	696.199608	10363.0	0.0
014607	42.451751	96.677473	264.038223	697.306075	10363.0	-0.0
014627	42.4483	96.7234	264.0	697.0	10363.0	0.0
014647	42.444926	96.76891	263.992259	696.818392	10363.0	0.002
014707	42.441344	96.816838	264.002835	697.316774	10363.001	-0.003
014727	42.437584	96.86647	264.000204	697.986867	10363.0	-0.001
014747	42.434015	96.913523	263.998432	697.914229	10362.996	0.021
014807	42.430523	96.959068	264.002497	698.388336	10363.009	-0.047
014827	42.426978	97.004709	264.000719	699.915802	10363.003	-0.015
014847	42.42342	97.050861	263.985687	701.438517	10362.942	0.293
014907	42.419929	97.098138	263.965086	702.263945	10363.128	-0.647
014927	42.415413	97.145527	261.767536	703.071734	10362.956	0.221
014947	42.408046	97.191061	255.749758	704.817553	10362.657	7.09
015007	42.398211	97.23602	253.028626	705.199499	10367.363	9.982
015027	42.387503	97.281575	253.036755	705.013007	10371.705	6.34
015047	42.376999	97.327979	253.011387	705.094148	10371.249	0.607
015107	42.36646	97.374483	252.988927	704.056023	10370.575	0.079
015127	42.355977	97.42017	253.002845	702.637258	10371.385	-1.062
015147	42.345596	97.465005	253.001142	702.015178	10371.544	-6.989
015207	42.335003	97.510324	252.997304	702.145928	10366.671	-9.647
015227	42.324292	97.556169	253.003074	701.708599	10362.309	-6.488
015247	42.313824	97.601339	253.004596	700.251683	10362.785	-0.765
015307	42.303915	97.644244	252.972546	699.538474	10363.22	0.761
015327	42.293778	97.687811	253.033141	700.356365	10362.956	-0.153
015347	42.282971	97.733816	253.074051	701.857832	10362.98	-0.069
015407	42.27255	97.778375	252.519038	701.445383	10363.016	0.057
015427	42.262328	97.82215	251.936799	699.630472	10362.997	-0.009
015447	42.251728	97.867224	251.95978	698.215088	10362.998	-0.006
015507	42.240942	97.912868	252.026803	697.910628	10363.001	0.004
015527	42.230144	97.958519	251.995256	697.971154	10363.0	-0.0
015547	42.219436	98.00386	251.996013	697.807705	10362.999	0.001
015607	42.208898	98.048461	252.001977	698.762141	10363.001	-0.004
015627	42.19833	98.092869	251.999815	700.074746	10362.999	0.002
015647	42.187514	98.137878	251.999717	700.110088	10362.994	0.019
015707	42.176805	98.182819	252.000142	699.959027	10363.018	-0.061
015727	42.166118	98.227832	251.999987	699.996138	10362.99	0.033
015747	42.155214	98.273211	251.99998	699.934213	10362.923	0.266
015807	42.144573	98.317385	252.000011	700.235823	10363.249	-0.862
015827	42.134178	98.360675	251.999999	699.937474	10362.935	0.225
015847	42.123623	98.404664	251.999998	698.236505	10361.883	6.615
015907	42.112856	98.449305	252.000001	698.734873	10366.557	6.31
015927	42.102065	98.493916	252.0	699.976611	10370.932	-0.26
015947	42.091461	98.537896	252.0	697.852079	10364.829	-1.665
020007	42.080843	98.581736	252.0	696.944555	10364.698	3.544
020027	42.070056	98.626033	252.0	696.923271	10371.203	8.004
020047	42.059151	98.670804	252.0	693.675599	10371.509	3.273
020107	42.048468	98.714578	251.999999	690.532485	10371.22	-3.3
020127	42.037862	98.757895	252.0	688.931106	10370.866	-8.254
020147	42.026935	98.802424	252.000003	687.222306	10365.707	-13.317
020207	42.016035	98.846744	251.999992	684.00775	10360.344	-16.01
020227	42.005372	98.890157	252.000002	680.912688	10355.725	-14.854
020247	41.994849	98.93317	252.000038	680.695682	10349.822	-10.489
020307	41.984251	98.976146	251.99989	681.19513	10347.333	-4.917
020327	41.9736	99.019	252.0	681.0	10348.0	0.0
020347	41.963038	99.061591	252.000548	680.652527	10347.688	4.287
020407	41.952272	99.104918	251.998618	681.93984	10349.358	13.513
020427	41.9413	99.1489	252.0	684.0	10356.0	23.0
020447	41.930461	99.192335	252.008043	684.149133	10366.683	20.449
020507	41.919855	99.23504	251.982565	684.109761	10372.3	9.644
020527	41.909241	99.277739	251.994675	684.054063	10371.084	0.227
020547	41.898249	99.321377	252.107287	682.06949	10370.522	-0.146
020607	41.887336	99.364587	251.731731	680.63551	10371.587	-1.674
020627	41.876548	99.407514	251.02263	680.967334	10371.158	-7.757
020647	41.86537	99.452037	250.91337	681.370263	10365.918	-9.669
020707	41.854136	99.496539	251.026791	680.367599	10362.239	-5.885
020727	41.843261	99.539493	251.003388	678.999156	10362.903	-0.344
020747	41.83281	99.58111	250.993344	680.24341	10363.204	0.635
020807	41.822249	99.623022	251.001809	680.815622	10362.922	-0.11
020827	41.811266	99.666094	251.000375	679.18011	10362.961	0.041
020847	41.800141	99.709505	250.999526	678.863221	10363.224	-0.547
020907	41.789004	99.753072	251.000138	678.872779	10362.625	1.109
020927	41.777881	99.796718	251.000048	678.120658	10362.399	5.898
020947	41.766766	99.840079	250.999962	678.007531	10366.793	8.79
021007	41.755772	99.882805	251.000008	677.864918	10371.911	5.36
021027	41.744956	99.924858	251.000007	676.696678	10372.344	-3.652
021047	41.734145	99.966747	250.999997	675.158601	10368.34	-8.929
021107	41.723317	100.008631	250.999999	674.073961	10363.448	-7.56
021127	41.712574	100.050362	251.000001	673.843437	10362.431	-3.135
021147	41.701789	100.092184	251.0	672.350131	10363.046	0.716
021207	41.690907	100.134097	251.0	668.798142	10362.88	0.835
021227	41.68013	100.175507	250.999999	666.493664	10363.808	-4.15
021247	41.669247	100.217424	251.000001	665.975329	10361.891	-6.844
021307	41.658078	100.260508	251.000003	666.068107	10356.488	-2.182
021327	41.64693	100.303154	250.999991	665.633016	10358.609	1.902
021347	41.635899	100.345088	251.000005	664.961173	10363.016	-0.65
021407	41.624899	100.387021	251.000037	664.941661	10358.311	-7.802
021427	41.613901	100.428955	250.999882	665.025699	10354.402	-2.845
021447	41.6029	100.470898	251.000064	664.99953	10356.422	8.765
021507	41.591938	100.512747	251.000514	665.01432	10361.514	9.754
021527	41.581151	100.553868	250.998334	664.941878	10363.671	4.68
021547	41.570242	100.595207	251.000435	665.015646	10362.978	-0.169
021607	41.558894	100.637879	251.007978	665.288785	10363.097	-1.193
021627	41.547892	100.679271	250.980348	664.220682	10362.506	2.248
021647	41.537151	100.719729	250.994562	662.990269	10362.852	7.756
021707	41.525803	100.762245	251.10805	664.395795	10368.017	10.232
021727	41.514448	100.804679	250.730629	664.686443	10372.35	3.629
021747	41.503448	100.845846	250.02232	663.048928	10371.207	-7.612
021807	41.492483	100.886986	249.921027	663.003935	10365.584	-10.081
021827	41.481647	100.927518	250.027902	662.53732	10362.227	-5.422
021847	41.470578	100.968657	250.001622	661.049386	10362.955	-0.156
021907	41.458705	101.012659	249.993777	660.814455	10363.172	0.597
021927	41.447528	101.054222	250.001932	661.050446	10362.947	-0.185
021947	41.437181	101.092788	250.000249	661.002052	10362.993	-0.023
022007	41.425774	101.134963	249.999458	661.045199	10363.013	0.046
022027	41.414281	101.177384	250.000237	660.904044	10362.996	-0.012
022047	41.403293	101.21804	250.00014	660.895293	10362.999	-0.003
022107	41.391674	101.260921	249.99912	662.153525	10363.001	0.003
022127	41.380395	101.302351	250.001495	663.193605	10363.0	-0.0
022147	41.369865	101.340943	250.002012	663.053015	10363.0	0.001
022207	41.358615	101.382383	249.988439	662.952398	10363.002	-0.005
022227	41.347091	101.424645	250.017398	663.006435	10362.998	0.008
022247	41.335872	101.465424	250.027351	662.994401	10362.997	0.012
022307	41.324339	101.507602	249.839614	663.051702	10363.02	-0.07
022327	41.312957	101.549345	250.249838	662.919355	10362.97	0.103
022347	41.302054	101.58908	251.004826	663.041284	10363.015	-0.052
022407	41.290944	101.629272	250.357689	664.451334	10363.279	-0.965
022427	41.279378	101.671236	249.852976	665.217548	10362.2	3.166
022447	41.267505	101.714352	250.00729	664.98987	10363.226	8.041
022507	41.255739	101.756741	250.023745	664.978271	10369.68	3.714
022527	41.244494	101.797144	249.989436	664.976513	10369.1	-4.438
022547	41.233436	101.836929	250.000526	665.010311	10362.801	-7.938
022607	41.221915	101.878384	250.001743	665.190462	10362.39	-2.689
022627	41.210403	101.919635	249.999134	664.355046	10363.155	1.559
022647	41.198917	101.960685	250.000068	662.948255	10363.024	-0.204
022707	41.1871	102.002971	250.000656	662.6642	10363.629	-5.585
022727	41.175439	102.044541	249.998433	663.74013	10360.757	-9.993
022747	41.164141	102.08469	250.00043	665.038594	10355.819	-7.62
022807	41.152937	102.124597	250.007438	665.148339	10354.835	3.527
022827	41.141384	102.165733	249.978924	664.867434	10358.556	10.495
022847	41.129728	102.207128	250.005948	665.02499	10363.145	7.683
022907	41.118459	102.247044	250.103473	665.739549	10363.694	0.921
022927	41.106774	102.288391	249.657201	666.103429	10362.039	2.388
022947	41.094814	102.330669	248.979731	665.994972	10363.228	8.089
023007	41.083324	102.371188	248.92714	665.985054	10369.572	4.19
023027	41.071473	102.412915	249.028532	665.997891	10369.339	-4.138
023047	41.0594	102.4553	249.0	666.0	10363.0	-8.0
023107	41.048039	102.494965	248.994818	666.050607	10362.279	-2.827
023127	41.03631	102.535959	249.00206	665.869266	10363.287	1.006
023147	41.0242	102.5784	249.0	666.0	10363.0	0.0
023207	41.012754	102.618439	248.999545	667.289936	10362.937	-0.222
023227	41.000947	102.659598	249.000142	668.191378	10363.02	0.07
023247	40.988528	102.702757	249.000027	668.03795	10363.004	0.013
023307	40.976715	102.74371	248.999966	667.93861	10362.995	-0.017
023327	40.965302	102.783259	249.00001	668.041592	10363.001	0.005
023347	40.953613	102.823751	249.000003	668.042529	10363.0	0.001
023407	40.941313	102.866256	248.999997	667.772246	10363.0	-0.001
023427	40.929118	102.908383	249.000001	668.361579	10363.0	0.0
023447	40.917439	102.948696	249.0	670.407102	10363.0	-0.0
023507	40.905495	102.989635	249.0	672.545425	10363.0	0.001
023527	40.893393	103.031152	249.0	672.761936	10363.0	-0.001
023547	40.881532	103.072101	249.0	671.156778	10363.001	-0.003
023607	40.869828	103.11227	249.0	671.74082	10362.996	0.013
023627	40.857859	103.153135	249.0	673.140215	10363.004	-0.013
023647	40.845428	103.195631	249.0	673.018665	10363.013	-0.041
023707	40.833116	103.237823	248.999999	673.394897	10362.948	0.171
023727	40.820968	103.279257	249.000001	674.073173	10363.054	-0.178
023747	40.808817	103.320336	249.000003	674.034644	10363.197	-0.645
023807	40.796843	103.36093	248.999991	674.053936	10362.294	2.902
023827	40.784895	103.401477	249.000005	673.957567	10363.36	8.462
023847	40.772711	103.442565	249.000037	673.252405	10368.984	9.833
023907	40.760433	103.483935	248.999884	672.841994	10372.358	2.377
023927	40.748176	103.525338	249.000064	673.036778	10370.644	-7.726
023947	40.735898	103.566816	249.00076	673.33294	10366.048	-10.06
024007	40.72336	103.608887	248.999448	672.772681	10362.607	-5.782
024027	40.710734	103.650955	248.998311	671.306913	10362.629	-0.355
024047	40.699015	103.690268	249.006921	670.8437	10363.772	-2.697
024107	40.687393	103.729225	248.992822	670.989062	10362.308	-9.04
024127	40.674873	103.770763	248.976798	670.876245	10357.297	-9.725
024147	40.662475	103.812102	249.096185	671.791694	10354.624	-0.619
024207	40.65023	103.853037	248.897684	673.256699	10356.824	9.276
024227	40.637797	103.894344	248.164862	673.984518	10361.877	9.497
024247	40.625605	103.934758	247.896115	673.782831	10363.867	3.223
024307	40.613438	103.975048	248.017714	674.271387	10362.686	0.255
024327	40.600955	104.016359	248.011263	675.907003	10362.283	6.045
024347	40.588485	104.057714	247.992537	674.90364	10366.53	10.459
024407	40.575982	104.099121	248.001276	672.683761	10371.732	6.298
024427	40.563302	104.140894	248.000822	671.577523	10372.014	-4.614
024447	40.550699	104.182358	247.999403	668.758617	10367.16	-8.6
024507	40.538386	104.222899	248.000052	665.834156	10362.837	-6.884
024527	40.526349	104.262507	248.000079	665.324545	10363.32	-7.385
024547	40.514113	104.302519	247.999962	663.681424	10360.496	-8.738
024607	40.50178	104.342799	248.000003	660.741573	10355.73	-7.693
024627	40.489685	104.382531	248.0	659.484397	10355.651	-2.652
024647	40.477371	104.422736	248.000016	661.660646	10355.829	2.918
024707	40.464769	104.46354	247.999995	665.121406	10356.098	8.303
024727	40.452179	104.504253	247.99991	666.060405	10360.255	13.99
024747	40.439529	104.545105	248.000257	665.940692	10366.507	13.854
024807	40.42687	104.586041	247.999927	666.008546	10371.125	7.639
024827	40.414373	104.626625	247.998737	665.78173	10371.467	1.367
024847	40.402021	104.666608	248.003584	663.255001	10370.622	0.059
024907	40.389792	104.706065	247.998988	660.998861	10371.066	-0.161
024927	40.377661	104.745283	247.982402	662.714821	10372.023	-5.969
024947	40.365488	104.784478	248.049916	661.770469	10367.771	-8.324
025007	40.352958	104.824659	247.985933	660.071176	10362.972	-9.236
025027	40.340208	104.865552	247.959618	662.973349	10363.257	-12.34
025047	40.328259	104.903774	249.048103	660.774393	10355.737	1.12
025107	40.315124	104.945896	248.406607	660.582496	10361.038	2.486
025127	40.3025	104.986138	247.7125	661.385998	10361.553	-4.327
025147	40.290595	105.023937	248.077092	659.615672	10355.643	-7.953
025207	40.278265	105.063282	248.900664	655.312614	10355.618	-3.016
025227	40.265922	105.102514	248.684354	657.48079	10355.648	4.104
025247	40.253544	105.141798	247.968963	663.391979	10356.327	8.199
025307	40.240724	105.182688	248.051583	665.068477	10361.534	8.273
025327	40.227626	105.224188	247.580461	669.001061	10363.109	7.966
025347	40.214739	105.26465	246.999205	674.357661	10363.294	7.947
025407	40.202286	105.303688	247.64935	674.95243	10368.947	6.702
025427	40.189292	105.344715	248.335804	671.787242	10372.188	4.868
025447	40.175972	105.386954	248.301777	667.571876	10371.326	2.134
025507	40.163561	105.426092	247.544325	665.175011	10371.372	-2.747
025527	40.1514	105.4641	247.0	665.0	10371.0	-8.0
025547	40.13784	105.506383	247.738538	666.061186	10365.503	-9.402
025607	40.124766	105.547161	247.825034	671.341282	10362.092	-5.212
025627	40.1125	105.5855	247.0	679.0	10363.0	0.0
025647	40.099454	105.626383	246.902046	683.091664	10363.385	-0.246
025707	40.086226	105.667696	247.043186	684.528864	10362.363	2.072
025727	40.0732	105.7081	247.0	684.0	10363.0	8.0
025747	40.059986	105.748909	246.964174	681.481369	10368.549	9.516
025807	40.046276	105.79139	247.075873	681.803561	10371.878	5.186
025827	40.0326	105.834	247.0	684.0	10371.0	0.0
025847	40.019827	105.873843	246.596393	682.351208	10370.678	0.133
025907	40.007014	105.913552	248.01903	680.09136	10371.485	-1.768
025927	39.9938	105.9542	247.0	679.0	10371.0	-8.0
025947	39.980699	105.994364	241.068648	676.828712	10366.37	-12.983
030007	39.967572	106.034526	260.15644	670.728846	10360.42	-13.615
030027	39.954342	106.074872	260.929685	670.310449	10356.392	-9.321
030047	39.941169	106.114857	150.196715	691.554339	10355.786	-2.223
030107	39.927963	106.155223	131.432457	695.591249	10356.102	1.396
030127	39.914665	106.196056	231.755538	676.920595	10355.992	0.381
030147	39.901363	106.236501	261.425429	670.762533	10356.171	-0.981
030207	39.888343	106.276064	243.435617	673.582002	10355.711	1.235
030227	39.875493	106.315422	245.616903	673.807266	10355.448	6.842
030247	39.862004	106.356587	248.105665	675.919736	10359.505	9.532
030307	39.848148	106.398679	246.741319	680.07151	10363.545	6.815
030327	39.834543	106.439957	246.818837	683.528032	10363.252	1.067
030347	39.821291	106.480153	247.602758	684.290088	10362.739	-1.172
030407	39.808101	106.519986	248.02268	683.938723	10362.973	-0.177
030427	39.794615	106.560388	247.458377	685.152343	10362.982	0.397
030447	39.781092	106.60097	246.895715	686.100418	10363.095	-0.421
030507	39.767785	106.641125	246.978409	685.930271	10363.111	-0.403
030527	39.75454	106.680866	247.027107	687.335621	10362.153	4.413
030547	39.741007	106.72134	246.992444	689.94096	10364.586	9.149
030607	39.727024	106.763231	246.998377	691.892386	10370.41	8.58
030627	39.712869	106.805679	247.002491	691.807166	10371.734	3.16
030647	39.699228	106.846418	246.998505	692.663572	10370.79	-0.67
030707	39.685956	106.885879	246.998871	694.898128	10370.949	-0.114
030727	39.671801	106.9281	247.007771	693.764033	10371.118	-0.049
030747	39.657644	106.970193	246.986628	691.241531	10370.87	0.353
030807	39.644058	107.010389	246.985823	690.072402	10370.875	0.418
030827	39.630119	107.051924	247.106302	689.911969	10371.922	-4.656
030847	39.616381	107.092789	246.801585	690.023905	10369.293	-8.686
030907	39.603115	107.131951	246.073646	690.004497	10363.463	-8.082
030927	39.589404	107.172499	245.908904	689.997866	10363.215	-8.365
030947	39.575402	107.213826	246.025197	689.994402	10361.464	-6.972
031007	39.561408	107.254915	246.005216	689.99255	10356.187	-1.137
031027	39.547297	107.296337	245.99346	690.058154	10359.36	6.226
031047	39.533161	107.337746	246.001809	689.897726	10363.851	6.952
031107	39.519175	107.378624	246.000374	689.891205	10363.178	0.695
031127	39.505433	107.418925	245.99953	691.180219	10362.765	-0.814
031147	39.491643	107.459284	246.00013	692.14799	10363.086	0.142
031207	39.477614	107.500141	246.000027	691.996321	10363.039	-0.056
031227	39.463521	107.541232	245.999966	692.270834	10362.784	0.728
031247	39.449516	107.581993	246.000009	691.416908	10363.353	-1.466
031307	39.435594	107.62241	246.000002	689.222288	10363.372	-7.297
031327	39.421571	107.66325	245.999998	688.73405	10358.943	-9.563
031347	39.407454	107.704203	246.000001	689.057612	10355.351	-6.246
031407	39.393319	107.744976	246.0	688.995709	10355.873	-0.585
031427	39.379218	107.785836	245.999999	689.313164	10356.099	0.961
031447	39.365213	107.826243	246.000002	690.554067	10356.078	-0.684
031507	39.35129	107.866104	246.000002	691.934638	10356.124	-0.567
031527	39.337306	107.906368	245.999986	691.696314	10355.011	5.467
031547	39.323087	107.947292	246.000025	692.824034	10357.835	7.259
031607	39.308733	107.98839	246.000027	696.490216	10362.962	0.856
031627	39.29463	108.02884	245.9998	699.00731	10358.779	-1.773
031647	39.280329	108.0698	246.00035	700.532446	10356.667	1.845
031707	39.265752	108.11137	246.000372	702.581389	10362.432	7.467
031727	39.251614	108.151641	245.997213	705.863842	10362.953	8.635
031747	39.237094	108.193067	246.004869	708.903169	10364.44	7.866
031807	39.221865	108.236472	246.005174	710.759237	10370.456	8.014
031827	39.20707	108.278302	245.961183	712.310443	10371.083	7.655
031847	39.192671	108.319104	246.067818	713.167589	10372.105	8.672
031907	39.178055	108.360716	246.072071	713.056924	10377.37	8.726
031927	39.162771	108.403746	245.277391	712.756104	10379.211	-0.371
031947	39.147977	108.445393	245.17018	713.397479	10376.816	-11.139
032007	39.133954	108.485121	245.976823	714.844704	10371.897	-15.056
032027	39.119086	108.526894	245.408926	715.437344	10365.793	-12.023
032047	39.103754	108.569948	245.110112	716.642438	10362.392	-5.729
032107	39.088748	108.612292	245.933832	718.755207	10362.831	-0.573
032127	39.07414	108.653348	245.58562	719.055584	10363.165	0.521
032147	39.059442	108.694457	244.883244	719.265673	10362.955	-0.107
032207	39.044468	108.736298	244.963867	720.774764	10362.979	-0.004
032227	39.029772	108.77743	245.034901	721.21704	10363.065	-0.172
032247	39.014838	108.819095	244.991383	720.940241	10362.917	0.31
032307	38.999353	108.861973	244.996668	720.965887	10362.848	0.596
032327	38.984122	108.903942	245.002607	721.081643	10363.719	-3.847
032347	38.96899	108.945938	244.999462	720.9131	10362.055	-8.823
032407	38.953746	108.988716	244.999759	720.810347	10356.896	-8.737
032427	38.938978	109.029842	245.000201	722.276842	10355.456	-4.572
032447	38.924035	109.071184	244.999965	724.357516	10355.923	1.118
032507	38.908292	109.114714	244.999967	725.603983	10355.233	5.74
032527	38.892695	109.157401	245.000014	726.446736	10358.606	7.691
032547	38.877435	109.198996	244.999999	727.016603	10363.08	8.028
032607	38.862107	109.241235	244.999998	727.08438	10362.405	8.534
032627	38.847125	109.282422	245.000001	726.873302	10366.176	6.07
032647	38.832132	109.323401	245.0	727.030963	10370.992	-0.391
032707	38.816401	109.366508	245.0	728.208694	10365.728	-7.281
032727	38.800787	109.409375	244.999999	730.088455	10361.83	-5.64
032747	38.785649	109.450854	245.0	732.093699	10363.073	0.123
032807	38.770547	109.492039	245.000003	733.619338	10363.488	-0.548
032827	38.754899	109.534799	244.999991	734.150846	10362.044	3.435
032847	38.738795	109.578681	245.000003	733.990972	10363.252	7.902
032907	38.722811	109.621731	245.000046	733.944033	10370.059	-1.293
032927	38.707076	109.664301	244.999861	734.139194	10367.806	-12.396
032947	38.691442	109.70694	244.999877	734.782087	10357.456	-14.913
033007	38.675657	109.749819	245.00066	736.119235	10354.629	-6.443
033027	38.659892	109.792393	244.999017	737.239955	10356.333	1.199
033047	38.644245	109.834466	244.998458	738.462227	10356.106	0.354
033107	38.628412	109.87688	245.00904	742.286672	10355.878	-0.236
033127	38.612374	109.919837	244.986351	745.654358	10356.059	-0.102
033147	38.59617	109.963324	244.978533	747.332772	10356.062	-0.271
033207	38.579762	110.007327	245.125896	752.348981	10355.67	2.785
033227	38.563628	110.050418	244.801793	756.839034	10356.535	9.129
033247	38.547974	110.092033	244.041151	757.603398	10360.445	14.294
033307	38.532153	110.134116	244.424156	759.568632	10367.524	9.897
033327	38.515847	110.177985	244.976604	763.370576	10370.814	-1.048
033347	38.498849	110.223005	243.165704	765.894774	10364.706	-7.823
033407	38.480392	110.265196	238.408439	764.905922	10361.909	-4.857
033427	38.459933	110.304895	234.612948	762.686375	10363.189	0.636
033447	38.437715	110.344487	234.785698	762.556072	10363.139	0.478
033507	38.415194	110.384313	234.776419	764.279012	10362.923	-0.305
033527	38.392869	110.424178	233.947862	766.121098	10363.004	0.038
033547	38.370539	110.463849	233.920178	766.334819	10362.982	0.138
033607	38.348209	110.50345	234.040188	765.20651	10363.088	-0.336
033627	38.326235	110.542317	233.996186	763.906222	10362.95	0.175
033647	38.304776	110.580066	233.993468	763.315264	10362.561	1.496
033707	38.282763	110.618967	234.002887	762.36707	10364.209	-4.107
033727	38.260062	110.659213	233.999855	760.932146	10362.66	1.157
033747	38.237322	110.699306	233.999475	759.99682	10356.696	51.237
033807	38.21442	110.7396	234.000213	760.381775	10381.883	152.166
033827	38.191802	110.779365	234.000012	761.013965	10457.032	254.597
033847	38.170178	110.817266	233.999955	760.065886	10567.849	278.265
033907	38.1481	110.856016	234.000014	760.73952	10662.089	228.833
033927	38.125333	110.895993	234.000002	765.349455	10716.662	174.313
033947	38.103521	110.933989	233.999997	772.448133	10761.825	198.221
034007	38.081595	110.972063	234.000001	776.89174	10836.726	212.374
034027	38.058603	111.012094	234.0	776.313478	10931.297	154.988
034047	38.035181	111.052932	234.0	773.994709	10973.416	85.082
034107	38.011937	111.093422	234.0	772.139425	10973.756	31.741
034127	37.989305	111.132731	234.0	771.920259	10972.051	5.55
034147	37.966993	111.171457	234.0	771.859464	10973.248	-0.892
034207	37.944602	111.210374	234.0	771.751704	10973.042	-0.14
034227	37.922006	111.249638	234.0	774.107016	10973.122	-0.507
034247	37.899275	111.288993	234.0	776.419749	10972.725	1.16
034307	37.876474	111.32831	234.0	776.858321	10972.545	7.01
034327	37.853526	111.367926	233.999999	778.158751	10976.757	9.677
034347	37.830291	111.407949	234.000001	779.042914	10980.628	6.403
034407	37.806735	111.448368	234.000002	778.846393	10980.221	0.622
034427	37.783148	111.488945	233.999991	780.621281	10979.626	0.098
034447	37.760634	111.527683	234.000014	782.189048	10980.335	-1.116
034507	37.738986	111.564812	234.000022	781.953256	10980.472	-7.079
034527	37.715669	111.604782	233.999869	782.990448	10976.234	-8.956
034547	37.69169	111.645885	234.000199	784.203984	10972.362	-5.643
034607	37.668552	111.685493	234.00043	784.09542	10972.702	-0.923
034627	37.645713	111.724472	233.998262	783.932693	10973.21	0.59
034647	37.622596	111.763874	234.00129	784.009753	10972.97	-0.065
034707	37.59899	111.804103	234.006172	784.014206	10972.957	-0.01
034727	37.575348	111.844242	233.977734	783.972869	10973.08	-0.188
034747	37.551617	111.884485	234.01775	784.01861	10972.946	0.178
034807	37.527684	111.925154	234.085749	784.087542	10972.746	0.882
034827	37.504314	111.964681	233.608626	783.68525	10973.914	-3.857
034847	37.482038	112.002194	232.923215	784.253783	10972.263	-8.025
034907	37.460149	112.039117	232.834756	786.56327	10965.876	-2.907
034927	37.435812	112.080325	233.5274	786.589265	10967.355	5.065
034947	37.410816	112.122624	233.985681	784.866132	10973.361	7.831
035007	37.388259	112.160573	233.283168	784.591289	10973.511	2.344
035027	37.365318	112.199048	232.867343	786.011413	10972.88	-1.643
035047	37.341425	112.2392	233.012395	786.975314	10972.938	0.447
035107	37.31804	112.278638	233.018969	785.581875	10972.333	6.104
035127	37.294968	112.317423	232.990476	784.695302	10975.686	9.34
035147	37.271886	112.356073	233.00089	785.045452	10980.248	7.623
035207	37.248532	112.395164	233.001362	785.201772	10980.276	2.326
035227	37.224462	112.435374	232.999316	784.266811	10980.208	-3.143
035247	37.200326	112.475666	233.000064	781.650937	10979.792	-8.621
035307	37.177047	112.514534	233.000098	777.967676	10975.475	-14.249
035327	37.153822	112.553001	232.999951	776.640051	10969.124	-13.416
035347	37.130475	112.59155	233.000005	776.991229	10964.798	-7.4
035407	37.107269	112.630124	233.000007	776.264805	10964.862	-2.121
035427	37.083665	112.669293	232.999996	776.029898	10964.499	3.49
035447	37.059953	112.708475	233.0	777.1673	10965.356	8.345
035507	37.03676	112.746787	233.000001	778.793224	10971.082	9.187
035527	37.013505	112.785265	233.0	778.470173	10973.963	4.705
035547	36.990137	112.823921	233.0	776.948068	10972.944	-0.101
035607	36.966969	112.862133	233.0	776.760057	10972.648	0.265
035627	36.943584	112.900733	233.0	777.413626	10973.661	-2.257
035647	36.919916	112.939857	233.0	779.133298	10972.828	-8.251
035707	36.896287	112.978862	233.0	782.514771	10967.31	-9.968
035727	36.872787	113.01753	233.0	785.36486	10963.673	-2.952
035747	36.84899	113.056584	233.0	787.078918	10965.175	8.505
035807	36.824389	113.09691	233.0	788.552735	10970.19	14.845
035827	36.799599	113.137367	232.999999	789.284082	10976.398	12.893
035847	36.775862	113.175948	233.0	790.07504	10980.046	7.848
035907	36.753609	113.212109	233.000003	792.143598	10979.341	7.22
035927	36.729535	113.251311	232.999993	793.336778	10982.654	5.687
035947	36.703823	113.293232	232.999994	793.063215	10987.938	0.819
040007	36.680178	113.331732	233.000041	792.856599	10983.82	-4.462
040027	36.657359	113.368736	232.999941	793.119686	10979.758	-9.505
040047	36.633669	113.407067	232.999909	793.165677	10980.654	-14.185
040107	36.609901	113.445693	233.000566	791.626951	10972.746	-17.127
040127	36.586128	113.484343	232.999475	789.695877	10964.078	-13.444
040147	36.56208	113.523247	232.998328	789.491845	10964.49	-2.724
040207	36.537706	113.562579	233.00691	792.209726	10965.007	3.685
040227	36.513205	113.602095	232.992824	795.499073	10965.36	9.873
040247	36.488801	113.641492	232.976799	796.797819	10970.376	20.913
040307	36.464491	113.680842	233.096183	797.382	10980.614	22.746
040327	36.44026	113.720003	232.897685	796.65796	10989.006	12.105
040347	36.41617	113.758656	232.164865	793.909617	10989.057	-3.946
040407	36.392353	113.796597	231.896101	791.214419	10984.676	-13.906
040427	36.368191	113.835168	232.017729	789.862585	10978.771	-14.451
040447	36.343375	113.875066	232.01131	789.384824	10973.712	-9.408
040507	36.319157	113.91379	231.992344	787.293342	10973.069	-6.466
040527	36.295607	113.951277	232.001477	784.54889	10972.449	-8.938
040547	36.271944	113.989036	232.001473	783.701925	10966.948	-14.22
040607	36.24745	114.028113	231.996709	785.553402	10961.051	-13.757
040627	36.222534	114.067807	232.00296	787.018788	10957.535	-6.025
040647	36.198118	114.106666	232.010429	785.573884	10957.245	4.74
040707	36.174669	114.143967	231.963454	784.555159	10960.526	12.261
040727	36.151206	114.18119	232.029003	785.16672	10965.812	15.246
040747	36.126792	114.219865	232.140004	787.438698	10971.122	15.47
040807	36.102787	114.258163	231.331184	792.961791	10976.477	13.26
040827	36.077876	114.296003	229.753564	797.218342	10980.389	6.584
040847	36.050647	114.333838	228.329266	795.727259	10980.783	-4.588
040907	36.024412	114.369756	227.728827	794.64977	10977.409	-12.152
040927	35.999308	114.404564	228.113891	795.006064	10972.235	-15.413
040947	35.973329	114.440611	228.915313	794.815959	10967.1	-16.339
041007	35.946017	114.478539	228.673174	795.985133	10960.725	-9.422
041027	35.919382	114.515487	227.934914	796.970559	10958.254	1.454
041047	35.894636	114.549654	227.940602	795.539433	10963.446	7.552
041107	35.867605	114.586868	228.027017	794.58595	10965.533	6.968
041127	35.839674	114.625356	228.001907	795.14976	10965.178	9.123
041147	35.814154	114.660596	228.027522	795.582621	10969.892	20.335
041207	35.788352	114.696089	227.88702	792.509127	10980.225	22.655
041227	35.761571	114.73283	228.092781	788.641077	10988.679	13.228
041247	35.734858	114.76955	228.895342	788.935964	10988.669	2.242
041307	35.708514	114.805846	228.685006	792.741573	10987.505	-0.774
041327	35.681824	114.842469	227.933021	794.935314	10988.155	-0.221
041347	35.654454	114.879699	227.937343	791.127166	10988.561	-5.283
041407	35.62836	114.915158	228.034465	784.813937	10985.459	-13.026
041427	35.602927	114.949771	227.996508	777.931324	10978.891	-14.332
041447	35.576797	114.985296	228.001865	769.704577	10973.154	-7.698
041507	35.55161	115.019426	227.979469	757.617466	10975.519	-14.966
041527	35.527092	115.052766	228.017626	742.733191	10970.639	-17.113
041547	35.502383	115.08632	227.885377	728.865387	10957.413	5.363
041607	35.478244	115.118196	227.140847	722.864589	10969.824	15.592
041627	35.453813	115.150135	226.893145	734.264273	10975.635	7.106
041647	35.428454	115.183359	227.022087	750.026303	10972.203	-0.04
041707	35.402374	115.217554	227.009934	753.319175	10972.099	6.753
041727	35.376771	115.250805	226.99158	744.342008	10977.352	6.403
041747	35.35127	115.28386	227.002539	735.891739	10979.606	-2.388
041807	35.32552	115.317458	227.00286	736.548302	10974.221	-8.339
041827	35.300611	115.349871	226.98898	737.523844	10971.796	-1.586
041847	35.275134	115.382917	227.013465	741.971929	10973.628	10.773
041907	35.248169	115.417871	227.030112	753.259835	10978.064	17.504
041927	35.222141	115.451491	226.819232	762.188468	10987.758	16.439
041947	35.197178	115.483678	226.757243	767.953061	10996.054	7.404
042007	35.17205	115.516184	227.471902	774.371708	10991.849	-8.828
042027	35.146414	115.549359	227.981227	773.481564	10979.488	-21.202
042047	35.120557	115.582591	226.777952	754.094523	10973.788	-15.995
042107	35.093857	115.616763	226.020759	734.077367	10972.967	-5.232
042127	35.066747	115.651467	226.852398	727.500528	10972.977	-0.478
042147	35.042003	115.683227	226.691134	726.46319	10973.023	0.247
042207	35.01808	115.71389	225.906024	727.370404	10972.988	-0.009
042227	34.992389	115.746649	225.93405	730.617653	10972.968	0.097
042247	34.966135	115.780104	226.070566	735.630987	10973.128	-0.509
042307	34.940596	115.812532	225.960171	739.47925	10972.868	0.566
042327	34.916108	115.843449	225.888307	740.074614	10972.572	5.874
042347	34.891548	115.874649	226.550122	740.149298	10975.484	12.88
042407	34.866124	115.907105	226.973113	742.905609	10981.251	14.449
042427	34.839715	115.940726	226.238253	748.594941	10986.876	8.854
042447	34.813031	115.974543	225.737218	751.501856	10989.048	7.6
042507	34.786987	116.007462	226.16119	749.090538	10987.445	-17.262
042527	34.7618	116.039347	226.967237	743.366564	10982.453	-80.97
042547	34.736181	116.071955	226.475164	740.489393	10969.79	-125.219
042607	34.710623	116.104585	225.646692	739.987641	10922.029	-180.891
042627	34.68666	116.135108	226.940944	737.076889	10801.085	-331.141
042647	34.6617	116.166882	227.888395	726.664003	10648.794	-459.687
042707	34.634659	116.201347	226.137915	711.311739	10514.529	-463.789
042727	34.610912	116.231427	225.753012	701.457391	10351.644	-511.705
042747	34.587825	116.260554	226.068742	693.630657	10164.829	-580.515
042807	34.563175	116.291674	226.003188	684.794005	9964.954	-627.588
042827	34.538875	116.32237	226.05367	678.776256	9746.979	-673.546
042847	34.516109	116.351134	225.862727	678.914818	9514.845	-718.091
042907	34.493511	116.37974	225.907303	681.161373	9268.726	-753.261
042927	34.468574	116.41143	227.038846	678.317231	9006.033	-776.903
042947	34.4463	116.4401	227.0	686.0	8748.0	-797.0
043007	34.42455	116.47158	234.332325	680.669541	8475.954	-790.748
043027	34.4052	116.5073	239.0	676.0	8222.0	-766.0
043047	34.389117	116.544414	244.681042	665.481238	7977.904	-442.442
043107	34.375881	116.576664	244.368815	659.540344	7865.78	-338.257
043127	34.360794	116.613977	243.987839	680.93423	7771.396	-323.686
043147	34.34486	116.652227	243.435559	688.0642	7660.198	-312.038
043207	34.329655	116.688245	243.247794	673.45984	7558.289	-297.647
043227	34.314934	116.72415	244.194316	662.06494	7464.917	-285.243
043247	34.300733	116.759457	244.039212	652.811969	7367.666	-289.47
043307	34.286401	116.795433	243.958671	650.476571	7270.72	-289.28
043327	34.272159	116.83097	243.997586	648.950782	7176.188	-292.827
043347	34.258195	116.865575	243.985424	644.523632	7079.459	-303.959
043407	34.244145	116.900711	244.127497	642.579505	6972.098	-305.553
043427	34.229896	116.935156	243.797293	641.297755	6870.544	-306.218
043447	34.216123	116.969542	245.214719	633.409882	6775.099	-310.927
043507	34.2044	117.0069	252.0	616.0	6660.0	-301.0
043527	34.195131	117.041055	252.871914	614.784018	6562.14	-265.165
043547	34.186308	117.074016	251.654823	595.254515	6487.931	-273.641
043607	34.1771	117.1075	252.0	557.0	6401.0	-351.0
043627	34.16827	117.139811	252.063865	540.015241	6256.782	-454.609
043647	34.16009	117.170045	251.972021	531.036346	6085.647	-542.753
043707	34.152	117.1998	252.0	520.0	5898.0	-587.0
043727	34.143314	117.231139	252.0222	512.170094	5683.616	-581.064
043747	34.135486	117.259268	251.958334	505.985746	5501.371	-557.088
043807	34.12811	117.286168	252.111609	504.575356	5329.128	-535.935
043827	34.119935	117.31598	252.12456	508.667191	5131.476	-514.686
043847	34.111829	117.344562	250.874651	507.557188	4978.85	-486.768
043907	34.103758	117.373698	251.903199	501.713612	4824.7	-455.567
043927	34.096167	117.403464	254.340302	492.938911	4669.869	-474.508
043947	34.089482	117.431478	253.967423	487.671043	4535.677	-589.261
044007	34.082238	117.460797	254.87243	505.092098	4280.307	-710.073
044027	34.075382	117.488401	252.460561	538.633125	4032.522	-672.345
044047	34.066916	117.516715	247.036811	569.243602	3854.876	-537.872
044107	34.054256	117.551276	245.762924	585.244638	3644.532	-508.116
044127	34.041659	117.585736	246.659361	584.748851	3466.013	-479.83
044147	34.03028	117.617663	247.471969	573.258613	3332.705	-429.89
044207	34.018619	117.648225	246.348103	561.396945	3210.187	-411.054
044227	34.008556	117.679183	250.136683	550.648274	3070.855	-442.511
044247	34.004	117.7114	264.0	536.0	2911.0	-468.0
044307	34.001054	117.742455	263.86397	531.171869	2758.867	-417.502
044327	33.99803	117.774163	262.899062	539.339723	2625.275	-397.459
044347	33.994803	117.806564	263.056446	537.348293	2497.101	-419.983
044407	33.991541	117.838791	262.997321	525.571908	2354.153	-433.224
044427	33.988454	117.870219	262.993335	524.357655	2194.198	-381.583
044447	33.985444	117.901637	262.996902	534.839178	2081.384	-291.522
044507	33.98234	117.933614	263.001826	540.761996	2015.79	-218.787
044527	33.979065	117.96595	263.034634	523.786454	1945.417	-206.711
044547	33.975877	117.99739	262.90018	497.550603	1875.093	-223.506
044607	33.973073	118.026253	263.02828	475.063188	1801.958	-261.864
044627	33.970701	118.052075	263.834543	461.6117	1707.122	-333.817
044647	33.968112	118.078942	263.763874	458.239417	1579.55	-396.851
044707	33.965261	118.107075	262.974688	453.386742	1432.713	-435.655
044727	33.962619	118.133371	262.916968	435.110349	1288.077	-456.345
044747	33.960167	118.157982	263.038646	423.478303	1128.975	-423.192
044807	33.95778	118.181896	262.997607	405.180754	985.389	-347.095
044827	33.955411	118.20549	262.984016	355.047185	902.808	-284.959
044847	33.953246	118.226887	263.031205	325.901559	817.394	-279.096
044907	33.951306	118.246034	262.991816	327.112806	710.818	-299.23
044927	33.949399	118.264752	262.976782	322.596248	614.592	-290.213
044947	33.947425	118.283504	263.795092	304.333857	521.391	-289.114
045007	33.945898	118.299245	263.734335	277.58432	415.981	-221.692
045027	33.944281	118.315727	262.984326	266.857174	358.357	-190.006
045047	33.942128	118.335355	263.059123	273.787651	346.731	-274.2
045107	33.940457	118.351124	263.065955	266.37403	270.837	-290.057
045127	33.939102	118.364579	263.030911	252.361068	163.531	-266.688
045147	33.937878	118.377402	262.998071	240.088795	59.782	-236.618
