221258	40.6257	73.7828	211.0	299.0	91.0	0.0
221318	40.612511	73.792629	208.683202	287.576584	396.807	677.113
221338	40.599532	73.802032	210.245632	315.707395	526.375	333.608
221358	40.584865	73.811861	201.192555	348.130058	637.333	281.216
221418	40.566555	73.809714	158.392867	425.063526	713.604	342.385
221438	40.550392	73.789173	123.323278	482.122071	880.086	663.118
221458	40.545963	73.756834	86.764213	518.036877	1152.204	877.555
221518	40.556209	73.723454	53.502679	536.020261	1453.385	831.966
221538	40.575113	73.702136	34.536288	540.838298	1707.454	777.443
221558	40.598904	73.678435	36.435368	548.674186	1980.711	733.407
221618	40.620801	73.657088	37.23546	558.008584	2210.713	656.261
221638	40.642225	73.636491	35.612786	571.387168	2405.927	610.785
221658	40.665877	73.61393	35.850726	587.120378	2604.753	623.694
221718	40.69099	73.589957	36.905465	597.367665	2829.015	604.006
221738	40.714198	73.56582	36.631299	615.421036	3023.924	482.371
221758	40.738216	73.542679	36.050312	645.46361	3143.308	332.891
221818	40.77074	73.52476	-7.022795	672.834901	3221.213	315.453
221838	40.805758	73.520332	-109.580903	698.291895	3329.658	329.139
221858	40.841729	73.524664	55.586456	711.799678	3465.626	396.17
221918	40.875011	73.538579	361.085391	703.901351	3622.784	510.443
221938	40.900544	73.567427	289.292733	693.074273	3799.866	593.979
221958	40.922671	73.600655	293.386014	699.871248	3988.613	621.652
222018	40.944454	73.636005	312.891874	699.967777	4196.854	530.687
222038	40.967226	73.671284	309.379298	707.248937	4352.484	587.264
222058	40.985115	73.710745	292.773462	690.771435	4599.5	755.531
222118	40.994949	73.75401	278.338396	665.48537	4881.222	773.208
222138	41.00103	73.796583	280.152841	667.877064	5077.783	797.632
222158	41.007153	73.839072	282.735597	651.784728	5367.536	835.743
222218	41.013921	73.880287	281.975725	621.946106	5706.423	809.903
222238	41.019869	73.918945	282.130142	614.158248	5926.219	645.655
222258	41.025886	73.95877	281.277171	616.044639	6104.129	516.862
222318	41.032212	73.999819	281.100141	618.147353	6271.232	485.47
222338	41.038308	74.039407	282.898713	621.427592	6419.229	488.489
222358	41.044417	74.079332	280.501365	623.416172	6606.338	459.049
222418	41.051647	74.120335	287.811468	626.558447	6690.54	235.756
222438	41.0691	74.154	316.0	642.0	6774.0	375.0
222458	41.095298	74.178589	330.29757	655.576166	6910.586	468.586
222518	41.125228	74.198412	331.808203	665.837452	7053.703	396.443
222538	41.155258	74.218523	332.380205	676.743314	7161.756	281.658
222558	41.183788	74.246905	315.854558	679.154529	7231.067	173.381
222618	41.199914	74.282493	292.529947	668.422915	7279.792	172.923
222638	41.210162	74.324285	286.400827	676.983696	7340.77	187.983
222658	41.219994	74.368465	288.11158	696.385459	7406.68	176.405
222718	41.230448	74.412207	286.947554	711.094129	7462.472	155.782
222738	41.24169	74.458211	288.532867	728.41663	7510.295	145.313
222758	41.252406	74.50717	284.698599	742.492914	7555.231	123.17
222818	41.257788	74.556341	270.968716	749.010725	7594.992	80.284
222838	41.252793	74.602963	261.011982	756.200479	7616.83	49.941
222858	41.244786	74.653022	258.319189	758.411318	7620.128	23.725
222918	41.23857	74.700023	263.744624	758.221228	7630.386	138.567
222938	41.240547	74.749906	280.660976	772.19763	7713.032	262.983
222958	41.253058	74.801394	291.511077	788.352842	7806.296	302.57
223018	41.270368	74.850138	292.993573	796.514951	7894.505	305.09
223038	41.28602	74.89662	293.522204	797.272456	8010.419	307.292
223058	41.301627	74.945552	294.09818	799.773552	8118.345	299.996
223118	41.318706	74.997449	294.008659	807.123071	8200.869	293.814
223138	41.334564	75.045712	294.079634	809.838798	8301.487	340.096
223158	41.349973	75.093033	293.805485	806.037095	8429.487	398.064
223218	41.365916	75.142079	293.070918	798.980606	8573.277	430.113
223238	41.381619	75.190238	292.939749	793.285005	8717.417	453.383
223258	41.397134	75.237953	292.968241	785.886623	8872.706	451.88
223318	41.412674	75.285862	292.944194	776.914415	9031.812	412.431
223338	41.428093	75.333178	293.451964	773.617649	9154.183	351.745
223358	41.443085	75.380973	292.213218	770.158449	9255.196	310.748
223418	41.458349	75.428048	292.877795	765.829203	9357.539	310.69
223438	41.476364	75.46982	305.352779	771.569598	9462.514	324.999
223458	41.500519	75.50856	314.758837	775.466296	9580.068	293.915
223518	41.529501	75.546743	315.425598	773.029417	9688.659	213.706
223538	41.558741	75.584943	314.611667	771.039324	9745.783	126.217
223558	41.586463	75.622592	314.80392	771.405467	9755.615	55.906
223618	41.612845	75.658461	315.119041	772.639455	9753.241	14.351
223638	41.6387	75.6933	315.0	774.0	9754.0	-0.0
223658	41.665383	75.729361	314.680473	775.426106	9754.134	-0.913
223718	41.693884	75.76699	315.703305	776.251839	9753.955	0.308
223738	41.721279	75.805202	312.859272	773.026521	9754.005	-0.033
223758	41.742416	75.844773	300.557605	763.259853	9753.998	0.014
223818	41.75748	75.889789	289.409739	755.052162	9754.001	-0.005
223838	41.769343	75.938534	286.221818	756.029606	9754.002	-0.01
223858	41.779969	75.988149	286.958352	763.527502	9754.0	-0.0
223918	41.79085	76.036569	287.147536	773.077879	9754.0	0.001
223938	41.802073	76.085608	286.947982	778.682419	9754.0	-0.001
223958	41.81343	76.136158	286.997008	779.039764	9754.0	-0.0
224018	41.824815	76.186802	287.010632	777.969051	9754.0	0.001
224038	41.835985	76.236236	286.996176	776.046641	9754.001	-0.003
224058	41.846951	76.284851	286.999758	776.753886	9754.0	-0.001
224118	41.858046	76.334627	287.001316	785.08794	9753.996	0.016
224138	41.869519	76.386283	286.998483	792.547559	9754.009	-0.035
224158	41.881219	76.438797	286.999601	794.923498	9754.003	-0.011
224218	41.892659	76.490071	287.007788	796.472473	9753.945	0.217
224238	41.903756	76.54011	286.982588	797.079184	9754.123	-0.488
224258	41.914745	76.589893	286.994659	796.983235	9754.038	-0.15
224318	41.925974	76.640518	287.10771	797.749499	9753.238	5.056
224338	41.937276	76.691853	286.730745	797.803015	9755.904	9.262
224358	41.948446	76.743064	286.022325	797.015638	9760.85	8.18
224418	41.959476	76.793432	285.921035	797.166507	9761.435	3.128
224438	41.97069	76.844458	286.027839	796.37702	9761.07	-2.214
224458	41.982039	76.896321	286.0016	795.009696	9761.07	-7.647
224518	41.993085	76.94738	285.994331	796.089707	9757.619	-14.661
224538	42.004046	76.997965	286.001999	797.42127	9750.409	-11.568
224558	42.015142	77.049018	286.000115	797.957952	9745.922	-0.382
224618	42.026343	77.101106	285.999593	799.239099	9751.86	1.591
224638	42.037513	77.15308	286.000143	800.445763	9752.327	-1.116
224658	42.048552	77.204255	286.000008	800.982194	9746.077	-0.228
224718	42.059472	77.25513	285.999971	801.17805	9750.411	6.199
224738	42.07048	77.306585	286.00001	800.645411	9755.128	6.652
224758	42.081731	77.359233	286.0	799.999506	9754.065	0.227
224818	42.093122	77.412674	286.000001	800.622375	9753.757	-0.842
224838	42.103968	77.463834	285.999992	801.018575	9754.114	0.395
224858	42.114189	77.512298	285.999978	800.429105	9754.087	0.297
224918	42.124586	77.561587	286.000023	799.920649	9753.982	-0.059
224938	42.135692	77.614224	286.000033	799.97676	9753.994	-0.016
224958	42.147377	77.669974	285.999807	800.014416	9754.01	0.003
225018	42.158486	77.723335	286.000291	800.008641	9753.992	0.018
225038	42.168688	77.772456	286.000548	800.0251	9753.987	0.041
225058	42.179535	77.824449	285.9974	799.871698	9754.059	-0.203
225118	42.19061	77.877676	286.003305	800.169609	9753.925	0.26
225138	42.20116	77.928809	286.007437	800.950628	9753.831	0.585
225158	42.21185	77.980501	285.963928	800.695446	9754.819	-3.837
225218	42.222539	78.032189	286.046002	801.519081	9752.918	-8.826
225238	42.233032	78.083204	286.103574	805.047588	9747.018	-8.742
225258	42.243892	78.136119	285.372597	808.364545	9745.409	-4.52
225318	42.25478	78.189318	285.089801	810.403087	9745.894	1.548
225338	42.265285	78.240798	285.910192	812.243378	9745.462	6.995
225358	42.275821	78.292342	285.627431	816.158182	9749.907	9.564
225418	42.286634	78.345499	284.896392	819.517649	9754.675	6.615
225438	42.2976	78.399896	284.953922	820.549523	9754.381	0.56
225458	42.308257	78.452716	285.036436	823.474999	9753.291	2.409
225518	42.319066	78.506186	284.992098	826.482885	9754.701	9.867
225538	42.330326	78.562005	284.995649	826.977724	9759.475	14.78
225558	42.341146	78.615941	285.007676	827.241809	9765.673	12.787
225618	42.351452	78.667444	284.99298	826.645523	9769.495	6.243
225638	42.36175	78.718794	284.98516	824.48583	9769.253	0.639
225658	42.372568	78.772836	285.071022	823.03532	9768.632	0.113
225718	42.383325	78.827811	284.909623	821.461843	9769.292	-0.801
225738	42.393826	78.88116	284.796585	819.249824	9769.596	-5.998
225758	42.40553	78.93345	286.337389	819.285778	9765.221	-7.852
225818	42.418171	78.985273	288.098718	818.75228	9760.827	-6.941
225838	42.430866	79.03723	288.151072	814.55675	9761.291	-7.399
225858	42.443809	79.090308	287.924149	811.732929	9758.558	-8.977
225918	42.456779	79.143315	288.007086	809.652202	9753.699	-7.538
225938	42.469333	79.19449	288.010834	804.807827	9753.414	-1.276
225958	42.481759	79.245447	287.994593	801.286513	9754.712	-1.47
230018	42.494129	79.296596	288.000488	799.872764	9753.706	-8.786
230038	42.506371	79.347439	288.00061	798.495935	9748.65	-14.571
230058	42.518789	79.398929	288.000148	797.438247	9742.042	-13.024
230118	42.531477	79.4515	287.999742	796.97894	9737.808	-7.561
230138	42.544013	79.503646	287.997702	796.965483	9737.895	-3.332
230158	42.555313	79.550876	288.004201	797.016248	9737.701	7.424
230218	42.567109	79.600608	287.967002	796.902956	9741.672	11.838
230238	42.579923	79.653639	288.040083	797.127227	9746.779	6.277
230258	42.592278	79.70495	287.522882	797.28766	9746.547	0.582
230318	42.602601	79.755592	284.170295	794.966683	9744.344	1.107
230338	42.61015	79.807629	279.00353	790.833351	9745.059	6.012
230358	42.614788	79.862568	274.791858	787.411704	9751.873	9.353
230418	42.617591	79.916997	273.66553	787.750468	9755.099	5.667
230438	42.619844	79.969931	273.983084	790.34762	9753.894	-0.698
230458	42.62225	80.023343	273.251795	792.225067	9754.091	-1.411
230518	42.624637	80.078397	272.863153	794.876768	9753.229	4.305
230538	42.626946	80.134244	273.018243	797.198897	9754.677	7.85
230558	42.629229	80.188701	273.017168	797.692358	9760.436	2.206
230618	42.631383	80.23986	272.990166	799.271096	9758.162	-1.979
230638	42.633534	80.291179	273.001317	801.157932	9754.046	0.883
230658	42.635817	80.346208	273.001267	801.149685	9759.172	7.285
230718	42.637989	80.40003	272.999169	800.910276	9761.985	5.451
230738	42.640133	80.453522	273.000194	801.015157	9760.877	-0.564
230758	42.642373	80.509285	273.000574	801.02919	9760.921	-0.679
230818	42.644306	80.562525	272.998196	800.926881	9760.906	0.947
230838	42.646077	80.614989	273.001405	801.05426	9761.122	-0.575
230858	42.648023	80.670807	273.006763	801.258974	9761.627	-6.196
230918	42.649899	80.726909	272.975571	799.821949	9758.136	-9.742
230938	42.651664	80.780929	273.019479	797.771488	9753.565	-7.154
230958	42.653408	80.8332	273.094102	797.067148	9753.343	-0.778
231018	42.655076	80.887299	272.578426	796.914179	9755.312	-2.41
231038	42.6569	80.941666	271.946298	797.054571	9753.079	-8.656
231058	42.658607	80.994083	271.500474	797.252806	9746.086	-5.547
231118	42.658376	81.049484	269.48631	795.743492	9751.393	14.896
231138	42.657408	81.103236	268.635653	792.253414	9759.088	18.009
231158	42.65658	81.155289	269.064304	789.62735	9761.233	5.278
231218	42.655633	81.208937	269.005259	789.188182	9761.144	0.225
231238	42.654745	81.26184	269.185126	787.615955	9760.621	0.504
231258	42.65388	81.314813	269.715613	785.012538	9760.617	1.098
231318	42.65287	81.370406	270.222252	783.418416	9761.607	-2.533
231338	42.6518	81.4254	270.0	782.0	9761.0	-8.0
231358	42.65088	81.474526	268.598287	778.509686	9755.9	-8.606
231418	42.649857	81.526704	267.792589	776.300042	9753.847	-7.662
231438	42.6487	81.583	268.0	776.0	9754.0	-8.0
231458	42.647632	81.63559	268.037637	774.849585	9748.523	-8.68
231518	42.646542	81.686785	267.985109	773.152545	9745.25	-6.071
231538	42.6454	81.7378	268.0	772.0	9746.0	0.0
231558	42.644288	81.787629	268.002702	771.680795	9745.311	5.9
231618	42.643068	81.84102	267.998931	769.539287	9748.388	9.191
231638	42.6418	81.8958	268.0	766.0	9754.0	8.0
231658	42.640679	81.945028	268.000194	764.311168	9754.572	2.394
231718	42.639459	81.995882	267.999923	763.76784	9753.809	-0.953
231738	42.6381	82.0497	268.0	763.0	9754.0	0.0
231758	42.636821	82.100371	268.000014	761.527416	9753.81	0.95
231818	42.635573	82.149755	267.999995	760.877138	9754.57	-2.386
231838	42.6343	82.2	268.0	761.0	9754.0	-8.0
231858	42.63299	82.251379	268.0	760.368952	9748.4	-9.236
231918	42.631577	82.303887	268.000002	759.808388	9745.28	-5.786
231938	42.6301	82.3571	268.0	760.0	9746.0	0.0
231958	42.628685	82.409928	267.99999	760.711985	9745.423	5.442
232018	42.62732	82.460243	268.000027	761.106965	9748.085	10.527
232038	42.6259	82.5094	268.0	761.0	9754.0	15.0
232058	42.624317	82.561156	267.999853	760.635874	9758.334	16.8
232118	42.622691	82.613986	268.000372	758.874313	9764.615	10.723
232138	42.6211	82.6663	268.0	756.0	9769.0	-0.0
232158	42.619543	82.71755	267.997951	753.745802	9763.518	-6.018
232218	42.618087	82.766337	268.005179	752.503784	9761.007	-10.177
232238	42.6166	82.8151	268.0	752.0	9761.0	-15.0
232258	42.614868	82.867961	267.971462	751.842385	9750.958	-17.64
232318	42.613187	82.919847	268.072127	752.363842	9743.885	-8.384
232338	42.6116	82.9702	268.0	753.0	9746.0	8.0
232358	42.60987	83.023088	267.30622	752.529066	9751.112	14.985
232418	42.608163	83.073919	266.893495	751.404817	9756.865	13.577
232438	42.6065	83.1226	267.0	750.0	9761.0	8.0
232458	42.604713	83.173992	267.019326	748.453429	9761.431	1.695
232518	42.602896	83.225908	266.992353	747.933233	9760.703	-0.059
232538	42.6011	83.2771	267.0	748.0	9761.0	0.0
232558	42.59929	83.328275	267.001388	747.189305	9761.854	-5.484
232618	42.597532	83.377036	266.999451	747.253033	9758.639	-8.769
232638	42.5958	83.4246	267.0	747.0	9754.0	-8.0
232658	42.593969	83.475115	267.0001	743.493132	9754.637	-8.551
232718	42.591997	83.526784	266.999961	741.609235	9751.021	-5.964
232738	42.59	83.5773	267.0	742.0	9746.0	0.0
232758	42.58814	83.626328	267.000007	740.677511	9751.772	2.516
232818	42.586213	83.677095	266.999997	739.831815	9752.689	-5.437
232838	42.5842	83.7289	267.0	740.0	9746.0	-9.0
232858	42.5823	83.7776	267.0	739.0	9746.0	9.0
232918	42.580455	83.824682	267.000002	737.280322	9752.464	6.302
232938	42.578499	83.873521	266.999993	737.486591	9752.382	-4.977
232958	42.5764	83.9248	267.0	739.0	9746.0	-8.0
233018	42.574261	83.976468	267.000038	739.210429	9745.243	-2.573
233038	42.572153	84.026869	266.999905	741.961951	9746.363	0.68
233058	42.5701	84.0762	267.0	747.0	9746.0	0.0
233118	42.568062	84.125943	267.000525	749.591616	9745.531	3.643
233138	42.565886	84.175831	266.998673	750.091832	9747.371	13.864
233158	42.5636	84.2262	267.0	750.0	9754.0	23.0
233218	42.561385	84.2777	267.007311	750.146273	9765.077	19.61
233238	42.559217	84.328154	266.981523	749.508882	9770.126	10.084
233258	42.557	84.3776	267.0	748.0	9769.0	-0.0
233318	42.554669	84.428156	267.101825	746.3451	9770.101	-10.217
233338	42.552355	84.478584	266.706399	743.074881	9765.148	-19.213
233358	42.550112	84.528135	266.021347	739.143702	9754.451	-23.054
233418	42.547865	84.577413	265.924473	737.488128	9748.327	-18.245
233438	42.54554	84.62696	266.026684	736.423818	9743.709	-13.527
233458	42.543122	84.677168	266.001551	735.049503	9738.242	-8.52
233518	42.540664	84.7279	265.994056	734.670767	9735.592	6.513
233538	42.538237	84.777241	266.001835	735.41342	9741.949	17.909
233558	42.535841	84.825409	266.00023	736.844386	9753.28	15.803
233618	42.533397	84.87533	265.99958	738.32049	9755.263	5.474
233638	42.530891	84.926035	266.000132	739.315224	9753.695	-1.774
233658	42.528353	84.97605	266.000016	739.927524	9754.019	-0.447
233718	42.525825	85.02532	265.99997	740.957138	9753.342	5.018
233738	42.523272	85.075269	266.000009	742.895722	9755.603	9.163
233758	42.520663	85.126457	266.000001	744.890283	9760.667	8.389
233818	42.51801	85.177778	266.000002	745.12744	9761.608	2.884
233838	42.515321	85.228461	265.999992	745.105186	9760.803	-0.718
233858	42.512659	85.27826	265.999995	745.104137	9760.971	-0.074
233918	42.510122	85.327348	266.000059	743.163029	9761.096	-0.037
233938	42.507556	85.375598	265.999883	741.695108	9760.882	0.362
233958	42.504871	85.424123	265.999923	741.961419	9760.93	0.265
234018	42.502152	85.47497	266.000822	742.074963	9761.735	-4.623
234038	42.499385	85.525824	265.998364	741.96766	9759.409	-9.409
234058	42.49658	85.57543	265.998931	741.990402	9754.357	-8.497
234118	42.493791	85.625543	266.011444	742.078459	9753.101	-1.843
234138	42.490954	85.676163	265.977208	741.852135	9754.788	-1.467
234158	42.488083	85.726354	265.985107	741.904206	9754.416	-7.755
234218	42.485293	85.775357	266.159391	743.671468	9748.028	-4.733
234238	42.482436	85.825201	265.663587	745.698818	9747.336	2.853
234258	42.47949	85.876164	264.979525	746.899884	9753.693	7.707
234318	42.476638	85.92581	265.852037	747.570095	9753.08	9.415
234338	42.473698	85.975846	265.493391	746.000553	9757.385	10.453
234358	42.470761	86.027529	265.135119	744.233625	9762.813	6.312
234418	42.467536	86.077963	264.779461	741.464259	9760.811	-0.311
234438	42.463162	86.125265	261.085635	734.24633	9760.56	0.123
234458	42.45732	86.174662	259.906743	730.91611	9761.724	-2.566
234518	42.450752	86.226212	261.043014	732.128819	9760.66	-8.429
234538	42.444602	86.275604	260.370906	732.411576	9755.615	-9.302
234558	42.438974	86.320829	259.82329	730.88791	9753.256	-4.688
234618	42.433305	86.365943	260.016512	728.834319	9754.07	0.277
234638	42.427047	86.415874	260.025268	727.575296	9754.106	0.423
234658	42.420759	86.465573	259.987313	725.810627	9753.947	-0.212
234718	42.414701	86.512863	260.001185	723.84943	9754.005	0.02
234738	42.408681	86.559682	260.001814	723.051456	9754.008	0.03
234758	42.402358	86.608968	259.999089	722.932874	9753.996	-0.015
234818	42.39598	86.658731	260.000085	720.527327	9754.0	0.001
234838	42.38998	86.705283	260.00013	714.555452	9754.001	0.002
234858	42.383954	86.751463	259.999935	712.961609	9754.0	-0.001
234918	42.377658	86.799388	260.000006	715.149448	9754.0	0.0
234938	42.371216	86.848616	260.00001	715.615245	9754.0	0.0
234958	42.365061	86.89585	259.999995	717.401648	9754.0	-0.0
235018	42.359097	86.941621	260.000001	718.969092	9754.0	0.0
235038	42.352923	86.988655	260.000003	716.845823	9754.0	0.0
235058	42.346582	87.036311	259.999991	715.677458	9754.0	-0.0
235118	42.340154	87.084334	260.000005	715.990574	9754.0	-0.0
235138	42.333725	87.132591	260.000037	715.677534	9754.0	-0.0
235158	42.327487	87.179178	259.999883	717.378762	9754.0	0.0
235218	42.321265	87.225424	260.000064	718.971838	9754.0	-0.0
235238	42.314751	87.273929	260.000511	716.854763	9754.0	-0.0
235258	42.308129	87.322909	259.998369	715.657209	9754.0	0.001
235318	42.301669	87.370451	260.000892	716.00094	9754.0	-0.0
235338	42.295437	87.41641	260.00712	715.759373	9754.001	-0.004
235358	42.288968	87.463985	259.977278	717.118169	9753.997	0.012
235418	42.282348	87.512348	260.012418	719.1151	9754.002	-0.007
235438	42.275949	87.558827	260.099164	719.17468	9754.013	-0.053
235458	42.269526	87.605767	259.619521	718.917156	9753.957	0.168
235518	42.262934	87.65394	258.961411	719.005126	9754.023	-0.092
235538	42.256251	87.702242	258.934059	718.987485	9754.188	-0.734
235558	42.249676	87.749843	259.05602	719.074019	9753.402	2.855
235618	42.24314	87.796659	258.982446	718.956664	9754.329	8.412
235638	42.23643	87.843754	258.877221	718.650113	9759.373	9.353
235658	42.229575	87.893554	259.38076	720.119106	9761.736	4.405
235718	42.222719	87.941782	258.792295	718.38638	9760.939	-0.113
235738	42.215493	87.985346	256.563831	711.560063	9761.219	-0.696
235758	42.207248	88.031863	256.798097	710.24768	9761.337	-6.587
235818	42.199222	88.077951	257.754841	707.587373	9757.972	-12.858
235838	42.191086	88.124694	257.897983	704.182224	9752.198	-15.007
235858	42.182555	88.172668	257.126515	702.998573	9746.825	-10.038
235918	42.174597	88.217907	256.851473	703.342202	9744.277	2.249
235938	42.166832	88.262481	257.079926	702.383067	9747.918	7.882
235958	42.158732	88.308535	257.091038	700.096201	9753.945	1.198
000018	42.1506	88.353857	256.355999	701.272783	9749.295	-1.187
000038	42.142439	88.399455	256.068985	701.47671	9746.882	0.365
000058	42.134164	88.446262	256.853799	698.315349	9753.592	0.231
000118	42.12585	88.492497	257.225255	698.839128	9749.833	-0.942
000138	42.117673	88.537831	256.805863	699.938874	9746.452	1.384
000158	42.109691	88.582535	256.093261	698.268908	9753.006	7.26
000218	42.101685	88.626846	255.91253	697.860497	9754.373	8.339
000238	42.093346	88.672817	256.021098	697.851522	9754.824	8.457
000258	42.084772	88.720347	256.006526	697.043738	9760.085	8.951
000318	42.076653	88.765135	255.99372	697.348568	9762.456	-0.283
000338	42.068678	88.80887	256.001515	696.286434	9759.696	-9.84
000358	42.060388	88.854193	256.000469	692.650391	9754.708	-9.128
000418	42.051918	88.900296	255.999549	690.444045	9753.099	-2.294
000438	42.043681	88.945047	256.000109	689.926555	9754.574	-0.943
000458	42.035723	88.988423	256.000034	689.954177	9754.714	-7.338
000518	42.027412	89.033949	255.999968	690.185099	9748.823	-5.74
000538	42.019008	89.079689	256.000008	689.733339	9746.616	2.66
000558	42.010833	89.123569	256.000003	688.947204	9752.937	8.127
000618	42.002601	89.167632	255.999997	690.262598	9755.167	3.409
000638	41.994126	89.213333	256.000002	692.700191	9753.471	0.417
000658	41.985438	89.260227	256.000002	694.65927	9753.465	6.789
000718	41.976826	89.305713	255.99999	696.218677	9757.846	9.842
000738	41.968576	89.349338	256.000014	697.221331	9761.589	6.437
000758	41.960422	89.3932	256.000023	697.191614	9761.182	0.743
000818	41.951432	89.440812	255.999868	695.760656	9760.824	-0.695
000838	41.942546	89.487772	256.0002	695.022448	9761.043	0.165
000858	41.934499	89.530713	256.000314	695.242881	9761.014	0.047
000918	41.92631	89.573877	255.99816	692.567987	9760.982	-0.023
000938	41.917665	89.619477	256.002779	689.204946	9761.011	-0.028
000958	41.908899	89.666113	256.004371	687.396281	9761.013	-0.059
001018	41.900664	89.709287	255.969651	684.818761	9760.913	0.434
001038	41.892624	89.750929	255.989342	681.353684	9760.97	0.154
001058	41.884162	89.79496	256.102712	677.939999	9761.29	-3.216
001118	41.875598	89.839647	255.780385	674.731571	9760.301	-12.573
001138	41.86707	89.883913	255.056233	671.370361	9754.94	-22.582
001158	41.858255	89.929163	254.814288	667.615053	9743.399	-20.371
001218	41.849837	89.972415	255.245916	665.505274	9736.837	-11.158
001238	41.841908	90.013422	255.947245	665.083517	9737.984	-1.083
001258	41.833554	90.056448	256.177325	664.086737	9736.602	9.85
001318	41.82498	90.100201	255.760808	667.035309	9741.63	17.037
001338	41.816456	90.143611	255.056164	675.137846	9753.236	15.709
001358	41.807875	90.187879	254.788256	682.799261	9755.399	5.478
001418	41.799486	90.231115	255.307034	687.387981	9753.544	-1.436
001438	41.79111	90.27383	255.98843	688.916991	9753.909	-0.253
001458	41.782079	90.319839	255.500956	689.156131	9754.151	0.18
001518	41.773176	90.365206	254.883942	688.858741	9753.892	0.192
001538	41.76478	90.407829	254.975977	688.871053	9753.911	0.286
001558	41.755984	90.452117	255.030125	690.481196	9754.631	-3.724
001618	41.746945	90.497386	254.991667	692.774767	9752.808	-10.386
001638	41.738028	90.542039	254.998275	694.729959	9747.011	-14.895
001658	41.729191	90.586438	255.002163	696.550061	9740.651	-12.269
001718	41.72024	90.631299	254.999402	698.965294	9737.435	-5.583
001738	41.711083	90.676918	254.999876	702.409376	9737.871	-0.375
001758	41.701861	90.722809	255.000155	706.872587	9738.258	0.131
001818	41.692711	90.76818	254.999957	713.809978	9737.76	0.647
001838	41.683442	90.813901	254.999991	722.022307	9737.779	6.536
001858	41.673601	90.862372	255.000013	726.72064	9741.066	17.832
001918	41.664085	90.909443	254.999993	730.593553	9749.69	23.424
001938	41.655027	90.954358	254.999996	736.153922	9760.012	16.701
001958	41.644985	91.003675	255.000029	741.463352	9762.479	4.774
002018	41.634664	91.054156	254.999959	746.560809	9760.392	0.159
002038	41.624851	91.102239	254.999937	751.923393	9760.423	6.58
002058	41.615008	91.150419	255.000371	757.111216	9765.14	10.828
002118	41.604974	91.199118	254.99944	760.90911	9770.071	4.944
002138	41.594896	91.247592	254.999118	762.767878	9769.837	-6.698
002158	41.585003	91.295352	255.005323	763.692501	9763.898	-6.829
002218	41.575104	91.343275	254.993563	764.028996	9761.377	2.655
002238	41.564908	91.392518	254.985613	763.991274	9767.372	8.857
002258	41.554395	91.44322	255.069682	763.991284	9771.572	-1.717
002318	41.544251	91.492094	254.911154	762.271638	9766.711	-18.555
002338	41.534613	91.538385	254.799971	760.35794	9755.692	-21.883
002358	41.524442	91.588488	256.442625	766.833836	9753.599	-3.582
002418	41.516826	91.640438	259.600131	778.192781	9754.862	4.613
002438	41.511843	91.691779	262.487056	788.033349	9754.393	0.454
002458	41.507221	91.742273	263.341204	792.331553	9753.056	3.11
002518	41.502237	91.793544	262.950635	793.107623	9754.629	8.216
002538	41.49714	91.846555	262.928418	794.387592	9760.065	3.51
002558	41.49226	91.898226	263.138065	796.246112	9759.631	-7.559
002618	41.487275	91.950521	262.939624	798.184599	9753.324	-15.274
002638	41.481826	92.005966	262.144504	800.075641	9747.561	-11.67
002658	41.47672	92.057927	262.225593	802.714029	9744.766	-1.518
002718	41.471958	92.107445	263.032366	806.184053	9746.185	8.389
002738	41.466941	92.160398	263.218167	809.383519	9751.505	13.586
002758	41.461697	92.214477	262.521893	809.68038	9756.426	16.39
002818	41.456329	92.268412	262.009742	807.928026	9761.324	14.697
002838	41.450909	92.322616	262.768865	806.843528	9767.981	4.872
002858	41.445608	92.37491	262.810085	804.248349	9767.029	-4.523
002918	41.4404	92.4261	262.0	801.0	9761.0	-8.0
002938	41.4351	92.479108	261.906435	800.184418	9760.723	-7.145
002958	41.42967	92.532846	262.03829	799.444625	9760.005	-10.987
003018	41.424174	92.5866	262.002063	798.04676	9754.382	-15.134
003038	41.418735	92.640587	261.992691	797.53285	9747.064	-5.984
003058	41.413437	92.692896	262.002577	796.068893	9748.053	2.402
003118	41.408258	92.743289	262.000148	793.146369	9753.945	0.302
003138	41.40305	92.793974	261.999475	790.724047	9749.506	-6.45
003158	41.39762	92.846281	262.000185	789.800869	9744.911	-6.587
003218	41.392072	92.899197	262.000011	789.989734	9745.94	-0.23
003238	41.386732	92.950375	261.999962	790.012217	9746.163	0.994
003258	41.38135	93.001938	262.000013	790.051804	9746.058	-0.769
003318	41.375846	93.05441	262.000001	790.037372	9746.072	-0.317
003338	41.370448	93.105571	262.0	789.374874	9745.154	4.778
003358	41.364994	93.156447	261.999996	788.918448	9747.861	9.239
003418	41.359368	93.208346	261.999997	788.999726	9753.623	8.399
003438	41.353688	93.261197	262.000036	788.89141	9754.689	2.862
003458	41.34806	93.31361	261.999928	789.273832	9753.774	-0.703
003518	41.342464	93.365064	261.999953	789.983388	9753.966	-0.067
003538	41.336787	93.416455	262.000504	789.752868	9754.128	-0.105
003558	41.331176	93.467365	261.998996	790.695055	9753.827	0.495
003618	41.325576	93.518475	261.999344	792.870515	9753.895	0.351
003638	41.319668	93.571779	262.007022	793.104748	9755.108	-5.548
003658	41.313779	93.625378	261.986014	793.269381	9751.648	-7.417
003718	41.308154	93.67715	261.990861	794.820717	9746.059	-0.79
003738	41.302591	93.727204	262.097806	796.425602	9750.435	5.957
003758	41.296653	93.779662	261.786244	797.138209	9754.661	8.229
003818	41.29041	93.834302	261.059675	797.016266	9753.897	7.871
003838	41.284523	93.885217	260.778256	796.981676	9757.737	9.964
003858	41.278801	93.935278	261.317399	796.982587	9762.476	3.45
003918	41.272904	93.987813	261.993928	796.983305	9761.557	-13.408
003938	41.266772	94.042228	261.461775	797.405857	9752.652	-24.137
003958	41.260705	94.095403	260.875117	798.574449	9742.232	-18.312
004018	41.254795	94.146409	260.984206	800.724226	9737.894	-1.426
004038	41.248766	94.197788	261.031025	803.858256	9742.559	7.204
004058	41.242666	94.250108	260.991571	807.052572	9746.523	7.687
004118	41.236532	94.303257	260.998255	809.650685	9745.854	7.561
004138	41.230261	94.356982	261.002188	811.819388	9749.615	12.731
004158	41.224049	94.409549	260.999395	813.563149	9756.299	14.333
004218	41.21786	94.46184	260.999875	815.566113	9760.758	8.712
004238	41.211279	94.517917	261.000157	819.050832	9760.637	6.751
004258	41.204784	94.572345	260.999957	821.516991	9762.363	8.989
004318	41.198558	94.623231	260.999991	821.198903	9768.274	8.86
004338	41.191964	94.677905	261.000011	819.673703	9770.604	-1.069
004358	41.185301	94.733377	260.999998	818.950833	9767.212	-9.921
004418	41.178936	94.78589	261.000001	819.083526	9761.556	-8.767
004438	41.172716	94.837146	260.99999	817.622345	9760.248	-2.714
004458	41.166323	94.889888	261.000018	815.114339	9761.323	0.173
004518	41.159765	94.943891	261.000019	813.163461	9761.183	-0.368
004538	41.153456	94.995375	260.999854	812.414389	9759.867	5.054
004558	41.146962	95.047833	261.000255	809.421612	9763.01	7.663
004618	41.140113	95.102717	261.000271	803.712922	9768.849	1.234
004638	41.133524	95.155165	260.997964	800.260356	9765.006	-5.99
004658	41.126986	95.207074	261.003557	796.126374	9760.205	-7.751
004718	41.120369	95.259613	261.00378	789.807445	9760.97	-7.313
004738	41.114083	95.309478	260.971643	785.825591	9758.718	-16.518
004758	41.107939	95.358498	261.049801	782.859597	9750.417	-24.414
004818	41.101605	95.40915	261.067367	779.52387	9739.637	-18.147
004838	41.094967	95.461353	260.460723	777.981728	9735.125	1.913
004858	41.088341	95.512764	259.911323	780.08994	9740.846	17.987
004918	41.081857	95.562947	259.965682	784.362356	9752.097	17.062
004938	41.075092	95.615519	260.026977	784.757831	9755.408	6.982
004958	41.068356	95.667668	259.994254	780.71931	9753.745	-1.294
005018	41.061951	95.716651	259.996583	776.323057	9753.972	-1.339
005038	41.055419	95.766446	260.00144	777.909393	9753.541	3.377
005058	41.048687	95.817975	260.000199	782.521693	9754.442	8.679
005118	41.041962	95.86967	260.002221	784.351905	9759.227	9.997
005138	41.035345	95.920328	259.99234	786.309347	9762.329	1.834
005158	41.028732	95.970311	260.004235	784.330937	9760.603	-8.677
005218	41.021948	96.020687	260.033885	775.411651	9755.525	-9.671
005238	41.015065	96.071207	259.891816	777.16189	9753.31	-4.538
005258	41.008222	96.121763	260.059426	785.450191	9754.06	0.282
005318	41.001495	96.172679	260.866539	784.045541	9754.053	0.58
005338	40.994722	96.224494	260.72508	779.213111	9754.099	-0.788
005358	40.987925	96.275335	259.952473	776.962851	9753.923	0.343
005418	40.981166	96.323757	259.927583	778.261483	9753.356	5.753
005438	40.974137	96.374773	260.035309	779.589669	9756.521	10.152
005458	40.966997	96.42796	259.997266	778.816392	9761.346	7.203
005518	40.960119	96.479222	260.000217	776.935222	9762.066	-4.128
005538	40.953306	96.528849	259.984991	778.675373	9758.241	-10.511
005558	40.946458	96.578406	260.004503	782.093767	9753.871	-7.717
005618	40.939533	96.629205	260.079302	782.150744	9753.499	-1.533
005638	40.932236	96.680507	259.774527	782.536018	9754.458	-0.237
005658	40.925398	96.731093	260.063772	785.164685	9753.912	0.239
005718	40.920178	96.780772	262.114343	788.583232	9752.505	9.653
005738	40.915321	96.832771	263.3179	790.995114	9758.127	18.58
005758	40.910248	96.886014	263.017119	792.870751	9768.595	15.624
005818	40.905403	96.93629	262.937999	795.90707	9772.041	-3.225
005838	40.90039	96.988103	263.002624	796.790862	9765.737	-18.31
005858	40.89512	97.042688	262.982366	793.815063	9755.354	-16.723
005918	40.890239	97.09363	263.127558	789.377913	9752.73	-6.206
005938	40.885606	97.141834	262.793387	782.595857	9754.307	1.128
005958	40.880803	97.190768	262.035205	774.933122	9754.095	0.347
010018	40.875638	97.241958	262.450833	773.186062	9753.905	-0.324
010038	40.870302	97.295245	263.097865	774.106505	9754.028	0.062
010058	40.865189	97.348029	263.015312	773.872723	9754.019	-0.008
010118	40.860629	97.395919	263.100554	775.315896	9753.947	0.166
010138	40.85579	97.444798	262.831199	777.409441	9754.061	-0.237
010158	40.850176	97.499254	262.03914	778.616055	9754.134	-0.543
010218	40.84497	97.55164	262.491225	780.592319	9753.354	3.645
010238	40.840221	97.600368	262.973993	782.238058	9754.855	9.071
010258	40.835353	97.648605	262.211558	782.177319	9759.806	9.466
010318	40.829984	97.700506	261.865214	781.666745	9762.059	1.582
010338	40.82455	97.753005	262.022983	782.287359	9760.488	-10.274
010358	40.819458	97.802782	262.014612	784.408408	9756.123	-16.243
010418	40.814101	97.854922	261.990323	785.945802	9748.179	-5.701
010438	40.808627	97.90802	262.00165	787.37971	9747.138	10.623
010458	40.803383	97.958826	262.001049	789.532859	9758.319	15.928
010518	40.798014	98.009867	261.999305	790.375076	9762.506	9.052
010538	40.792495	98.061821	262.000118	789.851695	9760.94	-1.952
010558	40.787019	98.113716	262.000075	789.643617	9761.573	-7.742
010618	40.781667	98.164558	261.99995	791.677409	9757.258	-5.841
010638	40.776321	98.21505	262.000009	792.901358	9754.2	1.779
010658	40.770852	98.266048	262.000006	790.661785	9759.433	8.231
010718	40.765343	98.316693	261.999996	789.325249	9762.369	2.107
010738	40.759778	98.367873	262.000001	788.809692	9760.369	-10.106
010758	40.754163	98.420074	262.000003	787.373368	9755.843	-15.335
010818	40.748683	98.470702	261.99999	786.613564	9749.251	-10.59
010838	40.74318	98.52132	262.00001	787.220706	9746.023	3.434
010858	40.737495	98.573691	262.000032	787.621363	9751.189	20.021
010918	40.731907	98.624481	261.999867	783.689536	9761.619	23.492
010938	40.726236	98.675138	262.000138	778.057912	9770.13	11.762
010958	40.720316	98.727606	262.000548	774.913902	9770.799	-7.443
011018	40.714668	98.778	261.998318	772.62605	9764.464	-24.245
011038	40.709223	98.826767	262.000435	770.953009	9753.373	-29.9
011058	40.703567	98.877012	262.007474	770.800388	9741.454	-20.984
011118	40.697893	98.927461	261.978338	771.270579	9736.578	-8.332
011138	40.692281	98.977495	261.994481	771.953728	9737.933	-0.225
011158	40.6866	99.027838	262.108339	773.143969	9738.137	1.129
011218	40.680735	99.078807	261.730527	774.786632	9738.185	-1.163
011238	40.674883	99.129061	261.022314	776.880244	9738.08	-0.293
011258	40.669405	99.176733	260.921048	779.748885	9736.302	9.478
011318	40.663853	99.225443	261.027894	784.145737	9742.287	17.471
011338	40.657906	99.277075	261.001621	784.336694	9753.638	15.374
011358	40.651705	99.329646	260.993786	771.949305	9755.381	5.185
011418	40.645585	99.380933	261.001918	760.932745	9753.583	-1.368
011438	40.639765	99.430151	261.00024	758.215272	9753.953	-0.194
011458	40.634209	99.478318	260.999558	754.964767	9754.022	0.606
011518	40.628665	99.526098	261.000142	752.263022	9754.121	-0.701
011538	40.622966	99.574053	261.000027	751.958686	9754.137	-0.582
011558	40.617143	99.622735	260.999967	752.348088	9752.954	5.633
011618	40.611214	99.67217	261.000009	753.579367	9755.922	6.953
011638	40.605277	99.721445	261.000001	755.688872	9761.052	0.529
011658	40.599514	99.768985	261.000001	757.424593	9756.107	2.14
011718	40.593779	99.815863	260.999994	758.09026	9755.941	11.835
011738	40.587897	99.863907	260.999993	757.9944	9767.51	16.222
011758	40.581843	99.914188	261.000051	757.831505	9772.178	-1.556
011818	40.575588	99.965807	260.999911	753.924713	9765.586	-18.672
011838	40.569385	100.016118	260.999906	747.508728	9755.014	-16.399
011858	40.563736	100.062207	261.000707	747.6497	9752.748	-5.562
011918	40.558042	100.108594	260.998764	751.068244	9754.346	1.202
011938	40.55192	100.157843	260.998686	752.141794	9754.071	0.251
011958	40.545876	100.206026	261.009854	749.927184	9753.914	-0.327
012018	40.539903	100.253648	260.982784	747.241894	9754.017	0.113
012038	40.533826	100.302078	260.981704	745.382388	9753.997	0.046
012058	40.527609	100.350931	261.137246	742.10021	9754.053	-0.237
012118	40.521488	100.398898	260.747456	739.252252	9753.897	0.383
012138	40.515576	100.445657	260.013248	737.521962	9753.859	0.511
012158	40.50967	100.492598	260.54662	734.074187	9754.812	-4.146
012218	40.503704	100.539717	260.953574	731.70004	9752.714	-8.965
012238	40.497643	100.586955	260.170121	732.038634	9746.974	-8.756
012258	40.491405	100.635135	259.870219	730.822538	9745.433	-4.499
012318	40.48515	100.683364	260.026796	728.473916	9745.903	1.531
012338	40.479083	100.730311	260.011989	727.142198	9745.495	6.959
012358	40.473212	100.775803	259.990087	726.934948	9749.712	9.769
012418	40.467297	100.82146	260.001642	726.964561	9754.59	6.771
012438	40.461156	100.868623	260.001044	726.331316	9754.567	0.297
012458	40.454981	100.916148	259.999309	725.045204	9752.794	3.959
012518	40.448736	100.963282	260.000118	723.803094	9755.081	7.527
012538	40.442331	101.010191	260.000074	723.152873	9760.93	-3.319
012558	40.43591	101.057928	259.999952	722.695265	9755.79	-18.089
012618	40.429524	101.105648	260.000006	723.274425	9743.841	-20.781
012638	40.423119	101.152399	259.999997	725.273256	9737.706	-6.355
012658	40.416597	101.199538	260.000025	726.487516	9740.932	4.108
012718	40.410191	101.246172	259.999992	729.278778	9746.056	8.326
012738	40.404133	101.290735	259.999923	734.329543	9745.267	16.182
012758	40.397753	101.336518	260.000511	725.761214	9754.363	14.716
012818	40.391105	101.38389	259.999211	713.027327	9761.385	4.617
012838	40.384582	101.431091	259.998513	708.447718	9755.565	-4.827
012858	40.378383	101.476217	260.00845	707.20298	9752.184	-5.641
012918	40.372279	101.520529	260.007867	708.669443	9753.534	-1.073
012938	40.365887	101.566544	259.973255	714.776698	9754.299	0.678
012958	40.35943	101.612641	260.026855	722.334579	9753.949	-0.116
013018	40.353085	101.657706	260.086349	726.601	9753.968	-0.073
013038	40.346241	101.70631	259.540793	726.355314	9754.022	0.049
013058	40.339383	101.754757	258.93237	723.320638	9753.996	-0.008
013118	40.333097	101.798704	258.950005	720.01787	9753.997	-0.006
013138	40.326685	101.843798	259.028468	717.435095	9754.002	0.004
013158	40.320129	101.890023	258.996205	715.813286	9754.0	-0.001
013218	40.313656	101.935182	258.996429	715.060836	9754.0	-0.001
013238	40.306724	101.983074	259.002044	715.090281	9754.0	0.001
013258	40.299813	102.030852	258.999728	714.892988	9754.0	-0.001
013318	40.293578	102.07433	258.999744	713.565644	9754.001	-0.005
013338	40.287188	102.118682	259.000147	712.033316	9753.996	0.017
013358	40.280495	102.164542	258.99998	710.848553	9754.003	-0.014
013418	40.273831	102.209836	258.999982	710.121879	9754.016	-0.066
013438	40.267159	102.255844	259.000011	709.950067	9753.941	0.237
013458	40.260508	102.301929	258.999999	709.99675	9754.047	-0.189
013518	40.253919	102.346782	258.999999	709.950668	9754.229	-0.913
013538	40.247248	102.391593	259.000001	710.203104	9753.172	3.952
013558	40.240483	102.437205	259.0	709.832941	9754.667	7.951
013618	40.233732	102.483259	259.0	708.298913	9760.345	2.553
013638	40.227124	102.527866	259.0	708.148832	9758.529	-3.76
013658	40.220533	102.571974	259.0	707.829317	9753.893	-8.499
013718	40.213713	102.617844	258.999999	705.345916	9755.207	-13.511
013738	40.206606	102.665284	259.000002	706.199995	9747.812	-15.624
013758	40.19963	102.711427	258.999999	710.425842	9737.551	-6.199
013818	40.193138	102.754282	258.999991	713.946492	9741.57	17.256
013838	40.186346	102.799134	259.000032	716.193593	9753.651	30.096
013858	40.179176	102.846466	259.000054	716.735789	9765.283	25.311
013918	40.172241	102.892116	258.999912	714.832431	9769.879	13.419
013938	40.165495	102.936349	258.999951	712.953446	9768.985	1.166
013958	40.158338	102.983174	259.000528	714.628921	9770.353	-9.549
014018	40.151305	103.029154	258.999122	709.756508	9766.191	-17.207
014038	40.144694	103.072253	258.999074	698.786205	9755.241	-16.498
014058	40.137919	103.116045	259.006939	699.802547	9751.675	-0.862
014118	40.130741	103.162298	258.98788	701.093563	9756.123	8.99
014138	40.123524	103.208884	258.98712	691.80294	9760.938	1.539
014158	40.11704	103.250782	259.096616	680.988895	9757.454	-6.602
014218	40.110551	103.292636	258.818494	680.831672	9753.252	-7.075
014238	40.103479	103.338085	258.091612	689.396957	9753.895	-0.95
014258	40.096355	103.383677	257.774131	687.48057	9753.74	7.103
014318	40.08959	103.426813	258.273369	683.567441	9755.042	38.87
014338	40.083094	103.468095	258.984449	687.879458	9770.898	130.51
014358	40.076271	103.511281	258.505916	695.03972	9827.706	303.317
014418	40.06924	103.555565	257.882554	691.846063	9965.867	449.767
014438	40.062247	103.59944	257.975674	677.733456	10161.409	456.199
014458	40.055284	103.643052	258.030625	671.700509	10301.57	299.705
014518	40.048407	103.685835	257.991309	674.572956	10359.899	118.421
014538	40.041578	103.728183	257.997595	678.105487	10364.036	24.475
014558	40.034636	103.771899	258.00231	674.281036	10361.97	-0.906
014618	40.027765	103.81512	257.999443	670.823105	10363.254	0.574
014638	40.020989	103.857042	257.999828	673.520714	10363.086	0.159
014658	40.013891	103.900841	258.000167	674.238698	10362.87	-0.042
014718	40.006822	103.944753	257.999959	674.285778	10363.104	-0.159
014738	40.000021	103.987024	257.999984	675.873759	10363.168	-0.364
014758	39.993021	104.029636	258.000011	675.020992	10362.231	1.795
014818	39.986122	104.071423	257.999999	672.336012	10363.971	-2.384
014838	39.979394	104.112814	258.000002	670.87185	10365.184	-16.166
014858	39.971917	104.158944	257.999995	672.602592	10350.292	-20.544
014918	39.9649	104.201766	258.00005	674.898217	10343.773	0.196
014938	39.958031	104.243336	257.999908	676.501225	10351.781	18.629
014958	39.950846	104.28678	257.999902	677.799052	10362.14	16.056
015018	39.944106	104.327478	258.00074	679.015413	10363.451	10.041
015038	39.937193	104.369273	257.998707	678.48734	10364.051	7.654
015058	39.929721	104.414377	257.998626	676.259528	10370.12	6.563
015118	39.922392	104.458077	258.013258	675.588664	10373.959	0.271
015138	39.915273	104.500391	258.009715	677.253765	10372.364	-5.747
015158	39.908161	104.543221	257.961123	680.469376	10365.532	-3.098
015218	39.901009	104.586679	258.047923	680.275521	10363.86	-0.101
015238	39.893699	104.629926	258.107321	676.213855	10370.451	-5.273
015258	39.885877	104.672217	257.277435	678.995568	10366.88	-11.294
015318	39.877658	104.714145	256.14236	685.306747	10357.179	-13.308
015338	39.869382	104.756809	255.866694	685.648756	10355.522	-9.894
015358	39.861121	104.799938	256.032155	683.738605	10355.101	-8.307
015418	39.852853	104.843059	256.009945	685.323302	10349.104	-9.059
015438	39.844573	104.88641	255.990428	689.321873	10346.004	2.394
015458	39.836147	104.930372	256.00231	692.795365	10350.045	19.977
015518	39.827594	104.974576	256.000716	694.601195	10360.531	29.846
015538	39.81922	105.017686	255.999303	697.263695	10372.512	24.137
015558	39.810881	105.060917	256.00018	701.324499	10378.906	11.283
015618	39.802337	105.105489	256.000074	704.775509	10378.205	1.475
015638	39.793589	105.150558	255.999818	703.941702	10378.259	-4.582
015658	39.784938	105.194818	256.000212	701.363624	10377.188	-9.61
015718	39.776434	105.238353	256.000318	702.076368	10372.167	-14.429
015738	39.767573	105.283452	255.998154	709.358349	10366.574	-15.508
015758	39.758466	105.329878	256.002782	718.430236	10361.538	-14.86
015818	39.749465	105.375986	256.004375	723.568019	10356.896	-10.476
015838	39.740773	105.420169	255.974342	724.439628	10353.476	7.438
015858	39.732236	105.463199	256.03967	727.790402	10359.315	22.685
015918	39.723505	105.507123	256.136501	735.335245	10373.771	18.264
015938	39.714183	105.554223	255.77075	735.355769	10376.413	-3.171
015958	39.70462	105.602495	255.05493	722.762702	10364.212	-22.603
020018	39.695828	105.646138	254.817722	702.851421	10356.329	-12.009
020038	39.687208	105.688652	255.242713	681.920213	10357.423	5.324
020058	39.678534	105.731902	255.945511	666.887305	10362.638	8.325
020118	39.670528	105.772466	256.195132	662.305622	10363.732	2.742
020138	39.662544	105.812486	255.725604	656.702626	10362.62	-0.156
020158	39.654145	105.853913	255.033186	647.513497	10362.858	0.321
020218	39.645754	105.895745	255.034124	647.195294	10364.299	-6.052
020238	39.637536	105.936475	254.798403	649.426778	10360.358	-6.126
020258	39.629416	105.976277	254.855088	647.394094	10355.677	0.082
020318	39.621218	106.016939	256.896907	644.005981	10362.811	-7.906
020338	39.613108	106.057001	256.089647	647.298483	10354.863	-13.686
020358	39.605107	106.096248	254.698683	648.294207	10346.8	0.901
020418	39.597026	106.13585	254.962265	648.197855	10354.647	22.352
020438	39.588615	106.177143	255.069045	663.053893	10368.224	12.641
020458	39.580105	106.218764	254.978363	671.902223	10368.208	-5.872
020518	39.571488	106.260602	254.997288	665.601738	10356.562	-8.613
020538	39.562439	106.304377	255.004983	663.768023	10359.022	1.924
020558	39.553708	106.346627	254.998396	668.251881	10363.703	9.553
020618	39.545443	106.386709	254.999772	675.255511	10362.835	8.175
020638	39.536702	106.429111	255.000714	681.994433	10367.805	7.889
020658	39.527475	106.473627	254.999176	683.912408	10371.614	7.458
020718	39.518367	106.517335	254.99952	681.244449	10370.935	1.18
020738	39.510071	106.557196	255.00501	679.178042	10372.677	-13.49
020758	39.501849	106.596438	254.989614	672.029818	10366.953	-20.752
020818	39.493157	106.637653	254.974217	660.738645	10352.781	-12.528
020838	39.484339	106.679813	255.048023	659.472924	10348.115	1.115
020858	39.475576	106.722068	255.122251	670.104136	10356.562	11.037
020918	39.466801	106.764054	254.905505	679.501396	10363.967	10.608
020938	39.457995	106.805753	254.80434	679.878495	10363.403	1.585
020958	39.4492	106.847679	255.967839	676.105594	10362.822	-0.68
021018	39.439996	106.889712	254.675631	679.258677	10363.093	0.377
021038	39.430075	106.931824	251.830723	686.455223	10362.993	-0.041
021058	39.419596	106.973975	251.740949	686.908029	10363.001	-0.105
021118	39.409207	107.015161	252.130069	684.712806	10362.958	0.195
021138	39.398846	107.056403	251.987846	684.064232	10363.026	-0.095
021158	39.388111	107.099275	251.981401	685.977529	10363.212	-0.741
021218	39.377403	107.142038	252.009339	688.296611	10362.321	2.866
021238	39.366845	107.184095	251.999127	688.945659	10363.374	8.407
021258	39.35626	107.226075	251.998665	687.513078	10369.119	9.313
021318	39.345584	107.268178	252.00067	686.807741	10371.908	4.533
021338	39.334945	107.310182	251.999937	686.993062	10370.894	-0.182
021358	39.324441	107.351919	251.999904	686.795489	10370.669	0.348
021418	39.31374	107.394077	252.000048	687.875764	10371.725	-2.768
021438	39.302927	107.436411	251.999995	689.005798	10370.629	-8.362
021458	39.292278	107.478345	251.999993	687.767182	10364.94	-8.432
021518	39.28151	107.520709	252.000004	685.979977	10361.856	-3.953
021538	39.270699	107.563052	252.0	684.296813	10362.788	-0.089
021558	39.260173	107.604149	252.000002	682.141803	10363.605	-2.447
021618	39.249581	107.645452	251.999996	680.789063	10362.351	-7.285
021638	39.238663	107.687991	251.999982	680.922986	10359.103	-9.111
021658	39.227762	107.730282	252.000003	680.973008	10355.873	-5.673
021718	39.217128	107.771332	252.000045	680.364788	10354.846	2.821
021738	39.20649	107.812626	251.999909	682.619529	10358.019	8.937
021758	39.195647	107.854876	251.999972	689.550173	10362.851	8.206
021818	39.184622	107.897425	252.000553	698.787319	10363.543	2.537
021838	39.17347	107.940152	251.998757	702.478658	10362.775	-0.637
021858	39.162261	107.983052	251.999618	700.108198	10362.977	-0.002
021918	39.151056	108.026045	252.007699	699.513047	10363.285	-0.71
021938	39.139869	108.069039	251.982683	700.464686	10362.431	2.114
021958	39.128752	108.111778	251.994683	701.90093	10362.829	7.823
022018	39.117736	108.15408	252.107235	704.139231	10368.477	8.545
022038	39.106486	108.196895	251.731805	705.176945	10371.321	7.995
022058	39.095064	108.240064	251.022651	704.988161	10370.891	8.055
022118	39.083939	108.282281	250.912938	705.517468	10375.747	4.768
022138	39.072825	108.324466	251.027643	703.873487	10377.64	-4.466
022158	39.061433	108.367626	251.005224	702.497824	10372.064	-14.366
022218	39.049833	108.411673	250.99343	709.762966	10365.583	-12.879
022238	39.038495	108.454487	251.001864	716.209792	10362.453	-5.492
022258	39.027448	108.495869	251.000516	715.335613	10362.851	-0.516
022318	39.015975	108.539015	250.999504	714.823964	10363.132	0.514
022338	39.004326	108.58285	251.00012	716.783151	10362.986	-0.177
022358	38.992751	108.62627	251.000037	718.939577	10363.022	-0.134
022418	38.980869	108.670976	250.999964	717.636476	10362.816	0.616
022438	38.969343	108.714282	251.000009	715.659388	10363.293	-0.94
022458	38.958488	108.754775	251.000004	715.833086	10363.637	-5.67
022518	38.947261	108.796479	250.999997	716.148595	10359.762	-8.856
022538	38.935386	108.840568	251.0	715.932298	10355.534	-7.182
022558	38.923266	108.885614	251.0	715.350404	10355.666	-1.535
022618	38.911561	108.929099	251.0	714.131335	10356.152	0.974
022638	38.900054	108.971627	251.0	712.850522	10356.01	-0.25
022658	38.888245	109.015022	251.0	712.638983	10356.152	-0.798
022718	38.87646	109.058606	251.0	714.283486	10355.377	3.232
022738	38.864736	109.102	251.0	716.176347	10356.514	8.571
022758	38.852975	109.145098	250.999999	716.260742	10361.609	9.143
022818	38.841411	109.187421	251.000002	715.41114	10363.745	4.405
022838	38.829706	109.230253	250.999998	715.027339	10362.901	-0.393
022858	38.817578	109.27452	250.999992	715.741141	10362.906	-0.369
022918	38.805875	109.317398	251.00003	716.204653	10363.054	0.209
022938	38.794336	109.359631	250.999976	715.922404	10362.992	-0.026
022958	38.782316	109.403242	250.999886	715.691971	10362.99	-0.015
023018	38.770382	109.446452	251.000419	717.3048	10363.017	-0.028
023038	38.758621	109.489196	250.999787	719.065505	10362.993	0.021
023058	38.746764	109.53246	250.998312	718.837254	10362.946	0.176
023118	38.734846	109.575713	251.005376	720.212683	10363.169	-0.566
023138	38.722905	109.61869	250.997063	723.28726	10362.908	0.312
023158	38.710921	109.661671	250.976545	725.451803	10362.263	5.233
023218	38.698826	109.705225	251.077042	726.550187	10365.843	8.198
023238	38.6866	109.7492	251.0	727.0	10371.0	7.0
023258	38.674267	109.793092	250.371759	727.154595	10371.435	3.342
023318	38.661844	109.837382	249.918189	726.800057	10371.223	-2.039
023338	38.649515	109.881607	249.983065	726.0844	10371.387	-7.413
023358	38.637578	109.924141	250.021241	725.809521	10366.417	-9.431
023418	38.625514	109.967086	249.994116	726.217059	10362.233	-6.257
023438	38.61292	110.012058	249.998773	726.925497	10362.84	-0.562
023458	38.600081	110.057666	250.001625	727.131106	10363.217	0.739
023518	38.58747	110.10211	249.999639	726.921138	10362.946	-0.173
023538	38.575247	110.145047	249.999917	726.88565	10362.976	-0.056
023558	38.562978	110.188517	249.999783	727.758232	10363.035	-0.008
023618	38.550436	110.232977	250.000404	729.486352	10362.973	0.067
023638	38.537911	110.277021	250.000954	731.523731	10362.944	0.172
023658	38.526163	110.318342	249.995329	733.205469	10363.265	-0.855
023718	38.513667	110.36215	250.005967	734.162612	10362.663	1.127
023738	38.499965	110.409941	250.013437	734.747443	10362.241	6.517
023758	38.488413	110.450408	249.930256	736.113212	10367.688	4.738
023818	38.477274	110.489365	250.031408	736.994091	10370.756	-0.311
023838	38.463743	110.536267	250.263176	736.546806	10364.325	-0.559
023858	38.450207	110.583022	249.083307	738.871003	10365.594	0.324
023918	38.436568	110.625673	245.789245	745.400385	10370.972	-0.038
023938	38.420203	110.666583	240.896953	754.755104	10364.811	-0.552
023958	38.400263	110.707457	235.714629	766.675053	10365.453	1.0
024018	38.376868	110.747423	230.757567	780.589664	10371.263	-2.045
024038	38.350878	110.784712	226.599262	793.027475	10365.092	-13.355
024058	38.32338	110.820894	225.548842	797.316015	10358.282	-13.724
024118	38.295591	110.856739	226.096937	796.943883	10355.749	-6.244
024138	38.267992	110.892667	226.056334	797.63717	10355.979	-1.164
024158	38.239668	110.92949	225.938052	798.863091	10355.417	2.466
024218	38.210945	110.96668	225.967714	799.804569	10354.926	5.139
024238	38.182948	111.002928	226.016511	799.94465	10357.955	6.341
024258	38.155545	111.038359	226.009133	799.877259	10362.583	6.807
024318	38.127434	111.074458	225.960169	801.219103	10362.536	8.084
024338	38.099196	111.110712	226.056964	803.875543	10364.466	7.25
024358	38.071392	111.146581	226.106079	805.972811	10370.571	1.86
024418	38.043165	111.182941	225.372254	804.395233	10367.771	-5.654
024438	38.014534	111.219684	225.087841	799.659919	10362.251	-7.337
024458	37.986154	111.256005	225.904945	795.347003	10362.729	-1.144
024518	37.958731	111.291089	225.657397	796.173739	10362.894	-0.419
024538	37.931496	111.325945	224.911563	798.059436	10363.326	-9.487
024558	37.903507	111.361745	224.932355	797.427898	10361.115	-10.938
024618	37.875165	111.397912	225.048148	800.857786	10340.968	45.522
024638	37.84691	111.433855	225.006765	799.773743	10352.638	175.75
024658	37.819013	111.469242	224.991468	779.927251	10469.868	351.561
024718	37.791307	111.504423	225.002524	761.829659	10632.33	435.929
024738	37.763855	111.539346	225.000689	759.800467	10771.441	368.374
024758	37.737198	111.573177	224.997784	761.118299	10882.133	254.239
024818	37.711091	111.60633	225.002421	766.327348	10949.586	141.568
024838	37.684838	111.639712	225.00492	776.337669	10971.291	52.411
024858	37.657631	111.674097	224.978755	783.050168	10974.229	8.768
024918	37.629618	111.709352	224.991747	784.960671	10973.113	0.093
024938	37.601513	111.744781	225.084393	784.92055	10972.762	-0.119
024958	37.57394	111.779546	224.861176	785.284075	10973.093	-0.055
025018	37.546729	111.813803	224.853749	785.324958	10973.047	-0.1
025038	37.519066	111.849127	226.823029	781.071742	10972.721	0.811
025058	37.493089	111.886387	230.296878	774.957626	10973.469	-1.523
025118	37.469906	111.925116	233.508982	771.211728	10973.754	-6.554
025138	37.447451	111.963613	234.46229	772.142779	10968.492	-5.003
025158	37.4245	112.0025	234.0	774.0	10965.0	0.0
025218	37.400898	112.042628	233.932332	772.157587	10971.106	0.818
025238	37.378382	112.080933	234.02717	770.548134	10971.289	-0.949
025258	37.356559	112.11805	234.002243	770.945925	10965.171	-0.407
025318	37.333136	112.158043	234.003831	771.15629	10968.864	5.743
025338	37.309623	112.198163	233.984968	770.872289	10973.969	7.086
025358	37.287159	112.236382	233.982702	770.887124	10973.206	0.717
025418	37.264603	112.27481	234.136342	772.334986	10972.691	-0.805
025438	37.242085	112.313092	233.795339	774.766196	10973.12	-0.019
025458	37.219533	112.351261	233.041659	776.803472	10973.108	-0.318
025518	37.195871	112.391317	233.408921	777.021118	10972.464	3.428
025538	37.172231	112.431251	234.162159	777.255534	10973.841	10.002
025558	37.149464	112.469597	234.116473	778.743879	10978.786	14.721
025618	37.126357	112.508674	233.331522	779.416092	10984.816	13.122
025638	37.102829	112.548416	233.074889	778.619273	10988.79	4.987
025658	37.079419	112.587745	233.855626	777.187722	10988.572	-6.046
025718	37.056535	112.626198	234.223495	776.830833	10984.238	-13.549
025738	37.033519	112.66497	233.80629	777.030291	10978.215	-14.554
025758	37.009991	112.704615	233.093397	776.993559	10973.551	-9.468
025818	36.986715	112.743652	232.912376	777.102675	10972.304	-2.141
025838	36.96351	112.782518	233.021171	776.820801	10973.444	-0.74
025858	36.940213	112.821581	233.006602	776.075882	10973.553	-6.915
025918	36.917364	112.859736	232.99326	776.205009	10968.74	-9.588
025938	36.894557	112.897798	233.001361	777.358242	10964.5	-7.037
025958	36.871334	112.93665	233.000617	778.767591	10964.929	-1.656
030018	36.847977	112.975611	232.999454	779.215637	10964.292	5.052
030038	36.824349	113.014885	233.000192	778.903687	10966.157	8.022
030058	36.800611	113.054328	233.000256	778.845425	10972.228	2.659
030118	36.777785	113.092369	232.99886	780.016709	10971.477	-9.6
030138	36.755085	113.130139	233.000499	782.249172	10964.171	-14.597
030158	36.73131	113.169452	233.003849	784.502786	10957.971	-0.375
030218	36.707	113.209671	232.9878	785.098961	10962.022	19.968
030238	36.683171	113.249158	233.006661	785.057011	10974.289	30.128
030258	36.660256	113.286961	233.053179	786.386351	10985.251	21.481
030318	36.636771	113.325267	232.830287	787.590948	10989.72	4.734
030338	36.613204	113.364657	233.093346	786.780985	10987.578	-8.99
030358	36.590967	113.404254	234.529396	783.431458	10982.183	-14.318
030418	36.568909	113.443878	235.229027	780.336326	10977.254	-15.428
030438	36.546362	113.483701	234.988442	778.972831	10972.738	-13.826
030458	36.523551	113.523758	234.943664	778.98335	10967.25	-9.224
030518	36.501174	113.563039	235.012761	778.855227	10964.906	-6.886
030538	36.479138	113.601784	235.004968	778.682864	10965.488	-8.036
030558	36.456126	113.642231	234.995946	781.177323	10961.121	-5.628
030618	36.433198	113.682392	235.001052	784.808907	10958.104	2.521
030638	36.411312	113.720565	235.001047	786.817328	10963.058	12.823
030658	36.388865	113.759764	234.99723	786.836603	10968.854	16.951
030718	36.365625	113.800358	235.002621	787.313444	10974.159	14.045
030738	36.342313	113.840971	235.008341	789.596039	10979.307	8.938
030758	36.31948	113.880687	234.96553	789.774948	10979.645	7.693
030818	36.296858	113.919986	235.0358	788.972013	10980.882	7.746
030838	36.273989	113.959661	235.115736	789.728583	10987.14	2.863
030858	36.251017	113.999454	234.418559	790.277266	10985.901	-8.515
030918	36.227987	114.039268	234.061826	789.844061	10978.565	-15.066
030938	36.204931	114.079096	234.874199	789.057829	10973.612	-9.112
030958	36.182063	114.118743	234.647198	789.385579	10973.317	-6.056
031018	36.159201	114.158251	233.994624	790.00657	10972.653	-8.204
031038	36.136069	114.197938	234.65558	789.7699	10966.867	-8.674
031058	36.112914	114.238282	235.138924	791.362528	10964.28	-5.944
031118	36.08941	114.277588	232.49485	797.968634	10964.992	0.903
031138	36.06452	114.314407	227.617782	806.75309	10965.34	10.183
031158	36.037591	114.351627	228.374301	806.641491	10970.436	14.71
031218	36.010224	114.389386	228.971028	806.345288	10976.409	13.87
031238	35.98346	114.426666	227.929372	808.114251	10980.264	6.994
031258	35.957261	114.462848	227.891296	808.17486	10980.944	-4.465
031318	35.930603	114.499619	228.056829	807.911892	10977.289	-10.281
031338	35.903666	114.536843	227.997311	808.003327	10972.873	-7.741
031358	35.87716	114.573401	227.991241	807.996487	10972.572	-1.848
031418	35.850062	114.61067	228.003896	808.043791	10973.229	0.593
031438	35.822649	114.64836	227.999806	807.986103	10972.978	0.007
031458	35.79605	114.685026	227.999361	807.069114	10972.747	0.651
031518	35.769313	114.721856	228.000309	804.035459	10973.646	-2.532
031538	35.742476	114.758716	227.999978	800.919149	10972.82	-8.209
031558	35.716145	114.794785	227.999812	800.851114	10967.148	-9.344
031618	35.688635	114.832413	228.000425	800.72938	10964.151	-5.055
031638	35.660749	114.870548	227.999885	801.106537	10965.039	0.16
031658	35.634768	114.906101	227.998011	804.655479	10965.079	0.688
031718	35.609062	114.941289	228.005635	806.483817	10965.107	-0.8
031738	35.582224	114.977978	227.99841	805.990968	10964.955	0.176
031758	35.554459	115.015868	227.972336	806.911598	10964.179	5.658
031818	35.528068	115.052013	228.078469	809.563611	10967.748	9.478
031838	35.502153	115.087096	227.977815	807.617268	10973.16	7.779
031858	35.474175	115.123834	227.271693	795.357893	10973.52	2.015
031918	35.446786	115.159515	226.885376	786.26604	10972.768	-0.795
031938	35.42025	115.194161	227.007293	785.022046	10973.012	0.038
031958	35.392763	115.229956	227.051366	786.130911	10973.04	0.1
032018	35.365888	115.264889	226.906367	788.304419	10972.978	0.02
032038	35.33879	115.300144	227.236688	790.892714	10973.03	-0.139
032058	35.310553	115.336906	227.975986	792.838291	10973.029	-0.167
032118	35.283649	115.371784	227.527742	793.219865	10972.775	1.324
032138	35.257171	115.406138	226.916619	792.938017	10973.31	-1.996
032158	35.230165	115.441228	227.018357	793.04882	10972.479	-9.856
032218	35.20341	115.475761	227.022462	794.111036	10966.722	-10.126
032238	35.17634	115.51073	226.968041	797.417896	10963.816	-1.554
032258	35.149061	115.546036	227.027645	800.285949	10965.552	8.615
032318	35.121908	115.581097	227.153562	800.290273	10969.285	12.827
032338	35.094331	115.616536	226.860154	801.776955	10974.374	12.718
032358	35.066095	115.652644	226.134162	805.569367	10979.258	9.509
032418	35.037822	115.688714	225.875499	805.017353	10980.609	2.41
032438	35.010352	115.723678	226.054914	802.641037	10979.808	0.869
032458	34.983658	115.757541	226.087443	802.79663	10979.772	2.886
032518	34.956052	115.792531	225.612015	803.382046	10980.903	-15.929
032538	34.926856	115.830044	226.487349	802.637375	10978.858	6.638
032558	34.89754	115.867556	227.094671	802.226974	10973.465	7.958
032618	34.870325	115.897723	218.62209	807.669355	10954.232	-303.78
032638	34.834796	115.923337	205.367271	813.408008	10794.589	-515.789
032658	34.797224	115.93812	192.928801	820.252318	10609.971	-507.714
032718	34.757475	115.944061	187.089541	828.410351	10438.337	-308.039
032738	34.715301	115.947996	185.25696	841.094497	10348.609	-114.942
032758	34.671955	115.95273	184.644538	853.930951	10351.308	-33.995
032818	34.628465	115.957023	185.679565	853.531984	10364.909	-6.629
032838	34.586954	115.964042	191.716637	841.048231	10362.424	0.633
032858	34.547763	115.981447	204.694275	829.500964	10362.849	1.424
032918	34.512103	116.009687	219.675116	821.673765	10362.669	1.897
032938	34.485759	116.043022	231.03478	815.444613	10361.508	-72.79
032958	34.463427	116.087527	243.203656	805.66452	10309.436	-239.656
033018	34.452255	116.129972	256.183033	787.99616	10212.432	-276.792
033038	34.446549	116.175293	261.883624	774.688189	10124.62	-283.307
033058	34.442443	116.22176	263.061324	763.889334	10030.611	-324.751
033118	34.43769	116.267978	262.991451	757.268682	9910.815	-423.866
033138	34.432804	116.315025	263.211798	765.988834	9753.341	-529.449
033158	34.428514	116.360139	262.741638	781.754997	9549.104	-625.987
033218	34.423303	116.405201	260.198268	792.402322	9315.478	-676.245
033238	34.414	116.456	256.0	793.0	9098.0	-644.0
033258	34.402249	116.501607	250.750452	775.450545	8889.36	-651.15
033318	34.387732	116.54556	246.692926	775.552241	8668.23	-669.362
033338	34.370937	116.588278	244.689099	771.717898	8438.383	-650.923
033358	34.353827	116.62895	243.790982	760.102581	8224.804	-618.636
033418	34.33776	116.667958	243.085043	749.552443	8034.673	-607.329
033438	34.321839	116.707297	243.075092	739.074449	7830.637	-608.313
033458	34.30574	116.747343	243.760693	727.274438	7617.98	-604.759
033518	34.289614	116.787456	244.720078	713.719764	7423.022	-583.203
033538	34.273968	116.826314	244.904003	702.949885	7238.554	-573.295
033558	34.258839	116.863925	244.114886	700.789595	7045.585	-595.736
033618	34.243185	116.902978	244.086924	708.768108	6838.328	-612.936
033638	34.227416	116.941582	243.781489	712.23637	6633.398	-600.624
033658	34.213143	116.978509	245.956079	696.406623	6439.699	-592.66
033718	34.201593	117.016849	252.470456	676.333438	6235.796	-618.524
033738	34.191331	117.055849	252.201152	673.302576	6026.854	-590.333
033758	34.180978	117.094483	251.630638	667.863943	5838.167	-564.509
033818	34.170971	117.130879	251.985822	658.450139	5655.518	-566.989
033838	34.161607	117.165254	252.00867	650.390097	5457.966	-581.075
033858	34.150538	117.205203	251.961594	642.675841	5267.457	-532.471
033918	34.139652	117.244563	252.698463	637.478665	5102.999	-535.935
033938	34.129977	117.279748	252.895021	635.556928	4920.14	-547.046
033958	34.120768	117.313113	252.075619	631.887904	4719.727	-502.082
034018	34.110622	117.349673	251.723606	616.938031	4571.982	-424.971
034038	34.100894	117.38607	252.399327	589.998431	4458.706	-390.474
034058	34.092605	117.419147	253.601968	559.287385	4337.089	-429.527
034118	34.085075	117.449822	253.926338	540.503319	4174.047	-495.634
034138	34.077688	117.47939	253.135738	538.560469	3971.908	-542.33
034158	34.070144	117.509243	252.831158	540.580969	3784.925	-538.737
034218	34.062256	117.540209	252.988543	541.821034	3620.99	-504.785
034238	34.053955	117.572574	252.892739	541.785202	3465.002	-477.471
034258	34.045989	117.603743	253.136072	537.660923	3305.416	-439.089
034318	34.038592	117.632827	253.452492	529.687941	3156.689	-352.68
034338	34.03018	117.665327	251.379827	526.964376	3075.959	-225.89
034358	34.022979	117.695868	257.811849	528.905446	3019.026	-222.737
034418	34.01918	117.724966	263.607987	521.992765	2929.08	-317.085
034438	34.016378	117.756857	262.942036	513.999895	2815.972	-354.836
034458	34.013253	117.788101	264.040511	511.804569	2690.478	-397.202
034518	34.010458	117.817604	263.96036	509.155383	2544.581	-481.488
034538	34.007445	117.848554	262.960768	515.088938	2368.966	-445.215
034558	34.00436	117.879232	262.765113	509.925906	2234.06	-405.807
034618	34.001378	117.909597	263.468932	505.989476	2107.353	-387.909
034638	33.998452	117.940025	263.995296	504.757956	1974.623	-371.86
034658	33.995449	117.970502	263.326151	498.415864	1855.638	-336.562
034718	33.992477	118.000522	262.868463	505.409877	1748.193	-274.663
034738	33.989553	118.02974	263.006117	511.552537	1665.98	-200.472
034758	33.986622	118.058168	263.011175	485.236094	1623.918	-158.275
034818	33.983795	118.086135	262.991118	449.577139	1579.034	-222.931
034838	33.981163	118.113088	263.001828	425.934702	1486.359	-339.024
034858	33.978706	118.138462	263.000806	417.075621	1340.748	-407.054
034918	33.976277	118.162684	262.999404	405.601224	1198.691	-391.21
034938	33.973898	118.186588	263.000147	388.680384	1079.296	-343.837
034958	33.971638	118.209909	263.000046	368.678536	973.862	-321.789
035018	33.969483	118.230771	262.999956	344.642271	867.629	-318.163
035038	33.967363	118.250807	263.000011	335.094054	759.817	-320.559
035058	33.965292	118.271316	263.000003	337.598963	653.313	-305.709
035118	33.963423	118.29043	262.999997	308.928253	549.955	-244.6
035138	33.96168	118.307717	263.000001	276.13082	479.567	-204.199
035158	33.96	118.3237	263.0	269.0	438.0	-229.0
035218	33.958472	118.33913	262.999999	268.765173	361.845	-261.566
035238	33.95698	118.354565	263.0	267.863808	261.407	-277.158
035258	33.955356	118.370507	263.0	262.814129	167.348	-261.953
035318	33.9536	118.3868	263.0	254.0	99.0	-214.0
035338	33.952343	118.400731	263.0	256.542275	24.482	-260.439
