205032	40.6459	73.8111	302.0	322.0	30.0	0.0
205052	40.651626	73.828847	284.586257	294.776479	361.313	838.474
205112	40.649102	73.847228	245.335969	312.547903	554.322	432.452
205132	40.63616	73.864282	219.528861	369.997012	672.087	318.707
205152	40.6209	73.8819	223.0	414.0	770.0	372.0
205212	40.604992	73.900767	217.989808	453.197437	927.332	628.141
205232	40.585776	73.916472	210.071514	469.206845	1183.915	1005.002
205252	40.564887	73.933295	210.799048	456.220863	1550.997	981.881
205312	40.546214	73.948391	211.964247	451.630427	1842.775	842.104
205332	40.527762	73.963585	212.01236	455.129975	2109.593	799.266
205352	40.508605	73.979456	212.293767	457.015083	2379.209	775.628
205412	40.488286	73.994998	211.568162	465.380715	2625.873	727.981
205432	40.47009	74.014978	223.86134	465.4896	2860.433	657.179
205452	40.45601	74.039054	236.765349	466.454724	3066.994	488.305
205512	40.442781	74.063538	233.432644	500.761538	3196.974	242.863
205532	40.42729	74.091083	233.73055	552.438129	3248.541	114.486
205552	40.410908	74.120049	233.681063	564.733758	3259.76	99.568
205612	40.394076	74.150152	233.009417	552.380289	3286.659	208.093
205632	40.376856	74.181244	233.818846	554.490787	3382.345	410.92
205652	40.360385	74.211073	233.92921	563.391347	3568.203	550.64
205712	40.344378	74.240019	234.205015	571.322152	3780.427	623.889
205732	40.327869	74.269737	235.032938	576.306419	3983.469	678.128
205752	40.310882	74.300282	234.163652	580.224666	4227.433	667.324
205812	40.29408	74.33081	233.843833	584.530007	4445.818	576.677
205832	40.276791	74.362005	234.039145	591.537481	4620.381	473.715
205852	40.258689	74.394183	234.016366	602.163166	4766.043	428.666
205912	40.241106	74.425786	234.009073	614.193581	4906.516	456.282
205932	40.223331	74.457337	233.971091	623.591528	5070.595	539.272
205952	40.206101	74.493571	242.806912	622.320695	5269.609	563.596
210012	40.199925	74.532616	265.403884	615.98196	5449.213	485.203
210032	40.196738	74.572028	266.148442	624.188504	5596.405	456.017
210052	40.193431	74.613965	262.921198	634.781053	5745.77	462.976
210112	40.189859	74.656647	264.10084	641.609883	5906.029	472.452
210132	40.186663	74.696907	264.154617	647.567708	6063.905	472.006
210152	40.183419	74.738216	263.921377	653.517968	6218.757	473.767
210212	40.179947	74.781203	264.007881	654.647026	6379.796	460.834
210232	40.176425	74.823815	264.018826	647.444188	6544.659	395.981
210252	40.173041	74.865454	263.995176	644.132465	6660.322	259.667
210312	40.169721	74.907083	263.999008	648.471144	6703.667	95.148
210332	40.166156	74.950233	264.001188	649.704597	6708.704	13.034
210352	40.162988	74.988435	263.999768	650.917799	6705.474	-1.335
210412	40.159816	75.027132	264.000075	653.293877	6706.166	0.427
210432	40.1558	75.0757	264.0	653.0	6706.0	0.0
210452	40.152289	75.118873	263.999969	654.49837	6705.973	-0.126
210512	40.148814	75.160584	264.000039	654.617585	6705.977	0.091
210532	40.1451	75.204	264.0	653.0	6706.0	-0.0
210552	40.141516	75.246429	263.999824	652.961997	6706.217	13.356
210612	40.138124	75.287206	264.000443	652.688811	6707.112	105.675
210632	40.1347	75.3285	264.0	653.0	6751.0	259.0
210652	40.130973	75.37293	263.997561	657.191811	6887.468	371.665
210712	40.127289	75.416165	264.006163	662.692433	7031.819	395.511
210732	40.1237	75.4581	264.0	668.0	7148.0	358.0
210752	40.11992	75.50271	263.966037	674.204845	7268.264	331.59
210812	40.116098	75.546596	264.06715	682.281352	7370.26	322.906
210832	40.112331	75.590009	263.610831	689.824138	7477.35	299.855
210852	40.108505	75.635077	262.999401	697.483339	7586.252	248.045
210912	40.10452	75.680842	263.633448	709.641302	7644.826	197.451
210932	40.100474	75.726745	264.217567	723.710985	7698.162	205.281
210952	40.096394	75.772926	263.970799	734.352185	7776.487	261.863
211012	40.092218	75.819929	263.246793	738.037813	7876.041	304.588
211032	40.087924	75.867898	262.902475	740.839018	7985.928	309.841
211052	40.083584	75.916316	263.004782	745.217998	8089.737	296.649
211112	40.079275	75.964528	263.014652	748.918086	8178.887	300.264
211132	40.074832	76.013052	262.996199	750.761195	8282.217	310.277
211152	40.070384	76.061165	262.99944	752.106854	8395.258	320.625
211212	40.066121	76.108465	262.985336	754.928392	8493.976	332.857
211232	40.061444	76.159678	263.044306	756.679336	8609.31	331.492
211252	40.056568	76.21187	262.987377	758.135584	8730.289	302.777
211312	40.052214	76.258427	262.780049	761.787398	8815.841	246.932
211332	40.047867	76.306164	263.624091	763.463249	8883.88	196.556
211352	40.043044	76.356153	262.823256	766.339371	8949.215	207.033
211412	40.035109	76.404902	254.56965	775.991633	9025.602	301.081
211432	40.019101	76.454015	242.085823	782.222878	9141.69	377.059
211452	40.000317	76.498132	238.607007	779.909201	9273.008	394.854
211512	39.9811	76.5395	240.0	774.0	9403.0	368.0
211532	39.962448	76.581383	240.21255	769.981694	9519.702	319.731
211552	39.943549	76.624244	239.916046	768.616581	9617.172	279.416
211612	39.9238	76.6683	240.0	769.0	9700.0	251.0
211632	39.903645	76.713248	240.014323	769.500954	9780.445	237.743
211652	39.884891	76.755177	239.996368	767.487773	9866.756	338.049
211712	39.866607	76.796046	240.001963	759.441876	9995.894	453.726
211732	39.847286	76.839097	240.001081	748.191913	10165.838	427.592
211752	39.828204	76.88146	239.999342	744.078998	10297.217	288.687
211812	39.809677	76.92255	240.000088	744.957734	10357.507	123.024
211832	39.791095	76.963813	240.00123	741.642874	10365.514	27.674
211852	39.772068	77.00577	239.996673	739.121562	10361.798	-1.665
211912	39.752846	77.048002	240.000932	740.10103	10363.06	0.183
211932	39.73406	77.089531	240.016193	741.999436	10363.194	0.597
211952	39.715834	77.129781	239.954079	740.687055	10362.914	-0.265
212012	39.697345	77.170504	240.012961	736.824915	10363.004	0.013
212032	39.677828	77.213538	240.225476	734.455229	10363.014	0.043
212052	39.65913	77.254526	239.311136	733.834843	10362.994	-0.018
212112	39.641409	77.293253	239.077457	734.007847	10363.0	0.001
212132	39.623127	77.333407	241.068282	733.985657	10363.0	-0.0
212152	39.60401	77.375178	239.714684	733.89756	10362.999	0.002
212212	39.584836	77.417038	238.6601	734.383226	10363.002	-0.009
212232	39.566163	77.457806	239.031814	735.03774	10362.999	0.005
212252	39.547955	77.497429	239.049104	735.060027	10362.99	0.042
212312	39.529319	77.53787	238.973954	734.962301	10363.031	-0.134
212332	39.509935	77.579853	239.003181	735.007587	10362.983	0.073
212352	39.490322	77.622294	239.010691	735.043258	10362.867	0.583
212412	39.471687	77.662682	238.975261	734.80899	10363.425	-2.374
212432	39.453681	77.701743	239.012727	733.856333	10362.766	-8.677
212452	39.435093	77.74191	239.100574	732.309738	10358.386	-14.213
212512	39.416036	77.782693	238.679693	732.131554	10352.332	-13.841
212532	39.397266	77.823592	239.176187	731.842702	10347.691	-7.14
212552	39.379844	77.8639	241.974829	729.45544	10347.015	3.132
212612	39.364591	77.901649	243.789396	729.750419	10350.787	15.377
212632	39.348146	77.943543	244.021297	732.777024	10358.027	19.363
212652	39.329328	77.990917	243.893483	736.54685	10364.985	13.088
212712	39.312601	78.032894	243.359757	741.656897	10368.522	11.23
212732	39.296253	78.073748	242.958194	745.547938	10371.81	12.289
212752	39.279009	78.116712	242.97342	746.845536	10376.619	10.659
212812	39.261783	78.159713	243.017605	747.379833	10380.12	-2.82
212832	39.244655	78.202499	242.996996	748.198881	10376.319	-16.682
212852	39.227256	78.245886	242.998083	748.496212	10365.284	-16.693
212912	39.209755	78.289585	243.001299	745.458196	10361.983	-10.466
212932	39.192789	78.331964	242.999748	741.345137	10362.727	-8.387
212952	39.176432	78.372649	242.999743	739.389434	10357.917	-13.714
213012	39.159221	78.415117	243.000587	738.051509	10351.867	-14.767
213032	39.141943	78.457689	242.999469	736.764297	10347.211	-5.138
213052	39.125637	78.49807	242.998324	735.507866	10346.452	11.263
213112	39.108823	78.539688	243.006913	733.51123	10355.088	18.518
213132	39.091725	78.582093	242.992822	731.771611	10363.947	13.16
213152	39.075202	78.623184	242.976795	731.704693	10363.559	2.43
213212	39.058829	78.66345	243.096201	733.151335	10362.817	-2.184
213232	39.042108	78.704605	242.897667	735.509659	10362.838	1.068
213252	39.024841	78.747555	242.164808	738.181834	10362.296	6.865
213312	39.007369	78.790366	241.896339	740.790572	10366.883	8.598
213332	38.990224	78.832033	242.017481	742.066427	10371.297	8.013
213352	38.973491	78.873085	242.01051	741.848981	10370.574	8.366
213412	38.956228	78.915462	241.995658	743.242896	10374.658	5.394
213432	38.938581	78.95858	241.998033	745.291136	10377.8	-1.624
213452	38.921117	79.001093	241.990337	745.399897	10372.523	-7.887
213512	38.903715	79.043492	242.042876	743.498856	10369.855	-4.208
213532	38.886172	79.085854	241.957352	741.849474	10371.375	-0.127
213552	38.868835	79.127888	242.366212	741.98958	10371.797	-6.086
213612	38.853178	79.169632	245.759574	741.332205	10367.236	-9.899
213632	38.839965	79.213833	251.050195	738.1098	10362.495	-6.961
213652	38.829353	79.261136	255.321573	733.048471	10362.732	-1.015
213712	38.821113	79.305085	256.948591	730.054369	10363.211	0.766
213732	38.813541	79.348034	256.984829	728.635811	10362.957	-0.158
213752	38.80523	79.394069	256.993262	727.221718	10362.981	-0.071
213812	38.796744	79.440888	257.005284	726.833525	10363.014	0.058
213832	38.788453	79.486873	256.99891	727.034171	10362.998	-0.016
213852	38.780339	79.531808	256.999515	727.014856	10363.001	-0.015
213912	38.772096	79.576736	257.000388	726.989977	10362.989	0.052
213932	38.76369	79.622417	256.999911	726.99993	10363.016	-0.064
213952	38.755264	79.668724	256.999915	726.987649	10363.083	-0.33
214012	38.746993	79.714232	256.999996	727.002317	10362.988	0.048
214032	38.738939	79.758127	256.999869	727.03786	10362.814	0.737
214052	38.730782	79.802123	257.000401	726.893956	10363.515	-2.434
214112	38.722486	79.846841	256.999885	727.029947	10362.855	-8.251
214132	38.7142	79.891876	256.998002	728.205522	10358.08	-10.124
214152	38.70565	79.938143	257.005669	730.089462	10354.69	-2.425
214212	38.696972	79.984802	256.9984	732.09376	10356.195	8.352
214232	38.688594	80.029879	256.972161	733.621445	10361.252	9.781
214252	38.680399	80.073754	257.078966	734.144295	10363.658	4.949
214312	38.671964	80.118618	256.977675	733.992846	10362.977	-0.179
214332	38.663042	80.165974	256.269254	733.976708	10363.094	-1.163
214352	38.65449	80.211374	255.892294	734.010331	10362.464	2.624
214412	38.646171	80.25547	256.00534	733.999495	10363.163	8.242
214432	38.6373	80.302303	256.017394	733.99847	10368.616	10.092
214452	38.628555	80.348439	255.992265	734.000339	10372.495	2.443
214512	38.620184	80.392703	256.000384	734.000077	10370.779	-8.354
214532	38.611818	80.436918	256.001257	734.001869	10365.026	-9.805
214552	38.603266	80.481413	255.99942	733.99434	10362.165	-4.894
214612	38.5945	80.5267	256.0	734.0	10363.0	-0.0
214632	38.585592	80.573358	256.0001	734.028485	10363.143	0.472
214652	38.576595	80.620352	255.999961	733.928153	10362.943	-0.187
214712	38.5677	80.6665	256.0	734.0	10363.0	0.0
214732	38.559132	80.711231	256.000007	734.692088	10363.01	0.034
214752	38.550648	80.755361	255.999997	735.111014	10362.996	-0.013
214812	38.542035	80.799942	256.0	735.006025	10363.0	-0.001
214832	38.533262	80.845551	256.000001	734.977776	10363.002	-0.001
214852	38.52442	80.891113	256.0	735.00986	10362.997	0.008
214912	38.515546	80.936329	256.0	735.001166	10362.999	0.003
214932	38.506606	80.982025	256.0	734.983611	10363.015	-0.053
214952	38.497711	81.027704	256.0	735.033983	10362.965	0.12
215012	38.488846	81.073216	256.0	735.0103	10362.989	0.037
215032	38.479859	81.119045	256.0	734.792772	10363.214	-0.742
215052	38.47086	81.164641	256.0	735.465895	10362.518	1.886
215112	38.461944	81.20975	256.0	735.143032	10362.852	7.739
215132	38.453081	81.254725	256.000003	730.082899	10368.017	10.293
215152	38.444192	81.299542	255.999993	725.343553	10372.35	3.608
215212	38.435248	81.344351	255.999998	724.013821	10371.207	-7.613
215232	38.426323	81.3893	256.000042	724.04085	10365.583	-10.08
215252	38.417623	81.433067	255.999906	723.752852	10362.229	-5.417
215312	38.408946	81.476473	255.999971	723.023163	10362.956	-0.154
215332	38.399814	81.522021	256.000583	722.92693	10363.157	0.544
215352	38.390818	81.56656	255.998688	723.00537	10362.945	-0.192
215412	38.382137	81.609608	255.999597	722.994274	10362.997	-0.011
215432	38.373227	81.654406	256.008125	723.143721	10363.011	0.039
215452	38.364066	81.698603	256.035724	722.611325	10362.996	-0.014
215512	38.355665	81.742249	257.800981	721.090124	10363.0	-0.001
215532	38.349721	81.78883	263.23646	719.386504	10363.0	0.002
215552	38.34645	81.836216	266.775894	718.775959	10363.0	-0.001
215612	38.344506	81.881958	266.945805	719.025482	10363.0	0.0
215632	38.342332	81.925669	266.222227	719.080542	10363.0	0.0
215652	38.339998	81.970068	265.897662	718.821336	10363.0	-0.0
215712	38.337667	82.015792	266.009713	719.091596	10363.0	0.0
215732	38.335343	82.061549	266.016632	720.490232	10363.0	0.0
215752	38.333026	82.106508	265.992649	721.194113	10363.0	-0.0
215812	38.330681	82.151594	266.00037	720.992872	10363.0	0.0
215832	38.328282	82.197985	266.001329	721.022272	10363.0	0.0
215852	38.325947	82.242922	265.99948	720.869389	10363.0	-0.0
215912	38.3236	82.2875	266.0	721.0	10363.0	0.0
215932	38.321061	82.335361	266.000095	722.385227	10363.0	0.0
215952	38.318595	82.381797	265.99996	723.213616	10363.0	-0.0
220012	38.3162	82.4265	266.0	723.0	10363.0	-0.0
220032	38.313612	82.473855	266.00002	722.963242	10363.0	0.0
220052	38.311019	82.520966	265.999964	723.010125	10363.0	-0.0
220112	38.3085	82.5661	266.0	723.0	10363.0	-0.0
220132	38.305957	82.610462	266.000186	723.026085	10363.0	0.0
220152	38.303467	82.654806	265.999531	722.928128	10363.0	-0.0
220212	38.301	82.6996	266.0	723.0	10363.0	0.0
220232	38.298419	82.745155	266.002584	723.698248	10363.0	0.0
220252	38.295779	82.791673	265.99347	724.094784	10363.0	-0.0
220312	38.2932	82.838	266.0	724.0	10363.0	-0.0
220332	38.290745	82.882483	266.035988	724.045689	10363.0	0.0
220352	38.288203	82.926735	265.902137	723.815196	10363.0	-0.0
220412	38.285487	82.972069	265.81352	723.241359	10363.0	-0.0
220432	38.282714	83.018607	266.401235	722.874714	10363.0	0.0
220452	38.28	83.0652	267.0	723.0	10363.0	0.0
220512	38.277372	83.110608	266.349109	723.28644	10363.0	-0.0
220532	38.274543	83.157813	265.931823	722.231296	10363.0	0.0
220552	38.2716	83.2057	266.0	721.0	10363.0	0.0
220612	38.26892	83.249952	265.366673	722.280477	10363.0	-0.0
220632	38.26623	83.29397	264.792439	723.178242	10363.0	0.0
220652	38.2634	83.3396	265.0	723.0	10363.0	-0.0
220712	38.260586	83.385369	265.821354	723.751347	10363.0	-0.0
220732	38.257825	83.430717	265.791949	723.819646	10363.0	0.0
220752	38.255	83.4764	265.0	723.0	10363.0	-0.0
220812	38.251986	83.523305	264.910059	722.905044	10363.0	-0.0
220832	38.249082	83.568799	265.035586	723.037545	10363.0	0.0
220852	38.2463	83.6131	265.0	723.0	10363.0	-0.0
220912	38.243341	83.659283	264.993543	722.993347	10363.0	-0.0
220932	38.240241	83.706858	265.002555	723.002281	10363.0	0.0
220952	38.2372	83.7533	265.0	723.0	10363.0	0.0
221012	38.234359	83.796792	264.999536	723.001809	10363.0	-0.0
221032	38.231351	83.842406	265.000183	722.994385	10363.0	0.0
221052	38.2282	83.8899	265.0	723.0	10363.0	0.0
221112	38.225271	83.934228	264.999968	723.031975	10363.0	-0.0
221132	38.222259	83.979139	265.000011	722.919112	10363.0	0.0
221152	38.2191	84.0256	265.0	723.0	10363.0	0.0
221212	38.216041	84.070867	265.000011	723.742131	10363.0	-0.0
221232	38.212914	84.117423	264.999968	723.947258	10363.0	0.0
221252	38.2097	84.1648	265.0	723.0	10363.0	0.0
221312	38.20657	84.209659	265.000182	721.506014	10363.0	-0.0
221332	38.203402	84.254274	264.999539	720.861016	10363.0	0.0
221352	38.2002	84.2996	265.0	721.0	10363.0	0.0
221412	38.197084	84.3444	265.00254	720.823548	10363.0	-0.0
221432	38.193862	84.389701	264.99358	721.588443	10363.0	0.0
221452	38.1905	84.4361	265.0	723.0	10363.0	-0.0
221512	38.187175	84.48285	265.050914	723.236164	10363.0	-0.0
221532	38.183957	84.527931	265.007863	722.99986	10363.0	-0.0
221552	38.180842	84.57022	264.85957	723.172561	10363.0	0.0
221612	38.177626	84.614016	265.335528	722.435349	10363.0	-0.0
221632	38.174268	84.66057	265.997682	719.243433	10363.0	-0.0
221652	38.170961	84.706713	265.422688	713.555327	10363.0	0.0
221712	38.1678	84.75307	264.868363	709.980185	10363.0	-0.0
221732	38.164842	84.798619	264.992433	709.971281	10363.0	-0.0
221752	38.162066	84.840817	265.026808	710.263499	10363.0	0.0
221812	38.159147	84.884818	264.990549	709.481245	10363.0	-0.0
221832	38.156052	84.931152	264.999457	708.056649	10363.0	-0.0
221852	38.153069	84.974484	265.001922	707.577364	10363.0	0.0
221912	38.149974	85.018617	264.999328	708.71424	10363.0	-0.0
221932	38.146757	85.06482	264.999963	709.995835	10363.0	-0.0
221952	38.143727	85.109298	265.000099	708.884862	10363.0	0.0
222012	38.140751	85.152776	265.000039	707.628121	10363.0	-0.0
222032	38.137659	85.19722	265.000024	707.950604	10363.0	-0.0
222052	38.134444	85.243451	264.999464	709.256255	10363.0	0.0
222112	38.131318	85.287988	265.001225	710.460448	10363.0	-0.0
222132	38.128257	85.330989	265.000377	710.989174	10363.0	-0.0
222152	38.125009	85.376574	264.992393	711.027815	10363.0	0.0
222212	38.121749	85.421611	265.017112	711.014146	10363.0	-0.0
222232	38.118561	85.465187	265.005254	711.007901	10363.0	-0.0
222252	38.115308	85.510353	264.894032	710.572973	10363.0	0.0
222312	38.112022	85.555358	265.264117	709.333184	10363.0	-0.0
222332	38.108715	85.599687	265.935361	708.050788	10363.0	-0.0
222352	38.10532	85.645728	265.721582	708.609737	10363.0	0.001
222412	38.101935	85.691936	264.976844	710.038289	10363.0	-0.0
222432	38.098719	85.734954	264.925015	710.031227	10363.001	-0.005
222452	38.095556	85.777368	265.032057	710.310527	10362.996	0.014
222512	38.092226	85.821792	264.998764	711.014249	10363.001	-0.004
222532	38.088616	85.868475	265.002037	710.920507	10363.02	-0.07
222552	38.085102	85.913667	264.981252	711.504456	10362.942	0.199
222612	38.08173	85.957862	265.005853	713.083938	10363.016	-0.056
222632	38.078265	86.00417	265.103507	714.557864	10363.282	-0.978
222652	38.074806	86.049514	264.656173	715.265528	10362.199	3.169
222712	38.071322	86.09374	263.980062	714.96111	10363.226	8.041
222732	38.067706	86.139069	263.935058	713.747596	10369.677	3.727
222752	38.064202	86.183099	264.028879	712.032931	10369.11	-4.476
222812	38.060831	86.225854	263.998566	710.991383	10362.798	-7.927
222832	38.057391	86.269765	263.995302	711.270485	10362.342	-2.497
222852	38.053819	86.315015	264.002174	709.853246	10363.293	1.014
222912	38.050223	86.35989	263.999869	707.982692	10362.985	-0.05
222932	38.04672	86.403065	263.999166	709.259195	10362.953	-0.164
222952	38.043036	86.448488	264.001564	710.306811	10363.021	0.073
223012	38.039211	86.495724	263.999593	709.984386	10362.999	-0.004
223032	38.03553	86.540846	263.993029	709.94224	10362.997	-0.012
223052	38.031902	86.584602	264.019716	710.045994	10363.002	0.005
223112	38.028213	86.628631	263.994438	709.992114	10363.0	-0.0
223132	38.024458	86.673468	263.903239	709.878171	10363.0	-0.001
223152	38.02083	86.71652	264.320596	710.368087	10363.0	0.001
223212	38.017267	86.758646	264.954838	710.598218	10363.0	0.0
223232	38.013469	86.804049	264.713692	708.416979	10363.0	-0.0
223252	38.009504	86.851086	263.97721	704.847129	10363.0	-0.0
223312	38.005678	86.895006	263.925773	703.021177	10363.0	-0.0
223332	38.001965	86.93812	264.032998	703.59833	10363.0	0.001
223352	37.998208	86.982563	263.998365	705.047583	10363.0	-0.0
223412	37.994315	87.02805	263.994687	705.211205	10363.001	-0.005
223432	37.990578	87.071523	264.002327	704.738012	10362.996	0.014
223452	37.9868	87.1151	264.0	705.0	10363.0	0.0
223512	37.982603	87.162832	264.000312	706.877609	10363.021	-0.072
223532	37.978804	87.206753	263.99831	708.938386	10362.947	0.182
223552	37.9753	87.2479	264.0	710.0	10363.0	0.0
223612	37.97118	87.295036	264.010783	710.019287	10363.306	-1.059
223632	37.967174	87.339981	263.976564	710.134221	10362.337	2.512
223652	37.963491	87.381059	263.99284	710.049342	10362.798	7.928
223712	37.95947	87.42631	264.144284	708.465589	10369.11	4.473
223732	37.955386	87.471748	263.648526	708.359049	10369.677	-3.726
223752	37.951402	87.515476	262.997084	709.952688	10363.226	-8.041
223812	37.947317	87.560842	263.684153	710.010783	10362.199	-3.17
223832	37.943341	87.605212	263.863804	710.383459	10363.283	0.981
223852	37.939405	87.648749	263.030304	711.030397	10363.016	0.057
223912	37.935151	87.695174	262.883979	709.203926	10362.937	-0.218
223932	37.930973	87.740372	263.035809	707.681666	10363.019	0.067
223952	37.927004	87.783144	263.004484	707.959846	10363.002	0.008
224012	37.922865	87.827778	262.991795	708.076633	10362.996	-0.015
224032	37.918821	87.87147	263.002571	707.969584	10363.001	0.005
224052	37.914906	87.913572	263.000322	707.992177	10363.0	0.001
224112	37.910686	87.958304	262.999411	708.058374	10363.0	-0.001
224132	37.906411	88.003457	263.000185	707.892514	10363.0	0.0
224152	37.902225	88.047798	263.000023	707.930628	10363.0	0.0
224212	37.897899	88.093472	262.999957	709.172609	10363.0	-0.0
224232	37.893602	88.138108	263.000014	710.324717	10363.0	0.0
224252	37.88942	88.180978	263.000002	710.106842	10363.0	0.0
224312	37.885177	88.224987	262.999992	708.646151	10363.0	-0.0
224332	37.880876	88.269877	263.000011	707.960184	10363.0	0.0
224352	37.876537	88.314809	263.000007	708.071825	10363.0	0.0
224412	37.872139	88.359656	262.999929	706.3775	10363.0	-0.0
224432	37.867754	88.404119	263.000141	704.275492	10363.0	0.0
224452	37.86343	88.448196	263.000092	703.090413	10363.0	0.0
224512	37.859146	88.492102	262.999012	702.302845	10363.0	-0.0
224532	37.854914	88.534709	263.001967	701.892559	10363.0	0.0
224552	37.85064	88.576778	263.001285	701.966108	10363.0	0.0
224612	37.846131	88.62131	262.981883	702.456685	10363.0	-0.0
224632	37.84157	88.66694	262.991705	702.956404	10363.0	-0.0
224652	37.837182	88.711347	263.053592	703.051137	10363.0	0.0
224712	37.83269	88.755823	262.908891	702.990447	10363.0	-0.0
224732	37.828066	88.800646	262.903583	703.00269	10363.0	-0.0
224752	37.823767	88.843557	263.878449	702.981486	10363.0	0.001
224812	37.819249	88.887888	263.709276	703.182977	10363.003	-0.012
224832	37.814562	88.932796	262.971882	703.1705	10363.003	-0.011
224852	37.810161	88.974931	263.666781	702.32325	10362.99	0.034
224912	37.805854	89.016462	263.680528	702.151965	10363.022	-0.076
224932	37.8013	89.06046	263.101543	701.699447	10362.973	0.094
224952	37.796594	89.105857	264.103747	699.775853	10363.222	-0.776
225012	37.791967	89.150364	263.062769	701.055707	10364.032	-3.611
225032	37.787383	89.194256	261.869511	701.934496	10362.306	2.538
225052	37.782786	89.237881	261.917036	701.420947	10360.907	30.877
225112	37.778148	89.281201	262.054947	705.526854	10376.223	94.069
225132	37.773458	89.325089	261.990628	710.643593	10420.609	176.406
225152	37.768723	89.369989	261.994033	711.185131	10496.139	233.876
225212	37.763982	89.414319	262.00399	710.846698	10587.412	205.717
225232	37.759257	89.458508	261.99928	711.052557	10653.756	120.218
225252	37.754576	89.503166	261.999316	711.150308	10668.823	43.892
225312	37.749986	89.546468	262.000318	710.605734	10667.419	5.762
225332	37.7453	89.5897	262.0	710.0	10668.0	0.0
225352	37.740295	89.635559	261.99989	710.474888	10668.101	-0.017
225412	37.735389	89.680477	262.000168	711.591096	10667.958	-0.003
225432	37.730641	89.723717	262.000042	712.927465	10667.998	-0.003
225452	37.72569	89.768318	261.999185	714.374131	10668.011	0.065
225512	37.720615	89.814276	262.00182	715.308712	10667.991	-0.149
225532	37.715642	89.859606	262.000558	715.054092	10667.998	-0.046
225552	37.710884	89.902486	261.988743	713.556769	10668.038	4.737
225612	37.705896	89.947096	262.025319	713.078393	10668.32	29.845
225632	37.700747	89.993186	262.007774	714.863014	10681.523	79.134
225652	37.695991	90.03583	261.880769	717.97603	10725.345	134.068
225712	37.690965	90.080404	262.568318	720.542331	10777.238	155.793
225732	37.685734	90.126723	262.927674	723.614136	10827.789	151.271
225752	37.680817	90.170584	261.922705	727.160625	10878.775	143.444
225812	37.67589	90.214261	262.098735	726.97199	10923.431	115.293
225832	37.670808	90.261643	263.548658	727.175833	10963.303	71.748
225852	37.666714	90.30681	264.181892	725.992112	10977.364	26.563
225912	37.66323	90.350016	263.996814	723.832496	10972.587	-1.392
225932	37.659182	90.395454	264.10265	723.025722	10972.327	-1.969
225952	37.655035	90.440562	263.526723	723.137189	10973.473	0.454
230012	37.650994	90.4851	263.019333	724.164428	10972.883	0.247
230032	37.646838	90.531163	263.79778	726.236134	10972.256	5.768
230052	37.642406	90.5793	263.784233	727.816528	10975.703	9.609
230112	37.637974	90.626652	262.933703	729.180316	10980.259	7.543
230132	37.6339	90.670319	262.795751	731.30801	10980.385	1.785
230152	37.629856	90.714162	263.508541	732.494203	10979.843	-0.963
230212	37.625678	90.759693	263.98584	731.858667	10979.995	0.167
230232	37.62142	90.805698	263.276068	729.868003	10979.841	0.854
230252	37.617105	90.851216	262.895336	727.902308	10980.583	-2.934
230312	37.612767	90.896314	262.996645	726.969908	10979.673	-8.395
230332	37.608435	90.941533	262.892602	727.061812	10974.635	-9.249
230352	37.604085	90.986664	263.458158	726.546106	10972.246	-4.714
230412	37.59965	91.032453	263.99149	726.018125	10973.07	0.279
230432	37.59515	91.079196	263.292057	726.800628	10973.108	0.427
230452	37.590871	91.123661	262.862879	726.767177	10972.946	-0.214
230512	37.586669	91.167032	263.012812	725.943699	10973.005	0.02
230532	37.582211	91.212628	263.019608	725.876466	10973.008	0.031
230552	37.577705	91.258591	262.990152	726.186368	10972.996	-0.015
230612	37.573256	91.304039	263.000921	725.915136	10973.0	0.001
230632	37.568842	91.34913	263.00142	724.561747	10973.001	0.002
230652	37.564516	91.392792	262.999255	723.401981	10973.0	-0.001
230712	37.560155	91.436469	263.000087	722.984061	10973.0	0.0
230732	37.555577	91.482574	263.000268	722.986808	10973.0	0.0
230752	37.550868	91.530017	262.999416	722.96936	10973.0	-0.0
230812	37.546251	91.576287	263.000296	723.023195	10973.0	0.0
230832	37.541861	91.619902	263.002335	723.585414	10973.0	0.0
230852	37.537392	91.663986	262.991866	724.798624	10973.0	-0.0
230912	37.532781	91.709541	262.990809	725.902037	10973.0	-0.0
230932	37.528204	91.755334	263.03334	725.76637	10973.0	0.0
230952	37.5236	91.800927	262.975724	726.25045	10973.0	-0.0
231012	37.518955	91.845586	262.884282	728.595042	10973.0	-0.0
231032	37.514653	91.887102	263.499067	728.428424	10973.0	-0.0
231052	37.51027	91.929875	264.000631	726.808559	10973.0	0.0
231112	37.505258	91.978506	263.316168	726.881573	10973.0	0.0
231132	37.5001	92.02784	262.321998	727.064172	10973.0	-0.0
231152	37.495282	92.073342	262.046305	727.003826	10973.0	0.0
231212	37.490824	92.115225	262.75123	727.054531	10973.0	0.0
231232	37.485972	92.160958	263.211837	726.776926	10973.0	-0.0
231252	37.480843	92.209461	262.910259	727.18313	10973.0	0.0
231312	37.475964	92.255633	262.183266	728.778839	10973.0	0.0
231332	37.471235	92.300444	261.902377	728.41291	10973.0	-0.001
231352	37.466617	92.343876	262.013014	726.830822	10973.0	0.001
231412	37.462055	92.386135	262.012246	726.258734	10972.999	0.005
231432	37.457191	92.431008	261.992991	725.128771	10973.005	-0.016
231452	37.452152	92.47736	262.000934	723.894381	10972.996	0.013
231512	37.447231	92.522321	262.000879	723.883513	10972.982	0.063
231532	37.442237	92.567849	261.999496	724.131293	10973.066	-0.229
231552	37.43727	92.6133	262.000068	723.930507	10972.947	0.183
231612	37.432489	92.657159	262.000065	723.246747	10972.745	0.882
231632	37.427583	92.701408	261.999956	722.698152	10973.921	-3.839
231652	37.422546	92.746611	262.000011	723.175717	10972.258	-8.042
231712	37.417547	92.792001	262.000037	725.133206	10965.848	-2.99
231732	37.412547	92.836918	261.999882	727.583831	10967.474	5.362
231752	37.407554	92.881351	262.000093	729.11053	10973.574	7.543
231812	37.402569	92.925938	262.000446	729.078395	10973.685	1.14
231832	37.397465	92.971697	261.998387	729.05192	10972.061	2.219
231852	37.39234	93.017324	262.001286	728.914704	10973.564	8.677
231912	37.387298	93.061545	262.006213	727.663621	10978.695	9.107
231932	37.382075	93.106976	261.977538	725.602831	10980.553	4.939
231952	37.37683	93.152885	262.017913	723.80232	10980.04	-0.877
232012	37.37179	93.197484	262.086537	723.103739	10980.566	-6.314
232032	37.366572	93.24295	261.681477	722.862673	10977.118	-10.409
232052	37.361283	93.288955	262.163589	723.054318	10972.797	-8.297
232112	37.357058	93.333708	265.196038	724.069496	10973.035	0.283
232132	37.355722	93.37766	269.01305	725.54185	10973.116	0.918
232152	37.355423	93.422365	270.081127	726.181342	10972.945	-0.396
232212	37.354977	93.468207	268.958948	725.990552	10973.004	0.016
232232	37.354513	93.514368	268.865532	725.96138	10973.026	-0.004
232252	37.35403	93.560002	269.062183	726.040634	10972.945	0.171
232312	37.3535	93.6056	269.0	726.0	10973.0	-0.0
232332	37.352918	93.652236	268.988193	725.854484	10973.269	-1.057
232352	37.352351	93.698634	269.004111	726.337025	10972.42	2.513
232412	37.351826	93.743238	269.000236	726.997724	10972.823	7.928
232432	37.351302	93.785988	268.999163	726.423456	10978.343	4.461
232452	37.350741	93.831839	269.000296	725.865989	10978.851	-3.698
232512	37.350131	93.879812	269.000017	725.991674	10973.201	-8.033
232532	37.349493	93.923207	268.999934	726.043382	10972.231	-3.395
232552	37.348835	93.967595	269.000021	725.964138	10973.238	0.907
232612	37.348167	94.015218	269.000003	725.981454	10973.03	0.115
232632	37.347502	94.060454	268.999994	726.1958	10972.941	-0.225
232652	37.3469	94.104281	269.000003	725.650517	10973.016	0.061
232712	37.346304	94.148835	269.000002	724.200254	10973.003	0.013
232732	37.345525	94.194249	268.999986	723.234538	10972.996	-0.016
232752	37.344747	94.239802	269.000024	722.965606	10973.001	0.004
232812	37.344097	94.285098	269.000025	723.000986	10973.0	0.001
232832	37.343409	94.330559	268.99981	722.935874	10973.0	-0.001
232852	37.342603	94.376167	269.000332	723.128781	10973.0	0.0
232912	37.341727	94.421766	269.000353	723.139552	10973.0	0.0
232932	37.340916	94.467209	268.997351	721.585146	10973.0	-0.0
232952	37.340112	94.511941	269.004652	721.288349	10973.0	0.0
233012	37.339268	94.556501	269.006293	722.88919	10973.0	0.0
233032	37.33844	94.602808	268.962727	722.141099	10973.0	-0.0
233052	37.337574	94.649254	269.04493	720.886266	10973.0	0.0
233112	37.336634	94.694163	269.100368	721.1002	10973.0	0.0
233132	37.335716	94.738739	268.388392	719.90879	10973.0	-0.0
233152	37.33482	94.782837	268.067194	719.064772	10973.0	0.0
233212	37.333892	94.827028	268.882366	720.572707	10973.0	0.0
233232	37.332895	94.874654	268.669356	721.309887	10973.0	-0.0
233252	37.331911	94.921337	267.911733	720.908395	10973.0	0.0
233312	37.330989	94.963228	267.943881	720.821305	10973.0	0.0
233332	37.329976	95.00756	268.037166	721.843918	10973.0	-0.0
233352	37.32888	95.054138	267.993663	723.23142	10973.0	0.0
233412	37.327807	95.099393	267.995971	723.917569	10973.0	0.0
233432	37.326808	95.144027	268.002668	724.047786	10973.0	-0.0
233452	37.325785	95.188626	267.999545	723.993411	10973.0	0.0
233512	37.324647	95.233598	267.999711	724.000654	10973.0	0.0
233532	37.323502	95.279657	268.000192	723.978565	10973.0	-0.0
233552	37.322374	95.325244	267.999967	724.025366	10973.0	0.0
233612	37.32124	95.369066	267.999979	724.083587	10973.0	0.0
233632	37.320106	95.413357	268.000015	723.552556	10973.0	-0.0
233652	37.318913	95.459445	267.999998	722.953189	10973.0	0.0
233712	37.317637	95.506484	267.999998	722.970503	10973.0	0.0
233732	37.316427	95.550722	268.000001	722.961892	10973.0	-0.0
233752	37.315207	95.594913	268.0	723.048472	10973.0	0.0
233812	37.313861	95.642832	267.999998	723.24829	10973.0	0.0
233832	37.3126	95.689189	268.000005	721.929226	10973.0	-0.0
233852	37.311421	95.732756	267.999996	721.079417	10973.0	0.0
233912	37.310169	95.776272	267.999979	722.687703	10973.0	0.0
233932	37.308785	95.822612	268.000075	722.44485	10973.0	-0.0
233952	37.307361	95.869315	267.999962	720.917937	10973.0	0.0
234012	37.306023	95.912846	267.999696	720.97127	10973.0	0.0
234032	37.304711	95.956947	268.000967	720.564194	10973.0	-0.0
234052	37.303362	96.00207	267.999472	718.778021	10973.0	0.0
234112	37.301962	96.046226	267.99578	716.580824	10973.0	0.0
234132	37.300563	96.090739	268.013672	715.718275	10973.0	-0.0
234152	37.299125	96.136076	267.996433	716.015321	10973.0	0.0
234212	37.297624	96.181525	267.938627	716.083823	10973.0	0.0
234232	37.296305	96.226365	268.173714	715.81361	10973.0	-0.0
234252	37.294695	96.271388	267.951114	714.931483	10973.0	0.0
234312	37.292908	96.317438	268.348608	716.415859	10973.0	0.0
234332	37.295362	96.361381	278.856083	733.70516	10973.0	-0.0
234352	37.305781	96.405315	290.87555	752.612296	10973.0	0.0
234412	37.320334	96.45023	293.886635	757.745993	10973.0	-0.0
234432	37.334248	96.493158	292.928547	755.676606	10973.0	0.0
234452	37.347574	96.534203	292.979355	753.082557	10973.0	0.0
234512	37.361845	96.5781	292.652108	754.420565	10973.0	-0.0
234532	37.376728	96.623948	291.990637	758.153694	10973.0	0.0
234552	37.390915	96.667747	292.492366	759.846172	10973.0	0.0
234612	37.405301	96.711911	293.660773	759.957509	10973.0	-0.0
234632	37.419919	96.756489	293.962961	760.026114	10973.0	0.0
234652	37.434037	96.799489	292.487107	760.839098	10973.0	0.0
234712	37.448339	96.843158	292.080968	760.727686	10973.0	-0.001
234732	37.463148	96.888269	293.039671	759.985945	10973.0	0.0
234752	37.478067	96.933411	293.244133	760.458201	10973.0	0.003
234812	37.49232	96.977058	292.503957	761.780833	10973.001	-0.007
234832	37.506094	97.019748	292.012394	763.047341	10973.0	0.002
234852	37.520262	97.063303	292.807753	763.703714	10972.996	0.036
234912	37.534918	97.107741	292.702358	764.537644	10973.012	-0.101
234932	37.550071	97.153653	291.998035	766.096455	10972.997	0.028
234952	37.565599	97.201011	292.683407	768.1838	10972.942	0.495
235012	37.580631	97.245297	292.655694	768.91725	10973.121	-1.033
235032	37.592955	97.290714	285.286836	754.860419	10972.532	6.142
235052	37.597132	97.33694	271.470831	730.613068	10975.947	10.663
235112	37.594243	97.380429	261.704404	715.572599	10981.518	4.641
235132	37.589448	97.423201	260.548631	713.840829	10982.498	-1.649
235152	37.584104	97.467403	262.158725	714.880618	10979.295	-6.63
235212	37.578952	97.513544	262.149397	711.950664	10974.21	-8.663
235232	37.573978	97.558287	261.914347	710.514616	10972.359	-4.669
235252	37.568924	97.602164	262.011532	711.041304	10973.085	0.43
235312	37.563644	97.64733	262.011382	710.929568	10973.077	0.415
235332	37.55844	97.692412	261.99148	711.616094	10972.967	-0.274
235352	37.553331	97.736697	262.002718	713.263644	10972.995	0.065
235412	37.548143	97.780696	262.009949	714.734477	10972.954	0.195
235432	37.542857	97.82563	261.966372	715.054998	10973.183	-0.617
235452	37.537768	97.869294	262.026524	715.057716	10972.851	0.481
235512	37.532926	97.910691	262.12791	715.35814	10972.281	2.314
235532	37.527399	97.956996	261.456365	713.321358	10975.601	-12.672
235552	37.521833	98.003313	261.045616	710.792382	10970.871	-63.633
235612	37.517114	98.043032	261.871867	711.717118	10938.643	-150.084
235632	37.511863	98.087231	261.619698	716.442159	10870.861	-224.635
235652	37.506143	98.134664	261.011529	721.327905	10780.73	-255.708
235712	37.50085	98.177796	261.793217	722.744114	10691.786	-243.223
235732	37.495706	98.220733	261.761971	723.856275	10617.493	-230.966
235752	37.490347	98.265778	260.948985	727.527697	10546.169	-228.55
235812	37.484674	98.311955	260.92193	732.215722	10462.8	-210.252
235832	37.479053	98.357802	261.039199	727.906117	10394.766	-146.112
235852	37.473548	98.403135	260.996337	718.222823	10361.424	-61.569
235912	37.46797	98.448668	260.994395	713.846368	10360.589	-9.679
235932	37.462269	98.494513	261.002814	711.821357	10364.211	4.203
235952	37.456777	98.538509	260.999737	711.04279	10362.887	-0.393
000012	37.451708	98.579423	260.999598	712.465131	10362.827	-0.602
000032	37.446205	98.623185	261.000202	713.216887	10363.086	0.306
000052	37.440444	98.668722	260.999981	712.997278	10362.992	-0.03
000112	37.435121	98.711455	260.999971	713.132427	10362.992	-0.061
000132	37.429704	98.755197	261.000015	712.351063	10362.992	0.079
000152	37.424029	98.800389	260.999999	710.869617	10363.007	-0.034
000212	37.418348	98.84457	260.999998	710.062334	10363.063	-0.255
000232	37.412764	98.888041	261.000001	710.122002	10362.798	0.805
000252	37.407248	98.931453	261.0	709.9107	10363.111	-0.442
000312	37.401678	98.975396	261.0	708.473588	10363.886	-6.661
000332	37.395925	99.020491	260.999999	707.780961	10359.726	-6.667
000352	37.390252	99.064658	261.0	708.020624	10356.066	0.856
000412	37.384903	99.106211	261.000003	708.03279	10360.965	7.514
000432	37.379213	99.150329	260.999992	707.979452	10363.954	5.512
000452	37.373328	99.195809	261.000005	708.004116	10362.911	-0.355
000512	37.367801	99.238164	261.000037	708.023395	10362.867	-0.554
000532	37.36221	99.280547	260.999882	707.931374	10363.057	0.315
000552	37.356418	99.324553	261.000064	708.036996	10363.0	-0.049
000612	37.350611	99.369218	261.000514	708.294739	10363.04	-0.227
000632	37.344852	99.412989	260.998359	706.86778	10362.846	0.62
000652	37.339128	99.456012	261.000897	704.879151	10363.087	-0.332
000712	37.333391	99.499357	261.007735	704.750614	10363.749	-5.691
000732	37.327622	99.542752	260.978724	705.232518	10360.592	-9.503
000752	37.321808	99.586401	261.005978	704.954623	10355.858	-7.768
000812	37.315946	99.630679	261.103913	703.587115	10355.491	-1.799
000832	37.310067	99.674424	260.655998	702.612971	10356.361	0.173
000852	37.304208	99.71756	259.980069	703.060654	10355.945	0.138
000912	37.298395	99.760807	259.935059	704.593269	10355.183	5.704
000932	37.29264	99.803432	260.028946	704.922407	10358.586	8.954
000952	37.286802	99.846398	259.998545	705.068638	10363.093	7.945
001012	37.280736	99.891269	259.994767	707.355785	10362.608	7.664
001032	37.274712	99.935682	260.002054	707.541672	10365.295	8.478
001052	37.2688	99.979	260.0	705.0	10371.0	8.0
001112	37.262823	100.022731	259.999588	703.341915	10371.441	3.448
001132	37.256768	100.066641	260.000143	702.938927	10371.276	-2.787
001152	37.250702	100.110323	260.000008	703.004421	10371.143	-7.816
001212	37.244722	100.153572	259.999971	702.568059	10365.867	-9.509
001232	37.238903	100.195661	260.000011	701.375043	10361.998	-5.279
001252	37.233095	100.237514	260.000001	700.079821	10362.826	-0.055
001312	37.227001	100.281349	259.999998	699.825626	10363.942	-4.102
001332	37.220865	100.325319	260.000001	700.114102	10361.309	-9.45
001352	37.214811	100.368457	260.0	700.051563	10356.321	-8.425
001412	37.208653	100.412167	260.0	699.064531	10355.412	-2.818
001432	37.202627	100.454737	260.0	697.129985	10356.191	0.697
001452	37.196788	100.495937	260.0	695.133307	10356.028	0.071
001512	37.190806	100.538436	260.0	694.605811	10355.904	0.047
001532	37.184583	100.582412	260.0	695.468949	10356.121	-0.374
001552	37.178312	100.626233	260.0	696.87281	10356.072	-0.272
001612	37.172338	100.667873	260.000003	697.816829	10355.244	4.698
001632	37.166403	100.709407	259.999995	697.963899	10357.634	9.262
001652	37.160232	100.752685	259.999997	697.949443	10362.672	8.401
001712	37.153857	100.797035	260.000036	699.029792	10363.598	2.872
001732	37.147682	100.839658	259.999927	700.626819	10362.811	-0.734
001752	37.141711	100.880781	259.999953	701.903544	10362.975	-0.088
001812	37.135407	100.924424	260.000507	702.640262	10363.055	0.124
001832	37.128891	100.969304	259.99899	703.300752	10362.962	0.038
001852	37.122516	101.012881	259.99934	704.765652	10362.983	0.053
001912	37.11649	101.054266	260.007353	707.787123	10363.179	-0.652
001932	37.11024	101.096985	259.987708	711.042773	10362.705	1.21
001952	37.103514	101.142468	259.987018	712.905636	10362.689	7.006
002012	37.096851	101.187345	260.100638	712.841897	10366.728	13.04
002032	37.09037	101.231016	259.847254	713.4685	10372.771	14.829
002052	37.083915	101.274617	259.122903	715.700759	10377.407	9.769
002112	37.077264	101.319529	258.781244	716.033167	10378.969	-0.684
002132	37.070831	101.36288	259.216713	714.398859	10377.085	-10.354
002152	37.064756	101.40362	259.948207	711.80868	10372.421	-14.048
002212	37.058312	101.446489	259.660474	708.249893	10366.674	-11.845
002232	37.051517	101.491524	258.957408	704.687004	10362.796	-6.42
002252	37.044762	101.536362	258.926299	702.777226	10362.644	-1.351
002312	37.038267	101.579724	259.034979	704.380213	10363.179	0.523
002332	37.03192	101.622077	259.001802	707.86124	10363.012	0.018
002352	37.025428	101.664804	258.993094	709.053992	10362.903	0.12
002412	37.018893	101.70732	259.002132	706.555436	10363.132	-0.407
002432	37.01236	101.749785	259.000267	703.12508	10363.081	-0.282
002452	37.005701	101.793536	258.999509	704.02594	10362.15	4.781
002512	36.999058	101.83701	259.000158	704.916256	10364.837	9.107
002532	36.992489	101.879433	259.00003	703.230926	10370.482	8.418
002552	36.985851	101.922206	258.999963	702.366312	10371.362	4.421
002612	36.979154	101.965685	259.00001	701.603221	10371.39	-3.075
002632	36.97249	102.009099	259.000002	700.167695	10371.579	-13.404
002652	36.96593	102.051186	258.999997	699.625703	10363.776	-22.28
002712	36.959278	102.093624	259.000001	700.325797	10353.125	-19.085
002732	36.95248	102.13722	259.0	701.692882	10347.93	-3.453
002752	36.94584	102.179772	259.0	702.638012	10351.331	5.711
002812	36.939107	102.222832	259.0	703.024284	10356.211	7.024
002832	36.932014	102.268113	259.0	703.094757	10355.772	7.512
002852	36.925116	102.311843	258.999999	702.760807	10358.397	8.966
002912	36.91855	102.353315	259.0	703.125972	10363.313	7.515
002932	36.911998	102.39484	259.000003	704.782799	10363.663	1.047
002952	36.905129	102.438159	258.999989	704.296022	10362.051	2.226
003012	36.898106	102.48226	259.000006	702.989396	10363.422	8.369
003032	36.891256	102.525274	259.000048	704.313016	10369.375	8.492
003052	36.88429	102.568667	258.999843	705.53196	10371.167	7.998
003112	36.877252	102.612365	259.000041	704.9257	10371.146	7.935
003132	36.87039	102.655272	259.000703	703.236309	10376.494	3.939
003152	36.863479	102.698435	258.998011	703.622685	10377.027	-6.559
003212	36.856559	102.741411	259.000561	705.013169	10370.644	-15.109
003232	36.849871	102.782761	259.011577	703.650178	10364.688	-10.801
003252	36.843237	102.823537	258.979267	700.863276	10362.943	-6.062
003312	36.836515	102.864688	258.980951	698.31948	10363.295	-7.646
003332	36.829709	102.906393	259.139952	696.416971	10359.012	-8.937
003352	36.822732	102.949293	258.743575	694.019511	10355.38	-6.77
003412	36.815617	102.992969	258.00818	691.969281	10355.923	-1.281
003432	36.808589	103.035513	258.575559	693.760594	10355.506	4.944
003452	36.801596	103.077758	258.909904	694.750737	10357.037	8.652
003512	36.794615	103.120267	258.088095	692.324849	10362.051	7.852
003532	36.787842	103.161333	258.37863	692.798641	10363.911	3.451
003552	36.781053	103.202403	259.000071	695.073434	10362.952	-0.059
003612	36.773947	103.245479	258.34221	695.27862	10362.696	0.405
003632	36.766745	103.288526	257.859833	694.760049	10363.576	-2.329
003652	36.759649	103.330591	258.006957	695.043999	10362.85	-8.245
003712	36.752667	103.372472	258.022779	696.378435	10358.026	-9.903
003732	36.74557	103.415012	257.98949	697.539231	10354.819	-3.137
003752	36.7384	103.4578	258.0	698.0	10356.0	8.0
003812	36.731359	103.499875	258.001817	698.071873	10360.191	14.471
003832	36.72416	103.542422	257.999255	697.884942	10366.017	13.661
003852	36.716768	103.585735	257.999959	697.970924	10370.854	7.376
003912	36.709484	103.62874	258.000156	699.054285	10371.764	0.802
003932	36.702376	103.670777	257.99995	700.640103	10370.357	1.668
003952	36.695285	103.712526	257.999991	701.891469	10370.524	7.652
004012	36.687928	103.755727	258.000012	702.165539	10375.588	5.148
004032	36.680532	103.799003	257.999996	701.879235	10377.718	-2.847
004052	36.673307	103.841151	257.999998	700.846362	10372.88	-10.944
004112	36.666144	103.88305	258.000001	697.68169	10368.346	-19.733
004132	36.658904	103.925122	258.0	694.771954	10361.431	-22.598
004152	36.651509	103.967506	258.0	694.823504	10349.945	-13.054
004212	36.644055	104.010551	258.0	694.957064	10349.895	1.439
004232	36.636714	104.053053	258.0	695.121315	10356.652	7.867
004252	36.629538	104.094065	257.999999	696.544107	10356.765	1.422
004312	36.622197	104.135839	258.000002	697.458613	10354.991	2.142
004332	36.614805	104.178212	257.999998	698.172461	10356.592	8.62
004352	36.607569	104.220086	257.999991	699.634067	10361.811	8.741
004412	36.600109	104.262899	258.000032	700.167669	10363.149	6.984
004432	36.592454	104.306405	257.999975	699.999139	10363.368	8.61
004452	36.584899	104.349215	257.999878	700.099571	10368.716	13.905
004512	36.577542	104.390725	258.000441	699.400931	10374.665	14.232
004532	36.570319	104.431526	257.999649	697.706491	10378.399	6.353
004552	36.563028	104.472927	257.998303	695.663513	10378.954	-5.273
004612	36.555392	104.515978	258.006136	693.881853	10374.697	-9.417
004632	36.547795	104.558608	257.995106	691.546741	10370.822	-7.832
004652	36.540633	104.598893	257.976359	688.063126	10371.51	-7.942
004712	36.533227	104.640314	258.085469	685.612828	10367.496	-7.658
004732	36.525553	104.682969	257.930842	683.62588	10362.809	-8.349
004752	36.518005	104.724801	257.220096	680.339733	10363.823	-12.86
004812	36.510609	104.765686	256.813501	676.683011	10357.556	-18.47
004832	36.503387	104.806396	257.048001	676.243639	10347.25	-13.557
004852	36.496089	104.847539	257.315456	680.283817	10345.645	7.72
004912	36.487655	104.888151	255.844485	679.668199	10354.157	19.489
004932	36.478251	104.928207	253.888268	678.25511	10363.529	13.974
004952	36.468793	104.968429	253.829531	684.64339	10363.854	2.834
005012	36.459277	105.008922	254.08387	688.037876	10362.425	-0.706
005032	36.449754	105.049317	253.99309	685.681685	10363.132	-0.245
005052	36.440314	105.089453	253.996638	682.401863	10363.815	-5.928
005112	36.430696	105.130425	253.97769	678.814059	10360.105	-8.986
005132	36.421049	105.17131	254.014988	675.76611	10355.843	-7.896
005152	36.411664	105.210653	254.123404	673.907727	10356.426	-7.751
005212	36.402168	105.250434	253.539786	671.086955	10353.058	-8.424
005232	36.392541	105.290941	253.005486	667.717931	10347.726	-7.797
005252	36.383051	105.330941	253.678277	666.832243	10347.871	-3.284
005312	36.373702	105.370119	254.235317	671.355316	10347.099	6.372
005332	36.364236	105.409626	253.932927	672.452326	10348.608	15.603
005352	36.354459	105.45054	253.156593	660.816688	10358.61	16.567
005412	36.344841	105.490826	253.183015	652.067694	10364.777	9.895
005432	36.335459	105.52975	253.903925	652.406646	10363.491	1.345
005452	36.325994	105.56835	253.92612	654.754574	10362.58	-1.018
005512	36.317131	105.606746	254.162926	659.262611	10363.088	0.121
005532	36.30931	105.645171	255.508791	666.227163	10363.14	-0.114
005552	36.301306	105.685146	256.195774	667.806078	10362.779	0.681
005612	36.292881	105.726024	255.990293	664.893092	10363.055	-0.208
005632	36.284722	105.765627	255.968385	664.556305	10363.932	-6.4
005652	36.277007	105.803661	256.014056	665.478281	10360.024	-6.871
005712	36.26919	105.842308	255.999303	664.8986	10356.02	0.416
005732	36.260683	105.883641	255.997728	661.968223	10360.724	7.117
005752	36.25251	105.923453	256.001015	660.821749	10363.778	6.439
005812	36.2447	105.961754	255.999948	660.952385	10363.003	-0.364
005832	36.236426	106.002021	255.999805	658.868361	10363.775	-6.064
005852	36.228002	106.042817	256.000102	657.883012	10360.491	-6.139
005912	36.219801	106.082463	256.000012	658.045417	10356.011	-0.38
005932	36.211911	106.120562	255.999833	656.028355	10360.061	6.737
005952	36.204033	106.158666	256.000348	654.815129	10363.914	6.456
010012	36.196003	106.197548	256.000105	655.026522	10363.053	0.214
010032	36.187932	106.23654	255.997878	653.638047	10362.814	-0.756
010052	36.179881	106.275312	256.004772	653.087475	10363.066	0.267
010112	36.171807	106.314052	256.001465	654.874703	10363.004	0.016
010132	36.163572	106.353432	255.96904	657.321825	10362.985	-0.06
010152	36.155054	106.394219	256.059615	657.783933	10363.005	0.019
010212	36.146386	106.435686	256.055375	655.470736	10363.001	0.004
010232	36.13797	106.475497	255.41027	652.717848	10362.999	-0.004
010252	36.129924	106.513602	254.923081	654.409382	10363.0	0.001
010312	36.122012	106.551346	254.998369	660.307141	10363.0	0.0
010332	36.113742	106.590414	254.886784	662.736291	10363.0	-0.0
010352	36.105254	106.630437	255.202376	663.265736	10363.0	0.0
010412	36.096855	106.670258	255.962396	664.725412	10363.0	0.0
010432	36.088654	106.709032	255.558122	665.717516	10363.0	-0.0
010452	36.080392	106.747868	254.889891	666.062886	10363.0	0.0
010512	36.071903	106.787625	254.965943	665.411959	10363.0	0.0
010532	36.063405	106.827442	255.032775	662.539348	10363.0	-0.0
010552	36.05479	106.867651	254.992093	660.990666	10363.0	0.0
010612	36.046163	106.907813	254.997553	662.666897	10363.0	0.0
010632	36.038102	106.945755	255.002364	663.460025	10363.0	-0.0
010652	36.03	106.983744	254.999416	662.654904	10363.0	0.0
010712	36.021367	107.023613	254.999774	661.305185	10363.0	0.0
010732	36.012801	107.063134	255.000177	660.33079	10363.0	-0.0
010752	36.004406	107.101835	254.999963	659.954487	10363.0	0.0
010812	35.995972	107.140631	254.99998	659.970428	10363.0	0.0
010832	35.987304	107.180743	255.000013	660.042379	10363.0	-0.001
010852	35.978563	107.221217	254.999998	659.969148	10363.0	0.001
010912	35.970017	107.260425	254.999999	659.906972	10362.999	0.004
010932	35.961688	107.298311	255.000001	660.481574	10363.004	-0.017
010952	35.953297	107.336621	255.0	661.045254	10362.996	0.018
011012	35.944623	107.376629	255.0	660.975088	10362.986	0.058
011032	35.935903	107.416578	255.0	661.249283	10363.059	-0.239
011052	35.927288	107.455642	255.0	660.709746	10362.939	0.249
011112	35.918764	107.494222	255.0	658.536267	10362.801	0.804
011132	35.910181	107.533492	254.999999	657.526022	10363.824	-4.147
011152	35.90159	107.572772	255.000001	658.224687	10362.127	-8.031
011212	35.89308	107.611163	255.000003	659.567285	10356.653	-2.906
011232	35.884538	107.649783	254.999989	660.590002	10358.245	5.165
011252	35.875897	107.688873	255.000009	661.039109	10363.467	7.686
011312	35.867165	107.728103	255.000043	661.077485	10363.453	1.82
011332	35.858414	107.767602	254.999842	660.798539	10362.688	-0.884
011352	35.849739	107.806646	255.00008	661.096337	10363.049	0.007
011412	35.841157	107.844763	255.000636	662.536494	10363.235	-0.546
011432	35.832444	107.883931	254.997976	663.21626	10362.347	2.639
011452	35.823495	107.924356	255.001106	662.978408	10363.351	8.497
011512	35.814447	107.964569	255.008832	662.956171	10368.928	9.99
011532	35.805718	108.0034	254.971814	663.057889	10372.526	1.889
011552	35.797128	108.04179	255.015405	662.975298	10370.553	-8.712
011612	35.788218	108.081398	255.12301	662.811979	10364.815	-9.95
011632	35.779172	108.121324	254.543415	663.72218	10361.972	-3.645
011652	35.770212	108.160699	254.003292	665.098884	10363.2	-0.209
011712	35.761427	108.199355	254.647658	665.324861	10364.196	-6.463
011732	35.752692	108.238002	255.211211	664.30977	10359.666	-5.937
011752	35.743853	108.277175	254.971123	662.946675	10356.105	0.12
011812	35.734849	108.316806	254.248	662.593443	10362.143	1.858
011832	35.725894	108.355833	253.901493	663.964673	10359.78	25.107
011852	35.71706	108.394332	254.004953	664.974177	10364.133	78.145
011912	35.708177	108.433487	254.017825	663.954417	10408.318	141.394
011932	35.698887	108.474131	253.992973	668.315614	10470.242	178.233
011952	35.6894	108.5152	254.0	678.0	10531.0	196.0
012012	35.680293	108.554744	254.001675	684.997473	10592.746	234.234
012032	35.671165	108.594484	253.999558	687.221	10680.06	271.781
012052	35.661727	108.635509	253.999908	686.169237	10789.768	274.475
012112	35.652236	108.676604	254.000124	685.88113	10876.241	220.087
012132	35.642946	108.716653	253.99997	687.82415	10933.936	136.705
012152	35.633816	108.755925	253.999988	690.065428	10968.475	62.47
012212	35.624406	108.796502	254.000012	687.716402	10977.221	17.308
012232	35.6149	108.8375	254.0	684.0	10973.0	0.0
012252	35.605643	108.877239	253.999998	683.996733	10972.38	-1.207
012312	35.596278	108.917276	254.000001	683.065669	10973.254	0.449
012332	35.5868	108.9578	254.0	681.0	10973.0	0.0
012352	35.577567	108.997406	254.0	682.546044	10972.898	0.109
012412	35.568301	109.037008	254.0	684.862891	10973.134	-0.421
012432	35.55883	109.077308	254.0	685.892347	10973.099	-0.374
012452	35.549289	109.118019	253.999999	686.595834	10972.3	4.201
012512	35.539779	109.158503	254.000002	687.163581	10974.298	9.517
012532	35.530247	109.198799	254.000002	686.395939	10979.386	8.971
012552	35.520514	109.239786	253.999987	682.311773	10981.382	-1.228
012612	35.510853	109.280331	254.000023	677.546889	10978.434	-9.844
012632	35.501414	109.320011	254.000024	677.993018	10973.478	-8.718
012652	35.491932	109.360361	253.999817	688.6534	10972.415	-3.031
012712	35.482323	109.400972	254.000319	696.016056	10973.152	0.712
012732	35.472648	109.441262	254.000339	692.684315	10973.021	0.203
012752	35.463041	109.481498	253.997366	689.595156	10973.055	-0.701
012812	35.453577	109.52123	254.003789	688.968402	10972.866	0.846
012832	35.444061	109.560939	254.005919	689.692224	10972.776	5.737
012852	35.43403	109.602637	253.961678	691.498862	10975.195	12.044
012912	35.42403	109.644244	254.01635	691.872502	10980.674	13.743
012932	35.414592	109.683599	254.135814	689.5351	10986.949	5.87
012952	35.404859	109.723817	253.580096	689.66824	10986.614	-7.848
013012	35.394804	109.765145	253.000925	692.084058	10979.601	-14.906
013032	35.385062	109.805433	253.638417	692.380707	10973.359	-5.111
013052	35.375304	109.845811	254.215342	691.516067	10975.433	2.936
013112	35.365406	109.886749	253.970913	692.111004	10980.021	-0.379
013132	35.355543	109.927643	253.247238	695.565224	10975.66	-7.969
013152	35.345658	109.968368	252.902065	697.832366	10971.317	-2.798
013212	35.335923	110.008255	253.004861	696.888438	10973.245	8.236
013232	35.32644	110.047172	253.015916	694.746431	10978.96	4.346
013252	35.316277	110.088523	252.992657	697.43217	10978.404	-4.712
013312	35.3057	110.1314	253.0	708.0	10973.0	-8.0
013332	35.295729	110.172169	253.001269	724.3789	10972.392	-2.764
013352	35.285444	110.214018	252.99948	737.743141	10973.247	1.017
013412	35.274547	110.258085	252.999972	744.749617	10973.013	0.057
013432	35.263662	110.30231	253.000103	748.710353	10972.963	-0.238
013452	35.252544	110.347306	252.999957	750.602604	10972.993	0.171
013512	35.241436	110.392039	252.999995	750.104135	10972.994	0.035
013532	35.231078	110.433942	253.000058	747.447331	10973.142	-0.651
013552	35.220585	110.47629	252.999884	748.04017	10972.674	1.654
013612	35.209553	110.520489	252.999965	752.761372	10972.9	7.667
013632	35.198527	110.564515	253.000704	756.579545	10976.804	13.538
013652	35.187302	110.609413	252.998404	758.909552	10982.71	14.62
013712	35.175924	110.654923	252.999068	759.97905	10987.665	8.902
013732	35.164836	110.698915	253.009822	759.35374	10989.158	-1.696
013752	35.153718	110.743012	252.980491	756.682489	10986.371	-11.274
013812	35.142584	110.787458	252.987257	753.256012	10980.613	-15.016
013832	35.131974	110.82993	253.141915	752.065613	10975.118	-11.996
013852	35.121087	110.872969	252.750072	754.055722	10972.582	-5.752
013912	35.109608	110.917812	252.020453	757.599042	10972.93	-0.507
013932	35.098465	110.961695	252.487552	758.85269	10972.956	1.046
013952	35.0876	111.004769	253.119932	757.059037	10973.244	-1.12
014012	35.076658	111.047987	253.025531	752.807635	10973.286	-6.071
014032	35.065533	111.091517	252.961565	746.854738	10969.467	-12.366
014052	35.054453	111.134894	253.010152	740.42967	10963.53	-14.963
014112	35.043597	111.177745	253.010063	735.583654	10958.766	-10.176
014132	35.032811	111.220291	252.963971	734.877379	10957.036	-0.011
014152	35.021987	111.262694	253.04343	734.629156	10958.726	10.193
014212	35.011033	111.30533	253.111245	733.827298	10963.254	15.03
014232	34.999818	111.348952	252.448673	741.609124	10969.282	12.279
014252	34.988375	111.392699	252.031187	753.546545	10973.29	6.174
014312	34.977195	111.435727	253.185404	761.28445	10973.184	1.741
014332	34.967555	111.479711	255.423144	768.507318	10973.367	-2.763
014352	34.95915	111.526005	257.556464	775.403669	10973.684	-2.871
014412	34.950494	111.575024	258.231125	777.977184	10970.749	8.066
014432	34.941864	111.622554	257.970251	772.545111	10974.768	-6.27
014452	34.934078	111.665055	257.976965	758.18148	10981.522	-80.896
014512	34.926313	111.708136	257.994447	740.474047	10932.93	-173.539
014532	34.918429	111.752358	258.015526	727.779521	10846.503	-234.277
014552	34.910755	111.795241	258.083671	723.129164	10770.811	-240.226
014612	34.903174	111.837739	257.609758	714.244923	10690.15	-228.023
014632	34.89555	111.88013	256.923109	703.928182	10611.438	-220.415
014652	34.887866	111.921991	256.834868	702.038663	10547.28	-216.831
014712	34.880307	111.963301	257.526498	705.979243	10471.39	-197.845
014732	34.872754	112.004777	257.987037	710.493937	10400.668	-146.836
014752	34.86501	112.046998	257.316082	712.354757	10367.898	-69.632
014812	34.857256	112.089121	256.743474	714.151529	10360.702	-16.762
014832	34.849492	112.131363	256.967389	711.443041	10362.887	-0.281
014852	34.841606	112.174448	257.771869	697.94159	10363.429	1.088
014912	34.833811	112.21685	257.863568	687.03569	10362.873	-0.369
014932	34.826299	112.257451	257.087091	684.394491	10362.984	-0.091
014952	34.819091	112.296545	256.890323	680.466293	10362.961	0.279
015012	34.812032	112.334685	257.033476	679.649853	10363.119	-0.374
015032	34.80483	112.373245	257.016378	685.027521	10363.263	-0.738
015052	34.797127	112.414443	256.989584	689.375964	10362.076	2.942
015112	34.7892	112.457	257.0	690.0	10363.0	7.0
015132	34.781567	112.498113	257.001644	688.129021	10369.186	4.245
015152	34.774008	112.538477	256.999327	686.158677	10370.032	-5.701
015212	34.766381	112.578879	256.999964	685.94567	10363.359	-14.827
015232	34.758781	112.619321	257.000128	687.890664	10357.64	-12.257
015252	34.751165	112.659876	256.999955	689.49966	10355.523	-4.69
015312	34.743396	112.701102	256.999997	689.970033	10355.967	-0.088
015332	34.735403	112.743443	257.00001	691.018761	10356.25	-0.199
015352	34.727677	112.784479	256.999997	692.746684	10355.684	1.263
015412	34.720254	112.823831	257.0	694.78989	10355.811	7.3
015432	34.712505	112.864381	257.000001	696.856186	10359.496	13.518
015452	34.70447	112.906478	257.0	698.686587	10365.507	14.388
015512	34.696473	112.948635	257.0	699.903742	10370.572	9.017
015532	34.688791	112.988837	257.000001	700.123364	10371.53	2.641
015552	34.681044	113.029118	256.999998	699.956878	10370.849	-0.562
015612	34.672943	113.071109	256.999998	699.977656	10370.957	-0.152
015632	34.664716	113.113563	257.000012	700.084198	10371.048	0.124
015652	34.656579	113.155854	256.999982	699.884503	10370.978	0.004
015712	34.648657	113.197453	256.999972	699.821135	10370.978	0.052
015732	34.64093	113.237626	257.000165	701.349031	10371.115	-0.358
015752	34.633134	113.277771	256.999751	701.733987	10370.831	0.554
015812	34.625178	113.318683	256.999609	698.809469	10370.735	0.874
015832	34.617385	113.358793	257.002363	694.642078	10372.602	-7.345
015852	34.609658	113.398609	256.997142	691.370274	10368.994	-16.642
015912	34.601734	113.439264	256.993613	690.081829	10357.991	-16.684
015932	34.593484	113.480948	257.030936	690.054415	10354.465	-6.968
015952	34.585289	113.522641	256.960556	689.846815	10356.353	0.896
020012	34.577331	113.563528	256.911195	689.625903	10356.235	0.067
020032	34.569131	113.604243	257.680761	692.468799	10355.417	2.376
020052	34.562062	113.644981	259.577708	695.421037	10356.654	6.864
020112	34.557167	113.685704	261.979887	695.335177	10360.592	7.751
020132	34.552892	113.726524	263.036248	695.123992	10363.351	5.021
020152	34.548131	113.768096	262.22998	696.570881	10363.148	0.752
020212	34.543225	113.811607	261.711177	697.964326	10362.922	-0.752
020232	34.538581	113.85404	262.207165	697.718081	10362.967	0.389
020252	34.534161	113.89401	262.97693	695.60671	10362.88	0.678
020312	34.529298	113.93671	262.50108	693.366427	10363.629	-4.093
020332	34.52444	113.980249	262.01684	691.595805	10362.156	-8.532
020352	34.519736	114.021091	262.21093	690.256395	10357.118	-6.957
020412	34.513716	114.060426	260.286824	689.430227	10354.181	-2.622
020432	34.506172	114.099862	257.116898	689.05876	10354.765	2.876
020452	34.497659	114.140839	255.582216	689.026306	10357.678	9.239
020512	34.488886	114.182415	255.930928	689.763272	10362.198	13.786
020532	34.48056	114.221893	256.093078	691.659642	10367.778	12.114
020552	34.472459	114.260409	255.976586	691.489825	10371.884	3.99
020612	34.464081	114.300126	255.989323	689.680071	10371.846	-6.209
020632	34.455143	114.34204	256.016456	694.622916	10366.821	-10.023
020652	34.446052	114.384349	255.986274	709.725524	10362.419	-6.691
020712	34.437148	114.425795	255.971626	729.940992	10362.744	-0.961
020732	34.428045	114.468474	256.135106	741.102624	10363.189	0.77
020752	34.418959	114.511246	255.823587	741.295861	10362.976	-0.217
020812	34.410062	114.553017	255.034707	736.248182	10363.021	-0.222
020832	34.400829	114.596099	255.500033	732.563824	10362.824	0.808
020852	34.391317	114.640064	255.965244	732.180413	10363.24	-1.012
020912	34.3819	114.683299	255.176315	733.686328	10363.547	-6.806
020932	34.37283	114.725294	254.865354	734.290908	10359.468	-9.46
020952	34.363655	114.767835	255.027789	733.873438	10355.501	-6.957
021012	34.354136	114.811588	255.01241	733.80023	10355.855	-1.403
021032	34.344999	114.853497	254.989859	735.245733	10355.717	3.714
021052	34.335806	114.895696	255.001561	737.40154	10356.457	9.299
021112	34.326137	114.940085	255.000627	738.816486	10361.082	14.736
021132	34.316946	114.982204	255.00117	739.0198	10367.642	12.176
021152	34.307817	115.023883	254.998162	739.090837	10371.176	7.613
021212	34.298053	115.068297	254.99374	739.350496	10370.522	8.202
021232	34.28831	115.112472	255.026222	737.091951	10374.585	2.06
021252	34.27866	115.156045	254.972659	734.809754	10377.858	-44.666
021312	34.268948	115.199919	254.901156	734.638659	10358.703	-143.939
021332	34.259536	115.243222	255.429692	731.153317	10285.053	-235.736
021352	34.250724	115.284637	256.047272	726.549345	10180.852	-283.946
021412	34.242435	115.323975	256.001627	726.291398	10088.886	-287.962
021432	34.233849	115.364294	256.017012	729.184467	10000.395	-279.882
021452	34.22442	115.407796	256.673425	732.842741	9904.015	-285.708
021512	34.21493	115.451995	257.250949	734.842921	9807.333	-293.57
021532	34.205967	115.494013	256.954991	739.447447	9711.06	-297.166
021552	34.19734	115.53378	255.610315	751.495317	9609.373	-301.714
021612	34.187705	115.5785	254.537913	758.33452	9506.879	-309.425
021632	34.177177	115.627405	255.082316	757.974707	9405.968	-300.576
021652	34.167604	115.673922	257.686399	758.046872	9305.89	-255.126
021712	34.161086	115.719696	260.723377	756.664488	9212.148	-205.648
021732	34.156698	115.764619	262.83243	755.825103	9148.968	-141.674
021752	34.152622	115.807939	263.206057	758.44465	9137.893	-47.144
021812	34.148206	115.852657	262.942908	760.006926	9145.692	10.154
021832	34.143576	115.899413	262.988085	758.235709	9144.353	2.12
021852	34.139218	115.944197	263.015871	757.665039	9143.529	-2.827
021912	34.134861	115.989173	262.996343	758.111699	9144.109	0.657
021932	34.130301	116.03575	262.999004	758.083418	9144.03	0.188
021952	34.1259	116.080326	263.00013	757.621507	9143.993	-0.085
022012	34.121609	116.123624	263.001225	758.591931	9143.968	-0.124
022032	34.117208	116.167979	263.002268	762.754679	9143.94	-0.256
022052	34.11258	116.214435	262.986289	769.350051	9144.363	1.575
022112	34.107913	116.261577	263.020805	769.895331	9143.45	-2.452
022132	34.103262	116.308304	263.032748	763.56505	9143.134	-8.33
022152	34.098314	116.355497	262.769413	765.507082	9149.548	2.38
022212	34.093321	116.401712	262.883977	771.574459	9140.777	-49.237
022232	34.08862	116.445595	263.911458	771.852016	9087.085	-237.007
022252	34.083584	116.491984	263.655141	774.705845	8991.311	-366.045
022312	34.078421	116.538775	262.734165	766.357674	8871.24	-410.154
022332	34.07363	116.58305	262.561198	741.294844	8728.666	-451.157
022352	34.069395	116.626426	263.326956	724.120831	8540.579	-561.862
022412	34.065572	116.669373	264.163303	718.35681	8320.811	-678.298
022432	34.061771	116.711022	264.040454	708.945418	8103.896	-669.586
022452	34.057944	116.752167	263.897661	705.729429	7872.465	-620.075
022512	34.054001	116.793969	264.119435	697.26456	7670.666	-554.004
022532	34.050062	116.835965	264.117369	677.140139	7513.667	-517.375
022552	34.046396	116.875675	262.725227	658.855613	7340.05	-601.545
022612	34.042081	116.913737	261.422688	647.984562	7119.125	-697.089
022632	34.037048	116.951493	260.986885	641.686732	6868.493	-723.97
022652	34.032119	116.989638	260.875749	635.581371	6626.645	-702.827
022712	34.027141	117.028359	261.344484	633.935351	6400.431	-664.841
022732	34.022268	117.066788	262.022272	637.211111	6184.273	-632.751
022752	34.017885	117.103955	262.138376	640.206449	5972.389	-611.117
022812	34.013577	117.141412	261.99496	635.456887	5774.654	-572.104
022832	34.009044	117.179878	261.984346	619.970313	5599.135	-515.711
022852	34.004896	117.215706	262.004212	606.923543	5434.311	-548.637
022912	34.000741	117.250972	261.989485	599.05578	5241.321	-584.305
022932	33.99635	117.286898	262.007618	590.550515	5038.884	-559.776
022952	33.992142	117.321322	262.036206	581.114169	4867.941	-535.122
023012	33.988046	117.355289	261.869544	576.509237	4689.457	-505.612
023032	33.984133	117.389153	262.103978	556.573258	4519.402	-465.331
023052	33.98052	117.421648	262.502284	511.952928	4385.186	-438.703
023112	33.977062	117.450132	260.675434	500.652138	4230.879	-490.943
023132	33.974002	117.479334	269.185554	504.929706	4057.059	-468.162
023152	33.975822	117.510164	279.62515	502.287099	3910.365	-416.205
023212	33.981906	117.540147	281.974719	499.377504	3778.462	-421.379
023232	33.987041	117.569225	282.008255	493.547338	3627.942	-417.486
023252	33.99203	117.597477	282.253731	483.291203	3499.921	-425.278
023312	33.997055	117.626908	281.368339	482.51547	3343.759	-521.331
023332	34.002478	117.655281	284.084864	489.146891	3144.401	-496.98
023352	34.005325	117.685512	271.948891	491.25515	3016.907	-374.597
023412	34.003672	117.715034	262.084727	490.807439	2898.504	-384.219
023432	34.000811	117.742211	264.54575	491.194361	2748.819	-383.423
023452	33.9982	117.771	263.0	486.0	2637.0	-305.0
023512	33.99544	117.799824	263.573316	467.08221	2549.294	-230.732
023532	33.992856	117.82701	263.85183	443.202401	2486.924	-214.201
023552	33.990453	117.852769	262.939571	423.334333	2422.827	-257.976
023612	33.987907	117.878426	262.906996	411.36208	2318.694	-318.479
023632	33.985457	117.903225	263.048451	407.73907	2199.485	-344.164
023652	33.983175	117.926936	262.99453	406.734348	2084.938	-343.276
023712	33.980923	117.950193	262.984286	402.398837	1974.935	-359.427
023732	33.978575	117.973981	263.032317	400.438294	1850.892	-397.116
023752	33.976159	117.998341	262.983846	401.008465	1706.896	-390.034
023812	33.973805	118.022258	262.873014	401.845048	1568.281	-276.309
023832	33.971579	118.044212	263.467993	410.245049	1508.851	-151.283
023852	33.96925	118.067113	263.990571	420.656168	1498.952	-117.049
023912	33.96658	118.094387	263.290651	421.530503	1449.87	-209.497
023932	33.963945	118.120977	262.863587	417.096396	1355.574	-323.326
023952	33.961452	118.145543	263.012746	413.906179	1228.172	-383.759
024012	33.958974	118.17006	263.019501	412.477697	1087.627	-380.787
024032	33.956572	118.194199	262.990224	398.536496	968.273	-364.469
024052	33.954274	118.217483	263.000905	379.632712	856.729	-357.54
024112	33.952024	118.239988	263.00132	372.312225	725.862	-350.971
024132	33.949677	118.262636	262.99956	363.856901	618.037	-330.036
024152	33.947426	118.284484	263.000174	342.374069	512.83	-292.886
024212	33.94549	118.303904	263.000009	310.608214	407.747	-253.651
024232	33.943783	118.320786	262.999997	282.987595	356.443	-239.136
024252	33.942128	118.337031	263.000031	271.645622	288.935	-284.055
024312	33.940474	118.353207	263.000022	271.040455	194.709	-330.899
024332	33.938816	118.369294	263.000003	270.418411	93.225	-292.916
024352	33.937178	118.385052	263.0	254.9219	10.413	-110.697
