195837	40.6321	73.7816	124.0	315.0	99.0	0.0
195857	40.618968	73.771259	162.805243	332.59709	311.3	507.116
195917	40.600769	73.767323	172.859836	371.783967	422.583	252.341
195937	40.580289	73.763507	172.064124	430.963034	490.903	270.667
195957	40.558555	73.759771	173.348914	477.631905	594.004	607.49
200017	40.53387	73.755324	169.215174	488.753454	860.637	886.038
200037	40.509466	73.751985	177.378547	483.38382	1187.753	884.483
200057	40.486953	73.756916	201.135051	489.283617	1457.393	774.908
200117	40.4644	73.772	207.0	494.0	1715.0	744.0
200137	40.444595	73.789224	223.692332	509.220603	1942.954	705.369
200157	40.431511	73.818881	249.965789	512.459516	2190.555	742.221
200217	40.422418	73.849376	245.408205	518.705139	2436.662	726.13
200237	40.410776	73.882043	245.087009	529.535884	2668.893	692.744
200257	40.400355	73.912138	245.915378	533.841837	2912.062	515.962
200317	40.389473	73.943979	246.172648	560.544123	3050.44	426.975
200337	40.377639	73.978622	246.029455	595.192905	3154.551	474.681
200357	40.3653	74.015085	245.964095	608.37951	3355.235	597.733
200417	40.352704	74.052455	246.020694	611.601696	3597.041	671.589
200437	40.340027	74.089944	246.024497	620.958804	3806.822	646.416
200457	40.327433	74.127044	245.866	629.920651	4017.666	630.179
200517	40.314783	74.164206	246.207928	635.1463	4231.466	618.597
200537	40.301904	74.202038	246.964844	639.459363	4434.456	590.53
200557	40.288782	74.240707	246.551306	650.0619	4621.839	578.631
200617	40.275318	74.280445	245.898304	660.310502	4815.262	505.501
200637	40.261622	74.320736	245.978724	665.028133	4991.197	328.84
200657	40.248176	74.35999	245.958361	670.937947	5050.494	152.746
200717	40.235115	74.398593	246.104321	674.216726	5040.815	77.518
200737	40.221695	74.438049	246.174039	673.577171	5076.055	197.151
200757	40.207565	74.479769	247.515794	678.65627	5233.715	518.929
200817	40.200322	74.523076	263.353876	683.872652	5415.342	595.811
200837	40.196541	74.5687	266.833003	684.584766	5624.697	578.394
200857	40.19313	74.615204	263.354982	687.726983	5821.911	533.712
200917	40.189414	74.660263	263.800499	695.682063	5976.153	466.453
200937	40.186035	74.702399	264.191989	700.164652	6121.815	442.514
200957	40.182624	74.746043	263.953697	705.057413	6271.09	439.734
201017	40.178784	74.79391	263.985688	714.196944	6418.765	422.887
201037	40.174911	74.841729	264.013718	722.098405	6554.353	404.28
201057	40.171212	74.887682	263.996776	729.284802	6684.053	380.992
201117	40.167501	74.933817	263.99913	737.407601	6811.153	368.098
201137	40.163317	74.984447	264.000119	744.48795	6929.093	406.319
201157	40.159373	75.032782	263.999781	748.002311	7074.056	408.271
201217	40.155547	75.079526	264.000064	752.040469	7215.037	317.784
201237	40.151513	75.127941	264.000005	757.59526	7303.267	166.55
201257	40.147334	75.178227	264.000024	759.729623	7320.397	47.26
201317	40.143114	75.228408	263.999926	760.274975	7313.225	-3.205
201337	40.138918	75.277506	263.999949	760.977611	7314.813	-0.916
201357	40.134758	75.326403	264.000554	760.828416	7314.956	3.019
201417	40.130683	75.374475	263.998896	761.520879	7315.796	-3.22
201437	40.126616	75.42256	263.999278	762.955586	7315.59	16.543
201457	40.122366	75.473041	264.007725	762.612205	7313.505	119.825
201517	40.11812	75.522652	263.984614	764.18266	7374.93	242.922
201537	40.113928	75.570688	263.989946	768.605926	7501.038	285.727
201557	40.109555	75.621169	264.107602	771.086457	7593.713	187.974
201617	40.105151	75.67206	263.766733	770.346587	7625.713	65.094
201637	40.100831	75.721414	263.046926	768.95316	7620.479	3.719
201657	40.096505	75.770196	262.914702	770.806192	7621.722	-12.505
201717	40.09216	75.81937	263.026685	769.629557	7614.485	55.397
201737	40.08775	75.869443	263.003315	764.364982	7628.172	198.326
201757	40.083181	75.920323	262.994224	763.728231	7745.081	320.674
201817	40.078552	75.971397	263.001222	768.289733	7881.929	346.222
201837	40.074038	76.021264	262.999784	775.288732	7977.231	300.051
201857	40.069735	76.068744	263.004441	781.621036	8068.921	299.755
201917	40.065254	76.118137	262.990418	784.776037	8176.287	315.251
201937	40.060397	76.171232	262.993666	786.61327	8288.084	306.637
201957	40.055434	76.224195	263.026626	792.170706	8376.856	294.978
202017	40.050658	76.274197	262.751746	795.613535	8474.44	321.608
202037	40.046146	76.323537	263.448052	793.736927	8594.151	364.765
202057	40.041404	76.374101	263.478454	790.105446	8721.995	362.977
202117	40.034882	76.424997	257.717302	792.507039	8829.885	269.689
202137	40.023693	76.47763	251.162581	797.89606	8908.451	205.299
202157	40.008825	76.52608	244.966029	804.19525	8969.412	183.294
202217	39.991116	76.570131	240.356148	811.577671	9025.199	174.621
202237	39.970771	76.61428	239.00294	819.078466	9083.456	175.003
202257	39.949231	76.660095	239.037903	822.882639	9147.484	203.749
202317	39.926966	76.708162	238.88011	825.54318	9220.428	229.222
202337	39.904969	76.755265	238.726087	829.762994	9299.891	227.176
202357	39.886171	76.795391	239.691216	828.093288	9377.357	265.691
202417	39.863843	76.842915	240.074927	826.320942	9474.214	298.269
202437	39.840918	76.891982	240.088285	824.198873	9577.379	316.942
202457	39.820335	76.93605	239.730947	821.708767	9678.069	247.564
202517	39.798564	76.982328	238.879902	822.081426	9751.377	87.916
202537	39.776432	77.029496	239.011247	821.975129	9755.783	19.006
202557	39.755286	77.074238	238.554825	822.545448	9751.493	0.696
202617	39.734845	77.117287	238.000275	823.854435	9753.79	-0.151
202637	39.714141	77.161075	238.524965	825.270138	9754.383	0.279
202657	39.692506	77.206943	239.177174	826.376958	9753.88	-0.088
202717	39.670133	77.254285	239.052516	826.165286	9753.985	-0.011
202737	39.648038	77.300824	238.355029	823.537536	9754.028	0.02
202757	39.626382	77.346276	237.908744	821.526342	9753.991	-0.006
202817	39.605105	77.390885	237.98853	821.895482	9753.999	-0.001
202837	39.584134	77.434887	238.021447	823.119361	9754.002	0.001
202857	39.562738	77.479755	237.992349	824.617306	9753.999	-0.0
202917	39.54079	77.525636	237.998458	825.913982	9754.0	-0.0
202937	39.519082	77.570787	238.009225	826.277521	9754.0	0.0
202957	39.497632	77.615494	237.984144	825.629726	9754.0	-0.0
203017	39.475999	77.660716	237.989887	824.178485	9754.0	-0.0
203037	39.453726	77.707	238.107708	822.445927	9754.0	0.0
203057	39.431453	77.753112	237.785666	822.203003	9754.0	-0.0
203117	39.409982	77.797743	237.859961	823.812666	9754.0	-0.0
203137	39.389688	77.841019	240.362683	825.437459	9754.0	0.0
203157	39.370112	77.887031	242.632364	826.14031	9754.0	-0.0
203217	39.350816	77.936472	243.003053	826.020175	9754.0	-0.0
203237	39.331792	77.984666	242.993859	825.502505	9754.0	0.0
203257	39.313256	78.030941	243.001951	822.127565	9754.0	-0.0
203317	39.294873	78.076997	243.000261	816.471564	9754.0	-0.0
203337	39.275756	78.125005	242.99934	813.645613	9754.0	0.0
203357	39.256378	78.173466	243.000576	815.051816	9754.0	-0.0
203417	39.237694	78.220021	243.000303	818.690169	9754.0	-0.0
203437	39.220199	78.263833	242.996907	820.664081	9754.0	0.0
203457	39.201957	78.309382	243.006108	821.079938	9754.0	-0.0
203517	39.182193	78.35845	243.003986	821.818057	9754.0	-0.0
203537	39.162614	78.407169	242.957352	824.467525	9754.0	0.0
203557	39.144443	78.452512	243.084936	826.522428	9754.0	-0.0
203617	39.126608	78.496477	243.055501	826.142189	9754.0	-0.0
203637	39.106481	78.545203	242.406015	824.465263	9754.0	0.0
203657	39.087429	78.59508	244.316212	824.289917	9754.0	-0.0
203717	39.072193	78.643063	249.484432	825.87626	9754.0	-0.0
203737	39.059965	78.69133	253.746538	825.532942	9754.0	0.0
203757	39.049173	78.742113	254.93139	822.538872	9754.0	0.0
203817	39.037614	78.796279	255.131076	821.696715	9754.0	-0.0
203837	39.02636	78.847704	254.860533	821.924328	9754.0	0.0
203857	39.016384	78.893716	254.128976	821.101793	9754.0	0.0
203917	39.005426	78.943841	253.906688	821.334251	9754.0	-0.0
203937	38.993849	78.996464	254.013893	822.148391	9754.0	0.0
203957	38.982694	79.047258	253.99465	822.145483	9754.0	0.0
204017	38.971393	79.098772	254.062558	821.357803	9754.0	-0.0
204037	38.960117	79.149678	253.912672	821.069808	9754.0	0.0
204057	38.949203	79.199069	253.80075	821.851636	9754.0	0.0
204117	38.93818	79.250355	254.440082	822.052272	9754.0	-0.0
204137	38.924908	79.297854	247.631159	822.006819	9754.0	0.0
204157	38.9073	79.344708	242.490057	821.88056	9754.0	-0.0
204217	38.887765	79.392738	243.141385	822.144697	9754.0	0.0
204237	38.869111	79.439359	243.104555	823.44477	9754.0	0.0
204257	38.849846	79.488303	242.940327	824.976538	9754.0	-0.0
204317	38.830889	79.536591	243.008064	826.137808	9754.0	0.0
204337	38.813446	79.580771	243.00848	826.796413	9754.0	0.0
204357	38.794547	79.628603	242.996265	827.263536	9754.0	-0.0
204417	38.775044	79.677999	243.000083	826.882873	9754.0	0.0
204437	38.757425	79.722459	242.998059	824.925706	9754.0	0.0
204457	38.73897	79.768493	243.007856	822.740603	9754.0	-0.0
204517	38.719474	79.816891	242.995564	820.803844	9754.0	0.0
204537	38.70077	79.863563	242.96155	819.181782	9754.0	0.0
204557	38.682701	79.908744	243.107206	819.475529	9754.0	-0.0
204617	38.6642	79.9546	243.0	821.0	9754.0	-0.0
204637	38.644539	80.002755	242.468336	820.764339	9754.0	0.0
204657	38.626166	80.049145	244.631825	815.923248	9754.0	-0.0
204717	38.611431	80.096399	250.704629	810.315719	9754.0	0.0
204737	38.601356	80.145415	256.465268	804.965463	9754.0	-0.0
204757	38.59425	80.19375	258.946375	797.394813	9754.0	-0.0
204817	38.586811	80.243572	259.205777	790.08176	9754.0	0.0
204837	38.579209	80.293599	258.934673	785.812694	9754.0	-0.0
204857	38.571902	80.342909	258.987662	784.990656	9754.0	-0.0
204917	38.564461	80.392331	259.015455	785.093569	9754.0	0.0
204937	38.557015	80.44199	258.995725	784.820903	9754.0	-0.0
204957	38.54977	80.491015	258.999115	784.093703	9754.0	-0.0
205017	38.542651	80.538223	259.00111	783.759158	9754.0	0.0
205037	38.535248	80.586651	258.999693	784.299318	9754.0	-0.0
205057	38.527539	80.637214	258.999936	785.011992	9754.0	-0.0
205117	38.520089	80.686245	259.00008	784.299353	9754.0	0.0
205137	38.512467	80.736331	258.999978	784.218029	9754.0	-0.0
205157	38.504627	80.787493	258.999995	782.901184	9754.0	-0.0
205217	38.497455	80.833782	259.000009	773.099191	9754.0	0.0
205237	38.490354	80.879552	258.999992	763.583971	9754.0	-0.0
205257	38.482903	80.927918	258.999993	761.106586	9754.0	-0.0
205317	38.475697	80.974848	259.000048	760.433772	9754.0	0.0
205337	38.468388	81.022128	258.999916	759.747342	9754.0	-0.0
205357	38.460816	81.07066	258.999911	758.363021	9754.0	-0.0
205417	38.453558	81.117148	259.000668	755.195205	9754.0	0.0
205437	38.446345	81.163372	258.998832	752.097109	9754.0	-0.0
205457	38.438916	81.210735	258.998759	750.257709	9754.0	-0.0
205517	38.431527	81.257272	259.009308	748.537277	9754.0	0.0
205537	38.42428	81.30315	258.983653	748.130115	9754.0	-0.0
205557	38.417065	81.349286	258.977887	749.624892	9754.0	-0.0
205617	38.409638	81.396143	259.127219	751.475432	9754.0	0.0
205637	38.402179	81.442986	258.800522	753.800713	9754.0	-0.0
205657	38.394725	81.489954	258.048889	757.071778	9754.0	-0.0
205717	38.386837	81.539001	258.399923	760.570342	9754.0	0.0
205737	38.378994	81.587519	259.103877	760.282931	9754.0	-0.0
205757	38.371576	81.633767	259.058934	754.577994	9754.0	-0.0
205817	38.363922	81.68164	258.763961	749.330329	9754.0	0.0
205837	38.356356	81.728491	257.531137	748.217396	9754.0	-0.0
205857	38.347779	81.772597	254.760482	751.987915	9754.0	0.0
205917	38.336211	81.817698	251.635789	758.307853	9754.0	0.0
205937	38.323301	81.863629	249.818275	763.904482	9754.0	-0.0
205957	38.310323	81.910116	249.882208	766.15132	9754.0	-0.0
210017	38.297167	81.95723	250.089236	764.268133	9754.0	0.0
210037	38.284164	82.003562	249.996094	760.862417	9754.0	-0.0
210057	38.271705	82.047883	249.987277	758.914025	9754.0	-0.0
210117	38.259112	82.092602	250.005657	756.393658	9754.0	0.0
210137	38.246148	82.138503	249.99972	752.824781	9754.0	-0.0
210157	38.233232	82.184104	249.999086	750.202977	9754.0	-0.0
210217	38.220924	82.227633	250.000407	750.835952	9754.0	0.0
210237	38.208553	82.271383	249.99998	753.070404	9754.0	-0.0
210257	38.195182	82.318389	249.999926	753.251665	9754.0	-0.0
210317	38.182671	82.362195	250.000029	752.905053	9754.0	0.0
210337	38.1708	82.4038	250.0	753.0	9754.0	0.0
210357	38.157604	82.450256	249.999995	752.994512	9754.0	-0.0
210417	38.144744	82.495155	250.000002	753.052246	9754.0	0.0
210437	38.1325	82.5376	250.0	753.0	9754.0	0.0
210457	38.119357	82.583552	250.0	752.377821	9754.0	-0.0
210517	38.105891	82.630597	250.0	751.752322	9754.0	0.0
210537	38.0928	82.6761	250.0	753.0	9754.0	0.0
210557	38.080218	82.719779	250.0	757.035724	9754.0	-0.0
210617	38.067747	82.762867	250.0	757.059518	9754.0	0.0
210637	38.054984	82.806731	250.0	751.639887	9754.0	0.0
210657	38.041665	82.852468	249.999999	746.672571	9754.0	-0.0
210717	38.028193	82.898783	249.999999	745.075815	9754.0	-0.0
210737	38.015696	82.941756	250.000004	744.982956	9754.0	0.0
210757	38.003475	82.983838	249.999994	744.928858	9754.0	-0.0
210817	37.99063	83.028008	249.999991	744.864832	9754.0	-0.0
210837	37.977394	83.073071	250.000052	746.124046	9754.0	0.0
210857	37.964338	83.117466	249.999922	747.097915	9754.0	-0.0
210917	37.951583	83.161076	249.999878	746.933525	9754.0	-0.0
210937	37.938477	83.205734	250.000717	747.654424	9754.0	0.0
210957	37.925455	83.249948	249.998917	745.90595	9754.0	-0.0
211017	37.912839	83.29271	249.998296	742.071484	9754.0	-0.0
211037	37.899954	83.336259	250.009993	744.877598	9754.0	0.0
211057	37.886696	83.38102	249.984912	746.50538	9754.0	-0.0
211117	37.87341	83.425891	249.976268	742.335395	9754.0	-0.0
211137	37.860557	83.469242	250.139179	744.144534	9754.0	0.0
211157	37.84769	83.512553	249.781845	747.433365	9754.0	-0.0
211217	37.834387	83.557337	249.018494	745.661381	9754.0	-0.0
211237	37.820968	83.602645	249.547107	742.566022	9754.0	0.0
211257	37.807791	83.646842	249.944923	742.529729	9754.0	-0.0
211317	37.794953	83.689427	249.136272	744.964534	9754.0	-0.0
211337	37.782142	83.732064	248.871138	742.678446	9754.0	0.0
211357	37.769008	83.775743	249.031082	739.430839	9754.0	-0.0
211417	37.75557	83.820239	249.009614	739.755284	9754.0	-0.0
211437	37.742364	83.864185	248.990748	740.957995	9754.0	0.0
211457	37.729247	83.907814	249.002232	742.574018	9754.0	-0.0
211517	37.715902	83.951961	249.00069	744.645882	9754.0	-0.0
211537	37.70236	83.996826	248.999337	745.3166	9754.0	0.0
211557	37.689269	84.040156	249.000159	738.98141	9754.0	-0.0
211617	37.676807	84.081173	249.000047	725.526767	9754.0	-0.0
211637	37.664062	84.122963	248.999965	715.753225	9754.0	0.0
211657	37.651138	84.1654	248.999992	712.757716	9754.0	-0.0
211717	37.638354	84.207498	248.999973	715.100119	9754.0	-0.0
211737	37.625515	84.249638	249.000179	720.148547	9754.0	0.0
211757	37.612259	84.292828	248.999726	723.578613	9754.0	-0.0
211817	37.598804	84.336447	248.999568	723.272827	9754.0	-0.0
211837	37.586188	84.377476	249.002534	721.861253	9754.0	0.0
211857	37.573663	84.418109	248.996174	720.726868	9754.0	-0.0
211917	37.560531	84.460489	248.993982	720.74346	9754.0	-0.0
211937	37.547479	84.502846	249.035294	722.751955	9754.0	0.0
211957	37.534296	84.545695	248.946708	724.085542	9754.0	-0.0
212017	37.521045	84.588577	248.916179	721.903616	9754.0	-0.0
212037	37.508739	84.628305	249.643281	716.377529	9754.0	0.0
212057	37.496184	84.668666	249.921739	712.310726	9754.0	-0.0
212117	37.482599	84.712293	249.129121	712.680492	9754.0	-0.0
212137	37.469441	84.754894	248.877901	714.259667	9754.0	0.0
212157	37.456656	84.796133	249.029633	715.128618	9754.0	-0.0
212217	37.443647	84.837705	249.009438	715.038385	9754.0	-0.0
212237	37.43033	84.880679	248.989254	714.971582	9754.0	0.0
212257	37.417432	84.922306	249.005117	714.99392	9754.0	-0.0
212317	37.405113	84.961733	249.00538	714.978669	9754.0	-0.0
212337	37.392178	85.003422	248.971649	715.139221	9754.0	0.0
212357	37.378778	85.04644	249.042011	714.770265	9754.0	-0.0
212417	37.36545	85.088637	249.065886	713.361054	9754.0	-0.0
212437	37.352224	85.130387	248.462129	711.587884	9754.0	0.0
212457	37.33886	85.172528	247.910992	711.101049	9754.0	-0.0
212517	37.325575	85.214376	247.965582	712.537133	9754.0	-0.0
212537	37.313265	85.253318	248.026914	714.233732	9754.0	0.0
212557	37.30055	85.293606	247.994452	715.107343	9754.0	-0.0
212617	37.28648	85.33804	247.997536	715.04964	9754.0	-0.0
212637	37.273031	85.380317	248.001932	714.951128	9754.0	0.0
212657	37.260176	85.4206	247.999602	715.022763	9754.0	-0.0
212717	37.247045	85.461725	247.999823	715.037462	9754.0	-0.0
212737	37.233598	85.503848	248.000139	714.832062	9754.0	0.0
212757	37.220685	85.544398	247.999971	715.215965	9754.0	-0.0
212817	37.208353	85.583194	247.999987	716.053536	9754.0	-0.0
212837	37.194654	85.626047	248.00001	714.822733	9754.0	0.0
212857	37.180587	85.669795	247.999998	712.454451	9754.0	-0.0
212917	37.167411	85.71063	247.999999	711.091677	9754.0	-0.0
212937	37.153925	85.752497	248.000002	711.061203	9754.0	0.0
212957	37.140703	85.79349	247.999999	709.053762	9754.0	-0.0
213017	37.128156	85.832236	247.999998	703.989205	9754.0	-0.0
213037	37.114574	85.874293	248.000011	702.159114	9754.0	0.001
213057	37.100555	85.917783	247.999986	706.844515	9754.0	-0.002
213117	37.087191	85.959142	247.999967	717.7109	9754.001	-0.003
213137	37.073993	85.999803	248.000158	731.166391	9753.995	0.016
213157	37.060469	86.041331	247.999799	742.260187	9754.006	-0.021
213217	37.046566	86.083975	247.999547	746.972661	9754.014	-0.047
213237	37.032796	86.126183	248.002199	744.795357	9753.933	0.229
213257	37.018865	86.168978	247.997195	741.557366	9754.086	-0.292
213317	37.004665	86.212615	247.993685	741.813756	9754.193	-0.657
213337	36.991108	86.253825	248.030631	742.093603	9753.065	4.189
213357	36.977344	86.295656	247.960935	742.047573	9755.225	8.34
213417	36.962484	86.340987	247.912045	742.165292	9760.737	3.102
213437	36.947593	86.385788	248.756788	740.673495	9757.501	-10.369
213457	36.934919	86.427436	251.564818	737.196797	9752.737	-0.397
213517	36.924907	86.470971	256.160607	730.438847	9757.245	13.601
213537	36.916852	86.516432	258.617358	725.617037	9762.663	3.25
213557	36.9101	86.5594	258.0	726.0	9761.0	-6.0
213617	36.902933	86.603734	258.17047	724.85269	9757.254	-9.052
213637	36.895611	86.648073	258.93907	723.094962	9754.19	-6.496
213657	36.88869	86.690589	259.200125	722.957257	9753.465	-1.141
213717	36.881578	86.734497	258.737745	722.71305	9754.553	-1.248
213737	36.874128	86.780068	258.043298	721.178248	9754.311	-7.478
213757	36.867049	86.82297	257.92132	719.563495	9749.055	-9.716
213817	36.859863	86.866308	258.024653	718.891111	9745.174	-5.763
213837	36.852426	86.911208	258.003087	719.003643	9745.878	-0.264
213857	36.845379	86.953897	257.994351	718.803676	9746.427	-0.232
213917	36.838345	86.996438	258.00177	719.483388	9745.454	1.663
213937	36.831035	87.040394	258.000222	720.922531	9745.673	7.596
213957	36.823705	87.08434	257.999594	720.983965	9751.159	8.774
214017	36.816348	87.128828	258.000127	721.360168	9754.384	7.68
214037	36.808941	87.173675	258.000016	722.865272	9753.832	7.911
214057	36.801544	87.217314	257.999971	723.763839	9758.195	8.699
214117	36.794129	87.261016	258.000009	724.115699	9761.648	6.544
214137	36.786733	87.305304	258.000001	724.053199	9761.024	0.652
214157	36.779442	87.348928	257.999998	723.261777	9761.58	-5.39
214217	36.771961	87.393222	258.000001	723.143176	9759.422	-9.043
214237	36.764263	87.438421	258.0	723.945298	9754.336	-8.372
214257	36.756729	87.482663	258.0	724.061035	9753.387	-2.938
214317	36.749126	87.526905	258.0	724.059427	9754.197	0.782
214337	36.74143	87.571417	258.0	724.081473	9754.037	0.148
214357	36.734053	87.614684	258.0	723.177106	9753.953	-0.185
214417	36.726689	87.657802	258.0	723.392295	9754.013	0.051
214437	36.719057	87.701989	258.0	726.36078	9754.003	0.011
214457	36.711329	87.746966	258.000001	730.735753	9753.997	-0.014
214517	36.703596	87.791816	257.999997	731.507081	9754.0	0.005
214537	36.695935	87.835792	257.999997	727.588445	9754.0	0.002
214557	36.688441	87.87884	258.00002	724.815507	9754.004	-0.011
214617	36.680977	87.921792	257.999965	723.680653	9753.993	0.018
214637	36.673362	87.965538	257.999962	723.056456	9753.993	0.019
214657	36.665549	88.010254	258.000282	722.869608	9754.055	-0.145
214717	36.657834	88.054113	257.999504	723.144182	9753.903	0.255
214737	36.650248	88.097087	257.999329	723.17745	9753.869	0.345
214757	36.642339	88.142198	258.003859	721.697367	9754.756	-3.2
214817	36.63431	88.187059	257.994191	721.17053	9752.798	-10.394
214837	36.626715	88.229881	257.990868	722.761326	9747.003	-11.531
214857	36.61938	88.273604	256.703009	724.877978	9744.857	8.278
214917	36.607429	88.31681	246.412118	738.062317	9752.852	10.378
214937	36.59146	88.356533	242.598843	744.665968	9755.402	2.718
214957	36.573409	88.396597	240.492416	749.43448	9753.84	-0.415
215017	36.553447	88.436451	234.198161	758.702408	9753.792	0.798
215037	36.530967	88.471605	231.741548	762.795838	9753.123	4.586
215057	36.505869	88.508577	230.18274	765.048874	9756.269	9.337
215117	36.4817	88.547	233.0	760.0	9761.0	9.0
215137	36.463927	88.584952	246.260508	740.894904	9761.032	0.262
215157	36.453225	88.633287	259.612184	728.567896	9761.007	0.055
215217	36.451288	88.673067	268.107966	723.631808	9760.986	-0.062
215237	36.449339	88.720462	267.4921	725.567947	9760.985	0.008
215257	36.447324	88.767334	266.614137	725.499075	9761.058	-0.186
215317	36.445574	88.81058	267.079549	723.678793	9760.93	0.268
215337	36.443853	88.853171	267.035332	723.153339	9760.843	0.614
215357	36.441979	88.899168	266.972292	722.105248	9761.763	-3.988
215417	36.440178	88.944227	267.005716	720.686108	9759.995	-8.632
215437	36.438545	88.985846	267.002548	719.430657	9754.759	-8.304
215457	36.436613	89.03216	266.997956	717.349397	9754.121	-7.641
215517	36.434636	89.078786	267.00048	715.801718	9753.056	-8.228
215537	36.432926	89.120366	267.00034	715.917532	9747.067	-8.432
215557	36.431149	89.162884	266.999092	716.036303	9745.435	-4.983
215617	36.429199	89.207743	267.001006	716.028685	9745.808	1.926
215637	36.427187	89.253122	267.002211	716.090717	9745.248	7.771
215657	36.425302	89.297235	266.989328	715.408849	9750.964	4.875
215717	36.423411	89.341226	267.013599	715.048951	9753.286	-1.104
215737	36.421395	89.386552	267.030614	715.820094	9746.706	-1.147
215757	36.419478	89.432099	266.851507	716.187587	9749.062	5.229
215817	36.417638	89.474489	267.193895	715.898478	9754.72	7.286
215837	36.415702	89.5151	267.991242	715.955223	9754.054	0.297
215857	36.413571	89.562595	267.44787	717.688568	9753.98	-1.706
215917	36.411486	89.608787	266.853791	719.985323	9753.607	2.322
215937	36.409503	89.650543	266.982317	721.032204	9753.731	7.636
215957	36.407401	89.694913	267.040194	719.774477	9758.43	9.042
220017	36.405236	89.740549	266.971506	718.934588	9761.472	6.751
220037	36.40311	89.785418	266.986465	719.07778	9760.938	0.875
220057	36.401034	89.830266	267.13416	717.266064	9762.443	-9.477
220117	36.398976	89.874392	266.71754	715.551869	9757.571	-17.146
220137	36.396907	89.917427	266.015146	715.873931	9746.723	-15.718
220157	36.394816	89.960344	266.46258	717.62429	9744.548	-5.575
220217	36.392607	90.005072	267.182233	719.675439	9746.463	0.973
220237	36.390329	90.050567	267.094768	720.933635	9746.165	-0.043
220257	36.388207	90.092454	266.256579	720.900277	9745.254	3.405
220317	36.385987	90.135665	266.16243	721.371588	9747.26	10.499
220337	36.383559	90.182638	266.961487	722.853566	9753.039	14.943
220357	36.381249	90.227587	266.534702	723.133926	9758.824	12.012
220417	36.379015	90.271024	265.874607	723.046281	9761.368	5.999
220437	36.376744	90.315027	265.974045	723.094294	9760.999	0.812
220457	36.374437	90.359873	266.032548	721.860546	9761.604	-4.857
220517	36.372054	90.405372	265.990997	720.800863	9759.68	-9.131
220537	36.369649	90.45042	265.998137	720.952556	9754.561	-8.683
220557	36.367386	90.493456	266.002337	721.107787	9753.063	-2.208
220617	36.365057	90.537286	265.999354	720.884915	9754.686	-1.15
220637	36.362569	90.583015	265.999867	720.889485	9754.576	-7.553
220657	36.360165	90.627454	266.000164	722.175142	9748.454	-5.291
220717	36.357729	90.672199	265.99996	723.162166	9746.883	2.867
220737	36.35518	90.718179	265.999997	723.012241	9753.296	7.911
220757	36.352687	90.762784	265.999964	723.150121	9754.636	4.817
220817	36.350249	90.806084	266.000082	722.641488	9754.245	-2.693
220837	36.347797	90.84934	266.000114	721.209875	9754.613	-7.826
220857	36.345281	90.893661	265.999338	721.056594	9748.909	-5.224
220917	36.342739	90.938755	266.000998	724.574379	9746.613	2.464
220937	36.340207	90.983772	266.001569	732.860781	9752.963	7.959
220957	36.337651	91.028314	265.990801	744.409612	9754.981	4.223
221017	36.334981	91.074509	266.01389	754.555901	9753.762	-0.835
221037	36.33217	91.123158	266.021846	759.599184	9753.924	-0.277
221057	36.329321	91.171229	265.835873	759.892477	9754.091	0.418
221117	36.326523	91.217697	265.804987	757.38147	9753.996	0.105
221137	36.32384	91.262693	266.452498	754.514536	9754.09	0.067
221157	36.321162	91.30769	266.995245	752.969713	9753.971	-0.033
221217	36.318313	91.354631	266.311137	753.021748	9753.493	-0.622
221237	36.3154	91.402983	265.918834	752.586729	9755.444	1.393
221257	36.312562	91.450172	265.991564	752.012696	9753.592	-9.329
221317	36.309838	91.494132	265.758786	752.542057	9744.163	-19.29
221337	36.307034	91.538903	266.745127	750.373042	9759.344	121.441
221357	36.304034	91.586503	266.758658	751.781428	9810.255	258.38
221417	36.30109	91.633221	265.868602	752.163426	9904.622	320.513
221437	36.298316	91.677531	265.93999	744.216654	10039.341	371.836
221457	36.295337	91.724533	266.055936	736.888589	10170.375	348.582
221517	36.292314	91.772507	265.984566	733.650714	10275.562	254.889
221537	36.289519	91.817665	265.971095	730.091623	10344.553	138.764
221557	36.286785	91.860449	266.101934	714.652046	10365.879	47.589
221617	36.284057	91.902108	265.894666	694.467977	10362.328	3.123
221637	36.281332	91.943794	265.15661	682.718157	10362.573	-1.262
221657	36.278516	91.98605	264.929038	679.712601	10363.283	0.879
221717	36.275618	92.028599	264.983716	681.474294	10362.952	-0.151
221737	36.272738	92.070739	264.901451	683.60258	10362.97	-0.098
221757	36.269998	92.112006	265.549336	684.287335	10363.016	0.077
221817	36.267228	92.154131	265.965061	683.909625	10363.001	-0.025
221837	36.264281	92.197821	265.207699	683.813962	10363.011	-0.053
221857	36.261395	92.239222	264.867745	684.884016	10362.946	0.195
221917	36.258511	92.279927	265.022551	686.18816	10363.057	-0.199
221937	36.2555	92.322768	265.014338	686.776891	10363.184	-0.64
221957	36.252539	92.365559	264.990505	687.834959	10362.235	3.465
222017	36.249609	92.408336	265.001619	689.267139	10363.814	8.757
222037	36.246609	92.452034	265.001029	690.046517	10369.668	9.075
222057	36.243577	92.495685	264.999318	689.400077	10371.887	3.9
222117	36.240621	92.537377	265.000116	689.126002	10370.801	-0.291
222137	36.237768	92.57691	265.000074	690.106351	10370.724	0.334
222157	36.234818	92.61836	264.999951	688.508637	10371.832	-3.285
222217	36.231799	92.661525	265.000008	687.037923	10370.168	-8.765
222237	36.228805	92.704118	265.000005	688.70639	10364.302	-9.008
222257	36.225759	92.745727	264.999996	688.364393	10362.218	-4.255
222317	36.222689	92.786971	265.000001	686.832482	10363.094	0.673
222337	36.219631	92.828768	265.0	686.935114	10362.939	0.907
222357	36.216482	92.871609	265.0	686.760871	10363.566	-3.493
222417	36.213252	92.915265	265.0	685.766152	10362.344	-8.907
222437	36.210042	92.95875	265.0	684.441201	10357.323	-9.65
222457	36.206949	93.00057	264.999999	682.849575	10354.595	-0.628
222517	36.203877	93.042142	265.000001	680.397949	10356.841	9.236
222537	36.200733	93.084793	265.000002	676.969694	10361.925	9.341
222557	36.197663	93.126057	264.999991	674.199552	10363.675	3.891
222617	36.194566	93.166727	265.00001	672.847206	10362.884	-0.462
222637	36.191347	93.208158	265.000032	672.822515	10362.924	-0.309
222657	36.188271	93.248273	264.999853	673.570452	10363.062	0.285
222717	36.185264	93.287842	264.999917	674.035886	10363.006	0.047
222737	36.182067	93.329151	265.00056	673.323606	10363.01	-0.118
222757	36.178724	93.371548	264.999039	673.154307	10362.967	0.138
222817	36.175463	93.413007	264.998982	673.970396	10362.962	0.136
222837	36.17251	93.451792	265.007632	673.441362	10363.288	-1.004
222857	36.169512	93.490057	264.986667	673.058214	10362.495	1.851
222917	36.166209	93.530692	264.985831	673.885925	10362.464	7.69
222937	36.162804	93.574733	265.106292	674.230316	10368.479	5.178
222957	36.159424	93.618869	264.801588	673.767287	10370.165	-2.939
223017	36.156097	93.660587	264.073646	673.06655	10363.745	-8.031
223037	36.152776	93.701064	263.908903	672.917768	10362.076	-3.852
223057	36.149419	93.741964	264.025198	673.022803	10363.256	0.885
223117	36.146014	93.784032	264.005216	673.004779	10363.053	0.183
223137	36.14259	93.82644	263.99346	672.993551	10362.934	-0.23
223157	36.139244	93.867733	264.001809	673.00259	10363.018	0.064
223217	36.135989	93.907487	264.000374	673.001356	10363.004	0.014
223237	36.132692	93.947098	263.99953	672.991942	10362.997	-0.022
223257	36.129303	93.988081	264.00013	673.013455	10362.999	0.014
223317	36.125827	94.030455	264.000027	673.014198	10362.997	0.011
223337	36.122311	94.072261	263.999964	672.889952	10363.023	-0.081
223357	36.118894	94.112851	264.000008	673.166275	10362.967	0.115
223417	36.115577	94.153022	264.000002	673.898231	10362.948	0.179
223437	36.112107	94.194666	264.000001	674.094986	10363.303	-1.049
223457	36.108523	94.23711	263.999995	673.978108	10362.543	1.647
223517	36.104925	94.279212	263.999992	673.994762	10362.281	7.697
223537	36.101294	94.320966	264.000049	673.995685	10368.429	4.53
223557	36.097761	94.361436	263.999926	674.015241	10369.947	-0.993
223617	36.094312	94.401197	263.999884	674.026068	10363.362	-0.451
223637	36.090634	94.44346	264.000679	673.692899	10367.171	1.315
223657	36.086895	94.486428	263.998975	672.54727	10370.609	-1.718
223717	36.083308	94.527831	263.998387	671.120715	10364.106	-7.73
223737	36.079759	94.568642	264.009459	671.168311	10361.955	-4.436
223757	36.076068	94.610034	263.985717	670.510534	10363.252	0.875
223817	36.072313	94.651422	263.977535	668.264235	10363.077	0.273
223837	36.068905	94.690199	264.131749	668.022863	10362.929	-0.274
223857	36.065384	94.730016	263.793065	667.560204	10363.012	0.084
223917	36.06147	94.77305	263.036141	665.301534	10362.997	0.054
223937	36.05779	94.814578	263.443614	664.853107	10363.048	-0.219
223957	36.054396	94.85343	264.109194	664.812327	10362.921	0.307
224017	36.050942	94.891982	264.033026	663.333536	10362.875	0.477
224037	36.047045	94.934255	263.972687	661.870105	10363.758	-3.971
224057	36.043182	94.976291	263.997751	660.726618	10362.05	-8.813
224117	36.039691	95.015116	263.982373	660.002598	10356.898	-8.759
224137	36.035975	95.055973	264.09806	660.469692	10355.435	-4.391
224157	36.03217	95.097275	263.867724	661.046932	10355.971	1.375
224217	36.028527	95.136461	263.132997	660.941887	10355.674	6.602
224237	36.024724	95.176531	262.899345	661.695557	10358.716	12.349
224257	36.020837	95.217548	263.020751	663.518399	10364.525	15.071
224317	36.017044	95.258396	263.009216	665.012529	10369.982	10.429
224337	36.013256	95.299235	262.992773	663.893104	10372.583	-1.225
224357	36.009446	95.339948	263.00149	663.150465	10369.598	-8.544
224417	36.005644	95.380284	263.000662	665.377034	10363.525	-2.76
224437	36.001879	95.420265	262.999481	667.3079	10365.574	8.997
224457	35.998012	95.46072	263.000107	668.152929	10372.657	15.473
224517	35.993994	95.50183	263.000048	668.201126	10377.307	10.428
224537	35.990085	95.541978	262.999963	666.792502	10378.958	-0.314
224557	35.986229	95.581501	263.000008	664.347019	10377.21	-9.962
224617	35.982291	95.621714	263.000003	661.665585	10372.404	-14.541
224637	35.978333	95.663358	262.999997	659.162123	10366.832	-15.273
224657	35.974435	95.704448	263.000001	657.853492	10361.844	-15.022
224717	35.97058	95.743911	263.0	657.968912	10357.287	-15.178
224737	35.9666	95.784645	263.0	657.852223	10351.694	-13.132
224757	35.96262	95.825746	263.0	658.259276	10347.199	-5.33
224817	35.958765	95.865594	263.0	659.741773	10347.114	6.118
224837	35.954867	95.905352	263.0	660.143999	10352.381	9.42
224857	35.950909	95.945277	263.0	660.040265	10356.321	7.704
224917	35.946914	95.985252	263.0	660.735356	10355.672	7.862
224937	35.942815	96.025602	263.0	661.913762	10359.518	8.14
224957	35.938663	96.065947	263.0	663.397033	10363.301	7.93
225017	35.93453	96.106207	263.0	664.793958	10362.625	7.88
225037	35.930411	96.147448	263.0	665.148669	10366.874	8.543
225057	35.926254	96.18922	263.0	664.976532	10371.562	7.278
225117	35.922104	96.229992	263.0	665.005058	10371.072	1.831
225137	35.918178	96.268374	262.999999	664.917606	10371.843	-5.536
225157	35.914153	96.307904	263.000001	665.121637	10369.642	-7.481
225217	35.909791	96.350823	263.000002	665.846302	10363.31	-1.467
225237	35.905514	96.392468	262.99999	666.197814	10366.933	1.949
225257	35.901364	96.432463	263.000013	665.851472	10370.791	-1.495
225317	35.89723	96.47213	263.000033	665.146239	10364.692	-7.558
225337	35.893144	96.511159	262.999867	664.908879	10361.922	-5.025
225357	35.888934	96.551081	263.000138	665.014945	10363.184	0.65
225417	35.884513	96.592642	263.000446	665.007661	10363.117	0.412
225437	35.880216	96.632626	262.99815	665.002909	10362.921	-0.269
225457	35.875922	96.672466	263.001922	664.991253	10363.014	0.042
225517	35.871437	96.714504	263.006215	664.968799	10363.012	0.014
225537	35.867061	96.756361	262.974234	665.131841	10362.978	0.046
225557	35.862872	96.796289	263.026822	664.858049	10363.018	-0.065
225617	35.858708	96.834922	263.09694	663.574177	10363.062	-0.245
225637	35.854298	96.875974	262.577035	661.949846	10362.782	0.872
225657	35.849852	96.916984	261.947334	660.922514	10363.173	-0.701
225717	35.84562	96.955019	261.950437	660.929986	10363.834	-6.953
225737	35.841147	96.996547	262.028385	661.029116	10359.418	-6.246
225757	35.836654	97.039073	261.996202	661.004764	10356.142	1.155
225817	35.832539	97.077146	261.996362	661.044867	10361.244	6.612
225837	35.828319	97.11562	262.002355	660.812626	10364.021	5.147
225857	35.8238	97.1564	262.0	661.0	10363.0	0.0
225917	35.819149	97.197992	261.99963	662.393091	10363.121	-1.536
225937	35.814755	97.237956	262.000146	663.21145	10362.335	3.042
225957	35.8105	97.277	262.0	663.0	10363.0	8.0
230017	35.805914	97.317966	261.999973	662.957662	10369.391	4.067
230037	35.801349	97.358892	262.00001	663.025499	10369.406	-4.088
230057	35.7969	97.3992	262.0	663.0	10363.0	-8.0
230117	35.792305	97.440232	261.999998	662.940102	10362.272	-2.853
230137	35.787732	97.480566	262.000001	663.145536	10363.278	1.052
230157	35.7833	97.5196	262.0	663.0	10363.0	0.0
230217	35.778929	97.558398	262.0	661.611167	10363.015	-0.449
230237	35.77441	97.598478	262.0	660.789788	10362.85	0.748
230257	35.7697	97.6397	262.0	661.0	10363.0	0.0
230317	35.764948	97.68052	262.0	661.023645	10363.936	-6.107
230337	35.760292	97.720738	262.0	661.022609	10360.367	-7.177
230357	35.7558	97.7601	262.0	661.0	10356.0	0.0
230417	35.751393	97.79863	262.0	660.79393	10360.274	7.401
230437	35.746692	97.838921	262.0	661.600812	10364.141	5.435
230457	35.7418	97.8806	262.0	663.0	10363.0	0.0
230517	35.737184	97.920745	261.999999	663.202488	10361.749	5.43
230537	35.732565	97.960655	262.000002	662.79617	10366.092	7.413
230557	35.7278	98.0012	262.0	663.0	10371.0	0.0
230617	35.723049	98.041765	261.999987	664.411269	10366.031	-7.24
230637	35.718371	98.081892	262.000034	665.175195	10361.882	-5.948
230657	35.7137	98.1218	262.0	665.0	10363.0	0.0
230717	35.708915	98.162185	261.999812	665.44417	10363.429	-0.125
230737	35.704084	98.203147	262.000474	666.730636	10362.332	2.053
230757	35.6992	98.2444	262.0	668.0	10363.0	8.0
230817	35.694227	98.285312	261.997387	668.140439	10368.64	9.337
230837	35.68946	98.324867	262.006605	667.905567	10371.655	5.658
230857	35.6848	98.3641	262.0	668.0	10371.0	0.0
230917	35.679832	98.405287	261.948628	668.367289	10372.337	-4.178
230937	35.6748	98.4471	262.0	668.0	10371.0	-7.0
230957	35.669967	98.487732	262.075535	666.327399	10363.97	-8.891
231017	35.665066	98.527235	261.343465	665.180187	10362.7	-8.452
231037	35.660127	98.566728	261.113573	665.032759	10362.087	-8.174
231057	35.655204	98.607239	261.930094	665.087889	10356.78	-8.442
231117	35.650115	98.648838	261.61871	664.137518	10355.329	-3.991
231137	35.645153	98.689191	260.830497	662.495048	10356.064	1.104
231157	35.640452	98.727487	260.880234	661.150444	10355.874	0.85
231217	35.635562	98.766871	261.677882	660.859725	10357.015	-5.131
231237	35.630458	98.807768	261.91338	661.03392	10354.335	-7.662
231257	35.625319	98.848965	261.126516	661.010618	10348.259	-1.55
231317	35.620275	98.889126	260.880527	660.989006	10351.748	5.296
231337	35.615319	98.928857	261.028818	661.003829	10356.568	8.43
231357	35.610388	98.968769	261.008913	661.002954	10355.783	8.094
231417	35.605424	99.008196	260.991422	660.986359	10359.671	8.149
231437	35.600372	99.047943	261.002069	661.019681	10363.433	7.6
231457	35.595232	99.088692	261.00064	661.030735	10362.836	7.329
231517	35.590097	99.129588	260.999384	660.668311	10366.193	13.045
231537	35.585143	99.168938	261.000149	659.583704	10373.191	13.557
231557	35.580301	99.206866	261.000046	658.177855	10377.978	2.386
231617	35.575129	99.246549	260.999956	657.833407	10374.661	-6.727
231637	35.569821	99.287286	261.000011	658.040175	10370.31	-7.048
231657	35.564635	99.327701	261.000003	658.012414	10370.818	-1.015
231717	35.559441	99.368313	260.999997	657.988127	10370.984	1.466
231737	35.554247	99.408578	261.000001	658.002751	10371.295	-1.188
231757	35.549181	99.447467	261.0	658.000682	10371.528	-6.713
231817	35.544338	99.484737	261.0	658.000405	10366.63	-12.202
231837	35.539112	99.524967	261.0	657.998723	10362.684	-7.048
231857	35.53357	99.567673	261.0	658.010165	10363.195	2.339
231917	35.528454	99.607244	261.0	658.003489	10363.011	0.134
231937	35.523298	99.646665	260.999999	657.928213	10362.96	-0.476
231957	35.518003	99.686656	261.000002	658.162036	10363.014	0.168
232017	35.512665	99.726802	261.0	658.049776	10363.001	0.01
232037	35.507424	99.766378	260.99999	656.233857	10362.997	-0.036
232057	35.502319	99.804874	261.000022	654.180332	10363.0	0.015
232117	35.497256	99.842881	261.000007	653.03611	10363.0	0.002
232137	35.492076	99.881692	260.999865	652.462413	10363.005	-0.022
232157	35.48685	99.920477	261.000304	651.396619	10362.989	0.044
232217	35.481569	99.959503	261.000093	650.04235	10362.997	0.013
232237	35.476139	100.000091	260.998117	649.821004	10363.067	-0.267
232257	35.470872	100.039444	261.004236	650.103327	10362.849	0.599
232317	35.46576	100.077368	261.001301	649.124088	10362.954	0.184
232337	35.460435	100.116862	260.973768	645.64675	10363.938	-5.744
232357	35.455151	100.155683	261.059003	643.475956	10360.702	-7.499
232417	35.449964	100.193564	261.018115	643.960884	10356.029	-0.479
232437	35.444585	100.233255	260.380593	644.322533	10359.783	7.925
232457	35.439184	100.272774	259.813799	643.409052	10364.498	3.898
232517	35.433866	100.311266	259.968758	642.037294	10363.23	-7.717
232537	35.428534	100.350307	260.784864	641.95697	10357.466	-5.22
232557	35.423205	100.389227	260.827183	641.783773	10357.224	3.989
232617	35.417868	100.427945	260.027869	641.02534	10362.806	8.057
232637	35.412446	100.467489	259.901395	640.911043	10363.688	3.115
232657	35.406876	100.507227	260.034763	641.029776	10362.757	-0.957
232717	35.401455	100.545469	260.001998	641.001243	10362.986	-0.054
232737	35.396605	100.581044	259.99292	641.005191	10363.053	0.181
232757	35.391518	100.618002	260.002496	640.976096	10362.974	-0.037
232817	35.385974	100.657165	260.000143	640.992094	10362.996	0.006
232837	35.380633	100.695093	259.999492	641.161634	10363.054	-0.185
232857	35.37523	100.733567	260.000179	640.581571	10362.885	0.443
232917	35.369584	100.773409	260.00001	639.081477	10362.965	0.137
232937	35.363932	100.812785	259.999964	637.591392	10363.703	-4.808
232957	35.358481	100.851122	260.000013	636.709894	10361.229	-9.819
233017	35.353168	100.889083	260.000001	636.948886	10356.191	-8.351
233037	35.34772	100.927806	259.999997	638.393625	10354.74	2.349
233057	35.342244	100.966322	260.000001	639.082237	10357.97	10.323
233117	35.336758	101.004534	260.0	638.95245	10362.687	8.579
233137	35.331104	101.043653	259.999999	640.139269	10363.762	1.849
233157	35.325463	101.082709	260.000002	641.340823	10362.37	1.15
233217	35.320029	101.120508	260.000001	641.911182	10362.676	7.518
233237	35.314772	101.157183	259.999989	643.191398	10367.982	9.087
233257	35.309155	101.196133	260.000018	644.234329	10371.411	7.459
233317	35.303168	101.237331	260.000019	644.103986	10370.832	7.64
233337	35.29763	101.275421	259.99986	643.075204	10374.444	10.381
233357	35.292123	101.313279	260.000244	641.302894	10379.449	3.643
233417	35.286351	101.35273	260.000259	639.263207	10378.933	-13.071
233437	35.280833	101.389983	259.998054	637.636251	10369.186	-18.883
233457	35.27536	101.427171	260.0034	634.669328	10361.553	-11.099
233517	35.269739	101.465706	260.003614	631.195917	10362.626	-0.617
233537	35.264203	101.502886	259.972892	632.099609	10364.048	-3.002
233557	35.25863	101.540115	260.047362	634.83315	10361.6	-9.807
233617	35.252948	101.578468	260.050332	635.980637	10356.587	-8.989
233637	35.247324	101.616454	259.622434	635.911905	10354.699	0.74
233657	35.241548	101.655565	260.718563	638.494835	10357.457	8.726
233717	35.23646	101.695702	264.080936	645.158327	10362.215	7.994
233737	35.23429	101.733325	267.397495	651.916902	10363.577	3.411
233757	35.233787	101.771632	269.196717	655.257086	10362.95	-0.571
233817	35.232904	101.813441	269.194397	654.942684	10363.11	-0.875
233837	35.231929	101.853314	268.469009	656.300153	10362.312	3.612
233857	35.231018	101.892122	267.944847	658.157957	10363.771	8.742
233917	35.23011	101.932713	267.959228	657.915216	10369.46	9.206
233937	35.229241	101.972781	268.023216	658.959585	10371.866	4.222
233957	35.228363	102.012812	267.996905	659.949599	10370.852	-0.251
234017	35.227423	102.05411	267.997086	658.405901	10370.708	0.312
234037	35.226527	102.094252	268.001673	658.092464	10371.744	-2.902
234057	35.225671	102.133398	267.999773	657.738034	10370.438	-8.657
234117	35.224777	102.173158	267.999757	654.436075	10364.83	-9.533
234137	35.22381	102.213285	268.000121	651.409031	10362.023	-4.014
234157	35.222799	102.252908	267.999989	649.885468	10363.163	-0.09
234217	35.221797	102.291693	267.999984	649.095032	10363.804	-5.63
234237	35.220805	102.331488	268.000005	649.0775	10360.301	-9.269
234257	35.219798	102.372024	268.000001	648.930006	10355.723	-6.544
234317	35.218765	102.411665	268.000021	647.684209	10355.383	-1.613
234337	35.217746	102.450513	267.999955	646.685963	10356.308	0.09
234357	35.21675	102.489159	267.999986	646.950682	10356.047	-0.104
234417	35.215737	102.528353	268.00029	648.31248	10355.209	4.339
234437	35.214658	102.568695	267.999432	649.169376	10357.569	7.655
234457	35.213531	102.609286	267.999076	649.024218	10362.296	7.07
234517	35.212454	102.64778	268.00351	649.14622	10362.613	7.781
234537	35.211379	102.686345	267.996404	648.803218	10363.932	7.557
234557	35.210242	102.727109	267.988401	647.334656	10370.309	2.281
234617	35.209114	102.766515	268.048066	646.789215	10368.192	-5.417
234637	35.207963	102.80527	267.950058	647.035682	10362.319	-7.467
234657	35.206755	102.845109	267.838531	647.021878	10362.559	-1.254
234717	35.2056	102.883814	268.751465	646.990484	10363.261	-0.057
234737	35.204431	102.922961	268.766816	647.019332	10362.222	2.836
234757	35.203219	102.96325	267.921938	646.986714	10363.603	8.587
234817	35.20202	103.003231	267.926089	646.937477	10369.46	8.983
234837	35.200814	103.042226	268.044216	647.228885	10371.695	5.183
234857	35.199574	103.081018	267.99603	646.882694	10371.021	-0.617
234917	35.198301	103.120586	267.993922	644.896504	10371.674	-6.338
234937	35.197072	103.159878	268.003061	642.915506	10368.012	-9.309
234957	35.19588	103.198554	267.999709	641.953613	10362.688	-7.579
235017	35.194661	103.237201	267.999501	641.561701	10362.465	-1.963
235037	35.193404	103.276561	268.000224	639.688508	10363.241	0.795
235057	35.1921	103.3159	268.0	637.0	10363.0	-0.0
235117	35.190762	103.354156	267.999986	636.020065	10362.985	-0.05
235137	35.189479	103.393561	268.000012	636.103205	10363.012	0.046
235157	35.188155	103.432522	267.999996	635.672618	10362.998	-0.023
235217	35.186741	103.470355	268.0	634.176439	10363.001	-0.008
235237	35.185342	103.509624	268.000001	632.315096	10362.986	0.067
235257	35.18393	103.549012	268.0	630.01711	10363.03	-0.128
235317	35.182533	103.587385	268.0	628.085061	10363.019	-0.083
235337	35.181283	103.625468	268.0	628.068489	10362.791	0.889
235357	35.180163	103.663036	268.0	627.490185	10363.416	-1.921
235417	35.179105	103.700334	268.0	626.032486	10363.272	-7.661
235437	35.178037	103.738356	268.0	626.975165	10358.6	-8.093
235457	35.176881	103.776281	268.0	628.258839	10355.762	-6.809
235517	35.175645	103.813752	268.0	628.089884	10356.373	-7.71
235537	35.174446	103.851897	267.999999	627.80359	10351.786	-8.801
235557	35.173223	103.890839	268.000001	628.222379	10347.357	-6.947
235617	35.171947	103.929498	268.000002	628.968407	10347.913	-1.29
235637	35.170752	103.966232	267.999991	628.553409	10347.401	4.812
235657	35.169508	104.003835	268.000014	627.8894	10349.245	8.903
235717	35.168159	104.043526	268.000022	627.963345	10355.132	8.775
235737	35.166929	104.081323	267.999865	628.050984	10356.994	3.019
235757	35.165662	104.119591	268.000163	627.97789	10355.645	0.283
235817	35.164243	104.159886	268.000364	628.531412	10355.51	6.179
235837	35.162943	104.19719	267.998237	631.341495	10358.944	12.362
235857	35.161667	104.234708	268.002247	634.71267	10364.351	15.507
235917	35.160258	104.275895	268.00506	636.649162	10369.633	15.534
235937	35.15884	104.316108	267.975456	637.980908	10375.114	12.141
235957	35.157457	104.354178	268.031388	639.374334	10378.421	6.48
000017	35.156101	104.391377	268.081172	640.745285	10378.217	1.05
000037	35.154765	104.42918	267.574012	641.173521	10377.887	-0.906
000057	35.153351	104.468149	266.965132	640.985161	10377.989	0.167
000117	35.151798	104.50785	266.940294	640.978208	10377.81	1.006
000137	35.15028	104.546648	267.026394	640.99921	10378.578	-2.912
000157	35.148827	104.584939	266.998672	641.002905	10377.835	-8.128
000217	35.147343	104.624219	266.995204	641.062603	10372.76	-7.691
000237	35.145865	104.663094	267.001938	640.841103	10371.017	-7.105
000257	35.144376	104.702092	267.000103	640.955826	10371.17	-7.105
000317	35.14282	104.742999	266.999655	642.150693	10364.923	-2.896
000337	35.14131	104.781699	267.000007	641.014828	10364.552	1.191
000357	35.139851	104.818026	266.999939	637.306755	10370.837	0.414
000417	35.138279	104.857643	267.000792	635.250914	10366.798	-5.388
000437	35.13665	104.898037	266.998375	632.649816	10362.181	-8.172
000457	35.135056	104.937088	266.998933	629.198674	10363.03	-7.717
000517	35.133517	104.976359	267.011425	628.78125	10359.984	-13.375
000537	35.131983	105.014225	266.97709	628.761606	10352.957	-13.041
000557	35.130432	105.050429	266.978596	627.962277	10347.988	-1.778
000617	35.128894	105.087635	267.157807	628.856383	10352.078	7.182
000637	35.127356	105.126213	266.699688	626.209678	10356.985	6.403
000657	35.125321	105.164701	265.249986	618.915521	10356.285	0.292
000717	35.121872	105.201068	263.68892	615.402834	10354.981	3.343
000737	35.117792	105.237601	262.880811	616.815509	10357.222	9.21
000757	35.113885	105.276116	262.96313	620.380637	10362.305	8.8
000817	35.109898	105.314831	263.035515	622.529163	10363.654	3.42
000837	35.105926	105.35259	262.991384	623.07525	10362.84	-0.623
000857	35.102074	105.389495	262.99726	623.039378	10362.948	-0.184
000917	35.09816	105.426797	263.003094	622.863836	10363.066	0.121
000937	35.094227	105.46415	262.998557	623.189933	10362.959	0.055
000957	35.090302	105.501304	262.99823	623.92646	10362.94	0.174
001017	35.086233	105.539225	263.007435	623.849038	10363.265	-0.895
001037	35.082223	105.576706	262.990754	624.30194	10362.667	1.19
001057	35.078383	105.613078	262.979265	625.851282	10362.251	7.229
001117	35.074331	105.650694	263.100497	625.224366	10367.63	6.386
001137	35.07017	105.689212	262.867221	622.043176	10370.778	-2.871
001157	35.066112	105.727227	262.132774	618.500865	10364.837	-13.57
001217	35.062048	105.764409	261.89952	617.792086	10358.681	-14.325
001237	35.057991	105.801203	262.020715	617.821044	10355.414	-5.101
001257	35.053993	105.837966	262.0092	616.308976	10355.278	6.182
001317	35.050022	105.874369	261.992786	615.739841	10359.778	9.56
001337	35.045974	105.911236	262.001487	616.085704	10363.309	7.433
001357	35.041828	105.949055	262.000661	616.107205	10362.761	7.219
001417	35.03776	105.986576	261.999482	615.440687	10366.093	12.169
001437	35.033657	106.023829	262.000107	614.980667	10372.615	14.758
001457	35.02944	106.061076	262.000047	615.090039	10377.43	9.534
001517	35.02535	106.097759	261.999963	614.179772	10378.143	4.305
001537	35.021259	106.135112	262.000008	612.629743	10378.325	-2.024
001557	35.017041	106.17333	262.000003	610.750563	10378.91	-12.292
001617	35.012948	106.209306	261.999997	606.968136	10371.594	-21.795
001637	35.008871	106.244906	262.0	603.546784	10361.274	-21.756
001657	35.004659	106.282454	262.0	602.401429	10356.386	-10.757
001717	35.000514	106.319305	261.999999	600.443595	10356.329	-5.722
001737	34.996508	106.354545	262.0	598.928203	10355.361	-7.378
001757	34.992544	106.389244	262.000002	599.738032	10350.104	-7.89
001817	34.988388	106.425552	261.999996	599.596833	10347.349	-5.214
001837	34.9842	106.46224	261.999999	597.159671	10347.991	-0.254
001857	34.980351	106.496156	262.000021	593.549821	10347.471	4.676
001917	34.976327	106.531398	261.99996	589.262046	10349.419	10.534
001937	34.972018	106.568618	261.999974	588.522814	10355.353	14.941
001957	34.967999	106.602865	262.000276	597.202327	10361.053	11.866
002017	34.963926	106.637889	261.99945	602.815479	10363.406	5.552
002037	34.959625	106.675479	261.99964	600.236851	10363.011	0.44
002057	34.955449	106.711879	262.003849	600.840388	10363.418	-2.312
002117	34.951124	106.748655	261.992334	609.524142	10361.982	4.067
002137	34.946554	106.786877	261.994991	622.026283	10362.316	14.586
002157	34.94209	106.824857	262.055794	627.918092	10373.591	10.306
002217	34.937621	106.863048	261.906255	629.367166	10376.373	-6.769
002237	34.93322	106.900345	261.873979	627.415058	10364.647	-18.825
002257	34.929297	106.933751	262.84648	617.435308	10362.419	-4.161
002317	34.925022	106.970463	262.676949	611.485332	10363.487	3.161
002337	34.920318	107.010466	261.886217	612.628669	10362.884	-0.598
002357	34.915705	107.048936	261.949474	615.505799	10362.915	-0.149
002417	34.911405	107.084636	262.039566	616.405583	10363.237	-0.473
002437	34.907089	107.12073	261.99191	615.87019	10362.734	0.887
002457	34.902526	107.159025	261.996551	615.276086	10362.413	6.629
002517	34.898129	107.195337	262.001973	613.817823	10366.836	10.214
002537	34.893806	107.230816	262.000526	612.993805	10371.83	5.98
002557	34.889332	107.267726	262.002243	612.669593	10371.752	-5.335
002617	34.884811	107.304566	261.988059	608.043943	10367.467	-13.412
002637	34.880427	107.340822	262.015447	603.260677	10361.523	-14.726
002657	34.876182	107.376797	262.034856	602.29729	10356.735	-10.003
002717	34.871756	107.41288	261.830848	599.922376	10355.203	-1.488
002737	34.867309	107.448852	262.219942	596.052202	10356.467	-1.784
002757	34.863085	107.483934	263.012177	591.394258	10355.492	-8.95
002817	34.858924	107.517754	262.330787	584.768494	10348.541	1.962
002837	34.854503	107.552418	261.819045	582.597504	10352.469	14.425
002857	34.849869	107.588748	262.01313	587.378106	10363.357	14.641
002917	34.845307	107.625804	262.120597	596.316657	10364.531	3.41
002937	34.84088	107.6614	261.670064	603.110013	10361.198	2.435
002957	34.836429	107.696579	261.019555	605.014993	10362.647	47.721
003017	34.831755	107.734159	260.935123	603.391274	10383.226	161.387
003037	34.827178	107.771056	261.012957	601.044871	10461.624	262.437
003057	34.822751	107.80633	260.995575	600.004322	10581.134	292.797
003117	34.818132	107.842798	261.072502	600.79991	10670.203	264.858
003137	34.813421	107.879669	260.845868	602.981539	10744.953	244.307
003157	34.808858	107.915394	260.85475	604.90534	10829.704	251.26
003217	34.804557	107.949712	262.435289	604.688712	10917.734	233.26
003237	34.80001	107.986029	262.691898	606.11163	10991.729	190.413
003257	34.795087	108.024707	261.085646	611.366604	11044.505	153.726
003317	34.790353	108.061377	261.368265	617.729251	11087.958	160.44
003337	34.785766	108.097239	262.228557	622.642412	11142.707	221.724
003357	34.781082	108.134147	262.060382	624.102258	11228.999	293.265
003417	34.776161	108.171936	261.324933	621.791305	11350.613	286.972
003437	34.771269	108.209077	260.949968	621.662588	11444.109	204.259
003457	34.766485	108.245908	261.013622	625.609896	11480.762	118.045
003517	34.761575	108.284581	260.756792	628.805012	11504.739	116.939
003537	34.756866	108.321204	261.521753	632.883247	11551.924	98.086
003557	34.752151	108.357427	261.820714	632.169172	11586.59	37.628
003617	34.74715	108.396012	260.995238	625.765803	11581.681	7.15
003637	34.742216	108.433467	261.726976	623.711536	11580.912	0.139
003657	34.737272	108.470836	261.811541	621.153524	11582.632	-0.476
003717	34.732359	108.508024	260.972368	617.928007	11581.928	0.165
003737	34.727585	108.544045	260.910154	619.159054	11581.065	5.692
003757	34.722639	108.581296	261.039491	623.885354	11584.869	9.25
003817	34.717437	108.620595	260.998168	629.230152	11590.134	7.85
003837	34.712195	108.660334	260.996184	632.787215	11590.1	3.256
003857	34.707181	108.697821	260.995363	635.468915	11590.947	-5.062
003917	34.702247	108.734161	261.001977	639.250237	11589.679	-15.513
003937	34.697021	108.772793	261.036416	645.606955	11579.122	-20.935
003957	34.691631	108.812955	260.90663	653.248748	11573.312	-5.135
004017	34.68642	108.851425	261.248411	660.311565	11576.804	12.227
004037	34.681362	108.888278	261.991652	667.552077	11581.848	8.385
004057	34.675904	108.92876	261.48232	677.315087	11582.539	1.951
004117	34.670269	108.970412	260.759279	681.717318	11581.809	-0.547
004137	34.664679	109.011346	260.960103	678.254664	11581.989	-0.031
004157	34.659115	109.05248	261.928463	674.035912	11582.043	0.095
004217	34.653665	109.092164	261.489711	676.038996	11581.976	-0.002
004237	34.648093	109.131546	260.02983	685.428827	11581.996	0.009
004257	34.64201	109.17418	260.484974	695.618421	11582.065	-0.221
004317	34.636149	109.215913	261.152675	694.147631	11581.858	0.512
004337	34.630768	109.255136	261.005368	679.816804	11581.957	0.158
004357	34.625324	109.294939	261.050691	665.138537	11582.874	-4.965
004417	34.619836	109.334665	260.797034	658.154359	11579.847	-6.728
004437	34.614388	109.373772	260.115855	659.339729	11575.109	-1.441
004457	34.608938	109.413045	259.785508	662.89471	11578.36	5.447
004517	34.603446	109.452184	260.219343	667.55784	11582.524	8.0
004537	34.597895	109.491143	260.955791	672.301514	11581.847	6.66
004557	34.592291	109.531081	260.614775	673.446229	11584.853	10.889
004617	34.586527	109.572201	259.919309	673.029384	11591.306	15.242
004637	34.580575	109.613937	259.939972	673.381613	11596.746	11.079
004657	34.574714	109.655261	260.035583	671.039219	11599.111	1.04
004717	34.569066	109.695296	259.994151	667.640962	11597.49	-9.322
004737	34.56355	109.734208	259.989332	667.311009	11592.269	-14.718
004757	34.557915	109.774161	260.025621	670.12816	11585.812	-13.225
004817	34.552265	109.813905	259.981186	673.344469	11581.691	-6.923
004837	34.546667	109.852654	259.910371	674.156468	11581.734	-0.855
004857	34.540384	109.895268	259.052739	672.203214	11582.044	-0.154
004917	34.530812	109.929876	245.089737	660.521276	11582.041	-0.447
004937	34.511866	109.963958	228.642629	658.150025	11581.655	-16.308
004957	34.487098	109.990759	219.404054	660.97099	11574.434	-19.365
005017	34.459875	110.013364	216.063088	663.001058	11567.188	-12.401
005037	34.43265	110.036898	215.807642	661.224451	11566.692	-4.799
005057	34.40621	110.060463	215.998143	659.682372	11566.287	4.748
005117	34.380118	110.083437	215.979275	660.893817	11566.716	14.645
005137	34.353328	110.107217	216.749225	663.417531	11576.792	17.494
005157	34.325918	110.131879	216.836602	666.381978	11583.566	10.874
005217	34.298508	110.156582	216.0469	672.067559	11582.149	0.693
005237	34.271804	110.180157	216.011984	683.528207	11582.079	-1.801
005257	34.245667	110.202812	215.799359	690.267179	11581.263	1.829
005317	34.21785	110.226932	215.851459	687.481867	11581.461	8.211
005337	34.18731	110.254749	220.097018	681.806581	11589.468	12.677
005357	34.166606	110.280867	232.729932	673.782317	11589.938	-0.465
005417	34.150249	110.316051	247.276754	675.69678	11589.979	-0.134
005437	34.142132	110.356351	262.332872	685.375853	11590.026	0.019
005457	34.143496	110.398312	277.473778	702.54482	11590.038	-0.116
005517	34.148224	110.440272	279.201146	700.920039	11590.798	-5.46
005537	34.153095	110.480688	277.453985	686.261552	11587.262	-9.564
005557	34.157633	110.520972	278.027067	673.63911	11581.84	-7.776
005617	34.162453	110.563298	278.08808	673.209638	11581.479	-2.011
005637	34.167107	110.603835	277.961073	680.449343	11582.229	0.816
005657	34.171522	110.642339	278.001866	686.078809	11581.989	-0.045
005717	34.176053	110.68202	278.00507	683.471034	11581.979	-0.254
005737	34.180699	110.723158	278.003222	679.754918	11581.962	0.253
005757	34.185342	110.764532	278.003163	678.204444	11581.97	0.12
005817	34.189876	110.804535	277.963905	675.195333	11582.33	-1.204
005837	34.194445	110.844538	278.072664	671.685056	11581.339	2.522
005857	34.199129	110.885326	278.047559	668.385528	11581.568	8.05
005917	34.203798	110.925783	277.274854	663.924882	11588.355	0.677
005937	34.208234	110.965728	277.133498	659.158703	11587.697	-13.833
005957	34.212472	111.005348	277.940588	655.30905	11576.064	-22.865
010017	34.216837	111.044804	278.108049	652.881012	11569.029	-16.961
010037	34.221267	111.08408	277.966377	651.620928	11565.799	-1.098
010057	34.225581	111.122709	277.995935	652.649017	11566.395	13.991
010117	34.2297	111.160189	278.005835	658.297283	11576.342	18.17
010137	34.23393	111.198472	278.001414	666.168962	11583.472	11.015
010157	34.23844	111.238786	278.00221	673.371849	11582.184	0.644
010217	34.243055	111.280243	277.973648	678.28095	11581.666	-1.183
010237	34.2476	111.321475	278.05342	678.234618	11582.098	0.396
010257	34.251973	111.361401	278.035	674.352127	11582.008	0.065
010317	34.256183	111.399876	277.409233	672.404012	11582.028	-0.29
010337	34.260403	111.438974	276.846912	674.122498	11581.903	0.437
010357	34.264757	111.47961	276.952674	677.708444	11581.933	0.272
010417	34.269241	111.52068	277.611611	679.743214	11582.729	-4.609
010437	34.273867	111.563355	278.150017	682.307613	11580.412	-9.469
010457	34.278459	111.606224	278.04911	685.768157	11575.357	-8.539
010517	34.2827	111.645091	277.36132	686.800991	11574.096	0.341
010537	34.286912	111.684398	276.906655	687.442164	11575.931	13.255
010557	34.291268	111.726334	276.988195	689.702347	11581.114	22.631
010617	34.29553	111.767155	277.02319	692.959805	11592.165	20.793
010637	34.299819	111.807716	276.9937	695.900022	11599.211	11.229
010657	34.304235	111.849306	276.998696	697.065423	11598.197	1.127
010717	34.308673	111.891467	277.001635	695.709256	11598.171	-4.299
010737	34.313203	111.934478	276.999548	695.194749	11597.114	-11.142
010757	34.317743	111.977592	276.999906	696.818905	11591.256	-21.689
010817	34.321965	112.018591	277.000117	697.162311	11581.657	-26.492
010837	34.326024	112.05869	276.999968	697.065056	11571.792	-18.445
010857	34.330238	112.099793	276.999993	697.125251	11566.896	-1.999
010917	34.334774	112.142399	277.000009	695.611696	11571.371	6.106
010937	34.339197	112.184737	276.999998	695.276049	11575.589	7.015
010957	34.343283	112.225727	276.999999	697.457805	11574.782	6.885
011017	34.347419	112.266529	277.000001	699.067215	11578.103	7.7
011037	34.351645	112.307963	277.0	700.318127	11582.502	6.277
011057	34.355888	112.350315	277.0	701.856917	11582.395	1.202
011117	34.360252	112.393198	277.0	701.361823	11581.686	-0.268
011137	34.364515	112.435291	277.0	699.842114	11582.112	-0.263
011157	34.368489	112.475954	277.0	698.845274	11582.431	-4.761
011217	34.372635	112.517532	277.0	695.327067	11580.019	-11.182
011237	34.3769	112.5599	277.0	692.0	11575.0	-15.0
011257	34.380962	112.601618	277.0	693.632815	11569.435	-11.862
011317	34.385099	112.643894	276.999999	695.724679	11565.175	-0.025
011337	34.389295	112.686184	277.0	695.176483	11566.338	14.015
011357	34.393202	112.726343	277.000003	693.625169	11576.445	18.13
011417	34.397069	112.766684	276.999994	697.807037	11583.44	11.024
011437	34.401174	112.808993	276.999996	707.225132	11582.181	0.643
011457	34.40551	112.85235	277.00004	711.989762	11581.666	-1.157
011517	34.409775	112.895641	276.999921	713.608299	11582.111	0.339
011537	34.413805	112.93811	276.999948	715.718239	11582.018	0.028
011557	34.417735	112.979657	277.000555	719.015501	11581.923	0.11
011617	34.421698	113.02121	276.998895	722.108262	11582.113	-0.36
011637	34.425864	113.06473	276.999278	725.500442	11582.07	-0.249
011657	34.430325	113.111633	277.007725	732.115251	11581.259	4.421
011717	34.434479	113.155717	276.984614	740.188251	11583.625	9.956
011737	34.438298	113.196432	276.989946	746.564397	11589.467	14.46
011757	34.442596	113.241894	277.1076	749.678007	11594.097	17.238
011817	34.447067	113.289533	276.766736	754.478362	11601.624	-6.816
011837	34.451293	113.335515	276.046928	758.263337	11600.059	-74.903
011857	34.455283	113.379705	275.914679	749.128841	11558.467	-175.24
011917	34.459369	113.423905	276.02673	734.115038	11478.062	-253.958
011937	34.463508	113.467777	276.003345	721.964102	11378.827	-281.369
011957	34.467234	113.50884	275.993904	715.157769	11285.419	-278.34
012017	34.471132	113.551807	276.00186	716.85099	11196.132	-273.164
012037	34.475305	113.597067	276.000202	723.536614	11104.362	-255.752
012057	34.479022	113.638518	275.999974	725.599923	11015.532	-179.942
012117	34.482975	113.682465	275.999307	729.366073	10969.589	-82.46
012137	34.487296	113.730109	275.999247	736.386079	10971.822	-13.87
012157	34.490989	113.772467	276.005719	736.708893	10974.483	3.326
012217	34.494647	113.813829	275.989987	732.392499	10972.59	-1.102
012237	34.498703	113.85867	275.989356	729.158813	10972.915	-0.23
012257	34.502537	113.903902	276.082622	729.961724	10973.107	0.303
012317	34.506382	113.947968	275.853691	732.866486	10972.984	-0.065
012337	34.509496	113.99215	273.58273	733.897902	10972.996	0.015
012357	34.509604	114.038214	268.206218	731.723056	10973.031	-0.051
012417	34.50644	114.082095	263.548854	732.288933	10972.922	0.121
012437	34.500338	114.124413	259.20887	737.185817	10971.737	2.633
012457	34.492303	114.166292	256.235114	741.709054	10972.486	5.664
012517	34.483365	114.208785	255.711405	741.736149	10977.506	7.16
012537	34.473979	114.253054	256.079115	743.231575	10980.046	8.684
012557	34.464497	114.298197	256.015653	747.000112	10979.515	8.646
012617	34.45532	114.341167	255.985982	743.246611	10985.9	0.547
012637	34.445954	114.384875	255.99386	739.566526	10986.113	-10.697
012657	34.436384	114.429947	255.982325	741.537305	10975.117	-15.755
012717	34.427615	114.471105	256.090435	742.076724	10971.397	-7.806
012737	34.418793	114.512248	255.879064	742.352588	10973.325	1.241
012757	34.409057	114.557563	255.159093	744.650828	10973.134	0.591
012817	34.399382	114.602577	254.772197	744.910981	10972.951	-0.664
012837	34.389945	114.646267	255.187651	745.476423	10972.939	0.392
012857	34.38054	114.689646	255.953314	747.332469	10972.82	0.725
012917	34.371223	114.733063	255.595328	743.302007	10973.915	-4.361
012937	34.362002	114.775729	254.900795	739.973877	10971.788	-8.156
012957	34.35279	114.817566	254.946809	743.738255	10965.752	-3.005
013017	34.34341	114.860701	255.037057	746.525177	10967.053	8.23
013037	34.333861	114.904801	254.99506	747.088373	10974.009	15.243
013057	34.324288	114.948386	254.994296	747.44587	10978.938	10.415
013117	34.314887	114.991212	255.004237	745.320318	10980.638	1.952
013137	34.305527	115.033954	254.999475	741.861808	10979.932	-8.668
013157	34.295943	115.077433	254.992768	739.917299	10976.73	-21.458
013217	34.286313	115.121067	255.019715	737.51836	10966.097	-18.265
013237	34.2768	115.1641	255.0	737.0	10958.0	0.0
013257	34.267381	115.206567	254.902681	743.287562	10967.518	13.842
013317	34.257723	115.251034	255.282358	752.733949	10974.951	11.275
013337	34.248	115.2969	256.0	758.0	10973.0	-0.0
013357	34.238718	115.34092	256.204268	753.584503	10972.637	-1.222
013417	34.229395	115.384424	255.600404	747.164491	10973.162	0.446
013437	34.2199	115.4283	255.0	745.0	10973.0	-0.0
013457	34.210597	115.47187	255.586705	747.1177	10972.85	0.157
013517	34.201405	115.514763	256.234406	747.828184	10973.324	-0.884
013537	34.1921	115.5581	256.0	747.0	10973.0	-8.0
013557	34.182556	115.603023	255.120712	749.13737	10968.897	-19.981
013617	34.173181	115.645445	255.469806	749.711807	10960.356	-6.345
013637	34.165472	115.686331	259.140034	745.74131	10960.631	16.257
013657	34.160068	115.72979	263.765706	742.00108	10972.182	15.865
013717	34.155633	115.775748	263.762401	745.315256	10974.505	5.051
013737	34.151396	115.820983	263.030284	748.679174	10972.496	-0.866
013757	34.146962	115.865646	263.958723	748.058898	10972.917	6.542
013817	34.142245	115.913632	263.517944	748.611329	10974.887	18.784
013837	34.137792	115.958791	262.874209	751.161725	10985.729	-14.723
013857	34.133714	115.999776	262.994555	750.626087	10983.392	-129.183
013917	34.129428	116.044124	262.896818	740.123351	10913.332	-310.012
013937	34.125074	116.089331	263.280343	732.259933	10771.825	-479.816
013957	34.120824	116.132861	263.989346	732.095359	10581.451	-586.561
014017	34.116566	116.176437	263.469512	728.979578	10371.749	-639.683
014037	34.112286	116.219715	262.874001	726.687406	10152.175	-661.432
014057	34.107943	116.26283	262.984886	727.090864	9928.266	-665.583
014117	34.103425	116.307067	263.018333	725.475869	9708.055	-653.555
014137	34.098734	116.351145	262.98173	730.304241	9491.852	-639.083
014157	34.093993	116.394609	263.008317	737.665172	9280.806	-628.642
014217	34.089296	116.438143	263.038619	739.065433	9074.908	-628.466
014237	34.084511	116.482256	262.883744	743.400551	8864.936	-659.017
014257	34.079606	116.526869	263.063286	748.103569	8640.662	-655.373
014317	34.074763	116.571232	263.936716	741.525994	8416.342	-552.992
014337	34.07039	116.614252	264.116235	720.27207	8256.052	-474.168
014357	34.066479	116.656679	263.961473	695.823277	8119.066	-493.995
014417	34.062773	116.698839	263.993854	679.889941	7945.634	-585.539
014437	34.059004	116.739707	264.025742	676.084601	7718.317	-639.421
014457	34.055394	116.778653	263.964571	675.192667	7501.812	-616.755
014517	34.051711	116.81859	264.056234	669.429563	7314.412	-586.18
014537	34.047764	116.860223	263.721651	661.127955	7111.789	-629.075
014557	34.043764	116.898475	261.916322	654.668473	6899.903	-640.257
014617	34.038517	116.938814	260.93705	644.975883	6683.026	-584.445
014637	34.033698	116.975922	260.961069	628.374952	6502.771	-575.118
014657	34.029149	117.011103	260.945551	616.055096	6309.295	-584.81
014717	34.024622	117.047586	261.068806	613.128484	6104.423	-575.418
014737	34.020183	117.086162	261.797243	615.825359	5920.673	-542.042
014757	34.016055	117.121542	262.107988	613.427613	5748.93	-527.217
014817	34.011827	117.156303	261.986229	605.832896	5573.996	-524.702
014837	34.007162	117.194601	261.989957	598.982672	5393.403	-510.225
014857	34.002949	117.230005	261.995937	593.960494	5231.879	-508.591
014917	33.998977	117.263717	262.023052	591.251851	5065.51	-519.471
014937	33.994731	117.298894	262.016635	593.3396	4879.933	-525.963
014957	33.99043	117.33363	261.818665	602.132014	4710.168	-521.694
015017	33.986247	117.369113	262.362298	603.636495	4539.821	-516.956
015037	33.982041	117.405672	262.236857	593.165446	4360.454	-517.84
015057	33.977611	117.441316	259.464878	582.61681	4192.092	-515.596
015117	33.974403	117.475742	267.387227	570.77269	4023.367	-489.928
015137	33.975399	117.509033	280.542935	556.857671	3864.484	-467.094
015157	33.981144	117.541536	283.016613	548.017016	3721.66	-479.594
015217	33.987856	117.574232	281.786851	552.864106	3548.557	-493.105
015237	33.993023	117.604918	282.217469	558.987893	3370.361	-414.243
015257	33.99842	117.633853	283.001151	538.87014	3277.608	-270.541
015317	34.004707	117.669708	279.35113	518.136208	3195.794	-340.536
015337	34.00474	117.702415	267.517448	520.95097	3044.982	-439.878
015357	34.001728	117.732606	261.766017	521.046013	2891.335	-504.577
015417	33.99875	117.763401	263.166488	518.730396	2729.646	-535.078
015437	33.995736	117.795104	263.052662	529.214231	2520.675	-514.532
015457	33.992817	117.826142	263.44425	526.656726	2357.921	-410.905
015517	33.989834	117.85727	263.964502	510.538109	2258.104	-291.326
015537	33.986752	117.88845	263.12303	498.082924	2177.726	-258.339
015557	33.984274	117.914236	263.449773	495.475325	2089.24	-320.466
015617	33.981513	117.942411	264.187211	495.39059	1965.932	-377.631
015637	33.978218	117.975493	263.851543	490.313172	1826.33	-349.891
015657	33.975387	118.004898	263.147161	479.848819	1719.63	-270.652
015717	33.972589	118.032695	262.780083	461.289044	1649.431	-207.843
015737	33.969831	118.059612	263.187902	438.181301	1593.644	-203.96
015757	33.967303	118.085267	263.95747	418.344291	1523.399	-265.361
015817	33.964933	118.109853	263.568329	409.452164	1419.217	-353.894
015837	33.962594	118.133887	262.886302	403.712797	1282.219	-399.587
015857	33.960256	118.157494	262.963133	391.931681	1138.245	-374.094
015917	33.958031	118.180042	263.045856	376.121938	1028.566	-338.908
015937	33.955833	118.201766	262.973189	358.790158	927.341	-328.313
015957	33.953624	118.222762	262.968023	344.663845	808.637	-335.579
020017	33.951585	118.242421	263.1753	339.134147	696.215	-320.387
020037	33.949593	118.261958	262.73035	321.837421	595.879	-301.301
020057	33.947646	118.281346	261.93823	286.211628	499.848	-273.492
020117	33.946096	118.297622	263.168647	264.111972	403.505	-173.968
020137	33.944638	118.312189	263.901224	254.361202	364.832	-148.173
020157	33.94306	118.326958	262.416771	246.556925	359.033	-252.008
020217	33.941607	118.341528	261.05511	241.456091	278.674	-324.98
020237	33.940213	118.355871	260.778307	238.760791	160.904	-331.022
020257	33.938779	118.370008	262.38944	237.979054	56.057	-246.823
020317	33.93727	118.383967	264.205907	234.831067	3.443	-122.011
