074638	40.6412	73.8005	301.0	309.0	0.0	0.0
074658	40.648457	73.816039	298.773608	284.98083	304.079	724.018
074718	40.651415	73.836423	263.436681	332.417014	449.298	324.088
074738	40.642132	73.856884	228.885713	390.377242	549.82	383.246
074758	40.627264	73.876135	224.548015	441.200187	678.099	540.668
074818	40.61003	73.89585	218.385802	467.200161	913.097	812.932
074838	40.591	73.912927	209.753193	464.961291	1243.166	977.248
074858	40.571743	73.927947	212.104773	462.321635	1561.327	892.293
074918	40.552206	73.943654	212.102351	474.737006	1826.135	835.774
074938	40.530829	73.961228	211.966918	476.098755	2113.829	800.457
074958	40.51108	73.977392	212.05685	480.895532	2369.376	733.956
075018	40.490491	73.99414	211.877993	495.433796	2598.757	745.133
075038	40.468296	74.012566	212.32302	504.067254	2859.083	688.229
075058	40.446171	74.029613	210.867205	520.077166	3072.446	467.266
075118	40.425538	74.049989	220.03551	550.526627	3178.384	344.943
075138	40.408022	74.079699	241.411031	573.303332	3277.782	417.18
075158	40.392343	74.111555	242.195333	599.670207	3407.575	505.88
075218	40.376534	74.144746	236.129888	618.53161	3593.976	593.521
075238	40.359394	74.179357	235.482708	623.921901	3837.238	669.698
075258	40.341503	74.215625	237.48989	627.423951	4080.445	695.643
075318	40.323835	74.251522	237.685088	635.299924	4296.314	668.618
075338	40.307748	74.282865	236.107672	639.281062	4520.429	642.568
075358	40.295356	74.321118	255.076169	634.681066	4721.683	542.524
075418	40.287908	74.362596	262.747164	629.090734	4896.888	481.891
075438	40.282514	74.402876	258.885481	629.213935	5060.004	502.498
075458	40.276343	74.441946	259.207605	635.542963	5224.922	556.053
075518	40.270258	74.481327	259.39862	639.964807	5408.407	574.619
075538	40.264125	74.521943	259.093767	642.954464	5601.464	564.375
075558	40.25762	74.564474	258.947076	646.426844	5791.862	541.245
075618	40.250896	74.60802	259.008863	653.41344	5969.502	516.496
075638	40.24437	74.650569	259.013619	663.35674	6132.124	492.364
075658	40.238163	74.690921	258.964859	666.949963	6291.892	462.103
075718	40.231364	74.73504	259.163769	672.710143	6446.018	457.051
075738	40.224277	74.780761	258.864084	682.284323	6588.505	366.493
075758	40.217754	74.82244	257.981098	685.822382	6688.268	166.691
075818	40.21115	74.86494	258.671288	681.158313	6705.978	180.668
075838	40.204148	74.909759	259.137911	685.508074	6778.569	311.82
075858	40.197119	74.954674	258.996584	695.66585	6926.463	417.38
075918	40.190451	74.997647	259.068511	697.672604	7075.115	430.012
075938	40.183349	75.043004	258.656275	700.018199	7214.798	398.689
075958	40.176106	75.089027	257.94649	705.564703	7341.91	381.238
080018	40.169431	75.131772	257.821788	710.086288	7459.925	399.122
080038	40.162353	75.176751	258.473945	711.354713	7603.525	398.341
080058	40.154983	75.223467	259.000644	713.49895	7745.985	369.954
080118	40.147945	75.267974	258.388823	720.681795	7845.379	349.568
080138	40.140314	75.313668	257.60296	724.235788	7963.313	364.6
080158	40.133068	75.36128	259.404389	724.047714	8097.223	364.176
080218	40.127873	75.408983	264.170805	726.158462	8204.021	302.388
080238	40.123687	75.456485	265.029523	729.987216	8303.499	281.559
080258	40.119812	75.50322	263.920971	734.448297	8399.348	293.553
080318	40.115845	75.549265	263.852084	738.227863	8493.48	304.657
080338	40.111666	75.596809	264.164014	739.180457	8599.458	299.428
080358	40.107371	75.645559	263.936123	740.322989	8703.237	279.741
080418	40.103107	75.693849	263.132616	745.311254	8784.198	261.01
080438	40.098827	75.742403	263.255496	748.0032	8868.646	265.349
080458	40.094581	75.790535	264.060014	748.03888	8963.549	293.397
080518	40.090451	75.837275	264.174616	748.521692	9062.073	332.471
080538	40.086296	75.884884	263.572935	745.688349	9179.761	380.139
080558	40.082077	75.933068	262.970443	739.300149	9318.475	403.637
080618	40.077826	75.980321	262.984309	733.228289	9460.255	370.834
080638	40.073479	76.028532	262.909592	731.929687	9572.406	324.561
080658	40.069181	76.076713	263.061591	731.751358	9664.569	305.018
080718	40.064995	76.122987	263.899639	726.499532	9769.502	318.041
080738	40.060342	76.170503	263.737357	721.039274	9884.251	310.047
080758	40.056539	76.217501	265.441586	718.974404	9983.108	284.162
080818	40.055835	76.26223	270.891517	718.690445	10060.397	274.269
080838	40.057787	76.310344	272.869498	715.699181	10163.894	259.92
080858	40.059907	76.356977	273.110378	714.689116	10264.152	230.196
080918	40.061559	76.401967	273.047228	715.345472	10335.746	175.716
080938	40.063332	76.448806	272.982942	713.690082	10364.516	88.351
080958	40.0653	76.4962	273.0	710.0	10363.0	8.0
081018	40.067122	76.540164	273.003028	708.047924	10362.35	-5.148
081038	40.068886	76.584879	272.998951	708.503067	10363.255	2.162
081058	40.0707	76.6317	273.0	710.0	10363.0	0.0
081118	40.072568	76.678109	272.999248	710.684325	10362.97	-0.441
081138	40.074418	76.725577	273.002375	711.538047	10362.976	0.282
081158	40.0762	76.773	273.0	713.0	10363.0	0.0
081218	40.077923	76.817512	272.986444	714.384474	10363.229	-0.729
081238	40.079704	76.86345	273.034296	715.548112	10362.414	2.08
081258	40.0815	76.9106	273.0	716.0	10363.0	8.0
081318	40.083165	76.954921	272.810967	715.587199	10368.605	10.97
081338	40.084868	77.002185	273.509614	717.268386	10371.687	4.299
081358	40.08655	77.050693	273.930489	719.665996	10370.314	0.759
081418	40.088135	77.096295	273.066704	719.201947	10370.644	7.675
081438	40.089859	77.143372	272.886526	716.465368	10376.126	4.789
081458	40.091561	77.190382	273.019295	714.559258	10377.034	-2.647
081518	40.093142	77.236198	272.992224	714.906063	10371.402	-5.943
081538	40.094745	77.282681	273.168867	715.75964	10370.42	-5.056
081558	40.096361	77.329363	273.082993	715.293787	10371.219	-5.403
081618	40.097926	77.375061	272.271468	712.290847	10367.247	-11.792
081638	40.099409	77.419564	272.158312	709.064499	10360.821	-14.831
081658	40.100871	77.464637	272.960634	707.958156	10356.35	-9.103
081718	40.102459	77.51322	272.535771	709.021251	10355.581	-2.575
081738	40.104036	77.560836	271.874312	710.328839	10356.095	0.615
081758	40.105488	77.605422	271.973984	710.172916	10355.998	0.212
081818	40.106895	77.651764	272.032619	708.605738	10356.168	-0.923
081838	40.108285	77.698015	271.990986	708.172584	10355.66	1.518
081858	40.109685	77.743015	271.998143	709.762673	10355.632	7.305
081918	40.111147	77.789962	272.002261	710.81549	10360.048	9.569
081938	40.112601	77.836892	271.999495	711.014306	10363.659	6.214
081958	40.113994	77.882861	272.000018	710.988502	10363.136	0.548
082018	40.115357	77.930662	271.999029	711.126609	10362.829	-0.677
082038	40.11663	77.977063	272.001944	710.754181	10363.047	0.187
082058	40.117819	78.021051	272.002105	710.021349	10363.01	0.039
082118	40.119066	78.067441	271.984146	710.486072	10362.988	-0.049
082138	40.120347	78.114059	272.027717	711.120971	10363.003	0.013
082158	40.121611	78.160107	272.029458	711.026386	10363.001	0.003
082218	40.122854	78.209294	271.779015	710.956468	10362.999	-0.003
082238	40.123968	78.25401	272.394311	711.027751	10363.0	0.001
082258	40.125063	78.297136	272.969589	710.893868	10363.0	-0.0
082318	40.126283	78.347171	272.072347	710.92596	10363.0	-0.0
082338	40.12738	78.393948	271.868003	712.23425	10363.0	0.0
082358	40.128419	78.438208	272.041694	713.197906	10363.0	-0.0
082418	40.129492	78.483939	272.005431	713.023579	10363.0	-0.0
082438	40.13057	78.532595	271.98776	712.970084	10363.0	0.0
082458	40.131607	78.57872	272.008496	712.982597	10363.0	-0.0
082518	40.1326	78.621417	272.003985	712.981036	10363.0	-0.0
082538	40.133605	78.667237	271.960643	713.218926	10363.0	0.0
082558	40.134586	78.715	272.077244	712.520526	10363.0	-0.0
082618	40.13551	78.762309	272.050363	711.084852	10363.0	-0.0
082638	40.136388	78.808904	271.245247	710.926876	10363.0	0.0
082658	40.137238	78.855005	271.192326	710.83988	10363.0	0.0
082718	40.138109	78.901232	271.979016	710.066442	10363.0	0.0
082738	40.13905	78.948249	271.480817	709.765336	10363.0	-0.0
082758	40.139939	78.994953	270.885837	710.32254	10363.0	0.0
082818	40.140723	79.041385	270.996008	710.995257	10363.0	0.0
082838	40.141507	79.088949	270.894195	710.451824	10363.0	-0.0
082858	40.142342	79.134318	271.281094	709.893457	10363.0	0.0
082918	40.143214	79.177546	271.989396	709.996045	10363.0	0.0
082938	40.144047	79.223824	271.469907	709.904204	10363.0	-0.0
082958	40.144776	79.271005	270.872893	710.257561	10363.0	0.0
083018	40.145432	79.317173	270.984131	710.973663	10363.0	0.0
083038	40.146147	79.36376	271.028501	710.855033	10363.0	-0.0
083058	40.146903	79.410421	270.992152	711.473279	10363.0	0.001
083118	40.147631	79.457411	270.999696	712.925016	10363.0	0.0
083138	40.148293	79.505656	270.993109	712.938252	10363.001	-0.004
083158	40.148989	79.550939	271.017237	713.457829	10362.998	0.007
083218	40.149569	79.593564	271.01161	714.929741	10362.999	0.005
083238	40.150275	79.639961	272.423219	714.979359	10363.004	-0.014
083258	40.154626	79.686857	280.760545	716.226266	10363.02	-0.067
083318	40.16251	79.733347	284.339733	719.33693	10363.337	-1.153
083338	40.171835	79.779959	284.029671	722.84363	10363.051	-0.175
083358	40.180804	79.826712	283.887188	725.304155	10362.086	5.159
083418	40.18927	79.871989	284.057319	726.20546	10365.223	9.196
083438	40.197672	79.916343	284.008488	726.015445	10370.84	8.168
083458	40.206421	79.962423	283.863702	725.870934	10371.261	3.351
083518	40.215268	80.0087	284.292462	726.216561	10371.607	-2.732
083538	40.224059	80.054852	284.089139	726.06307	10371.242	-8.701
083558	40.23205	80.101883	280.055122	723.559464	10363.801	-11.744
083618	40.235229	80.146065	272.013471	719.550551	10362.76	-1.434
083638	40.234618	80.19324	268.189887	716.777756	10363.389	1.658
083658	40.233097	80.242265	268.020412	715.917016	10362.818	-0.034
083718	40.232091	80.289283	268.006313	716.027445	10362.808	0.525
083738	40.231036	80.334251	267.993924	715.497785	10364.011	-4.99
083758	40.229837	80.380044	268.001466	714.90447	10361.446	-7.437
083818	40.228637	80.427627	268.000453	714.970492	10356.095	-1.091
083838	40.227457	80.473427	267.999564	715.028162	10360.026	1.268
083858	40.226212	80.518377	268.000105	714.993565	10362.32	-0.664
083918	40.224869	80.56458	268.000032	714.998549	10356.491	-0.744
083938	40.22354	80.612251	267.999972	714.998109	10358.873	5.214
083958	40.222184	80.660992	268.000002	715.005447	10363.825	7.362
084018	40.220776	80.709077	267.999994	715.00919	10363.257	1.035
084038	40.21943	80.753736	268.000047	714.94536	10362.741	-1.015
084058	40.218092	80.798499	267.999923	715.085596	10363.081	0.304
084118	40.216691	80.846313	267.999668	715.366522	10363.106	0.354
084138	40.215256	80.89419	268.000098	714.891002	10362.991	-0.017
084158	40.213802	80.940284	268.000707	713.432429	10362.972	0.026
084218	40.21227	80.98751	267.997792	712.838274	10363.059	-0.187
084238	40.210755	81.034547	268.001202	712.995564	10362.97	0.111
084258	40.209366	81.078666	268.009596	712.841019	10362.763	0.898
084318	40.207899	81.124352	267.968912	713.711272	10363.765	-3.38
084338	40.206321	81.172301	268.00811	715.040785	10362.8	-8.036
084358	40.204765	81.21956	268.139549	715.159988	10357.165	-3.755
084418	40.203319	81.264506	267.555718	714.848968	10357.613	4.621
084438	40.201818	81.309429	267.008376	715.029572	10363.19	7.883
084458	40.200066	81.357426	267.769756	715.817356	10363.799	1.726
084518	40.198453	81.403871	267.792554	715.883774	10362.111	1.572
084538	40.196916	81.449353	266.9733	716.057036	10363.192	8.256
084558	40.195107	81.49796	266.913037	718.091992	10368.893	9.495
084618	40.193397	81.545271	267.038664	719.567427	10371.827	5.001
084638	40.191818	81.591251	266.998083	718.916643	10370.963	-0.16
084658	40.190089	81.639337	266.993756	716.754527	10370.944	-0.747
084718	40.188365	81.686176	267.002776	715.700201	10370.834	0.994
084738	40.186718	81.731152	266.999862	716.014961	10371.061	-0.232
084758	40.185067	81.776854	266.999552	716.050386	10372.103	-6.63
084818	40.183333	81.824004	267.000199	715.972722	10367.455	-6.324
084838	40.181507	81.871107	266.99999	716.002661	10363.066	0.266
084858	40.17964	81.916414	266.999969	715.688871	10369.139	1.78
084918	40.177781	81.962542	267.000012	713.51316	10369.391	-3.874
084938	40.175904	82.009968	267.0	710.926147	10362.772	-7.91
084958	40.173965	82.056842	267.000011	710.765806	10362.058	-1.649
085018	40.172068	82.102716	266.999962	711.085438	10364.009	-2.096
085038	40.170206	82.148628	267.000011	711.000919	10362.787	-8.095
085058	40.168278	82.195925	267.000192	711.09142	10357.113	-3.909
085118	40.166329	82.243505	266.999455	710.649829	10357.661	4.577
085138	40.164405	82.289645	267.000154	709.98361	10363.18	7.916
085158	40.162492	82.333739	267.002675	710.002075	10363.649	2.366
085218	40.160466	82.379093	266.991815	709.772239	10362.511	-0.651
085238	40.158391	82.425891	266.988797	708.629258	10362.673	0.465
085258	40.15648	82.471156	267.034227	706.595786	10363.699	-3.259
085318	40.15447	82.516209	266.973457	704.824546	10362.494	-8.398
085338	40.152241	82.563318	266.872354	704.669098	10357.478	-7.299
085358	40.150777	82.60985	267.59059	706.017428	10354.851	-3.364
085418	40.150042	82.655497	268.740268	707.67475	10355.583	-0.335
085438	40.14924	82.701886	269.116657	708.066527	10356.386	-0.447
085458	40.148253	82.748266	269.000661	708.074638	10355.826	0.548
085518	40.147319	82.793808	269.076344	709.350318	10355.264	6.359
085538	40.146404	82.841255	268.588779	711.298616	10359.155	8.939
085558	40.145454	82.888988	267.945769	713.283288	10363.216	7.829
085618	40.144453	82.934428	267.948969	714.760337	10362.61	7.626
085638	40.143449	82.980778	268.029208	715.093694	10366.115	9.02
085658	40.14245	83.027763	267.996106	716.414399	10371.496	7.22
085718	40.141447	83.073369	267.996336	720.099623	10371.646	0.698
085738	40.140463	83.11874	268.002097	721.296691	10369.953	2.993
085758	40.139439	83.164896	267.99972	721.106293	10371.681	8.154
085818	40.138308	83.212025	267.999737	722.671277	10377.286	3.095
085838	40.137145	83.259317	268.000151	722.607722	10375.829	-5.416
085858	40.136042	83.306331	267.99998	720.69871	10370.492	-7.54
085918	40.134996	83.353068	267.999981	719.193619	10370.362	-1.158
085938	40.133788	83.399762	268.000011	719.124015	10371.968	-2.13
085958	40.132519	83.446793	267.999999	718.80664	10370.387	-8.75
090018	40.131389	83.494019	267.999999	716.657055	10364.603	-9.463
090038	40.130248	83.540051	268.000001	715.428823	10361.997	-3.652
090058	40.129007	83.586553	268.0	714.846251	10363.247	-0.165
090118	40.127677	83.635047	267.999999	713.400856	10363.764	-5.854
090138	40.126314	83.681465	268.000002	712.746912	10359.988	-9.772
090158	40.125013	83.726557	267.999998	713.063878	10355.64	-7.28
090218	40.123819	83.773096	267.999991	713.200888	10355.672	-1.505
090238	40.122594	83.819306	268.000033	712.190273	10356.149	0.956
090258	40.121304	83.865103	267.999974	710.858041	10356.011	-0.248
090318	40.119979	83.911402	267.999874	710.717872	10356.153	-0.798
090338	40.118589	83.957548	268.000454	711.885575	10355.374	3.239
090358	40.117196	84.003779	267.999638	713.10869	10356.515	8.565
090418	40.115865	84.050426	267.998251	713.142649	10361.618	9.114
090438	40.114517	84.096279	268.006322	712.765781	10363.715	4.512
090458	40.113076	84.142596	267.994958	713.153614	10362.925	-0.479
090518	40.111537	84.190792	267.975643	714.606258	10363.023	-0.783
090538	40.110029	84.23815	268.088057	715.221655	10362.632	1.704
090558	40.108586	84.283761	267.928817	714.96182	10363.332	-1.227
090618	40.107151	84.328594	267.227589	714.88672	10365.844	-10.121
090638	40.105644	84.374129	267.039952	715.018181	10362.079	3.268
090658	40.104038	84.421125	267.824463	715.103061	10356.255	56.816
090718	40.102467	84.46815	267.787043	714.761935	10389.513	124.042
090738	40.100824	84.515753	266.924726	716.376447	10453.276	170.801
090758	40.09899	84.564547	266.714161	721.50481	10509.744	174.527
090818	40.097375	84.61052	267.756599	723.717558	10563.438	147.04
090838	40.095811	84.65766	267.966564	726.247793	10615.991	119.109
090858	40.094136	84.706004	267.127833	729.003663	10655.142	88.66
090918	40.092467	84.750817	266.879481	726.656522	10668.565	39.733
090938	40.090794	84.795857	267.02907	723.409379	10667.457	28.437
090958	40.089059	84.844275	267.008991	723.708424	10677.063	85.196
091018	40.08724	84.89211	266.991347	725.24854	10722.597	145.973
091038	40.085498	84.937962	267.002087	726.11539	10785.504	169.926
091058	40.083849	84.983534	267.000646	726.646825	10841.003	155.862
091118	40.081993	85.032503	266.999379	729.533555	10888.094	138.806
091138	40.080005	85.0829	267.00015	732.750082	10932.338	110.906
091158	40.078073	85.130971	267.000046	732.649638	10968.847	62.959
091218	40.076234	85.175299	266.999955	727.612636	10976.87	18.369
091238	40.07429	85.220988	267.000011	723.257761	10972.071	-3.15
091258	40.072201	85.270704	267.000003	723.669742	10972.72	-1.003
091318	40.070295	85.318868	266.999997	725.235646	10973.226	1.138
091338	40.068419	85.364721	267.000001	726.194573	10973.012	-0.537
091358	40.066404	85.4103	267.0	726.785713	10973.103	-0.561
091418	40.064411	85.457659	267.0	728.246704	10972.292	4.163
091438	40.062374	85.505784	267.0	728.994262	10974.151	9.008
091458	40.06023	85.553585	267.0	728.790085	10979.285	8.73
091518	40.058111	85.601773	267.000003	730.927248	10980.657	3.528
091538	40.056119	85.648131	266.999996	731.709093	10979.863	-0.712
091558	40.054135	85.693709	266.999994	729.284666	10979.991	-0.306
091618	40.051841	85.74471	267.000014	729.048881	10979.932	0.337
091638	40.049722	85.790927	266.99986	727.35616	10980.756	-4.511
091658	40.047648	85.835494	267.000254	725.776366	10978.516	-8.803
091718	40.045427	85.883136	267.000272	726.03907	10973.403	-8.185
091738	40.043308	85.929269	266.997956	724.924778	10973.225	-7.626
091758	40.041092	85.977085	267.003571	723.791957	10971.561	-8.355
091818	40.038737	86.026967	267.003796	723.95972	10965.595	-8.329
091838	40.036619	86.071984	266.971527	724.028912	10964.453	-4.147
091858	40.034565	86.116382	267.049746	724.030138	10964.816	2.231
091918	40.032346	86.164067	267.052866	724.04501	10964.621	7.455
091938	40.030008	86.211794	266.421464	723.460774	10969.579	9.366
091958	40.027711	86.257515	265.905761	722.842871	10973.758	6.299
092018	40.025453	86.302862	265.980322	722.91442	10973.149	0.594
092038	40.023012	86.352302	266.026005	723.700922	10972.878	-0.959
092058	40.02056	86.400512	265.99046	723.904019	10972.92	0.66
092118	40.018244	86.444998	265.995639	723.107875	10972.868	0.538
092138	40.015938	86.492027	266.023983	722.764917	10974.063	-5.242
092158	40.013552	86.540237	265.960675	723.256178	10971.019	-7.653
092218	40.011075	86.587355	265.958624	723.960823	10965.168	-1.275
092238	40.008562	86.634519	266.309759	723.87321	10968.893	6.377
092258	40.005984	86.682298	265.420879	724.368883	10973.966	6.95
092318	40.002949	86.729839	263.238093	725.842644	10973.21	0.734
092338	39.998754	86.775327	262.56989	726.238935	10972.64	-1.246
092358	39.993852	86.820942	263.02232	725.995752	10973.014	0.05
092418	39.989002	86.868807	263.157142	726.416593	10973.047	0.163
092438	39.984402	86.915571	262.632327	728.015776	10972.979	-0.072
092458	39.979869	86.960882	261.981244	728.975859	10973.001	0.004
092518	39.975104	87.00731	261.938911	727.417868	10973.003	0.012
092538	39.970189	87.054793	262.02716	727.488444	10972.999	-0.005
092558	39.965366	87.101693	261.998653	729.034687	10973.0	0.0
092618	39.960748	87.146933	261.995614	728.854553	10973.0	0.001
092638	39.955828	87.194054	262.00195	729.973071	10973.0	-0.0
092658	39.950644	87.242808	261.999903	732.058577	10973.0	0.0
092718	39.945677	87.289837	261.999685	732.119881	10973.0	0.0
092738	39.940852	87.335613	262.00014	732.155371	10973.0	-0.001
092758	39.935949	87.382301	261.999993	731.934609	10973.0	0.0
092818	39.930863	87.431209	261.999977	729.770783	10972.999	0.005
092838	39.925912	87.478434	262.00001	728.817343	10973.004	-0.014
092858	39.921052	87.523897	261.999999	728.974763	10972.999	0.004
092918	39.91599	87.570697	261.999997	727.645081	10972.98	0.07
092938	39.910943	87.617922	262.000005	726.560357	10973.058	-0.199
092958	39.90606	87.664062	261.999999	725.951363	10972.984	0.056
093018	39.901247	87.708902	261.999981	724.583354	10972.718	0.978
093038	39.896131	87.755518	262.000054	723.594469	10973.801	-3.169
093058	39.890841	87.802908	261.999985	724.067137	10972.774	-8.041
093118	39.885747	87.848144	261.999735	725.709868	10966.323	-3.727
093138	39.880408	87.895718	262.000751	725.490984	10966.891	4.476
093158	39.875046	87.944336	261.999788	723.956339	10973.202	7.927
093218	39.870215	87.989227	261.996314	723.944802	10973.657	2.5
093238	39.865099	88.035717	262.010455	723.719192	10972.711	-1.024
093258	39.859631	88.084068	261.997049	722.979018	10973.013	0.053
093318	39.854451	88.129808	261.948664	722.967354	10973.028	0.211
093338	39.849466	88.1743	262.11294	722.933635	10973.024	-0.169
093358	39.844315	88.221543	261.357548	723.428654	10972.856	0.597
093418	39.838244	88.26952	259.549324	724.020379	10973.261	-1.066
093438	39.831031	88.313705	258.182443	723.857506	10973.614	-7.033
093458	39.823833	88.357275	257.868686	725.254444	10968.998	-8.003
093518	39.816339	88.403926	258.021224	727.515548	10964.389	-5.428
093538	39.808174	88.453746	257.980767	728.865691	10964.754	-3.283
093558	39.800492	88.500249	258.046094	728.864329	10964.566	1.745
093618	39.793593	88.542344	258.109994	728.645088	10963.809	11.853
093638	39.78602	88.5892	257.460248	731.145975	10972.869	23.339
093658	39.778209	88.636595	258.711639	731.380413	10980.651	14.362
093718	39.771848	88.680832	262.391273	727.838789	10979.761	-2.713
093738	39.767855	88.727224	264.769664	726.822963	10980.111	1.366
093758	39.76533	88.774557	265.834507	726.957707	10980.042	0.729
093818	39.762861	88.822169	266.069748	726.819173	10980.019	-0.508
093838	39.760131	88.869506	265.993483	725.872218	10979.977	0.13
093858	39.757524	88.91635	265.99003	724.465141	10979.801	0.84
093918	39.754951	88.96334	266.004996	723.553381	10980.645	-3.067
093938	39.752337	89.010137	265.999538	722.913997	10979.644	-8.307
093958	39.74968	89.056464	265.999333	721.660992	10974.415	-8.524
094018	39.746959	89.104569	266.000202	719.952158	10972.943	-7.553
094038	39.74423	89.153033	266.000052	718.989214	10972.687	-8.141
094058	39.741564	89.198856	266.000636	719.277939	10966.913	-8.986
094118	39.73889	89.243778	265.997999	717.673379	10964.286	-4.388
094138	39.73619	89.289406	266.003889	715.667037	10965.173	0.918
094158	39.733459	89.335693	266.006311	715.885776	10965.023	0.39
094218	39.730618	89.381553	265.962753	716.17851	10965.165	-1.024
094238	39.727742	89.428962	266.0563	715.852842	10964.676	1.295
094258	39.724945	89.477338	266.088565	715.797941	10964.473	7.068
094318	39.722249	89.520924	265.328876	717.604831	10969.325	9.528
094338	39.719418	89.565303	265.120307	719.288758	10973.673	6.583
094358	39.716392	89.614585	265.937012	719.12807	10973.182	0.893
094418	39.713535	89.662162	265.58255	718.640235	10972.987	-1.483
094438	39.710758	89.707348	264.883998	719.461765	10972.757	1.395
094458	39.707883	89.75223	264.964121	720.979638	10972.555	7.084
094518	39.704957	89.798031	265.03453	719.836379	10976.747	9.605
094538	39.702018	89.844237	264.991669	719.207956	10980.631	6.424
094558	39.699021	89.890783	264.99742	720.879604	10980.222	0.633
094618	39.695842	89.939081	265.002501	720.064041	10979.624	0.053
094638	39.692665	89.986669	264.999369	718.937613	10980.338	-1.056
094658	39.689613	90.03248	264.999764	719.199113	10980.476	-6.986
094718	39.68652	90.079947	265.000479	717.020484	10976.211	-9.652
094738	39.68353	90.125865	264.999502	716.398626	10972.397	-6.483
094758	39.680686	90.16885	264.999271	718.891679	10972.814	-0.757
094818	39.67764	90.214979	265.004208	717.0974	10973.179	0.711
094838	39.674435	90.263048	264.993662	714.747157	10972.957	-0.171
094858	39.671235	90.309844	264.990035	715.791356	10972.987	-0.053
094918	39.668098	90.354989	265.058439	716.058972	10973.013	0.051
094938	39.665136	90.399072	264.911761	716.197569	10972.997	-0.012
094958	39.662225	90.443806	264.861212	716.379598	10972.999	-0.003
095018	39.658916	90.491525	265.907172	713.331227	10973.0	0.001
095038	39.655537	90.53941	265.570726	713.60437	10973.0	-0.001
095058	39.652353	90.585016	264.840761	715.597698	10973.0	0.0
095118	39.649226	90.630102	264.980074	715.998128	10973.0	0.0
095138	39.645842	90.678639	265.03629	716.009279	10973.0	-0.0
095158	39.642494	90.725205	264.988984	715.984258	10973.0	0.0
095218	39.639356	90.767942	264.999323	715.994725	10973.0	0.0
095238	39.6362	90.812659	265.002276	716.10747	10973.0	-0.001
095258	39.632882	90.859851	264.99948	715.730841	10972.999	0.003
095318	39.629468	90.907193	265.000054	715.022334	10973.0	0.001
095338	39.626149	90.952326	264.998102	714.920931	10973.006	-0.02
095358	39.622739	90.998399	265.004599	715.02804	10972.987	0.044
095418	39.619268	91.04551	265.001427	715.001661	10972.996	0.013
095438	39.616008	91.089919	264.971153	714.993117	10973.078	-0.272
095458	39.61265	91.134657	265.064907	715.004726	10972.824	0.611
095518	39.609079	91.181354	265.019929	715.000952	10972.946	0.188
095538	39.605541	91.22809	264.344001	714.98271	10974.092	-5.816
095558	39.601997	91.274657	263.896103	715.065118	10970.327	-7.339
095618	39.598382	91.321447	263.994028	715.914964	10965.019	-0.43
095638	39.59474	91.368357	264.021159	718.10604	10969.611	6.93
095658	39.591273	91.41291	263.992541	719.150923	10974.065	6.351
095718	39.587877	91.456616	263.999571	718.975502	10973.064	0.197
095738	39.584183	91.504355	264.001519	720.273475	10972.718	-0.471
095758	39.580425	91.552146	263.999464	721.184799	10973.228	-0.35
095818	39.576781	91.598269	263.999969	720.999799	10973.051	-0.173
095838	39.573171	91.645527	264.000109	721.222125	10972.041	5.769
095858	39.569597	91.6918	263.999962	720.358257	10975.318	7.342
095918	39.565985	91.736101	263.999998	719.008867	10979.975	0.426
095938	39.562202	91.780377	264.000008	720.07285	10976.175	-6.849
095958	39.558377	91.826185	263.999999	721.276237	10972.146	-6.613
100018	39.554582	91.873787	264.000001	721.050783	10972.893	-0.435
100038	39.550753	91.921723	263.999991	720.729388	10973.196	0.793
100058	39.54704	91.967281	264.000019	721.482443	10972.939	-0.249
100118	39.54338	92.011427	264.000012	722.90723	10972.992	-0.031
100138	39.539436	92.058948	263.999862	723.181133	10973.015	0.062
100158	39.535399	92.106913	264.000231	722.950683	10972.996	-0.017
100218	39.53148	92.152997	264.000244	722.989684	10972.999	-0.003
100238	39.527647	92.199211	263.998174	723.013773	10973.001	0.004
100258	39.523896	92.244116	264.003189	722.994712	10973.0	-0.001
100318	39.520095	92.288576	264.003389	722.997403	10973.0	-0.0
100338	39.515993	92.337428	263.974578	723.014914	10973.0	0.002
100358	39.511898	92.385309	264.044415	722.975292	10973.001	-0.003
100418	39.507991	92.429321	264.0472	722.97396	10973.001	-0.003
100438	39.503957	92.475442	263.468719	723.366698	10972.995	0.02
100458	39.499702	92.524169	262.879726	724.373127	10973.007	-0.029
100518	39.495417	92.572499	262.91582	725.75617	10973.011	-0.045
100538	39.491502	92.616744	263.515527	726.701341	10972.932	0.27
100558	39.487581	92.661283	264.105103	727.033918	10973.083	-0.327
100618	39.4833	92.70993	264.126622	727.007857	10973.212	-0.84
100638	39.47903	92.758442	263.513024	727.038308	10972.143	4.212
100658	39.475027	92.804023	262.938384	726.948539	10973.903	7.976
100718	39.47115	92.847873	262.960806	726.827678	10979.449	2.522
100738	39.466742	92.895998	263.026039	727.922741	10977.516	-5.466
100758	39.462247	92.945055	262.995474	729.129783	10972.399	-7.573
100818	39.458225	92.990316	262.996654	729.079634	10972.555	-1.78
100838	39.453996	93.036772	263.001905	729.015222	10973.257	0.948
100858	39.449537	93.085026	262.999746	728.95022	10972.963	-0.116
100918	39.445248	93.13229	262.999761	728.730117	10972.952	-0.061
100938	39.441158	93.177291	263.000136	730.241451	10973.079	-0.147
100958	39.436939	93.222473	262.999982	732.17396	10972.949	0.163
101018	39.432377	93.270093	262.999986	732.221173	10972.764	0.822
101038	39.427995	93.316314	262.999998	731.6562	10973.847	-3.651
101058	39.423753	93.361585	263.000008	732.22016	10972.318	-8.189
101118	39.419313	93.408574	263.000049	734.327267	10966.159	-3.945
101138	39.414771	93.456462	262.999845	735.348582	10966.639	7.273
101158	39.410252	93.503758	263.000085	734.946608	10973.71	15.211
101218	39.405793	93.549603	263.000677	734.756176	10978.988	10.958
101238	39.401275	93.595318	262.997841	735.789779	10980.319	4.406
101258	39.39663	93.643153	263.00118	737.071271	10980.036	-0.513
101318	39.391929	93.693422	263.009422	737.097818	10980.567	-5.959
101338	39.387451	93.740083	262.969928	736.988318	10977.564	-10.228
101358	39.383049	93.784458	263.016435	736.980965	10972.621	-7.099
101418	39.378355	93.831976	263.131238	736.814163	10971.685	5.036
101438	39.373421	93.88075	262.516781	737.740076	10976.552	7.05
101458	39.368566	93.928767	262.011281	739.035662	10979.922	-0.297
101518	39.364042	93.975425	262.80228	739.079242	10974.549	-1.82
101538	39.359411	94.021619	262.710225	739.073398	10974.481	3.717
101558	39.354556	94.068363	261.996145	738.966314	10980.185	7.966
101618	39.349731	94.115834	262.651532	737.690401	10980.595	2.661
101638	39.345034	94.162111	263.125102	736.276555	10979.759	-1.19
101658	39.340363	94.208268	262.998715	734.918988	10980.006	0.087
101718	39.335562	94.256843	263.080165	732.973375	10979.908	0.773
101738	39.330789	94.305095	262.666828	730.833443	10980.364	-2.173
101758	39.326062	94.35126	261.979457	728.9127	10979.892	-8.341
101818	39.321233	94.396268	261.931776	727.444852	10975.719	-14.127
101838	39.316221	94.443513	262.0342	726.643754	10969.492	-13.751
101858	39.311261	94.490967	261.997237	725.94878	10964.878	-7.656
101918	39.306618	94.534454	261.972697	724.601557	10964.604	-1.618
101938	39.301791	94.579945	262.066008	723.458749	10965.173	0.633
101958	39.296751	94.62752	261.981864	722.98985	10964.992	-0.034
102018	39.291911	94.672458	261.685978	722.966942	10964.987	-0.156
102038	39.287275	94.717864	263.037798	723.014698	10964.968	0.202
102058	39.283112	94.76452	265.058188	722.999271	10965.012	-0.047
102118	39.27973	94.810359	265.166992	722.997627	10965.22	-0.781
102138	39.276496	94.855835	264.992057	723.001053	10964.372	2.593
102158	39.27302	94.902492	264.982063	722.999948	10965.178	8.205
102218	39.269387	94.950986	264.284906	722.999838	10970.833	9.317
102238	39.265959	94.997532	263.881025	723.000051	10973.9	5.119
102258	39.2627	95.0414	264.0	723.0	10973.0	-0.0
102318	39.259266	95.085331	264.020437	723.000128	10972.845	-0.51
102338	39.255724	95.13167	263.991914	722.999649	10973.061	0.202
102358	39.2521	95.1796	264.0	723.0	10973.0	0.0
102418	39.248351	95.226173	264.001467	723.001964	10972.989	-0.037
102438	39.244706	95.272035	263.999419	722.995035	10973.004	0.014
102458	39.2412	95.3183	264.0	723.0	10973.0	-0.0
102518	39.237635	95.365355	264.000105	723.027363	10972.999	-0.003
102538	39.233929	95.412564	263.999958	722.930842	10973.0	0.001
102558	39.2302	95.4587	264.0	723.0	10973.0	-0.0
102618	39.226618	95.503305	264.000008	723.677418	10973.0	-0.0
102638	39.222917	95.550039	263.999997	724.147857	10973.0	-0.0
102658	39.2192	95.5969	264.0	724.0	10973.0	0.0
102718	39.215732	95.639388	264.0	723.842192	10973.0	0.001
102738	39.211709	95.687588	264.0	725.078628	10973.001	-0.004
102758	39.207655	95.736705	264.0	726.041666	10972.999	0.005
102818	39.204176	95.780083	264.0	725.809944	10972.997	0.011
102838	39.200491	95.825575	264.0	727.580575	10973.014	-0.054
102858	39.196486	95.873967	264.0	729.070685	10972.983	0.068
102918	39.192471	95.921955	264.0	728.719592	10972.961	0.154
102938	39.188676	95.967657	264.0	731.424428	10973.189	-0.747
102958	39.18479	96.014035	264.0	734.392367	10972.759	0.99
103018	39.180622	96.062826	263.999999	734.153233	10972.458	6.775
103038	39.17667	96.109321	264.000003	734.111414	10976.504	9.592
103058	39.172824	96.153987	263.999997	735.43171	10980.536	6.792
103118	39.168758	96.199996	263.999992	736.916407	10980.229	1.033
103138	39.164462	96.249196	264.000037	736.260368	10979.866	-0.959
103158	39.1603	96.298059	263.999953	734.683974	10979.97	0.426
103218	39.156463	96.343583	263.999893	734.060718	10979.862	0.68
103238	39.15252	96.388757	264.000518	733.908742	10980.741	-4.023
103258	39.148507	96.434608	263.99934	734.07911	10979.009	-8.646
103318	39.144526	96.481106	263.998513	734.165125	10973.785	-8.358
103338	39.140314	96.528606	264.007394	732.965608	10973.015	-7.35
103358	39.13607	96.57536	263.992752	731.942652	10972.355	-8.454
103418	39.13202	96.620482	263.976754	732.139997	10966.578	-9.359
103438	39.127886	96.667115	264.096214	730.837232	10963.354	-0.832
103458	39.123654	96.715085	263.897679	728.615176	10965.965	9.282
103518	39.119403	96.762796	263.164858	727.285626	10971.764	9.406
103538	39.115001	96.810418	262.896117	726.414249	10973.819	3.693
103558	39.110655	96.856464	263.017713	725.9593	10972.816	-0.269
103618	39.106542	96.90037	263.011262	725.986762	10972.744	0.309
103638	39.102315	96.945788	262.992542	725.953961	10973.769	-3.096
103658	39.097913	96.992982	263.001272	726.064504	10972.229	-8.974
103718	39.093498	97.040141	263.000809	726.217049	10966.498	-9.692
103738	39.089241	97.086209	262.999465	724.88965	10963.404	-0.601
103758	39.085058	97.131573	263.000091	724.070281	10965.959	9.233
103818	39.080743	97.177448	263.000058	725.579926	10971.77	9.343
103838	39.076191	97.224786	262.999962	726.288995	10973.775	3.874
103858	39.071748	97.271215	263.000006	725.928612	10972.865	-0.443
103918	39.067596	97.315513	263.000003	725.88591	10972.904	-0.247
103938	39.063085	97.362576	263.000003	726.475101	10973.107	0.014
103958	39.058529	97.40966	262.999994	727.067469	10972.937	0.152
104018	39.054317	97.453714	262.99998	727.054809	10972.822	0.577
104038	39.049706	97.501193	263.000084	726.912043	10973.719	-3.276
104058	39.044998	97.548917	262.999913	727.07314	10972.237	-8.941
104118	39.040698	97.592444	262.999719	728.233417	10966.501	-9.663
104138	39.036236	97.63824	263.001166	731.537057	10963.412	-0.656
104158	39.031566	97.685948	262.998789	734.266115	10965.948	9.279
104218	39.026906	97.732553	262.996083	734.093023	10971.731	9.485
104238	39.022191	97.779851	263.016238	734.370308	10973.938	3.287
104258	39.017458	97.82729	262.983069	735.051777	10972.695	0.183
104318	39.012816	97.873582	262.932878	734.920014	10972.219	5.111
104338	39.008293	97.919766	263.208735	735.554649	10975.495	7.803
104358	39.0033	97.9667	263.0	737.0	10980.0	6.0
104418	38.997089	98.014516	261.207156	738.102728	10980.834	3.981
104438	38.990153	98.061976	259.265503	738.840784	10980.018	1.088
104458	38.983218	98.107754	258.908016	739.3584	10980.603	-4.111
104518	38.976302	98.152724	258.898522	738.710138	10979.283	-8.589
104538	38.969125	98.198446	258.071189	737.096146	10974.114	-8.766
104558	38.961591	98.245367	258.468283	737.928059	10972.472	-4.982
104618	38.954002	98.292594	258.951943	738.945779	10972.911	1.401
104638	38.94672	98.338775	258.115652	737.383605	10972.389	7.271
104658	38.939725	98.383356	258.392379	736.940878	10976.517	6.728
104718	38.932599	98.428569	258.995239	736.860167	10979.999	-1.709
104738	38.925048	98.476136	258.263233	735.292951	10975.487	-12.989
104758	38.917574	98.522724	257.856605	735.42867	10968.658	-13.974
104818	38.910179	98.568685	258.019117	737.283879	10964.729	-6.967
104838	38.902586	98.616045	258.017997	738.73133	10964.852	-1.571
104858	38.894914	98.663361	257.989669	739.140643	10964.681	3.008
104918	38.887391	98.709535	258.001401	738.980136	10965.369	9.089
104938	38.880114	98.754677	258.0015	738.97473	10970.274	15.084
104958	38.872764	98.800318	257.999252	739.025689	10977.123	10.639
105018	38.865244	98.846508	258.00007	738.990572	10979.855	-1.086
105038	38.857652	98.892421	258.000107	738.930851	10974.913	-7.866
105058	38.850009	98.938516	257.999946	739.216774	10972.106	-5.332
105118	38.842331	98.985324	258.000005	738.881264	10973.084	0.337
105138	38.834654	99.032608	258.000008	737.268302	10973.128	0.515
105158	38.827044	99.078469	257.999996	737.54515	10972.936	-0.258
105218	38.819434	99.123926	258.0	739.097642	10973.006	0.024
105238	38.811748	99.170928	258.0	739.165526	10973.01	0.034
105258	38.804185	99.216989	258.0	738.862145	10972.992	-0.008
105318	38.796615	99.262291	258.0	739.019591	10973.001	-0.002
105338	38.788834	99.308338	257.999999	739.286505	10973.014	-0.047
105358	38.781343	99.35221	258.000003	738.11866	10972.962	0.14
105418	38.773915	99.395889	257.999999	737.013491	10973.011	-0.04
105438	38.765955	99.44361	257.999987	738.479114	10973.186	-0.696
105458	38.758225	99.490013	258.000037	738.763033	10972.465	2.356
105518	38.7507	99.5349	258.0	737.0	10973.0	8.0
105538	38.742684	99.582589	257.999816	735.531498	10977.742	9.966
105558	38.734562	99.630016	258.000464	734.552176	10981.051	3.623
105618	38.7266	99.6757	258.0	734.0	10980.0	-8.0
105638	38.718707	99.721244	257.997442	733.971	10976.089	-15.278
105658	38.710932	99.766666	258.006464	733.973049	10969.281	-11.444
105718	38.7033	99.8113	258.0	734.0	10965.0	0.0
105738	38.695703	99.855069	257.964377	734.247684	10970.098	7.544
105758	38.68778	99.901012	258.090033	733.292729	10974.034	5.942
105818	38.6798	99.9476	258.0	732.0	10973.0	-0.0
105838	38.672302	99.990761	257.207544	732.385463	10972.796	-0.592
105858	38.664206	100.037162	257.179928	730.532558	10973.116	0.111
105918	38.6557	100.0861	258.0	727.0	10973.0	0.0
105938	38.648103	100.129927	258.200495	726.593236	10972.756	0.759
105958	38.640555	100.173464	257.651185	727.237155	10973.588	-2.314
110018	38.6325	100.2193	257.0	727.0	10973.0	-8.0
110038	38.624294	100.264897	256.969763	726.179104	10967.417	-9.228
110058	38.616441	100.309129	256.935774	726.194037	10964.229	-5.847
110118	38.608702	100.35342	256.976079	726.973354	10964.984	-0.279
110138	38.600354	100.400287	257.753629	727.09297	10964.531	4.996
110158	38.591987	100.447447	257.851128	726.970214	10966.579	10.659
110218	38.583909	100.493346	257.057578	726.998784	10972.386	14.877
110238	38.575786	100.538575	256.894745	726.977894	10977.787	12.703
110258	38.567901	100.582167	257.033921	727.056564	10980.908	3.688
110318	38.560191	100.624998	257.006406	727.054593	10980.473	-6.92
110338	38.552011	100.670233	256.991976	726.41282	10975.821	-10.044
110358	38.543738	100.715912	257.002219	725.919601	10972.377	-6.082
110418	38.535561	100.761132	257.000458	725.994826	10972.871	-0.52
110438	38.526994	100.808459	256.999434	725.917505	10973.163	0.639
110458	38.518896	100.853292	257.000142	726.19264	10972.954	-0.171
110518	38.511384	100.894665	257.000014	726.925983	10972.989	-0.029
110538	38.503001	100.939863	257.000098	727.085173	10973.026	-0.011
110558	38.494301	100.987166	256.999768	726.987723	10972.972	0.088
110618	38.48602	101.032999	256.999744	727.008929	10972.973	0.104
110638	38.477895	101.077128	257.002001	726.896165	10973.202	-0.826
110658	38.469555	101.122237	256.997117	727.174019	10972.71	1.256
110718	38.460987	101.169019	256.995495	728.55093	10972.548	7.071
110738	38.452714	101.213758	257.027164	731.081706	10976.69	9.455
110758	38.444536	101.257701	256.967156	731.781596	10980.451	7.031
110818	38.436299	101.30211	256.926594	729.483888	10980.081	1.584
110838	38.428462	101.344378	257.484151	728.606769	10980.521	-4.668
110858	38.420188	101.388786	258.148386	729.169635	10978.889	-8.857
110918	38.41115	101.436991	258.119484	729.161883	10973.719	-8.651
110938	38.40285	101.48109	257.284252	727.873126	10972.389	-3.805
110958	38.395047	101.522681	257.153725	726.868101	10973.048	1.084
111018	38.386806	101.566761	257.988255	727.008729	10972.836	1.035
111038	38.377625	101.615397	257.17873	726.572889	10974.069	-4.884
111058	38.368287	101.664536	255.838331	725.927914	10971.893	-7.659
111118	38.35973	101.70963	255.860086	725.954234	10965.392	-1.671
111138	38.351742	101.751965	256.253654	726.030029	10968.818	1.273
111158	38.343315	101.795401	255.785584	725.995169	10972.65	-0.433
111218	38.333814	101.841649	254.325574	725.997829	10966.093	-0.947
111238	38.324182	101.885876	253.78481	725.997443	10967.38	4.352
111258	38.314532	101.928705	254.027723	726.00334	10973.544	7.839
111318	38.304546	101.973098	254.026082	726.017139	10973.463	2.143
111338	38.294406	102.018307	253.985089	725.937301	10972.919	-1.749
111358	38.284427	102.062752	254.001974	726.050092	10972.866	0.699
111418	38.274676	102.105968	254.001792	726.242069	10972.197	6.393
111438	38.264554	102.150526	253.999233	724.948014	10976.64	9.225
111458	38.254134	102.196327	254.000263	723.740258	10980.917	5.923
111518	38.243981	102.240995	254.00003	723.16464	10980.126	0.302
111538	38.234421	102.282884	253.999973	720.506904	10979.653	-0.034
111558	38.22477	102.325339	253.999951	718.601444	10980.345	-1.183
111618	38.214626	102.370173	253.999958	718.945948	10980.191	-7.286
111638	38.204398	102.41513	254.000476	719.144343	10976.51	-13.588
111658	38.194501	102.458468	253.999038	718.862021	10970.468	-14.277
111718	38.184792	102.500753	253.9991	718.892709	10965.402	-8.917
111738	38.174619	102.544508	254.006637	720.121439	10964.662	-3.372
111758	38.164543	102.588	253.988437	721.264667	10964.817	1.935
111818	38.154794	102.630581	253.987717	721.122566	10964.681	7.31
111838	38.144549	102.675112	254.092131	719.956475	10969.035	10.924
111858	38.134023	102.720538	253.827484	718.51684	10974.808	12.145
111918	38.123689	102.76491	253.166013	717.199438	10978.392	10.4
111938	38.113753	102.807424	253.0754	715.65334	10980.279	4.402
111958	38.104127	102.848618	253.822565	713.658062	10980.504	-5.174
112018	38.094187	102.891467	254.092528	711.558464	10977.539	-13.209
112038	38.08395	102.935614	254.004571	711.18362	10971.669	-14.498
112058	38.073744	102.979249	254.066133	712.828686	10965.836	-9.215
112118	38.063622	103.022223	253.580407	712.154771	10965.171	-7.562
112138	38.053451	103.065113	252.898519	711.005934	10964.25	-7.715
112158	38.043065	103.108801	252.847293	712.479542	10958.76	-2.677
112218	38.032471	103.153893	253.585164	713.816626	10959.861	7.673
112238	38.022214	103.197771	253.958993	715.494418	10966.226	15.971
112258	38.012543	103.238733	253.203968	718.3969	10971.455	15.96
112318	38.002464	103.280948	252.869666	719.368654	10976.796	12.171
112338	37.991862	103.325096	253.022798	718.947041	10980.373	6.801
112358	37.98119	103.369561	253.01735	718.999225	10980.279	1.202
112418	37.970747	103.413369	252.988277	718.857918	10979.831	-0.591
112438	37.960453	103.456567	253.003016	719.133307	10980.031	0.047
112458	37.950068	103.499824	253.009627	720.54967	10980.067	-0.107
112518	37.939566	103.54364	252.968835	721.395679	10979.818	0.631
112538	37.929296	103.586582	253.024398	720.824943	10980.138	-0.541
112558	37.919285	103.627928	253.117514	719.37394	10980.66	-6.205
112618	37.908311	103.671651	252.494045	718.788261	10977.05	-9.582
112638	37.896806	103.716908	252.015556	719.037894	10972.63	-7.297
112658	37.885909	103.760447	252.726636	719.080817	10972.652	-1.48
112718	37.875351	103.802601	253.225867	718.783088	10973.199	0.789
112738	37.864674	103.845078	252.908388	719.165576	10972.973	-0.105
112758	37.853757	103.888682	252.181506	720.684163	10972.975	-0.099
112818	37.843185	103.9309	251.903384	720.925196	10973.014	0.057
112838	37.832421	103.973648	252.01288	721.203166	10972.998	-0.008
112858	37.820877	104.019174	252.01212	723.428618	10972.998	-0.007
112918	37.809824	104.06255	251.993061	724.151883	10973.001	0.004
112938	37.798908	104.10534	252.000927	724.102751	10973.0	-0.001
112958	37.787346	104.150775	252.000879	725.561229	10973.0	-0.001
113018	37.776443	104.193661	251.999469	726.236722	10973.0	0.0
113038	37.765871	104.235053	252.000093	725.968342	10973.0	-0.0
113058	37.754606	104.278842	252.00019	725.969737	10973.0	-0.001
113118	37.743222	104.323099	251.999502	726.019109	10972.999	0.002
113138	37.732032	104.366701	252.000373	725.996042	10973.001	-0.001
113158	37.720922	104.410008	252.001784	725.989684	10973.004	-0.007
113218	37.709628	104.454036	251.993563	726.030811	10972.987	0.024
113238	37.698183	104.49843	252.005131	725.97624	10973.01	-0.019
113258	37.686821	104.542174	252.024789	725.885845	10973.049	-0.092
113318	37.675723	104.585134	251.910383	726.493609	10972.822	0.331
113338	37.664886	104.627265	252.07242	726.994458	10973.143	-0.269
113358	37.654037	104.66918	252.775351	726.385618	10974.1	-3.6
113418	37.642525	104.713251	252.91439	726.02271	10971.954	-8.115
113438	37.630431	104.759312	252.153741	726.746336	10966.211	-9.294
113458	37.619146	104.802506	251.882993	727.81003	10963.363	0.038
113518	37.608226	104.844272	252.024232	729.54436	10966.289	9.243
113538	37.596745	104.887836	252.011001	731.697572	10972.156	8.581
113558	37.584901	104.932801	251.990169	732.069013	10973.036	7.398
113618	37.573405	104.97671	252.003564	732.195556	10973.786	8.312
113638	37.562416	105.018795	252.004897	733.672452	10979.026	8.542
113658	37.550813	105.062644	251.979374	734.406158	10980.643	4.528
113718	37.53899	105.107214	252.025661	733.707315	10979.989	-1.352
113738	37.527678	105.150121	252.057552	732.286199	10980.257	-5.347
113758	37.516573	105.191733	251.6175	731.575414	10977.825	-7.144
113818	37.505168	105.234161	251.068305	731.774401	10973.98	-6.764
113838	37.492998	105.279898	251.178654	732.342367	10972.662	-4.213
113858	37.480817	105.326005	252.055912	731.925524	10972.985	0.263
113918	37.469668	105.367987	253.000509	729.737614	10972.418	5.79
113938	37.458433	105.410023	252.419544	728.843942	10975.162	9.874
113958	37.4468	105.4534	251.0	729.0	10980.0	8.0
114018	37.435318	105.496175	250.845006	727.29576	10981.06	-2.537
114038	37.423535	105.540227	251.068834	724.732372	10978.106	-11.69
114058	37.4114	105.5855	251.0	723.0	10973.0	-15.0
114118	37.399532	105.629254	250.940061	722.889071	10967.714	-15.763
114138	37.388523	105.669905	251.129605	722.949979	10962.224	-13.26
114158	37.377763	105.709727	251.035051	722.971818	10958.104	-8.256
114218	37.365971	105.753031	250.306764	723.870631	10957.756	-3.24
114238	37.35424	105.797247	252.708139	723.582223	10957.82	3.214
114258	37.344056	105.840476	256.677002	723.175387	10958.579	10.812
114318	37.335446	105.884052	257.168813	725.360918	10963.401	15.141
114338	37.326537	105.929307	256.43782	727.571827	10969.823	11.424
114358	37.317415	105.974314	255.949295	729.374779	10973.178	6.529
114418	37.308735	106.017405	255.962515	731.340892	10972.538	7.416
114438	37.299951	106.06105	256.021347	733.072316	10976.037	8.228
114458	37.290946	106.105716	255.997152	734.090019	10980.201	8.047
114518	37.28185	106.150768	255.997311	734.154148	10979.452	8.407
114538	37.272466	106.196944	256.00158	733.643563	10983.745	5.779
114558	37.263327	106.241915	255.999872	734.165176	10987.933	-0.796
114618	37.254919	106.283614	255.999915	736.458711	10982.379	-7.583
114638	37.246093	106.327003	255.999675	736.712071	10978.747	-4.941
114658	37.236774	106.372536	256.000228	734.808303	10980.19	0.011
114718	37.227642	106.417319	256.001886	733.753746	10980.855	-5.37
114738	37.218491	106.461811	255.993939	735.055436	10977.245	-9.82
114758	37.209283	106.506349	256.003316	734.654176	10972.745	-7.518
114818	37.200153	106.55076	256.026487	727.667957	10972.609	-1.703
114838	37.191021	106.595064	255.915465	718.760038	10973.197	0.776
114858	37.182262	106.638706	256.046498	712.601127	10972.981	-0.071
114918	37.174215	106.681392	256.7633	710.962683	10972.968	-0.098
114938	37.166024	106.724818	257.119044	711.279371	10973.026	0.013
114958	37.157693	106.768114	256.99304	713.160278	10972.996	0.009
115018	37.149657	106.81001	256.95471	717.290673	10972.946	0.198
115038	37.14104	106.855226	257.086705	720.314916	10973.148	-0.581
115058	37.132176	106.901603	256.977296	721.000123	10972.959	0.165
115118	37.124114	106.943182	256.268113	720.851973	10972.28	5.616
115138	37.115881	106.985366	255.892531	721.601212	10975.388	9.514
115158	37.107162	107.030153	256.005403	723.060814	10980.145	7.773
115218	37.098517	107.074746	256.019422	723.820657	10980.57	1.956
115238	37.090162	107.117813	255.992395	724.127354	10979.653	-0.176
115258	37.0818	107.1608	256.0	724.0	10980.0	-0.0
115318	37.072984	107.206039	256.00138	723.237298	10980.843	-5.397
115338	37.064356	107.2499	255.999454	723.050602	10977.688	-8.95
115358	37.056	107.2921	256.0	723.0	10973.0	-8.0
115418	37.047334	107.336149	256.000099	721.577841	10973.346	-7.593
115438	37.038442	107.38131	255.999961	720.914411	10970.759	-8.677
115458	37.0296	107.4262	256.0	721.0	10965.0	-8.0
115518	37.02105	107.469924	256.000007	719.704321	10964.331	-2.245
115538	37.01282	107.511781	255.999997	718.640037	10965.383	0.361
115558	37.0046	107.5532	256.0	719.0	10965.0	0.0
115618	36.995974	107.59663	256.000001	720.356733	10964.182	4.898
115638	36.987253	107.640358	256.0	721.379444	10967.27	10.172
115658	36.9785	107.6839	256.0	721.0	10973.0	8.0
115718	36.969523	107.728259	256.0	719.364008	10974.658	-3.843
115738	36.960805	107.771354	256.0	719.412913	10969.736	-7.885
115758	36.9523	107.8137	256.0	721.0	10965.0	0.0
115818	36.943468	107.858028	255.999999	721.183825	10970.071	7.08
115838	36.934565	107.902461	256.000003	720.919852	10973.92	6.555
115858	36.9258	107.9457	256.0	721.0	10973.0	0.0
115918	36.917125	107.988228	255.999986	721.061398	10973.601	-5.785
115938	36.908465	108.030629	256.000036	720.872425	10970.772	-9.685
115958	36.8996	108.0741	256.0	721.0	10965.0	-8.0
120018	36.89037	108.119421	255.999803	722.268336	10963.605	2.897
120038	36.881366	108.163438	256.000503	723.553404	10967.555	10.457
120058	36.872641	108.205948	256.00014	724.001297	10972.832	8.296
120118	36.86365	108.2499	255.997216	723.820031	10973.76	1.609
120138	36.854455	108.294578	256.006247	724.520675	10972.348	1.307
120158	36.845437	108.33818	256.001917	725.952745	10972.849	7.739
120218	36.836885	108.379879	255.961336	726.199469	10977.636	9.623
120238	36.828001	108.423056	256.086964	725.855337	10980.704	5.607
120258	36.818661	108.467989	256.0267	725.969685	10980.038	0.174
120318	36.809609	108.511319	255.207446	726.811465	10979.909	-0.791
120338	36.800384	108.555527	255.230244	726.749047	10979.93	0.687
120358	36.790961	108.600878	255.991624	726.00303	10979.966	0.16
120418	36.781985	108.644157	255.444282	726.659664	10980.74	-5.068
120438	36.773036	108.686993	254.860451	726.880317	10978.126	-9.315
120458	36.763949	108.730165	254.99189	726.033585	10973.159	-8.2
120518	36.755045	108.772504	255.031088	725.821868	10972.393	-2.754
120538	36.745845	108.816002	254.990405	726.152047	10973.187	0.707
120558	36.736254	108.861107	254.998798	726.079749	10973.023	0.089
120618	36.726879	108.905382	255.002199	724.75575	10972.957	-0.162
120638	36.717787	108.94836	254.999311	723.804322	10973.013	0.051
120658	36.708721	108.991067	254.999914	723.976133	10973.002	0.006
120718	36.699367	109.035026	255.000159	724.03667	10972.997	-0.012
120738	36.68995	109.079156	254.999949	724.002782	10973.001	0.004
120758	36.68068	109.12246	254.99999	724.013492	10973.0	0.001
120818	36.671496	109.165299	255.000012	723.883633	10973.0	-0.001
120838	36.662243	109.208532	254.999997	724.207781	10973.0	0.001
120858	36.652897	109.252198	254.999999	724.22153	10973.0	0.0
120918	36.643637	109.295116	255.000001	722.279373	10973.001	-0.003
120938	36.634441	109.337517	255.0	726.61957	10972.999	0.005
120958	36.625112	109.380562	255.0	739.585068	10972.998	0.007
121018	36.615367	109.425649	255.0	748.337979	10973.01	-0.042
121038	36.60542	109.471684	255.0	749.811284	10972.984	0.063
121058	36.595495	109.517443	255.0	748.07698	10972.975	0.099
121118	36.585511	109.563164	254.999999	749.582398	10973.145	-0.579
121138	36.575883	109.607392	255.000001	752.897341	10972.781	0.935
121158	36.566597	109.650291	255.000002	755.358746	10972.588	6.368
121218	36.556679	109.695539	254.99999	758.166872	10975.831	12.565
121238	36.546482	109.741533	255.000013	760.380808	10981.438	14.987
121258	36.536575	109.786171	255.00004	760.954704	10986.521	10.558
121318	36.526545	109.831842	254.999882	761.094718	10989.264	0.35
121338	36.51639	109.878183	255.000063	760.948284	10987.563	-8.502
121358	36.506344	109.923495	255.000506	760.195497	10981.713	-8.958
121418	36.496165	109.969396	254.998386	760.012636	10979.41	-6.823
121438	36.485998	110.015316	255.000885	759.943879	10979.95	-7.234
121458	36.476095	110.059837	255.010548	758.842509	10977.261	-10.98
121518	36.465909	110.10546	254.992337	757.899923	10971.755	-12.97
121538	36.455356	110.152703	254.976566	757.93566	10966.049	-9.69
121558	36.445513	110.196855	255.09601	758.0457	10964.344	-3.671
121618	36.435632	110.241007	254.898054	757.989013	10965.115	0.408
121638	36.424874	110.288775	254.166155	757.98309	10965.085	0.224
121658	36.414674	110.334299	253.890063	758.055347	10964.894	0.009
121718	36.405055	110.377077	254.014163	757.960587	10965.049	-0.123
121738	36.395142	110.420478	254.013327	757.812858	10965.209	-0.681
121758	36.384487	110.467182	253.992376	758.836914	10964.264	3.177
121818	36.37387	110.514079	254.001013	760.110675	10965.592	8.569
121838	36.364107	110.557367	254.00094	760.12349	10971.427	9.098
121858	36.354154	110.601104	253.999513	759.85621	10973.802	4.596
121918	36.343583	110.647266	254.000025	760.077836	10972.925	-0.549
121938	36.332743	110.694662	253.999816	760.783015	10973.094	-1.213
121958	36.322342	110.740049	254.000791	761.104794	10972.376	3.089
122018	36.312295	110.783801	253.999786	760.994779	10973.176	7.048
122038	36.302067	110.828398	253.995601	760.976637	10978.439	4.116
122058	36.29181	110.873132	254.007871	761.009303	10979.034	-3.068
122118	36.281557	110.917744	254.00723	761.00359	10973.602	-8.002
122138	36.271083	110.963126	253.946882	760.981446	10972.287	-4.047
122158	36.260711	111.008065	254.092477	761.029949	10973.139	1.219
122218	36.250469	111.05243	254.098223	761.03143	10972.969	0.537
122238	36.239615	111.09833	252.855531	760.79402	10973.433	-4.287
122258	36.227363	111.14408	251.244055	761.678613	10971.434	-9.123
122318	36.21393	111.188548	250.208439	763.517516	10966.665	-9.282
122338	36.200485	111.232721	249.908499	764.146184	10963.62	-0.898
122358	36.187276	111.277161	250.00856	764.025853	10965.459	8.535
122418	36.174031	111.321663	250.013177	765.130423	10971.404	8.869
122438	36.16107	111.365095	249.993102	767.604907	10973.246	7.394
122458	36.148031	111.408737	250.000329	768.977577	10973.118	8.067
122518	36.134421	111.45426	250.001111	766.950158	10977.994	8.881
122538	36.121327	111.498062	249.999387	765.621571	10980.801	5.27
122558	36.108654	111.540236	250.000063	766.016556	10979.962	-0.173
122618	36.09531	111.58421	250.000817	766.014555	10979.909	-0.798
122638	36.081408	111.630171	249.99818	766.108716	10979.921	0.765
122658	36.0677	111.6757	250.0	766.0	10980.0	0.0
122718	36.054847	111.718164	250.009797	764.6659	10980.735	-5.366
122738	36.04172	111.761401	249.975257	763.625173	10977.86	-9.407
122758	36.028	111.8066	250.0	763.0	10973.0	-8.0
122818	36.014459	111.851196	250.136339	761.56792	10972.495	-2.326
122838	36.001197	111.894794	249.618263	760.82886	10973.198	0.866
122858	35.987968	111.938208	248.996829	760.999048	10973.008	0.056
122918	35.974487	111.98249	249.664504	760.596346	10973.019	-0.4
122938	35.961064	112.026911	249.885757	759.496913	10972.893	0.487
122958	35.947745	112.07083	249.061877	758.128669	10972.924	0.288
123018	35.934177	112.114325	248.886845	756.901299	10973.832	-4.75
123038	35.92083	112.157111	249.036467	755.229601	10971.19	-9.203
123058	35.907781	112.199644	249.006887	753.236538	10965.542	-8.512
123118	35.894374	112.243154	248.991373	752.368558	10964.463	-3.721
123138	35.880931	112.286582	249.002386	753.810421	10964.915	1.765
123158	35.867552	112.329712	249.000494	755.954479	10964.745	7.004
123218	35.853642	112.374242	248.999381	754.491996	10968.62	13.958
123238	35.840069	112.417609	249.000171	752.697753	10975.53	12.942
123258	35.827089	112.459289	249.000035	752.981074	10980.042	1.647
123318	35.813481	112.503305	248.999955	752.503198	10976.173	-6.234
123338	35.799972	112.547311	249.000012	751.897794	10972.597	-8.152
123358	35.787195	112.588963	249.000003	751.993558	10973.239	-7.873
123418	35.774477	112.629865	248.999996	751.893918	10968.742	-9.394
123438	35.761329	112.671783	249.000003	752.24362	10963.896	-5.233
123458	35.747671	112.715155	249.000002	752.981732	10964.518	6.409
123518	35.733827	112.758785	248.999986	752.48569	10968.971	13.795
123538	35.719928	112.802954	249.00002	751.976301	10974.693	14.697
123558	35.706123	112.847445	249.00003	752.096476	10979.351	9.799
123618	35.69267	112.890415	248.999822	750.970296	10981.216	-1.143
123638	35.679432	112.931995	249.000269	749.792653	10978.728	-9.542
123658	35.666101	112.973603	249.000423	749.902286	10973.681	-8.899
123718	35.652489	113.016723	248.99752	750.298963	10972.356	-3.347
123738	35.639006	113.059331	249.003773	749.600908	10973.162	0.639
123758	35.625809	113.100397	249.00815	748.116842	10973.075	0.296
123818	35.612239	113.142967	248.967709	748.727468	10972.951	-0.195
123838	35.598305	113.187192	249.033313	750.177275	10973.008	0.033
123858	35.584312	113.231528	249.107583	750.150076	10973.005	0.021
123918	35.570256	113.275102	248.452454	749.738578	10972.996	-0.014
123938	35.556346	113.318237	248.026597	750.216814	10973.001	0.002
123958	35.542751	113.361421	248.762028	751.679286	10973.0	0.002
124018	35.52923	113.404138	249.260578	752.196323	10973.0	-0.001
124038	35.515539	113.446764	248.841271	751.97219	10973.0	0.0
124058	35.5016	113.489845	248.040807	751.999923	10973.0	0.0
124118	35.487617	113.532975	248.462309	751.923716	10973.0	-0.0
124138	35.473736	113.575845	248.979936	752.094287	10973.0	0.0
124158	35.460001	113.618331	248.217265	752.81563	10973.0	0.0
124218	35.446375	113.660371	247.860937	753.179262	10973.0	-0.0
124238	35.433086	113.701381	248.024206	752.904727	10973.0	0.0
124258	35.419984	113.741927	248.018015	752.708294	10973.0	0.0
124318	35.405868	113.78542	247.989248	754.226874	10973.0	-0.0
124338	35.391269	113.830181	248.000981	756.106545	10973.0	0.0
124358	35.377407	113.872595	248.001678	756.169043	10973.0	0.0
124418	35.363799	113.91431	247.99926	755.963875	10973.0	-0.0
124438	35.34967	113.957636	248.000037	755.991209	10973.0	0.0
124458	35.33481	114.003033	248.000119	755.789855	10973.0	0.0
124518	35.320761	114.045908	247.999947	756.726194	10973.0	-0.0
124538	35.307533	114.086231	248.000003	758.027716	10973.0	0.0
124558	35.293835	114.127859	248.000008	757.914458	10973.0	-0.0
124618	35.279669	114.170895	247.999997	758.654024	10973.0	0.0
124638	35.26539	114.214254	248.0	760.035922	10973.0	-0.0
124658	35.251197	114.257247	247.999998	760.020564	10973.0	-0.0
124718	35.236588	114.301421	248.000007	760.323952	10973.0	0.0
124738	35.22188	114.345765	247.999998	761.011187	10973.0	-0.0
124758	35.207875	114.387881	247.999966	760.869432	10973.0	-0.0
124818	35.194136	114.429747	248.000096	761.646188	10973.0	0.0
124838	35.1801	114.4726	248.0	763.0	10973.0	0.0
124858	35.16559	114.515895	247.999519	763.039387	10973.0	-0.0
124918	35.151384	114.558062	248.001213	763.243621	10973.0	0.0
124938	35.1374	114.5998	248.0	764.0	10973.0	0.0
124958	35.122766	114.643453	247.993321	764.114291	10973.0	-0.0
125018	35.107838	114.687924	248.017057	763.885983	10973.0	0.0
125038	35.093034	114.732013	248.004745	763.975895	10973.0	0.0
125058	35.078386	114.775654	247.905617	764.957651	10973.0	-0.0
125118	35.063377	114.820256	248.211756	767.100593	10973.0	0.001
125138	35.048956	114.863319	248.06499	768.971763	10973.0	0.0
125158	35.035508	114.901804	245.45972	769.123135	10973.0	0.002
125218	35.017656	114.944597	242.163845	770.861284	10973.0	0.004
125238	34.999715	114.986298	242.289722	771.277353	10973.004	-0.049
125258	34.982262	115.026819	243.018013	770.91429	10972.994	0.085
125318	34.96442	115.068035	242.158145	770.96554	10972.992	0.114
125338	34.946195	115.11018	241.832056	771.100292	10973.049	-0.676
125358	34.927973	115.152218	242.044869	770.904073	10972.941	0.705
125418	34.91004	115.193329	242.054076	771.200856	10972.831	-11.955
125438	34.892205	115.23411	241.873124	774.535483	10971.057	-88.959
125458	34.874169	115.275344	242.093723	775.605575	10931.343	-203.363
125518	34.855947	115.317034	242.892543	770.242205	10828.068	-288.177
125538	34.838321	115.357391	242.683795	770.155711	10719.132	-317.24
125558	34.820438	115.397995	241.971951	774.229385	10619.699	-311.291
125618	34.801442	115.441265	242.470623	772.951143	10512.333	-308.037
125638	34.784283	115.483935	244.020374	767.064543	10409.942	-304.282
125658	34.769341	115.524939	245.63679	759.162403	10312.667	-303.36
125718	34.754539	115.565701	246.092816	751.522575	10207.233	-317.534
125738	34.739285	115.606961	245.937776	742.983149	10095.579	-328.462
125758	34.723945	115.648544	245.971126	730.894933	9987.185	-320.551
125818	34.708732	115.689864	246.006588	714.065757	9887.307	-302.225
125838	34.694504	115.728535	245.999017	701.678036	9791.151	-290.497
125858	34.6809	115.7654	246.0	700.0	9693.0	-292.0
125918	34.66598	115.805614	245.988644	700.088636	9596.598	-294.295
125938	34.651056	115.845743	246.030042	699.761282	9498.276	-301.851
125958	34.637	115.8835	246.0	698.0	9395.0	-312.0
130018	34.623324	115.920289	245.833118	693.959704	9287.895	-313.714
130038	34.609314	115.958532	246.421878	690.67433	9183.629	-309.825
130058	34.5948	115.9981	246.0	690.0	9083.0	-312.0
130118	34.580377	116.036691	243.675001	690.680555	8979.042	-327.482
130138	34.567664	116.074353	252.759686	688.129712	8864.037	-325.654
130158	34.564135	116.1119	270.299106	686.601388	8758.016	-290.398
130218	34.568732	116.154442	279.055656	683.152195	8668.68	-282.137
130238	34.574516	116.19795	277.548452	675.825538	8574.494	-206.551
130258	34.576526	116.236323	265.776745	674.494308	8531.172	-52.654
130318	34.567688	116.276637	246.162212	677.514634	8534.79	1.479
130338	34.55108	116.314662	237.506306	677.741252	8533.502	-0.58
130358	34.533516	116.347607	239.247361	675.633139	8534.051	-0.606
130418	34.516622	116.381213	239.231501	673.908791	8533.973	-3.763
130438	34.499001	116.416564	238.872271	675.455719	8534.297	12.023
130458	34.481064	116.452008	239.013267	678.307055	8533.678	-47.39
130518	34.463757	116.486243	238.997813	678.990422	8505.705	-220.393
130538	34.446076	116.521133	239.004805	676.430821	8405.48	-292.494
130558	34.428506	116.555847	238.970465	665.641425	8296.448	-293.855
130618	34.411039	116.590376	239.017343	670.507014	8205.138	-290.979
130638	34.392973	116.625941	239.140084	712.742765	8112.246	-309.436
130658	34.373601	116.663911	238.487904	742.671028	7999.895	-303.62
130718	34.353626	116.70308	238.03377	746.982615	7893.207	-305.386
130738	34.334084	116.741563	238.960539	745.172187	7808.409	-382.595
130758	34.314261	116.78055	239.173664	740.426211	7662.868	-499.334
130818	34.295211	116.817992	238.860603	733.979513	7467.929	-589.069
130838	34.276928	116.854061	238.968854	726.417539	7257.545	-624.308
130858	34.257968	116.891466	239.58357	718.141126	7048.647	-615.434
130918	34.239117	116.92706	237.705457	713.49068	6840.778	-528.819
130938	34.221262	116.962743	238.603378	699.543903	6673.667	-438.811
130958	34.205559	117.003834	249.94835	659.092114	6579.318	-490.235
131018	34.194944	117.041175	253.202877	631.857224	6404.673	-565.598
131038	34.18618	117.076242	251.790322	619.133221	6181.186	-610.335
131058	34.176606	117.111186	251.854062	610.486714	5966.94	-620.42
131118	34.167658	117.143376	252.146933	596.588293	5767.69	-633.974
131138	34.158874	117.175261	251.854153	588.420304	5557.681	-633.236
131158	34.149288	117.209758	251.24993	594.517307	5328.125	-591.745
131218	34.139565	117.24479	251.01624	598.817971	5123.918	-530.579
131238	34.130243	117.27863	251.483699	590.710347	4972.669	-473.271
131258	34.121115	117.311705	251.980656	579.759999	4844.124	-437.706
131318	34.11195	117.344677	251.913896	575.55545	4704.442	-438.862
131338	34.103031	117.377653	251.973573	570.513708	4549.993	-480.823
131358	34.094698	117.410556	253.042936	556.151541	4381.8	-555.503
131418	34.086751	117.443295	254.812228	546.155561	4177.021	-615.372
131438	34.078984	117.474796	254.197487	545.951586	3956.991	-604.359
131458	34.070838	117.504053	248.471043	546.058199	3780.288	-510.136
131518	34.060205	117.534423	246.629984	545.117207	3617.176	-473.918
131538	34.048884	117.564972	247.060875	542.981527	3455.903	-503.747
131558	34.038346	117.594552	246.960538	541.032003	3293.711	-487.316
131618	34.0276	117.6245	247.0	539.0	3139.0	-312.0
131638	34.016396	117.655436	245.438489	525.508093	3063.646	-207.327
131658	34.007846	117.682803	255.893947	524.271915	3001.36	-288.165
131718	34.003567	117.712914	263.052119	522.584691	2890.744	-392.856
131738	34.000904	117.745997	262.865127	520.481402	2743.516	-435.36
131758	33.997681	117.777691	262.967639	524.773703	2590.155	-442.246
131818	33.994638	117.807998	263.07505	522.082398	2447.777	-436.374
131838	33.991604	117.838957	262.918377	516.324782	2302.557	-401.99
131858	33.988448	117.870694	262.921226	516.224489	2165.072	-331.2
131918	33.985634	117.900355	263.757994	522.976881	2084.366	-266.983
131938	33.982812	117.930039	263.819735	516.841992	2016.119	-346.385
131958	33.979743	117.961065	262.965585	504.839561	1880.416	-492.301
132018	33.976629	117.992	262.778696	508.592112	1656.059	-474.362
132038	33.973778	118.020772	263.46909	495.961677	1507.962	-301.756
132058	33.971059	118.048526	263.993578	463.385207	1477.733	-115.606
132118	33.968191	118.077318	263.291225	437.663447	1467.882	-91.175
132138	33.965713	118.102716	262.96179	427.218107	1400.869	-267.034
132158	33.963319	118.126836	262.925837	423.931223	1282.223	-393.406
132218	33.960749	118.152347	263.060025	415.77481	1153.085	-379.313
132238	33.958339	118.177081	263.89687	399.032139	1025.583	-377.223
132258	33.955991	118.199631	263.605045	378.861192	899.777	-357.131
132318	33.953728	118.221005	262.854251	361.728013	785.211	-322.554
132338	33.951612	118.242438	262.969956	352.517548	685.704	-306.035
132358	33.94954	118.263111	263.0367	350.600562	585.424	-303.849
132418	33.947482	118.283198	262.991568	333.701487	481.349	-304.793
132438	33.9455	118.3027	263.0	299.0	381.0	-286.0
132458	33.943687	118.320834	262.999194	275.858852	294.124	-238.49
132518	33.941979	118.337489	263.03988	261.90103	213.155	-238.769
132538	33.940346	118.353139	263.078924	255.836366	135.932	-261.118
132558	33.938781	118.368383	263.033999	259.40085	63.327	-241.806
132618	33.937275	118.383648	262.98232	266.579847	1.967	-135.264
