164939	33.9358	118.4211	263.0	307.0	290.0	0.0
164959	33.934206	118.437714	264.155094	323.800736	473.651	524.663
165019	33.930762	118.459288	252.45555	360.106466	623.601	352.991
165039	33.921211	118.478775	230.620967	417.003142	712.736	389.838
165059	33.906079	118.499511	228.276741	455.976693	890.102	878.17
165119	33.890888	118.519827	230.675717	454.588972	1202.767	257.361
165139	33.876061	118.540362	227.11424	447.430181	1560.673	254.765
165159	33.85805	118.55727	207.226849	456.192749	1873.979	976.903
165219	33.836154	118.559467	173.961538	481.749407	2146.229	817.324
165239	33.811152	118.552139	162.577856	502.038203	2425.078	882.846
165259	33.786604	118.543518	165.906294	498.774651	2720.793	822.649
165319	33.764318	118.537808	167.451403	490.570196	3005.23	691.209
165339	33.740176	118.532658	171.018898	507.854121	3185.713	503.785
165359	33.712907	118.52197	154.881591	557.826383	3299.918	319.416
165419	33.691158	118.497181	121.358485	627.954894	3395.325	340.692
165439	33.677802	118.461484	105.445716	680.445691	3496.52	395.887
165459	33.667349	118.421398	107.282483	706.358345	3634.096	447.41
165519	33.655295	118.380677	110.039603	716.59829	3833.628	643.195
165539	33.646408	118.338381	98.493105	731.690073	4091.133	738.715
165559	33.644359	118.295919	88.2027	744.364185	4347.769	613.367
165619	33.644837	118.252879	90.215455	753.77729	4532.927	449.358
165639	33.644713	118.205098	90.385403	781.884746	4630.853	342.505
165659	33.644566	118.156088	89.62123	812.070107	4722.207	402.405
165719	33.644717	118.108288	90.135003	823.852822	4882.812	544.143
165739	33.644856	118.061189	90.982175	817.331999	5116.647	580.668
165759	33.645276	118.011677	86.317402	840.457998	5280.535	485.473
165819	33.650663	117.961105	79.773399	873.097437	5412.833	403.127
165839	33.662005	117.910352	76.491882	887.709566	5573.169	412.94
165859	33.674226	117.856815	75.7515	901.781531	5703.731	442.31
165919	33.685569	117.802504	76.033127	915.576743	5838.174	479.208
165939	33.696566	117.750612	76.031172	922.18336	6028.022	516.758
165959	33.707571	117.699215	75.982159	928.461394	6209.048	458.169
170019	33.718945	117.646033	76.002378	940.263739	6341.308	321.728
170039	33.73091	117.589987	76.002238	959.256258	6420.995	215.336
170059	33.743229	117.532336	75.998719	981.474362	6466.578	241.132
170119	33.755389	117.475277	76.000171	996.156604	6548.613	373.21
170139	33.767233	117.419299	76.000161	997.576358	6720.535	504.65
170159	33.779754	117.360062	75.999908	1001.55041	6911.574	551.193
170219	33.792591	117.29921	76.000012	1006.08472	7090.389	550.379
170239	33.804818	117.240935	76.000012	1001.496157	7270.277	566.594
170259	33.816732	117.184198	75.999993	995.084049	7470.931	535.5
170319	33.828713	117.127015	76.000001	993.133483	7650.317	471.464
170339	33.840872	117.068557	76.000001	995.701984	7772.849	436.667
170359	33.852865	117.010858	75.999999	994.307722	7920.081	436.471
170419	33.864944	116.952845	76.0	990.683038	8084.673	388.573
170439	33.877303	116.893385	76.000001	990.714319	8199.722	229.219
170459	33.88898	116.836772	75.999998	991.034613	8237.185	73.558
170519	33.900613	116.780066	76.000002	989.691043	8228.321	-6.224
170539	33.912964	116.72003	76.000009	985.681958	8222.4	-8.161
170559	33.924234	116.665552	75.999966	975.980566	8223.093	15.253
170619	33.935246	116.612063	76.000027	964.507566	8232.064	21.75
170639	33.947529	116.551634	76.00013	956.572794	8244.867	-6.706
170659	33.959311	116.493699	75.99953	949.236982	8234.545	-52.696
170719	33.970216	116.44001	76.000374	948.924878	8201.453	-23.477
170739	33.981042	116.386256	76.001809	961.736042	8188.718	127.44
170759	33.992209	116.330905	75.99346	975.298773	8281.067	218.43
170819	34.003609	116.274271	76.005216	986.814726	8391.796	187.286
170839	34.01508	116.216799	76.025198	999.193202	8404.191	112.706
170859	34.027067	116.157073	75.908903	1008.815919	8426.753	147.947
170919	34.039326	116.096079	76.073646	1018.856279	8502.849	258.954
170939	34.051381	116.035549	76.801588	1031.917853	8608.681	331.252
170959	34.063482	115.974614	77.106292	1036.427163	8726.117	387.265
171019	34.075472	115.914289	76.985831	1030.763183	8861.217	432.198
171039	34.087074	115.855811	76.986666	1022.135632	9019.94	446.716
171059	34.098595	115.797168	77.007634	1018.455064	9169.875	417.276
171119	34.110126	115.738184	76.998981	1019.130287	9299.352	335.089
171139	34.121773	115.67883	76.999034	1019.278544	9402.663	209.894
171159	34.134096	115.615999	77.000581	1018.090902	9446.941	91.169
171219	34.146134	115.55426	76.999946	1016.95808	9448.775	17.4
171239	34.156854	115.498787	76.999898	1017.766972	9448.585	-0.74
171259	34.168128	115.440536	77.000039	1020.631906	9449.135	0.643
171319	34.1802	115.3784	77.0	1022.0	9449.0	-0.0
171339	34.191653	115.319316	76.999993	1017.600932	9449.137	-0.719
171359	34.203039	115.260346	77.000003	1013.347779	9448.59	1.87
171419	34.2145	115.2007	77.0	1012.0	9449.0	7.0
171439	34.225611	115.142558	77.0	1011.20281	9453.286	9.416
171459	34.237327	115.081281	76.999999	1011.055793	9457.088	3.195
171519	34.249447	115.017941	76.999999	1011.070319	9456.369	-7.374
171539	34.260336	114.960649	77.00001	1009.312204	9451.253	-8.481
171559	34.271123	114.903593	76.999979	1004.921835	9448.905	-6.775
171619	34.282533	114.843128	76.999976	999.720518	9449.538	-7.216
171639	34.293638	114.784121	77.000138	997.952183	9443.921	-4.106
171659	34.304433	114.726522	76.999793	999.856696	9441.7	1.862
171719	34.315297	114.668382	76.999674	1003.355482	9448.126	7.236
171739	34.326409	114.608954	77.001911	1005.784611	9448.994	9.408
171759	34.337497	114.549274	76.997115	1005.646654	9450.315	6.547
171819	34.348279	114.490781	76.995462	1004.082039	9455.838	0.784
171839	34.358843	114.433809	77.026613	1004.932525	9452.0	-0.782
171859	34.369747	114.374995	76.959815	1006.124456	9449.732	0.257
171919	34.38101	114.313882	76.936795	1005.912177	9455.612	0.183
171939	34.391628	114.256324	77.519139	1007.294603	9452.501	-0.828
171959	34.402218	114.198461	78.073913	1009.481349	9449.331	0.982
172019	34.413463	114.136346	78.032828	1011.358037	9454.994	6.721
172039	34.424696	114.074629	77.974259	1014.288519	9455.803	9.891
172059	34.435417	114.015797	78.005307	1014.43212	9457.303	6.366
172119	34.445814	113.95817	78.002357	1009.973965	9463.833	-4.474
172139	34.456903	113.896256	77.998152	1007.499574	9458.234	-18.579
172159	34.468157	113.833617	78.000381	1005.022037	9446.524	-21.821
172219	34.478797	113.774653	78.000169	999.990439	9441.299	-10.303
172239	34.489158	113.716249	77.999867	997.830512	9441.478	-6.5
172259	34.499314	113.658558	78.000028	999.797691	9439.997	-7.952
172319	34.509466	113.601384	78.000013	1003.387557	9434.638	-2.675
172339	34.520285	113.54065	77.999988	1004.502598	9435.711	9.831
172359	34.530981	113.480267	78.000005	1003.844706	9443.082	14.115
172419	34.54091	113.423701	78.000009	1003.819612	9448.985	2.736
172439	34.5511	113.365653	77.999962	1004.955858	9444.975	-3.37
172459	34.561642	113.305479	78.000048	1006.25029	9441.051	2.395
172519	34.572218	113.244722	78.000124	1006.849357	9446.788	13.098
172539	34.582838	113.183555	77.999476	1007.356515	9452.966	14.61
172559	34.593336	113.123022	78.000249	1006.849591	9456.236	5.869
172619	34.603547	113.063995	78.001951	1004.674527	9456.985	-5.187
172639	34.613686	113.005144	77.993799	1003.660934	9452.983	-9.162
172659	34.623684	112.946852	78.003387	1002.794115	9448.875	-7.949
172719	34.633476	112.889591	78.027041	999.839166	9449.631	-8.371
172739	34.643758	112.829632	77.9137	998.836587	9445.433	-5.807
172759	34.654221	112.768262	78.047462	998.896172	9441.067	0.734
172819	34.664144	112.709218	78.770996	996.738986	9446.728	7.006
172839	34.674142	112.650382	79.094007	995.715279	9449.845	7.347
172859	34.684062	112.591211	78.997079	995.99614	9449.041	8.641
172919	34.693701	112.532673	78.649567	996.540122	9452.737	16.242
172939	34.704898	112.474157	76.266397	1002.225315	9462.042	4.417
172959	34.717708	112.415797	73.916376	1009.489471	9463.041	-16.248
173019	34.731	112.357616	74.625157	1011.504081	9445.996	-14.471
173039	34.745004	112.297152	74.808587	1013.283186	9442.819	5.32
173059	34.7591	112.2361	74.0	1015.0	9456.0	23.0
173119	34.772276	112.178109	74.588379	1012.913804	9462.348	17.596
173139	34.785788	112.118696	75.14821	1012.23228	9466.019	-3.683
173159	34.7996	112.0582	75.0	1015.0	9464.0	-23.0
173219	34.812399	112.001646	74.973094	1017.464929	9447.45	-22.978
173239	34.825171	111.945336	75.01067	1014.809384	9440.246	-2.948
173259	34.8387	111.8858	75.0	1009.0	9449.0	15.0
173319	34.852752	111.823383	74.99786	1006.922415	9456.42	3.213
173339	34.866219	111.763549	75.000745	1007.200356	9452.426	-14.538
173359	34.879051	111.706686	75.000043	1007.053528	9441.408	-15.516
173419	34.892372	111.647283	74.999848	1004.934817	9438.613	0.95
173439	34.906084	111.585907	75.000054	1001.126152	9444.231	8.358
173459	34.919369	111.526247	75.000003	996.262767	9449.043	0.359
173519	34.931542	111.471196	74.999988	990.69945	9443.562	-2.072
173539	34.944306	111.413623	75.000004	984.389439	9442.06	2.157
173559	34.957732	111.353067	75.000001	978.464499	9448.591	7.609
173619	34.969629	111.298499	74.999996	975.125766	9449.006	9.279
173639	34.981759	111.242945	75.000006	973.353283	9450.625	6.302
173659	34.995031	111.182822	75.000005	972.115714	9455.781	0.791
173719	35.007754	111.12495	74.999956	971.74369	9453.098	-2.848
173739	35.020189	111.067907	75.000028	972.079906	9448.766	1.381
173759	35.032891	111.009288	75.000175	972.400315	9451.843	12.385
173819	35.045052	110.953046	74.999659	971.185701	9459.938	10.123
173839	35.056619	110.899494	74.999898	969.072167	9464.145	-7.139
173859	35.068506	110.844339	75.002057	968.122764	9455.142	-20.019
173919	35.080993	110.78639	74.995338	965.216541	9445.877	-23.153
173939	35.093661	110.727646	74.997277	961.193162	9441.574	-16.231
173959	35.105752	110.671503	75.028693	962.259866	9434.773	-1.103
174019	35.117725	110.615405	74.94301	969.595773	9436.892	12.499
174039	35.129889	110.558004	74.962775	977.617823	9448.221	15.476
174059	35.14195	110.501384	75.614354	976.937486	9450.413	5.991
174119	35.15432	110.443509	76.106427	972.175519	9448.567	-1.783
174139	35.166936	110.384249	76.026846	969.246411	9448.929	-0.583
174159	35.178953	110.327184	75.974253	968.96526	9448.839	1.353
174219	35.190787	110.270871	76.00621	968.70081	9449.387	-1.531
174239	35.202889	110.21348	76.001921	967.172028	9449.642	-2.284
174259	35.214832	110.156387	75.998151	966.943895	9445.192	21.288
174319	35.226645	110.099898	76.000446	964.883485	9455.184	69.321
174339	35.238451	110.043721	76.000138	961.735346	9492.563	126.505
174359	35.250159	109.98752	75.999867	967.334004	9543.378	172.428
174419	35.261977	109.9304	76.000032	976.347982	9606.59	208.358
174439	35.274192	109.871325	76.00001	981.373193	9683.525	239.03
174459	35.286857	109.810078	75.999989	983.812459	9768.065	257.796
174519	35.299021	109.751098	76.000004	985.532264	9857.025	255.795
174539	35.310324	109.695884	76.000003	986.917794	9943.428	243.759
174559	35.322	109.638353	75.999984	986.406344	10016.485	259.485
174619	35.334182	109.57865	76.000023	984.255708	10104.485	291.082
174639	35.346463	109.51899	76.000036	982.177552	10218.937	310.794
174659	35.358508	109.459855	75.999786	981.850878	10319.788	307.255
174719	35.370144	109.402434	76.000323	978.047647	10416.408	292.555
174739	35.381577	109.346172	76.000507	970.056818	10519.203	262.83
174759	35.393369	109.287717	75.997025	968.316614	10600.811	181.692
174819	35.40503	109.229591	76.00459	970.650711	10648.56	93.417
174839	35.416206	109.173856	76.014988	971.828518	10665.74	43.648
174859	35.427596	109.11714	75.972753	971.993874	10668.485	16.031
174919	35.439407	109.058267	75.991906	971.986405	10668.028	0.405
174939	35.451221	108.998942	76.183694	972.74407	10667.89	-1.822
174959	35.462881	108.939989	75.741834	974.746202	10668.007	0.482
175019	35.474851	108.882656	74.32455	977.514913	10667.975	0.25
175039	35.488354	108.828586	72.805875	979.379019	10668.204	-0.917
175059	35.503581	108.773232	71.935171	980.0365	10667.858	0.542
175119	35.519896	108.71308	71.938617	980.007793	10667.328	6.052
175139	35.535916	108.654105	72.036728	980.097954	10671.054	10.28
175159	35.551081	108.59844	71.996699	979.939237	10676.381	7.202
175219	35.565776	108.54395	71.994919	978.721413	10677.183	-4.081
175239	35.581173	108.486949	72.002656	976.732411	10672.908	-10.696
175259	35.596976	108.428521	71.999874	973.82283	10667.838	-7.667
175319	35.612103	108.372196	71.999591	970.495494	10667.194	-0.675
175339	35.627026	108.316525	72.000182	970.894035	10669.181	-3.063
175359	35.642163	108.260049	71.999991	974.138119	10667.714	-7.899
175419	35.657502	108.202639	71.99997	975.383957	10660.43	1.998
175439	35.672771	108.145445	72.000014	973.85697	10664.738	13.345
175459	35.687739	108.089214	71.999999	971.964174	10676.338	14.777
175519	35.702395	108.03379	71.999995	972.199911	10676.78	5.419
175539	35.717154	107.978019	72.000009	970.732922	10676.598	-5.958
175559	35.732041	107.921793	71.999998	966.791942	10675.709	-15.464
175619	35.746778	107.865768	71.999962	963.13679	10665.094	-22.749
175639	35.761518	107.809492	72.000109	961.197487	10655.905	-19.407
175659	35.776231	107.753424	71.999969	961.019206	10652.927	-7.386
175719	35.790794	107.698214	71.999466	961.686144	10652.467	3.208
175739	35.805584	107.641808	72.001583	962.234872	10654.39	10.769
175759	35.820566	107.584202	72.001099	962.094383	10659.059	13.302
175819	35.835319	107.527404	71.991317	961.384647	10665.644	7.89
175839	35.849881	107.471423	72.005461	962.374234	10667.686	-1.364
175859	35.864488	107.415337	72.027897	965.511083	10662.052	-7.718
175919	35.879365	107.35804	71.914109	964.955233	10659.053	-5.441
175939	35.894276	107.300262	72.046981	961.763695	10660.084	0.363
175959	35.908794	107.243661	72.766818	961.319905	10660.095	0.68
180019	35.923001	107.188282	73.107559	963.657015	10660.065	-0.756
180039	35.937363	107.132287	72.98995	966.145908	10659.933	0.296
180059	35.952198	107.074216	72.98462	966.674957	10659.426	5.339
180119	35.966777	107.017138	73.007722	968.15498	10662.369	11.946
180139	35.981027	106.9613	72.999278	970.109538	10668.678	14.949
180159	35.995321	106.905108	72.998896	970.149642	10674.608	10.658
180219	36.009436	106.84973	73.000554	969.98471	10676.585	4.222
180239	36.023522	106.794393	72.999948	969.968954	10675.966	-0.313
180259	36.037869	106.737567	72.999921	969.308033	10676.104	-1.099
180319	36.052119	106.680952	73.00004	968.686966	10675.425	3.128
180339	36.066334	106.624512	72.999996	969.120412	10676.337	8.338
180359	36.080921	106.566607	72.999994	971.068891	10681.463	8.862
180419	36.095995	106.506463	73.000004	973.296811	10683.431	5.907
180439	36.110837	106.447053	72.999999	975.173407	10683.107	-0.932
180459	36.124713	106.39154	72.999996	975.847852	10684.313	-11.517
180519	36.138583	106.335667	73.000012	972.079195	10677.578	-17.74
180539	36.153038	106.277223	72.999997	965.714128	10667.704	-14.598
180559	36.167813	106.217707	72.999945	961.72894	10666.904	-4.01
180619	36.181591	106.161956	73.000134	961.059421	10668.512	1.119
180639	36.1946	106.109	73.0	962.0	10668.0	0.0
180659	36.208399	106.052968	72.999185	961.773689	10667.32	1.572
180719	36.222779	105.99443	73.00152	960.319702	10669.127	-3.657
180739	36.237098	105.93587	73.001787	959.030679	10669.298	-14.168
180759	36.250869	105.87952	72.989928	959.833055	10658.443	-10.74
180819	36.264538	105.823538	73.015108	961.381883	10653.953	5.607
180839	36.278503	105.766136	73.023738	961.979291	10665.695	21.462
180859	36.292426	105.708587	72.860816	961.777563	10673.226	21.665
180919	36.306237	105.651365	73.218154	960.463209	10677.688	11.885
180939	36.320033	105.59419	73.981504	958.999015	10682.805	1.927
180959	36.333871	105.536645	73.452907	960.172823	10679.94	-6.641
181019	36.347394	105.48041	73.055054	960.799038	10675.071	-6.528
181039	36.360482	105.426081	73.863692	958.499956	10675.487	-0.041
181059	36.373676	105.371112	74.129072	956.5987	10677.869	-6.711
181119	36.386998	105.315148	73.9686	955.851327	10673.333	-17.246
181139	36.400456	105.258275	73.989887	954.600963	10661.66	-16.619
181159	36.414313	105.19996	74.012178	950.135794	10658.246	-5.526
181219	36.427683	105.143559	73.99335	944.375537	10660.716	-0.282
181239	36.440316	105.089999	73.992361	941.077671	10660.662	-7.054
181259	36.45367	105.033844	74.041419	942.68108	10655.61	-6.502
181319	36.467385	104.975042	73.922302	945.742197	10653.238	3.64
181339	36.481331	104.916492	72.601235	948.834281	10658.576	14.084
181359	36.497115	104.861017	68.57124	956.61592	10665.16	13.216
181419	36.515115	104.808045	65.526881	961.351225	10668.491	5.789
181439	36.534702	104.75533	65.853666	958.542714	10668.154	0.534
181459	36.554694	104.700882	66.140827	957.64224	10667.837	-0.444
181519	36.574512	104.646278	65.966032	957.830957	10668.062	0.029
181539	36.594152	104.592686	65.989494	956.290828	10668.053	-0.109
181559	36.614003	104.538246	66.010111	955.198553	10667.741	0.825
181619	36.633805	104.48377	65.997561	953.08218	10668.378	-1.356
181639	36.653503	104.429683	65.999246	950.151102	10668.591	-7.251
181659	36.673628	104.374293	66.000726	951.406535	10663.324	-7.136
181719	36.692666	104.321661	65.999825	953.135556	10659.915	5.108
181739	36.710467	104.272261	65.999946	952.778377	10665.849	21.606
181759	36.730179	104.217581	66.000052	955.276643	10677.812	18.644
181819	36.750626	104.160892	65.999987	955.0556	10682.883	3.408
181839	36.769936	104.107276	65.999996	947.771357	10677.003	-7.202
181859	36.788658	104.055091	66.000005	939.859065	10675.256	-6.16
181919	36.807767	104.001868	65.999998	938.715269	10675.831	2.333
181939	36.827398	103.947239	65.999998	944.232602	10675.241	8.311
181959	36.846187	103.894393	66.00001	943.398635	10680.933	1.627
182019	36.865197	103.840869	65.999987	935.862013	10681.566	-10.791
182039	36.885094	103.785265	65.999971	927.085072	10670.242	-15.834
182059	36.903546	103.733338	66.000139	919.916858	10666.285	-7.7
182119	36.921483	103.682686	65.999823	920.112176	10668.368	1.162
182139	36.940417	103.629398	65.999602	928.199149	10668.195	0.433
182159	36.959411	103.575609	66.001932	932.562372	10667.687	0.08
182219	36.97784	103.523191	65.997524	931.406064	10668.271	-0.582
182239	36.995925	103.471803	65.992836	927.238316	10668.722	-5.151
182259	37.014781	103.41818	66.025086	919.958185	10664.928	-9.604
182319	37.033871	103.363759	65.98733	913.60557	10659.615	-7.234
182339	37.052098	103.311671	65.899958	912.987451	10658.765	4.121
182359	37.070194	103.260025	66.382565	916.316931	10663.281	10.363
182419	37.088666	103.207256	67.03751	921.577088	10668.278	7.471
182439	37.107389	103.153499	67.057402	927.20223	10668.417	1.662
182459	37.125744	103.100774	66.971178	930.817874	10667.82	-0.86
182519	37.144062	103.048143	67.002693	932.053224	10668.001	0.135
182539	37.162964	102.99366	67.004122	932.49888	10667.878	0.632
182559	37.181588	102.939846	66.99793	934.101303	10668.473	-2.245
182619	37.199577	102.887747	67.000194	931.179309	10667.732	-8.771
182639	37.217193	102.836631	67.0003	920.634826	10662.714	-14.996
182659	37.234751	102.785706	66.999836	922.683365	10655.985	-10.87
182719	37.2529	102.733	67.0	932.0	10653.0	-0.0
182739	37.272045	102.677127	67.000032	928.429179	10657.426	5.773
182759	37.290684	102.622566	66.99999	924.70313	10660.286	7.426
182819	37.308415	102.570626	66.999999	928.554247	10659.795	7.955
182839	37.326578	102.517473	67.000002	931.60309	10664.742	8.112
182859	37.344899	102.463798	67.0	931.739402	10668.911	5.373
182919	37.363187	102.410039	67.0	930.269057	10668.233	0.615
182939	37.381999	102.354535	66.999996	929.512213	10667.761	-0.519
182959	37.400951	102.298474	67.000006	930.487838	10668.082	0.039
183019	37.419206	102.244433	67.000009	931.980473	10668.063	-0.118
183039	37.436218	102.194167	66.999949	930.879689	10667.713	0.905
183059	37.453591	102.142879	67.000078	930.130552	10668.413	-1.485
183119	37.472199	102.087733	67.000122	931.754975	10668.644	-7.455
183139	37.490357	102.033369	66.999284	932.253513	10663.013	-5.935
183159	37.508546	101.978792	67.00108	933.883896	10660.384	3.23
183219	37.52729	101.922791	67.001699	937.55096	10666.586	13.546
183239	37.545516	101.868203	66.990034	938.151561	10672.424	17.302
183259	37.563352	101.814609	67.015048	938.395997	10677.822	12.903
183319	37.581228	101.760845	67.023668	940.682323	10682.757	2.486
183339	37.599069	101.707166	66.861193	941.178269	10680.529	-9.731
183359	37.617004	101.653085	67.217592	941.156061	10674.041	-15.489
183419	37.635088	101.598354	67.980622	942.62053	10668.742	-10.074
183439	37.6531	101.543681	67.458079	944.403165	10666.565	1.588
183459	37.671119	101.48894	67.047245	944.956862	10669.533	9.161
183519	37.689261	101.433783	67.85141	944.779028	10675.35	8.368
183539	37.707451	101.378314	68.201104	946.934775	10675.981	7.588
183559	37.725476	101.323488	67.859835	947.712004	10677.01	8.187
183619	37.743318	101.269013	67.818815	945.292674	10682.28	8.189
183639	37.761372	101.212682	69.015452	945.202204	10683.427	5.802
183659	37.779956	101.158204	66.409643	944.186354	10683.256	-4.06
183719	37.800697	101.107185	59.986823	940.334118	10682.116	-16.68
183739	37.825269	101.055768	57.856258	938.284052	10673.918	-17.624
183759	37.85047	101.005667	58.038071	936.705636	10667.6	-12.069
183819	37.874158	100.957652	58.040066	934.157737	10668.151	-7.38
183839	37.898527	100.908103	57.982232	931.359773	10665.54	-8.303
183859	37.923864	100.856731	58.000068	929.999425	10659.785	-7.687
183919	37.948789	100.805855	57.987045	930.527822	10658.612	3.401
183939	37.973111	100.756023	58.044534	927.960016	10663.031	10.287
183959	37.99721	100.706843	57.987093	925.003632	10668.137	7.766
184019	38.021399	100.657646	57.774454	927.88022	10668.295	2.441
184039	38.044962	100.608429	58.640324	928.557346	10668.312	-2.753
184059	38.06951	100.558795	57.818938	924.791345	10667.862	-8.33
184119	38.097313	100.509486	52.046606	920.767978	10662.603	-14.763
184139	38.125511	100.466091	48.717776	916.136962	10656.587	-15.023
184159	38.154799	100.42459	49.046551	914.103173	10652.729	-6.888
184219	38.187266	100.377554	49.071224	917.688194	10651.986	4.776
184239	38.218706	100.331451	48.96429	919.425723	10655.953	9.614
184259	38.248365	100.287954	49.003309	919.060462	10660.174	7.769
184319	38.278329	100.244107	49.004847	920.656221	10659.776	7.027
184339	38.308514	100.200141	48.998287	920.447158	10662.255	11.0
184359	38.338723	100.156071	48.999772	918.927599	10668.655	15.131
184419	38.368729	100.111911	48.996345	919.076228	10674.249	11.862
184439	38.397634	100.069396	49.011018	918.291015	10677.242	1.854
184459	38.426819	100.027236	48.996936	916.983053	10675.785	-8.357
184519	38.458005	99.982266	49.631315	918.004452	10669.923	-10.695
184539	38.4869	99.934961	54.083827	920.357123	10667.558	-5.125
184559	38.50986	99.885954	61.811393	922.846707	10667.835	2.154
184619	38.527682	99.834662	68.211134	924.730955	10667.451	6.194
184639	38.544857	99.779894	69.03731	925.239165	10671.854	9.005
184659	38.56235	99.723727	67.954918	924.897352	10676.766	6.478
184719	38.579539	99.668502	68.854925	924.272743	10676.592	-3.956
184739	38.596548	99.613755	68.651498	922.904549	10673.358	-15.315
184759	38.613558	99.558827	67.986544	921.967968	10666.709	-21.363
184819	38.630553	99.503767	68.617206	922.896971	10657.007	-18.195
184839	38.647085	99.450164	69.160175	925.439988	10650.661	-5.678
184859	38.663301	99.397533	69.045435	929.018311	10651.579	9.986
184919	38.679942	99.343309	68.954139	932.856897	10659.481	17.754
184939	38.69713	99.287054	68.998022	934.984839	10667.752	14.439
184959	38.714612	99.229625	69.007005	933.869871	10669.039	3.639
185019	38.731964	99.172585	68.99753	932.756986	10667.259	0.578
185039	38.748869	99.117032	68.999858	932.994582	10667.846	7.662
185059	38.765276	99.063037	69.000506	932.590237	10672.845	10.349
185119	38.78152	99.009407	68.999815	931.375446	10677.871	1.27
185139	38.798209	98.954101	68.999971	929.388786	10676.989	-13.456
185159	38.815815	98.895594	69.000008	926.543792	10666.89	-17.631
185219	38.832807	98.839083	69.000042	924.694549	10658.651	-11.484
185239	38.848568	98.786656	69.000123	924.815705	10659.313	-2.376
185259	38.865173	98.731302	68.999562	925.178054	10660.246	1.971
185319	38.882518	98.673231	69.000222	924.94908	10660.057	-0.503
185339	38.899242	98.61695	69.001754	924.259987	10660.702	-6.426
185359	38.915177	98.56332	68.994413	923.83375	10657.154	-7.879
185419	38.930888	98.510448	69.003052	925.293284	10652.845	1.562
185439	38.947084	98.455806	69.024372	928.999061	10656.218	19.083
185459	38.963736	98.399709	68.921036	930.142218	10667.537	21.481
185519	38.980649	98.342625	69.020637	928.960522	10676.085	7.164
185539	38.997472	98.285361	69.69746	929.27629	10671.131	-6.367
185559	39.013454	98.230654	70.204277	931.202664	10666.353	-4.466
185619	39.0291	98.177175	69.967272	933.05147	10668.179	8.609
185639	39.04556	98.121229	69.163334	933.17454	10672.868	15.758
185659	39.062162	98.064475	69.21363	932.958318	10679.446	11.1
185719	39.0786	98.0079	70.0	933.0	10683.0	0.0
185739	39.095107	97.951211	70.088929	932.543051	10678.208	-6.452
185759	39.111095	97.896198	69.964814	931.249185	10675.882	-8.94
185819	39.127	97.8413	70.0	930.0	10676.0	-8.0
185839	39.143825	97.783243	70.006385	930.02267	10669.527	-2.65
185859	39.159977	97.727213	69.997474	929.641385	10670.121	1.518
185919	39.1752	97.6741	70.0	929.0	10676.0	0.0
185939	39.190937	97.619249	70.000458	929.774323	10671.135	-6.351
185959	39.20743	97.561746	69.999819	929.693169	10667.0	-6.849
190019	39.2241	97.5035	70.0	929.0	10668.0	-0.0
190039	39.240142	97.447294	70.000033	929.669705	10667.401	5.878
190059	39.255829	97.392167	69.999987	926.840759	10670.254	9.56
190119	39.2714	97.3374	70.0	922.0	10676.0	8.0
190139	39.286909	97.282916	70.000003	921.490432	10677.216	-2.319
190159	39.302851	97.226593	69.999997	919.077463	10673.893	-12.157
190219	39.3189	97.1696	70.0	914.0	10668.0	-15.0
190239	39.334174	97.115454	70.000011	912.196338	10661.917	-11.199
190259	39.3493	97.061865	69.999973	911.688165	10659.355	-4.723
190319	39.3647	97.0071	70.0	911.0	10660.0	0.0
190339	39.380198	96.951603	70.000155	910.923338	10660.142	0.426
190359	39.395626	96.896272	69.999663	911.023039	10659.927	-0.061
190419	39.411026	96.840988	69.999897	911.000246	10659.989	0.022
190439	39.426601	96.784784	70.002072	911.021178	10660.184	-0.606
190459	39.442218	96.728623	69.995341	910.941798	10659.604	1.641
190519	39.457638	96.67334	69.998569	910.98164	10659.879	7.667
190539	39.472752	96.618699	70.028852	911.626216	10664.468	13.513
190559	39.488027	96.563268	69.934557	912.170815	10670.798	14.681
190619	39.503473	96.507162	69.961766	912.049277	10675.666	8.939
190639	39.518584	96.451983	70.618868	911.373746	10677.255	-2.08
190659	39.533896	96.395903	71.099368	910.877015	10674.142	-10.377
190719	39.549306	96.339467	71.012444	910.968344	10668.459	-8.826
190739	39.563814	96.286366	70.977231	911.236332	10666.26	2.765
190759	39.578495	96.232447	71.007134	910.526847	10670.529	8.214
190819	39.593787	96.176077	71.000893	909.093024	10675.95	0.943
190839	39.608683	96.121172	70.998365	908.830907	10671.695	-6.825
190859	39.623896	96.064995	71.000512	909.052921	10667.003	-6.614
190919	39.639562	96.006997	71.000064	909.006589	10667.876	-0.437
190939	39.654564	95.9514	70.999883	908.98837	10668.222	0.815
190959	39.669339	95.896276	71.000037	909.002783	10667.942	-0.295
191019	39.684144	95.840749	71.000005	908.999809	10668.0	-0.062
191039	39.698486	95.787251	70.999992	909.006276	10667.923	0.386
191059	39.712961	95.733361	71.000001	908.986038	10668.181	-0.673
191119	39.727819	95.677765	70.999999	908.990732	10668.121	-0.43
191139	39.742527	95.622311	71.00001	909.09949	10666.701	6.313
191159	39.757405	95.566157	70.999979	908.782783	10670.742	5.768
191219	39.772424	95.509409	70.999986	908.057404	10676.197	-6.69
191239	39.78695	95.453964	71.000148	907.80259	10667.102	-15.98
191259	39.80168	95.397954	70.999701	908.268501	10657.581	-10.615
191319	39.816749	95.341145	70.999644	908.944051	10658.932	4.759
191339	39.831163	95.286454	71.002013	908.908282	10664.962	9.827
191359	39.845434	95.231729	70.996979	909.255801	10668.34	7.166
191419	39.860082	95.175315	70.995253	910.703436	10667.809	7.188
191439	39.874537	95.119886	71.027837	911.854012	10671.206	13.225
191459	39.888949	95.064371	70.957969	911.854885	10678.206	13.447
191519	39.903633	95.007374	70.933891	911.084347	10683.012	2.252
191539	39.918459	94.950285	71.539407	911.068031	10679.456	-5.989
191559	39.932624	94.895585	72.086585	910.744589	10675.621	-8.214
191619	39.946253	94.842318	72.02678	909.288679	10676.308	-7.953
191639	39.961109	94.784513	71.974228	908.202424	10671.896	-8.736
191659	39.976051	94.726473	72.006216	908.04936	10667.258	-6.71
191719	39.990009	94.671942	72.001923	908.126054	10667.773	-0.837
191739	40.004189	94.616267	71.99815	906.899234	10668.201	0.846
191759	40.018431	94.560268	72.000446	905.874449	10667.977	-0.293
191819	40.032458	94.505098	72.000138	906.024812	10668.032	-0.225
191839	40.046852	94.448281	71.999867	905.284339	10667.734	1.035
191859	40.061105	94.391835	72.000032	903.320923	10668.422	-1.556
191919	40.074977	94.336803	72.00001	901.251537	10668.669	-7.537
191939	40.089372	94.279667	71.99999	900.754692	10662.859	-5.492
191959	40.103733	94.222533	72.000003	901.074472	10660.619	2.514
192019	40.117413	94.167867	72.000001	901.046045	10666.957	7.953
192039	40.130822	94.114073	71.999996	900.672677	10669.045	4.391
192059	40.144454	94.059338	72.000004	899.66677	10667.79	-0.701
192119	40.158481	94.002987	72.000008	898.244413	10667.907	-0.311
192139	40.172496	93.946334	71.999963	897.770416	10668.073	0.244
192159	40.18635	93.890262	72.000047	898.10497	10667.985	-0.05
192219	40.200195	93.834386	72.000106	898.170885	10667.993	-0.022
192239	40.214339	93.776962	71.999484	896.986505	10668.005	0.017
192259	40.228345	93.719852	72.000658	895.849108	10667.999	-0.004
192319	40.241788	93.665083	72.001481	895.935016	10667.999	-0.001
192339	40.255045	93.611108	71.992815	896.040651	10668.001	0.0
192359	40.26867	93.555351	72.009163	896.00476	10668.0	0.001
192419	40.282555	93.498166	72.02063	896.030444	10667.999	0.003
192439	40.295518	93.444931	71.899929	895.707612	10668.004	-0.015
192459	40.308769	93.390533	72.132253	894.652723	10667.995	0.019
192519	40.323063	93.331537	72.866048	893.222684	10667.988	0.042
192539	40.336123	93.277315	73.106934	892.865882	10668.06	-0.209
192559	40.348844	93.224268	72.982291	892.980825	10667.941	0.205
192619	40.362701	93.166481	72.988741	892.859748	10667.81	0.658
192639	40.376483	93.109145	73.007457	893.851446	10668.786	-3.535
192659	40.389709	93.053826	72.998729	895.196036	10667.165	-8.686
192719	40.402726	92.998791	72.999192	895.789116	10661.265	-8.843
192739	40.416184	92.942081	73.000535	896.79557	10659.391	-4.862
192759	40.429793	92.884854	72.999909	898.310944	10659.911	1.309
192819	40.443049	92.828832	72.999943	900.195869	10659.345	6.991
192839	40.456261	92.772855	73.000035	903.378091	10663.843	8.632
192859	40.469721	92.715749	72.999997	906.482517	10668.312	7.885
192919	40.483216	92.658416	73.000006	907.825053	10667.61	7.906
192939	40.495749	92.605061	72.99996	908.301853	10671.624	8.155
192959	40.508168	92.55186	73.000044	909.311551	10676.395	7.878
193019	40.521593	92.494046	73.000144	910.882876	10675.802	7.625
193039	40.535227	92.435606	72.999403	910.236593	10678.79	9.537
193059	40.548674	92.37771	73.000621	908.865561	10683.706	6.368
193119	40.561844	92.320283	73.002007	908.991217	10683.974	-5.345
193139	40.574531	92.265298	72.991681	908.571631	10679.364	-9.733
193159	40.587313	92.209922	73.008645	907.960374	10675.781	-7.643
193219	40.600683	92.151394	73.02795	908.074168	10676.401	-7.58
193239	40.613919	92.093527	72.884125	907.316763	10672.581	-9.112
193259	40.626733	92.037495	73.122772	905.644307	10667.351	-6.929
193319	40.639386	91.981854	73.899997	904.207299	10667.298	-0.54
193339	40.652478	91.924338	73.703182	904.097235	10669.222	-3.244
193359	40.665637	91.866591	72.914307	903.824652	10667.181	-7.993
193419	40.678372	91.81051	72.843641	901.741461	10660.604	-2.343
193439	40.691545	91.752189	73.457019	900.125593	10663.263	2.072
193459	40.70472	91.693667	74.048126	900.090825	10667.948	-0.907
193519	40.7171	91.638585	74.045286	900.919615	10662.104	-7.358
193539	40.729518	91.583099	73.97408	900.572431	10658.81	-5.217
193559	40.742069	91.526949	74.003455	900.026895	10660.193	0.381
193619	40.754488	91.471378	74.003251	900.839074	10660.344	-0.204
193639	40.76726	91.413551	73.998139	900.776928	10659.189	2.894
193659	40.780094	91.355085	74.000248	901.2757	10660.6	8.615
193719	40.792528	91.298798	74.000234	903.743349	10666.423	9.179
193739	40.805152	91.24199	73.999866	902.796193	10668.844	4.404
193759	40.817756	91.185076	74.000018	901.014832	10667.888	-0.408
193819	40.829956	91.129403	74.00002	903.16289	10667.893	-0.481
193839	40.842528	91.071982	73.999988	904.249738	10668.012	0.382
193859	40.855494	91.012654	74.000002	904.053561	10668.021	-0.112
193919	40.868202	90.954033	74.000011	905.463903	10668.204	-0.768
193939	40.880228	90.898521	73.999968	906.27643	10667.325	2.881
193959	40.892242	90.843175	74.000017	905.96003	10668.373	8.404
194019	40.90503	90.784123	74.000138	905.828737	10674.121	9.301
194039	40.917442	90.726382	73.99956	906.45228	10676.901	4.565
194059	40.929653	90.669355	74.00024	905.759309	10675.898	-0.199
194119	40.942421	90.609864	74.001919	902.128635	10675.703	0.21
194139	40.954495	90.553284	73.993877	900.57549	10676.618	-2.329
194159	40.965959	90.499114	74.003347	900.98852	10675.688	-8.604
194219	40.977918	90.442506	74.026723	900.192603	10670.41	-13.502
194239	40.990545	90.383036	73.914714	900.292577	10664.868	-16.641
194259	41.003119	90.323716	74.046908	901.020417	10659.349	-14.328
194319	41.014876	90.267641	74.766574	900.832692	10653.482	-4.062
194339	41.026509	90.212367	75.108118	901.936587	10655.462	4.12
194359	41.038274	90.15649	74.989663	904.2105	10660.115	8.438
194419	41.050031	90.09996	74.982355	905.714572	10658.874	13.253
194439	41.062076	90.042096	75.014936	906.115635	10665.925	16.747
194459	41.074321	89.983444	74.995337	905.993839	10676.596	14.329
194519	41.086376	89.925305	74.967427	906.026725	10676.738	4.143
194539	41.098087	89.868045	75.100986	905.866298	10676.209	-4.425
194559	41.109913	89.810836	74.945059	906.077761	10675.666	-8.265
194619	41.122055	89.75283	74.561619	907.410393	10669.912	-9.122
194639	41.132761	89.695298	76.665316	908.667822	10667.183	-4.522
194659	41.14185	89.637654	79.290405	908.968901	10668.162	0.512
194719	41.150477	89.578426	79.184642	908.799238	10668.141	0.194
194739	41.159369	89.518114	78.877687	910.22266	10667.742	0.441
194759	41.168229	89.458258	79.020887	912.354299	10668.215	-0.683
194819	41.176611	89.399832	79.013376	913.631852	10668.666	-6.347
194839	41.184973	89.341571	78.990725	915.117347	10664.449	-10.127
194859	41.193524	89.282488	79.002012	917.589502	10659.329	-6.489
194919	41.202199	89.22235	79.002618	920.462683	10659.201	4.579
194939	41.210837	89.161823	78.992463	921.301976	10662.954	13.94
194959	41.219413	89.101459	79.007297	920.984502	10669.5	13.997
195019	41.227988	89.041369	79.026057	921.571238	10675.628	3.973
195039	41.236611	88.981066	78.908423	922.975876	10673.214	-5.71
195059	41.245172	88.921067	79.07371	924.086837	10667.501	-7.627
195119	41.253568	88.861784	79.801648	924.52126	10667.542	-1.829
195139	41.261976	88.801605	80.106258	926.698492	10668.221	1.132
195159	41.270482	88.740118	79.985835	929.241039	10668.003	-0.264
195219	41.279031	88.678152	79.986671	929.817849	10668.154	-0.778
195239	41.287443	88.617015	80.007631	930.793525	10667.341	3.096
195259	41.295607	88.557347	79.998981	932.143704	10668.546	8.688
195319	41.303631	88.498268	79.999036	932.726849	10674.216	9.713
195339	41.311979	88.436683	80.000577	933.83975	10677.571	1.723
195359	41.320429	88.374266	79.999948	935.077953	10675.574	-8.773
195419	41.32855	88.31412	79.999921	935.188463	10670.007	-10.587
195439	41.336765	88.25352	80.00004	934.675253	10666.34	-1.008
195459	41.345134	88.191958	79.999996	935.154966	10668.549	8.314
195519	41.35337	88.130989	79.999992	937.382283	10675.041	3.754
195539	41.361381	88.070617	80.000011	938.080733	10673.761	-5.091
195559	41.369419	88.009493	79.999995	938.101345	10667.616	-7.773
195619	41.377716	87.946818	79.999963	940.177723	10667.353	-1.89
195639	41.385793	87.885606	80.000118	941.591004	10668.519	0.199
195659	41.393575	87.826047	79.999936	940.832747	10667.847	0.346
195719	41.401393	87.765757	79.999486	938.69695	10666.951	6.504
195739	41.40952	87.703044	80.001641	937.489317	10671.749	6.785
195759	41.417703	87.639775	79.999103	936.896966	10675.93	-0.888
195819	41.425523	87.578903	79.992836	935.455728	10670.381	-7.727
195839	41.433225	87.518833	80.022862	934.779429	10666.724	-4.858
195859	41.440978	87.458195	79.987505	935.026413	10668.204	-0.002
195919	41.448778	87.396796	79.900225	935.085605	10668.969	-5.432
195939	41.456571	87.335429	80.382431	934.80669	10664.814	-9.648
195959	41.464261	87.274408	81.037522	935.099484	10659.733	-7.61
200019	41.471836	87.213306	81.057422	936.569413	10659.762	-2.431
200039	41.47957	87.15119	80.971169	937.106235	10659.555	3.61
200059	41.487247	87.089679	81.002694	937.039256	10660.347	8.353
200119	41.494552	87.030326	81.004123	937.83462	10666.046	9.347
200139	41.502061	86.968835	80.997929	937.808605	10669.056	4.124
200159	41.509762	86.905891	81.000194	938.161212	10667.82	0.07
200219	41.51728	86.84468	81.000299	940.53749	10667.095	5.524
200239	41.524897	86.782204	80.999842	940.332801	10671.052	9.652
200259	41.532469	86.71943	81.000008	937.903834	10676.136	7.81
200319	41.539664	86.659454	81.000034	937.029859	10676.263	2.745
200339	41.546945	86.599222	80.99996	936.995466	10676.416	-3.364
200359	41.554368	86.537502	81.000009	937.001125	10675.832	-8.168
200419	41.561633	86.475524	81.000145	937.019105	10670.189	-9.224
200439	41.568933	86.413434	80.999592	936.946064	10667.123	-5.073
200459	41.576263	86.351407	81.000115	937.015213	10668.043	0.151
200519	41.583425	86.289816	81.001999	937.264616	10668.142	0.491
200539	41.590463	86.228809	80.99433	936.150838	10667.937	-0.218
200559	41.59756	86.167389	81.0016	935.005703	10668.003	0.011
200619	41.604806	86.104802	81.027839	936.347514	10668.01	0.035
200639	41.61178	86.04411	80.921034	937.228186	10667.995	-0.016
200659	41.618653	85.983686	81.022325	936.999144	10668.0	0.001
200719	41.625891	85.919822	81.730746	937.176585	10668.001	0.003
200739	41.632859	85.857998	82.107706	936.295019	10668.0	-0.001
200759	41.639538	85.798598	81.99466	934.969496	10668.0	0.0
200819	41.646417	85.737508	81.982607	935.046679	10668.0	0.0
200839	41.653195	85.676463	82.007733	934.450899	10668.0	-0.0
200859	41.659945	85.614959	81.999617	932.934656	10668.0	0.0
200919	41.666941	85.551443	81.998751	932.125924	10668.0	0.0
200939	41.673558	85.491006	82.000555	931.965487	10668.0	-0.0
200959	41.680039	85.431163	81.999972	931.999099	10668.0	0.0
201019	41.687083	85.366069	81.99991	931.952254	10668.0	-0.0
201039	41.693787	85.304916	82.00004	932.153102	10668.0	0.0
201059	41.700124	85.246992	81.999998	931.955948	10668.0	-0.0
201119	41.706836	85.183795	81.999991	930.546628	10668.0	-0.0
201139	41.713584	85.119792	82.000011	929.762824	10668.0	0.0
201159	41.720011	85.05906	81.999998	930.016769	10668.0	-0.0
201219	41.726117	85.001203	81.999961	930.140539	10668.0	-0.0
201239	41.732425	84.940649	82.000109	929.635358	10668.0	0.001
201259	41.739032	84.876913	81.999969	928.982294	10668.0	-0.0
201319	41.745567	84.814172	81.999464	928.962921	10668.001	-0.004
201339	41.751745	84.753775	82.001519	928.955892	10667.997	0.011
201359	41.757811	84.693629	81.999571	929.018943	10668.001	-0.003
201419	41.764212	84.63094	81.992541	929.691352	10668.016	-0.055
201439	41.770545	84.568844	82.021159	930.208729	10667.955	0.156
201459	41.776598	84.508832	81.994028	929.966572	10668.013	-0.044
201519	41.782552	84.449272	81.896104	929.153012	10668.222	-0.768
201539	41.788768	84.386901	82.344	929.228942	10667.372	2.571
201559	41.795111	84.322949	83.01993	930.029178	10668.178	8.21
201619	41.801149	84.261483	83.064912	930.15581	10673.83	9.406
201639	41.807035	84.20173	82.97114	929.751866	10676.907	4.86
201659	41.813003	84.14132	83.001431	930.061728	10675.944	-0.104
201719	41.819109	84.078804	83.00466	931.733328	10675.638	0.289
201739	41.82498	84.01725	82.997928	931.359667	10676.694	-2.368
201759	41.83069	83.956637	83.000103	929.996279	10675.818	-8.218
201819	41.836611	83.894474	83.000335	931.33278	10670.144	-9.385
201839	41.842558	83.832025	82.999851	932.187772	10667.143	-5.002
201859	41.848389	83.770113	83.000007	932.014143	10668.043	0.147
201919	41.854128	83.708548	83.000025	932.790594	10668.138	0.48
201939	41.859848	83.647445	82.999987	932.777247	10667.938	-0.213
201959	41.865587	83.58577	83.000001	931.975726	10668.003	0.011
202019	41.87133	83.522508	83.000012	931.949538	10668.01	0.034
202039	41.877017	83.460245	82.99997	931.938272	10667.996	-0.015
202059	41.882573	83.399799	83.000008	932.02632	10668.0	0.001
202119	41.888009	83.339547	83.000144	932.826935	10668.001	0.002
202139	41.893631	83.277367	82.999593	932.770858	10668.0	-0.001
202159	41.899384	83.213727	83.000115	931.973347	10668.0	0.0
202219	41.904915	83.151169	83.001999	931.895555	10668.0	0.0
202239	41.910138	83.091054	82.994331	932.098339	10668.0	-0.0
202259	41.915371	83.030906	83.0016	931.980729	10668.0	0.0
202319	41.920979	82.967252	83.027839	931.005829	10668.0	0.0
202339	41.926476	82.903789	82.921034	928.050442	10668.0	-0.0
202359	41.931654	82.842582	83.022325	921.564082	10668.0	0.0
202419	41.936712	82.782605	83.730746	912.071051	10668.0	0.001
202439	41.941828	82.722008	84.107706	907.657478	10668.001	-0.003
202459	41.946953	82.661193	83.99466	909.103388	10668.0	0.001
202519	41.951945	82.601625	83.982607	910.652879	10667.996	0.015
202539	41.957003	82.54127	84.007733	911.130096	10668.012	-0.042
202559	41.962157	82.479497	83.999617	910.993612	10667.997	0.012
202619	41.967213	82.417958	83.998751	910.980258	10667.941	0.206
202639	41.971979	82.359293	84.000556	911.005643	10668.169	-0.584
202659	41.976638	82.301539	83.999972	911.000585	10667.952	0.165
202719	41.98155	82.240333	83.999908	911.016736	10667.172	5.612
202739	41.986537	82.177564	84.000048	910.948912	10670.743	9.526
202759	41.991443	82.115428	83.999996	911.014576	10676.162	7.769
202819	41.996252	82.054558	83.999955	911.254047	10676.563	1.854
202839	42.001021	81.99356	84.000112	910.131241	10675.645	-0.343
202859	42.005733	81.933026	83.999969	907.894073	10676.046	-0.09
202919	42.010338	81.87436	83.999464	906.317925	10676.647	-4.858
202939	42.01493	81.814652	84.001519	905.944467	10673.86	-11.699
202959	42.019529	81.753665	83.999571	905.985625	10667.664	-14.989
203019	42.024075	81.693563	83.992541	904.974897	10661.653	-11.078
203039	42.028559	81.633831	84.021159	902.399338	10659.322	-4.2
203059	42.033024	81.573674	83.994028	899.931421	10660.044	0.071
203119	42.037507	81.513149	83.896104	899.776636	10660.326	-0.4
203139	42.041898	81.454071	84.344	900.099301	10659.32	2.427
203159	42.046217	81.395307	85.01993	899.995078	10660.182	8.212
203219	42.050563	81.334388	85.064912	899.984002	10665.869	9.322
203239	42.05483	81.274133	84.97114	900.00702	10668.813	5.163
203259	42.059008	81.215145	85.001431	899.999678	10667.97	-0.192
203319	42.063196	81.155663	85.00466	899.99939	10668.085	-1.255
203339	42.067451	81.095928	84.997928	899.998977	10667.427	2.806
203359	42.071822	81.034654	85.000103	900.000408	10668.176	8.194
203419	42.076268	80.970844	85.000335	900.007455	10673.848	9.267
203439	42.080449	80.910077	84.999851	899.978656	10676.832	5.171
203459	42.084398	80.852396	85.000007	900.006033	10675.967	-0.188
203519	42.088407	80.79343	85.000024	900.104983	10676.028	-1.164
203539	42.092356	80.734514	84.99999	899.603608	10675.585	2.536
203559	42.096302	80.675063	85.0	897.877648	10676.132	8.27
203619	42.100392	80.613338	84.999999	894.7233	10680.733	10.602
203639	42.104325	80.553034	85.000007	890.835006	10684.814	0.643
203659	42.108089	80.494232	84.999998	887.914045	10682.664	-15.666
203719	42.111905	80.434409	84.999962	887.234221	10672.55	-22.987
203739	42.115621	80.376356	85.000109	886.302474	10664.248	-20.881
203759	42.119287	80.318961	84.999969	884.963312	10659.759	-14.711
203819	42.123089	80.258666	84.999464	884.926791	10654.576	-9.985
203839	42.12685	80.198662	85.001521	884.896331	10652.483	-5.243
203859	42.130479	80.139963	84.999571	885.0428	10652.998	0.276
203919	42.134061	80.080721	84.992534	886.469853	10652.522	5.648
203939	42.137747	80.020373	85.021179	887.21864	10654.945	10.815
203959	42.141484	79.959906	84.994022	888.106549	10660.26	15.18
204019	42.145099	79.900696	84.896007	891.095151	10665.254	16.623
204039	42.148652	79.841685	85.344275	892.062218	10672.04	10.487
204059	42.152175	79.782107	86.019852	893.197066	10675.948	-0.518
204119	42.155644	79.722084	86.063562	900.205264	10670.567	-7.625
204139	42.159107	79.662206	85.974968	907.886407	10666.955	-5.689
204159	42.162573	79.601732	86.000351	910.997962	10668.052	0.182
204219	42.165992	79.53993	85.985868	908.111549	10668.167	0.596
204239	42.169309	79.480169	86.051233	903.673038	10667.929	-0.279
204259	42.172563	79.421732	85.985057	900.919138	10668.003	0.018
204319	42.175871	79.360849	85.73859	900.200419	10667.993	0.126
204339	42.179228	79.298348	86.935934	899.600124	10668.043	-0.235
204359	42.180987	79.237021	90.119446	900.866264	10667.902	0.463
204419	42.179325	79.177543	94.217198	905.240369	10667.839	0.751
204439	42.174541	79.116537	97.760963	907.696913	10668.719	-6.004
204459	42.167225	79.057033	100.866992	908.235857	10664.61	-11.076
204519	42.156796	78.998823	104.990076	909.394718	10659.583	-7.661
204539	42.143048	78.939253	109.241396	911.023761	10660.001	0.792
204559	42.12832	78.88054	109.369418	909.649438	10659.356	6.599
204619	42.114002	78.823376	108.814515	908.68326	10662.983	9.199
204639	42.099857	78.766198	109.017331	909.034811	10668.307	7.578
204659	42.08515	78.707581	109.026523	909.093882	10668.465	1.809
204719	42.070721	78.650437	108.986682	908.817756	10667.78	-0.878
204739	42.056449	78.59421	109.001245	909.090266	10668.013	0.107
204759	42.041696	78.536502	109.001906	910.491583	10667.963	0.357
204819	42.027086	78.479097	108.999038	911.42132	10668.208	-0.822
204839	42.012522	78.421812	109.000092	912.113645	10667.878	0.425
204859	41.997461	78.363142	109.000167	913.566305	10666.94	6.462
204919	41.982228	78.303968	108.999902	914.050109	10671.317	7.003
204939	41.967153	78.2454	109.000012	914.030556	10676.003	-0.466
204959	41.952314	78.18786	109.000166	915.642435	10671.162	-8.098
205019	41.93744	78.130128	108.999621	918.54731	10666.39	-3.742
205039	41.9224	78.0719	109.0	921.0	10668.0	8.0
205059	41.907314	78.014053	109.002165	921.252149	10673.63	10.073
205119	41.892456	77.957082	108.995309	920.916137	10676.592	5.803
205139	41.877652	77.900182	108.998567	920.996337	10676.002	0.288
205159	41.862323	77.841631	109.028866	920.989294	10676.652	-5.331
205219	41.846599	77.781771	108.935086	921.085265	10674.039	-9.652
205239	41.830967	77.722316	108.98007	921.922771	10668.225	-8.347
205259	41.815893	77.665108	109.656	923.688331	10666.484	2.442
205319	41.800958	77.60863	110.103896	923.459567	10670.408	10.033
205339	41.785857	77.551658	110.005972	921.999267	10675.843	8.221
205359	41.770682	77.494393	109.978841	923.437037	10676.412	3.06
205419	41.755404	77.436857	110.007459	923.476678	10676.184	-2.365
205439	41.739617	77.377745	110.000429	921.085343	10676.108	-7.708
205459	41.722961	77.315851	109.998481	920.656776	10671.594	-13.389
205519	41.707054	77.25678	110.000535	921.242923	10665.138	-14.668
205539	41.692333	77.201842	110.000031	921.943798	10660.172	-8.494
205559	41.677409	77.145955	109.999892	923.369084	10658.688	2.902
205619	41.661762	77.0877	110.000037	924.216245	10662.296	10.012
205639	41.645787	77.028792	110.000002	924.914641	10667.824	8.262
205659	41.630223	76.971749	110.000002	927.545514	10668.724	2.057
205719	41.614106	76.912677	109.99998	929.696748	10667.504	0.186
205739	41.597758	76.852623	109.999987	930.016623	10667.813	0.463
205759	41.582843	76.797883	110.000139	929.853852	10669.749	-15.575
205819	41.567349	76.741265	109.999724	930.279099	10663.731	-78.662
205839	41.550634	76.680437	109.99982	930.181196	10628.389	-180.989
205859	41.534853	76.623129	110.001931	926.983291	10541.678	-264.225
205919	41.518832	76.564936	109.996153	924.339622	10437.159	-294.638
205939	41.502291	76.504948	109.997486	924.031261	10342.159	-283.28
205959	41.487053	76.450075	110.026902	923.096221	10251.241	-278.673
210019	41.471695	76.394738	109.946421	921.094277	10158.198	-285.196
210039	41.45534	76.3357	109.964989	917.515125	10060.876	-290.14
210059	41.439185	76.277856	110.590698	911.611799	9962.51	-284.177
210119	41.423678	76.22257	111.153292	908.495512	9870.193	-284.131
210139	41.408287	76.167741	111.047466	910.630562	9778.915	-295.912
210159	41.391948	76.109743	110.386874	914.660962	9672.82	-301.324
210219	41.375487	76.051197	109.853005	918.272821	9569.949	-290.908
210239	41.359575	75.994494	109.952865	919.170811	9480.722	-293.267
210259	41.343834	75.938796	110.61754	915.809675	9386.634	-367.746
210319	41.327856	75.882505	111.135447	913.743837	9249.337	-497.697
210339	41.311379	75.824504	111.039317	911.703607	9052.266	-622.894
210359	41.294581	75.765532	110.682693	900.042487	8818.743	-675.998
210419	41.279012	75.711428	111.642882	888.049765	8591.571	-670.539
210439	41.263218	75.660326	113.412634	878.784514	8377.732	-658.153
210459	41.244936	75.605941	113.974314	866.335958	8153.196	-663.497
210519	41.227475	75.553778	114.02247	856.184979	7929.921	-650.649
210539	41.210758	75.503335	113.994532	847.125123	7717.949	-639.271
210559	41.193787	75.452602	113.998237	836.331635	7511.21	-632.147
210619	41.17694	75.402328	114.002136	825.134491	7290.735	-561.714
210639	41.159961	75.35168	113.998818	821.079201	7109.758	-397.711
210659	41.142915	75.300947	113.998632	825.346341	7018.382	-182.718
210719	41.126709	75.25289	114.007436	825.774926	7001.375	-36.017
210739	41.1102	75.204179	113.988919	823.519692	7013.495	13.89
210759	41.092812	75.153038	113.982607	828.790911	7018.299	3.261
210819	41.076137	75.103896	114.101963	851.571665	7013.767	-5.635
210839	41.058752	75.052281	113.845457	870.123803	7009.471	-10.286
210859	41.039794	74.996515	113.709523	870.848628	7010.152	-7.684
210919	41.021677	74.945396	115.379463	874.136948	7008.098	32.432
210939	41.005602	74.894821	112.191037	866.351312	7012.534	-41.59
210959	40.993282	74.840117	103.031206	843.299893	7000.168	-240.857
211019	40.986333	74.786068	98.786504	834.278554	6916.141	-309.034
211039	40.981459	74.732028	98.004331	830.318325	6795.19	-318.028
211059	40.975579	74.677061	97.983407	821.071212	6674.391	-356.992
211119	40.969361	74.622544	98.009351	813.387905	6549.192	-393.209
211139	40.963583	74.569694	98.001573	810.171401	6414.808	-409.942
211159	40.957907	74.518196	97.973234	805.677403	6276.452	-437.462
211219	40.951996	74.465163	98.058194	801.164722	6123.964	-452.548
211239	40.945991	74.411134	98.017774	798.12595	5966.371	-401.53
211259	40.940341	74.360019	97.641871	793.892025	5840.448	-249.359
211319	40.934522	74.309535	98.83663	777.156885	5784.18	-117.568
211339	40.928889	74.258945	99.293143	743.954139	5789.404	-59.603
211359	40.924516	74.211074	94.271538	703.528963	5797.177	-24.982
211419	40.919186	74.166952	95.686291	676.129885	5757.816	-102.346
211439	40.909603	74.126887	115.995152	678.550917	5638.011	-373.062
211459	40.893853	74.090268	125.449854	671.103098	5506.494	-471.964
211519	40.87484	74.05404	122.872145	654.371761	5372.724	-428.677
211539	40.856158	74.016041	122.490526	648.139529	5215.762	-443.045
211559	40.838545	73.979478	123.533979	644.903783	5060.532	-464.238
211619	40.821618	73.945047	123.652479	639.364919	4914.099	-459.495
211639	40.804571	73.910284	122.115369	633.396727	4759.671	-458.547
211659	40.787351	73.875299	122.752503	629.130164	4602.393	-449.725
211719	40.769507	73.842836	130.605872	626.285068	4464.586	-400.137
211739	40.74676	73.813572	135.948281	616.6199	4333.599	-382.625
211759	40.722525	73.78661	138.635686	604.026464	4205.2	-398.416
211819	40.700194	73.760628	139.617693	595.199865	4074.238	-421.849
211839	40.678051	73.734458	135.841791	592.340333	3925.734	-439.916
211859	40.656054	73.710602	143.169269	586.538626	3772.685	-465.597
211919	40.631069	73.695045	162.792955	574.19806	3610.463	-532.319
211939	40.603019	73.686617	168.757698	564.703294	3421.257	-554.607
211959	40.575189	73.678088	166.879691	556.031473	3236.404	-592.389
212019	40.546486	73.669045	167.021291	553.123525	3021.587	-746.021
212039	40.520422	73.661196	167.107702	564.059202	2745.172	-640.181
212059	40.492263	73.652189	166.417613	560.633236	2593.195	-425.485
212119	40.466009	73.644407	169.533333	552.131323	2449.809	-394.252
212139	40.439596	73.647142	197.870302	525.618617	2342.147	-309.476
212159	40.420388	73.665603	231.937981	468.573565	2239.343	-422.175
212219	40.408804	73.690904	245.166144	441.300938	2110.422	-450.785
212239	40.400541	73.717938	245.288607	438.525948	1942.299	-497.111
212259	40.391444	73.743978	244.622594	442.75912	1725.318	-689.371
212319	40.382331	73.772199	254.506107	450.526248	1467.906	-721.739
212339	40.384606	73.799771	291.377576	452.829574	1259.965	-425.111
212359	40.395004	73.828089	296.380237	431.970934	1180.239	-224.184
212419	40.403572	73.851685	296.19226	417.564455	1089.325	-234.181
212439	40.411359	73.874156	295.258227	403.569995	1016.573	-313.222
212459	40.427023	73.890805	336.271772	386.024733	878.593	-392.132
212519	40.445778	73.893853	372.593337	370.119007	759.457	-429.751
212539	40.464193	73.892933	261.044129	369.982306	589.063	-486.199
212559	40.480384	73.883231	-22.677746	363.18794	435.684	-253.925
212619	40.495086	73.871722	44.734241	351.761552	401.066	-62.869
212639	40.510991	73.859469	37.430614	359.34046	398.206	-8.856
212659	40.526666	73.847427	25.432949	344.146803	385.295	20.977
212719	40.540689	73.836531	31.076128	303.770758	423.191	-169.481
212739	40.552286	73.827397	31.279244	263.446995	393.894	-337.36
212759	40.561906	73.819759	30.812711	248.569287	-49.328	490.825
212819	40.573978	73.810451	30.985212	236.200003	502.249	-446.189
212839	40.585863	73.801364	30.387855	231.094793	890.41	-1537.103
212859	40.595541	73.793853	29.721946	239.24327	434.39	-1200.269
212919	40.604779	73.786516	30.056891	246.087228	-8.652	-385.573
212939	40.614929	73.778438	31.111319	244.675385	8.085	34.602
212959	40.625547	73.770247	30.869887	246.238855	-9.45	-40.444
