161408	33.9369	118.4089	263.0	320.0	76.0	0.0
161428	33.933379	118.426825	250.531631	314.015436	337.007	811.285
161448	33.92329	118.44102	222.348173	320.850908	568.414	463.959
161508	33.911087	118.454389	222.490846	357.684284	666.766	285.557
161528	33.8959	118.4706	221.0	406.0	754.0	222.0
161548	33.87974	118.48737	220.977659	467.336041	821.441	538.349
161608	33.861619	118.505825	220.753837	487.33304	1045.459	745.029
161628	33.844184	118.525687	223.995256	482.406008	1352.361	904.436
161648	33.822506	118.541597	203.452501	484.113023	1662.925	790.449
161708	33.798222	118.544605	176.206137	501.457068	1896.058	630.155
161728	33.773977	118.538868	168.031168	523.08755	2088.727	661.295
161748	33.747077	118.532407	168.848303	539.433393	2321.087	696.504
161808	33.719	118.5247	163.0	554.0	2560.0	665.0
161828	33.697391	118.506834	130.975676	583.208153	2766.332	602.667
161848	33.683383	118.475518	108.555897	604.562448	2967.248	530.386
161908	33.67372	118.441579	106.347752	622.917509	3148.821	481.859
161928	33.66332	118.405658	111.388746	651.26606	3291.767	384.029
161948	33.651419	118.366232	109.948506	692.657496	3384.494	258.442
162008	33.645181	118.32261	92.807618	730.49462	3445.888	281.405
162028	33.652927	118.282604	65.636795	740.281424	3572.276	453.93
162048	33.675267	118.247583	48.480632	738.466015	3749.151	569.701
162108	33.700975	118.214543	46.112868	745.96017	3943.908	623.68
162128	33.725798	118.182096	48.43061	752.754372	4159.405	640.479
162148	33.750567	118.149523	48.133087	752.292632	4384.95	617.955
162208	33.776123	118.11592	47.872526	761.213957	4578.842	573.581
162228	33.802266	118.081559	48.02983	774.584532	4755.544	544.211
162248	33.828539	118.047078	48.007847	782.886913	4938.935	541.893
162308	33.854917	118.012611	48.000866	787.802928	5122.459	529.21
162328	33.881908	117.976667	47.900673	796.315932	5291.292	509.656
162348	33.910679	117.942143	41.792918	797.470488	5457.362	480.567
162408	33.942303	117.911728	35.780973	798.357887	5615.81	459.388
162428	33.974778	117.882413	37.162589	810.964151	5760.213	474.596
162448	34.005979	117.853759	37.470733	814.436133	5925.996	496.803
162508	34.038492	117.824506	36.089332	813.652832	6103.773	473.013
162528	34.071136	117.793864	38.702954	824.105667	6253.017	415.619
162548	34.100493	117.760534	47.741851	848.974492	6358.308	385.561
162608	34.127426	117.722071	51.108406	857.974093	6493.288	403.89
162628	34.154279	117.680917	50.941383	859.524542	6643.653	415.679
162648	34.182286	117.639622	50.962734	864.888247	6782.272	393.379
162708	34.210035	117.59873	51.024672	872.000004	6902.467	393.058
162728	34.237064	117.558526	50.995801	878.012264	7031.668	404.655
162748	34.264023	117.518503	50.997356	882.465459	7182.941	394.314
162808	34.29207	117.47674	51.00164	888.360039	7303.744	376.94
162828	34.320086	117.434907	50.999835	893.827012	7416.109	364.017
162848	34.347376	117.394143	51.000251	896.876178	7552.3	354.979
162908	34.376822	117.350096	50.998289	901.69921	7663.669	339.05
162928	34.406839	117.30516	51.001888	906.786344	7763.786	337.819
162948	34.435052	117.262888	51.006161	908.817028	7886.333	357.983
163008	34.463619	117.219911	50.97441	909.278968	8012.71	336.606
163028	34.49238	117.176533	51.026598	911.919587	8118.396	288.326
163048	34.520588	117.134045	51.086001	918.722219	8198.056	265.523
163108	34.549846	117.090182	50.541825	925.711235	8284.862	283.59
163128	34.579747	117.046142	49.931379	929.330245	8388.8	294.953
163148	34.609143	117.003813	49.949848	930.646035	8493.21	265.525
163208	34.638362	116.961483	50.061506	937.789436	8566.544	261.978
163228	34.668139	116.917982	49.960267	943.100878	8646.083	299.687
163248	34.698572	116.873585	49.883866	938.482269	8770.341	340.568
163308	34.728184	116.830267	50.572587	935.882504	8890.452	324.067
163328	34.756614	116.788562	50.9491	937.366195	8986.54	295.365
163348	34.78515	116.746585	50.160275	938.281727	9074.826	305.547
163408	34.816487	116.700182	50.060791	936.49747	9189.945	282.726
163428	34.848222	116.654228	49.817804	938.075636	9287.994	223.626
163448	34.877783	116.613701	48.343987	946.213906	9329.561	201.349
163508	34.908814	116.572127	47.782784	948.157039	9390.154	320.27
163528	34.941126	116.528901	48.037038	937.995522	9531.694	423.878
163548	34.972734	116.486561	48.023548	922.920963	9722.926	339.48
163608	35.003848	116.444812	47.984405	924.277968	9789.026	207.275
163628	35.034782	116.403314	48.002659	933.016333	9800.59	175.438
163648	35.065658	116.361921	48.001689	931.087578	9893.996	256.092
163708	35.09642	116.320486	47.998887	923.154369	10003.449	228.885
163728	35.127152	116.279004	48.000184	915.881727	10063.992	105.592
163748	35.157955	116.237485	48.000099	913.601125	10061.895	14.615
163808	35.188777	116.195788	48.000016	916.643883	10054.999	-10.213
163828	35.219757	116.153903	47.999979	922.278063	10058.142	0.431
163848	35.251075	116.111827	47.999537	927.334532	10058.698	1.162
163908	35.28259	116.06929	48.000991	932.263332	10057.454	0.978
163928	35.313856	116.026798	48.000302	936.816383	10057.879	7.613
163948	35.344575	115.985105	47.993619	939.639965	10062.22	14.052
164008	35.376357	115.941816	48.012359	942.012675	10068.59	13.752
164028	35.409232	115.897105	48.014618	944.571069	10073.529	7.904
164048	35.440748	115.854685	48.220925	946.717437	10074.089	4.871
164108	35.470625	115.810942	51.545079	952.351485	10074.477	-4.281
164128	35.497855	115.762088	58.387587	958.44816	10072.676	-19.083
164148	35.520419	115.710318	63.926621	955.57364	10061.438	-19.008
164208	35.540503	115.659117	65.560402	952.087938	10055.332	-3.643
164228	35.560052	115.608572	64.923984	949.475629	10059.006	8.483
164248	35.580057	115.556984	64.9186	945.694771	10065.579	-0.617
164308	35.600527	115.504204	65.040711	945.66563	10062.267	-19.758
164328	35.621159	115.450996	64.996136	948.172932	10049.647	-30.026
164348	35.641674	115.398105	64.993379	948.403763	10038.416	-18.105
164408	35.662195	115.344764	65.002938	947.511449	10036.277	5.458
164428	35.682613	115.291353	64.999849	948.109972	10043.496	22.36
164448	35.702671	115.238985	64.999386	951.471625	10053.843	19.072
164508	35.722521	115.186982	65.000263	953.409742	10059.563	8.339
164528	35.742351	115.134856	65.000148	953.314403	10058.957	1.275
164548	35.762297	115.082737	64.999945	955.820308	10057.474	0.29
164608	35.7826	115.0297	65.0	961.0	10058.0	0.0
164628	35.803437	114.974557	65.000011	965.179186	10059.172	-6.672
164648	35.824293	114.919328	64.999994	968.850437	10054.903	-5.228
164708	35.8449	114.865	65.0	972.0	10051.0	8.0
164728	35.865326	114.811006	65.000011	973.542711	10060.068	20.293
164748	35.885354	114.757875	64.999973	974.456297	10070.205	19.254
164808	35.905279	114.704961	64.999986	975.003092	10073.873	7.987
164828	35.92578	114.650576	65.000166	974.501683	10074.174	1.804
164848	35.946438	114.595419	64.999818	973.932314	10074.081	-0.655
164908	35.966877	114.540434	64.999599	973.993159	10074.281	-5.752
164928	35.987435	114.485571	65.001935	973.887729	10071.539	-16.702
164948	36.007693	114.43169	64.997534	974.177799	10063.37	-23.394
165008	36.027546	114.378497	64.994449	974.979046	10052.679	-17.525
165028	36.04812	114.323057	65.026924	974.422631	10049.884	-7.039
165048	36.068624	114.267764	64.965663	974.135575	10051.043	1.842
165108	36.088506	114.214233	64.922691	975.051442	10050.616	7.027
165128	36.109357	114.157947	65.5	973.654109	10054.219	10.034
165148	36.129654	114.103084	66.077309	971.715619	10058.801	5.848
165208	36.148328	114.052619	66.034337	971.829102	10058.791	-5.757
165228	36.168197	113.998738	65.973076	972.359894	10054.301	-10.363
165248	36.189132	113.941731	66.005551	971.628463	10050.504	-6.632
165308	36.209689	113.885588	66.002465	970.060622	10050.788	-0.959
165328	36.22943	113.831679	65.998067	971.009402	10051.124	0.891
165348	36.249062	113.778025	66.000399	971.92545	10051.028	-0.398
165408	36.269115	113.723078	66.000177	970.343681	10051.129	-0.638
165428	36.288875	113.668824	65.999861	969.77173	10050.31	3.837
165448	36.308724	113.614305	66.000029	970.003757	10051.926	8.88
165508	36.329101	113.558329	66.000013	969.908314	10057.068	8.882
165528	36.349344	113.502547	65.99999	970.794816	10058.713	3.822
165548	36.369079	113.448008	66.000002	972.404513	10057.844	-0.618
165608	36.38847	113.394324	66.000002	973.710554	10057.891	-0.435
165628	36.40823	113.33945	65.999997	974.123296	10058.053	0.218
165648	36.428177	113.28401	66.000001	973.991341	10057.995	-0.022
165708	36.44776	113.229677	66.00001	974.009033	10057.997	-0.046
165728	36.467482	113.174823	65.999969	973.921326	10057.99	0.066
165748	36.48751	113.118877	66.000017	974.047511	10058.007	-0.029
165808	36.507599	113.062606	66.000136	974.776998	10058.058	-0.221
165828	36.527518	113.006857	65.999566	975.071271	10057.812	0.701
165848	36.547025	112.952191	66.000237	975.010104	10058.103	-0.385
165908	36.566196	112.898148	66.001895	975.14598	10058.82	-5.814
165928	36.586001	112.842189	65.993774	974.424717	10054.938	-5.92
165948	36.6061	112.7854	66.0	974.0	10051.0	0.0
170008	36.625458	112.730682	66.031422	976.07348	10055.224	5.17
170028	36.644803	112.675866	65.942013	979.274685	10058.367	7.624
170048	36.664468	112.619951	65.946479	981.766449	10057.727	7.983
170108	36.683845	112.564717	66.575549	982.652183	10062.423	8.004
170128	36.70322	112.509445	67.102025	983.358989	10066.843	5.785
170148	36.722991	112.45305	67.042202	984.688982	10066.302	1.173
170208	36.743119	112.395569	66.972323	985.298995	10065.998	-1.379
170228	36.763175	112.338078	67.004744	984.837921	10065.799	0.911
170248	36.78278	112.281645	67.003093	983.545494	10065.246	6.199
170308	36.802129	112.226054	66.997565	981.545097	10070.018	5.925
170328	36.8214	112.1707	67.0	980.0	10074.0	0.0
170348	36.840556	112.115382	67.000368	979.974797	10068.692	-6.237
170408	36.859027	112.061809	66.999853	979.681329	10065.5	-8.328
170428	36.8777	112.0076	67.0	978.0	10066.0	-7.0
170448	36.898109	111.948461	67.000035	975.440923	10061.029	-6.721
170508	36.918043	111.890598	66.99999	973.470197	10057.605	-7.129
170528	36.936434	111.836997	66.999997	972.304764	10058.262	-7.747
170548	36.955094	111.782527	67.000003	970.349695	10054.451	-9.074
170608	36.974278	111.726352	66.999998	968.631837	10050.288	-6.412
170628	36.99349	111.66996	66.999998	967.438551	10050.702	-0.419
170648	37.012422	111.614622	67.00001	964.324017	10051.759	-2.605
170708	37.031459	111.5589	66.999984	961.374141	10050.047	-8.419
170728	37.050651	111.502358	66.999949	961.120847	10045.357	-9.35
170748	37.068995	111.448205	67.000094	963.120909	10041.829	-3.509
170808	37.086697	111.395902	67.000076	965.723271	10042.467	5.817
170828	37.105249	111.340912	66.999453	966.750431	10047.617	11.587
170848	37.12486	111.282786	67.000976	967.257172	10052.079	15.403
170908	37.144734	111.223848	67.002588	968.76596	10054.779	19.102
170928	37.16343	111.167874	66.994623	971.51763	10063.427	19.744
170948	37.1811	111.1148	67.0	974.0	10074.0	15.0
171008	37.199302	111.060815	67.03018	974.151564	10074.985	5.179
171028	37.218678	111.002973	66.934652	974.178926	10074.006	-3.058
171048	37.238619	110.942852	66.980046	974.972487	10074.103	-7.766
171108	37.257694	110.885631	67.65608	975.097243	10069.495	-12.81
171128	37.275936	110.830763	68.103884	974.96595	10063.439	-15.92
171148	37.293808	110.776695	68.005976	974.998111	10058.268	-15.133
171208	37.311802	110.72241	67.97873	975.005285	10052.96	-11.12
171228	37.330586	110.665566	68.007734	975.001401	10050.413	-5.226
171248	37.349974	110.606567	68.000897	975.002015	10050.932	-0.277
171308	37.368875	110.548979	67.998357	974.976181	10051.124	0.504
171328	37.386912	110.494043	68.000519	975.048216	10050.961	-0.161
171348	37.404761	110.439621	68.000067	975.031583	10050.995	-0.022
171408	37.4237	110.381635	67.999842	974.464403	10051.008	0.065
171428	37.44273	110.323256	68.000024	973.944742	10051.002	-0.021
171448	37.460996	110.267153	68.000015	973.965784	10051.01	-0.048
171508	37.479579	110.20981	67.99999	974.018687	10050.953	0.182
171528	37.498153	110.152431	68.000002	974.00092	10051.049	-0.186
171548	37.516001	110.097387	68.000001	974.013345	10051.159	-0.601
171608	37.533739	110.042386	68.0	973.934428	10050.327	3.282
171628	37.55199	109.985634	68.0	974.050137	10051.511	8.598
171648	37.570795	109.927244	67.999998	974.240963	10056.566	9.308
171708	37.589099	109.870148	68.000009	972.967031	10058.922	3.784
171728	37.607136	109.813624	67.999993	972.047855	10057.757	0.114
171748	37.625533	109.755957	67.999965	973.53412	10057.21	5.648
171808	37.643467	109.699734	68.000126	974.159474	10061.225	10.486
171828	37.66105	109.644587	67.9999	974.051838	10066.575	6.707
171848	37.678948	109.588389	67.999516	974.390204	10067.159	-4.829
171908	37.697174	109.530945	68.001752	972.160932	10062.348	-10.094
171928	37.715283	109.473722	67.998602	969.925812	10057.652	-7.401
171948	37.733022	109.417629	67.992596	971.337901	10057.854	-2.536
172008	37.751169	109.360106	68.022973	972.264181	10057.334	4.273
172028	37.769264	109.302588	67.987498	972.001582	10058.461	7.961
172048	37.786446	109.24786	67.900237	972.206932	10064.946	3.05
172108	37.803782	109.192535	68.382346	971.087693	10063.676	-4.193
172128	37.821462	109.13595	69.037572	970.016612	10057.695	-8.152
172148	37.839141	109.079198	69.057827	971.415011	10058.029	-7.901
172208	37.857617	109.019946	68.969769	972.27632	10055.9	-9.171
172228	37.876423	108.959634	69.00143	971.98939	10050.81	-7.659
172248	37.89433	108.901981	69.004659	972.00744	10049.79	3.456
172308	37.91144	108.84671	68.997929	971.873094	10053.62	10.37
172328	37.928464	108.791488	69.000103	972.04047	10058.13	7.733
172348	37.946044	108.734208	69.000335	973.402538	10058.434	1.823
172408	37.963649	108.676952	68.999851	974.375041	10057.773	-0.591
172428	37.981183	108.619919	69.000007	973.944518	10058.021	-0.005
172448	37.998871	108.562018	69.000024	972.502088	10058.228	-0.602
172508	38.016052	108.505895	68.999989	971.804143	10057.424	2.386
172528	38.033068	108.450356	69.000001	972.008783	10058.16	8.25
172548	38.050809	108.392043	69.000003	972.012208	10063.436	10.181
172608	38.068444	108.334111	68.999997	972.044499	10067.346	3.33
172628	38.0859	108.2768	69.0	972.0	10066.0	-7.0
172648	38.103868	108.217389	69.000012	971.158009	10060.663	-9.161
172708	38.121603	108.158584	68.999978	968.931163	10057.284	-4.823
172728	38.138786	108.101594	68.999986	967.002604	10057.889	-0.187
172748	38.155992	108.044349	69.000149	968.438268	10058.433	-0.462
172808	38.173124	107.987254	68.999704	968.383474	10057.398	1.917
172828	38.190101	107.930585	68.999807	966.054816	10057.632	7.741
172848	38.207167	107.873408	69.00207	967.607381	10063.612	5.53
172908	38.224428	107.815647	68.995876	969.218206	10065.328	-4.796
172928	38.241612	107.758168	68.997305	967.330742	10058.736	-14.603
172948	38.25824	107.702091	69.028838	963.657061	10052.833	-12.618
173008	38.274954	107.645587	68.942181	961.569016	10050.53	-5.04
173028	38.292044	107.587927	68.945982	961.918528	10050.89	-0.258
173048	38.308899	107.530935	69.580224	962.102639	10051.299	-0.327
173108	38.325281	107.47525	70.09333	961.970583	10050.632	1.324
173128	38.341737	107.419129	70.01904	961.992868	10050.634	7.236
173148	38.359331	107.359289	69.978283	962.017039	10054.981	9.879
173208	38.376742	107.299849	70.002194	961.980993	10058.791	5.734
173228	38.393003	107.243797	69.996578	961.981533	10058.28	0.048
173248	38.409079	107.188232	70.034367	962.135912	10056.751	4.517
173308	38.425926	107.131188	69.950093	961.750611	10060.033	7.856
173328	38.44277	107.072459	70.66205	961.019596	10065.844	1.32
173348	38.456937	107.013412	73.984225	961.496135	10062.087	-6.451
173408	38.469212	106.954071	76.445032	962.104298	10057.05	-6.898
173428	38.48097	106.89493	76.092119	962.008815	10057.804	-0.691
173448	38.492411	106.837427	75.884484	962.088058	10058.242	0.871
173508	38.504015	106.779241	76.031952	961.80064	10057.94	-0.265
173528	38.515922	106.719273	76.006614	961.780813	10057.995	-0.08
173548	38.52765	106.659974	75.991704	964.383162	10057.951	0.291
173608	38.539279	106.600783	76.002299	966.253106	10058.111	-0.419
173628	38.551097	106.540321	76.00048	965.946569	10058.122	-0.43
173648	38.563181	106.478559	75.999365	967.07002	10057.078	4.661
173708	38.574707	106.419366	76.000233	966.015506	10059.715	8.703
173728	38.58562	106.362964	76.000107	961.557152	10065.546	8.104
173748	38.597197	106.303457	75.999409	959.381345	10065.712	8.191
173808	38.608762	106.243971	76.000969	958.755275	10067.677	7.278
173828	38.619825	106.186471	76.00102	958.048559	10073.679	1.462
173848	38.631202	106.126667	75.992365	958.060631	10071.002	-9.94
173908	38.642703	106.066422	76.013334	957.745462	10063.444	-15.213
173928	38.654012	106.007542	76.01417	956.278671	10058.388	-9.186
173948	38.665266	105.948178	75.893708	954.498306	10057.525	-2.432
174008	38.676562	105.888368	76.198412	954.136857	10058.127	0.51
174028	38.687902	105.828505	76.926354	954.261833	10058.022	0.123
174048	38.699158	105.76855	77.091097	950.768167	10058.003	-0.292
174108	38.710058	105.710386	76.974802	947.042838	10057.945	0.323
174128	38.720759	105.653527	76.994784	946.042996	10057.933	0.313
174148	38.731934	105.593958	77.00654	945.675923	10058.514	-3.758
174208	38.742996	105.534551	76.998191	944.386948	10057.009	-10.377
174228	38.753602	105.477307	76.999625	942.990117	10051.937	-14.893
174248	38.764407	105.419231	77.00047	944.251058	10045.743	-12.272
174308	38.775293	105.3602	76.99987	944.763329	10042.407	-5.581
174328	38.786078	105.300985	76.999973	943.118636	10042.863	-0.374
174348	38.796968	105.241661	77.000037	943.68077	10043.292	0.114
174408	38.808041	105.181525	76.99999	945.483382	10042.774	0.582
174428	38.819124	105.121007	76.999996	946.108841	10042.695	6.185
174448	38.829804	105.062475	77.000013	945.20562	10045.945	16.692
174508	38.84022	105.005046	76.999984	947.298889	10053.897	24.416
174528	38.850686	104.946955	76.999975	953.158516	10064.26	23.833
174548	38.861312	104.887847	77.000144	954.893893	10070.904	17.515
174608	38.871813	104.829343	76.999783	953.621023	10075.377	2.107
174628	38.882159	104.771567	76.999591	952.99695	10075.984	-19.071
174648	38.892929	104.711303	77.00194	953.353293	10062.324	-27.858
174708	38.903772	104.650499	76.997534	954.220074	10049.277	-19.487
174728	38.914218	104.591632	76.99445	953.773655	10050.276	-2.992
174748	38.924547	104.532914	77.026916	948.944284	10051.359	2.981
174808	38.934887	104.474148	76.965674	944.313517	10051.192	-1.568
174828	38.94528	104.415374	76.922715	944.523714	10051.659	-7.284
174848	38.955798	104.355349	77.499882	946.616686	10046.578	-6.913
174908	38.966147	104.295675	78.077459	948.312678	10043.003	3.744
174928	38.976239	104.237108	78.034674	949.498156	10048.688	20.14
174948	38.986675	104.17629	77.971235	952.182483	10058.558	25.647
175008	38.997319	104.11427	78.004857	954.113615	10067.514	20.615
175028	39.007691	104.054041	78.00359	953.283929	10072.843	11.883
175048	39.017541	103.996942	77.997956	953.076629	10075.267	-0.002
175108	39.027289	103.940205	78.000273	952.804074	10073.302	-8.679
175128	39.03743	103.880757	78.000256	950.613147	10067.313	-8.642
175148	39.047587	103.82116	77.999853	949.692126	10065.957	-7.621
175208	39.057871	103.760619	78.00002	950.02427	10065.485	-8.06
175228	39.068367	103.698385	78.000018	949.944501	10059.522	-8.1
175248	39.078136	103.640373	77.999989	950.3278	10057.697	-7.778
175308	39.087816	103.582754	78.000002	949.718791	10057.631	-8.16
175328	39.098298	103.520063	78.000002	946.882823	10052.697	-8.832
175348	39.108213	103.460697	77.999997	945.631589	10050.212	-4.916
175408	39.117791	103.403115	78.000001	946.014219	10051.075	0.294
175428	39.128044	103.341044	78.00001	945.864444	10051.122	0.416
175448	39.137925	103.281346	77.999968	946.719451	10050.914	-0.098
175508	39.147473	103.223463	78.000017	948.086427	10051.022	-0.051
175528	39.157424	103.162359	78.000138	948.187855	10051.138	-0.542
175548	39.167227	103.102146	77.99956	947.720725	10050.582	2.329
175608	39.176626	103.044509	78.00024	948.126135	10051.229	8.694
175628	39.185855	102.987594	78.001919	949.755156	10055.567	14.337
175648	39.195335	102.92879	77.993876	949.402697	10061.82	13.452
175708	39.204953	102.868976	78.003349	947.928948	10066.226	7.354
175728	39.214439	102.810021	78.02887	948.05454	10066.326	1.783
175748	39.224285	102.748754	77.920595	947.369729	10066.029	-1.304
175808	39.234178	102.687009	78.022347	945.960021	10065.951	0.231
175828	39.243397	102.629152	78.730817	945.916823	10065.024	6.354
175848	39.252625	102.570601	79.107673	945.849259	10069.231	7.254
175908	39.26207	102.510635	78.994662	944.940039	10074.021	-0.536
175928	39.271363	102.452225	78.982618	943.597924	10069.364	-11.625
175948	39.280545	102.393568	79.007713	942.337973	10062.558	-16.291
180008	39.289764	102.334021	78.999622	940.910341	10057.781	-14.944
180028	39.299102	102.274527	78.998837	938.84912	10053.277	-14.958
180048	39.308392	102.214805	79.000312	937.319361	10047.918	-14.261
180108	39.317556	102.155244	79.000041	938.127506	10042.794	-7.411
180128	39.326705	102.09615	79.001106	941.734752	10041.242	8.087
180148	39.336123	102.034992	78.996648	943.416271	10047.715	21.038
180208	39.34545	101.973845	79.000955	943.003155	10058.468	22.759
180228	39.354086	101.917004	79.016649	943.418411	10064.792	13.01
180248	39.362647	101.860664	78.952759	941.366397	10066.434	3.601
180308	39.371665	101.800891	79.013336	937.884592	10065.98	-0.086
180328	39.381167	101.737357	79.247508	937.092552	10065.97	-0.443
180348	39.390533	101.67682	78.316009	936.541464	10065.913	0.498
180408	39.400103	101.619654	76.85973	934.662086	10066.111	-0.428
180428	39.410599	101.560953	76.792285	932.496007	10066.569	-5.636
180448	39.420991	101.50222	77.486413	931.696936	10063.268	-12.228
180508	39.43099	101.443817	78.044207	932.072738	10057.064	-14.908
180528	39.440919	101.385062	78.041599	932.219491	10052.004	-10.436
180548	39.450886	101.326394	77.97619	931.140829	10050.435	-3.554
180608	39.460905	101.267521	78.003174	929.895245	10051.108	0.151
180628	39.470918	101.20816	78.002987	929.895871	10051.255	-0.457
180648	39.480807	101.149583	77.998291	929.999225	10050.277	3.179
180708	39.490418	101.092689	78.000228	928.644689	10051.559	8.467
180728	39.499872	101.036339	78.000214	925.734844	10056.803	8.523
180748	39.509922	100.975991	77.999877	924.614762	10058.065	7.384
180808	39.519937	100.915636	78.000016	925.046404	10058.449	8.332
180828	39.529089	100.860427	78.000016	925.020543	10064.118	9.481
180848	39.538518	100.803277	77.999989	925.075623	10067.632	1.436
180908	39.548517	100.742612	78.000003	924.919968	10065.291	-8.999
180928	39.55857	100.681779	78.00001	924.152943	10059.475	-9.544
180948	39.568172	100.623485	77.999966	924.068853	10057.212	-4.184
181008	39.57737	100.567175	78.000027	923.871195	10058.107	0.37
181028	39.586556	100.510463	78.000143	922.448485	10058.115	0.396
181048	39.596026	100.451899	77.999558	921.830402	10057.943	-0.197
181108	39.605659	100.392378	78.000241	921.995707	10058.005	0.018
181128	39.615104	100.333987	78.001919	921.445013	10058.009	0.025
181148	39.624258	100.277234	77.993876	920.170667	10057.993	-0.003
181208	39.633312	100.220801	78.003347	918.904497	10058.002	-0.005
181228	39.642552	100.16283	78.026727	918.64765	10058.014	-0.047
181248	39.651956	100.103418	77.914702	919.990932	10057.956	0.156
181308	39.661328	100.0439	78.046915	920.973024	10058.024	-0.086
181328	39.67052	99.985411	78.766628	919.54564	10058.189	-0.684
181348	39.679773	99.926575	79.107948	918.822387	10057.396	2.697
181408	39.689137	99.867037	78.989755	918.974467	10058.332	8.499
181428	39.698386	99.808061	78.982465	917.892473	10063.705	10.185
181448	39.707133	99.752069	79.007731	915.71228	10067.458	2.412
181508	39.715632	99.697305	78.999617	913.95879	10065.781	-8.355
181528	39.724542	99.63956	78.998752	913.966984	10060.024	-9.842
181548	39.733869	99.579492	79.000555	913.618247	10057.188	-4.766
181608	39.743152	99.519776	78.999972	911.889887	10058.043	0.126
181628	39.75188	99.462795	78.99991	909.670015	10058.178	0.256
181648	39.760365	99.407047	79.000041	908.730024	10057.805	0.345
181708	39.769045	99.349861	78.999998	909.015621	10058.042	-0.144
181728	39.778082	99.289908	78.99999	909.089221	10058.684	-5.384
181748	39.786862	99.231222	79.000013	908.847495	10055.737	-10.096
181808	39.795436	99.174122	78.999997	909.03877	10050.819	-7.611
181828	39.804313	99.115831	78.999948	910.346073	10049.816	3.622
181848	39.81307	99.057565	79.000146	911.599316	10053.617	10.259
181908	39.821518	99.000144	78.999959	911.997674	10058.127	7.748
181928	39.829914	98.942829	78.999283	911.827807	10058.384	2.047
181948	39.838691	98.883634	79.002061	912.657603	10057.922	-1.208
182008	39.8475	98.8245	79.0	914.0	10058.0	0.0
182028	39.855647	98.768914	78.989727	914.082082	10057.448	4.659
182048	39.863897	98.712049	79.025904	914.091371	10059.76	11.661
182108	39.8725	98.6527	79.0	914.0	10066.0	15.0
182128	39.880947	98.594438	78.857308	912.608291	10072.68	6.946
182148	39.889231	98.537	79.397675	911.818931	10072.936	-7.331
182208	39.8976	98.4788	80.0	912.0	10066.0	-15.0
182228	39.90624	98.419006	79.271842	911.545108	10058.733	-5.826
182248	39.914626	98.360807	79.171177	910.299591	10060.312	3.079
182308	39.9227	98.3042	80.0	909.0	10066.0	0.0
182328	39.930895	98.246084	80.096632	908.39359	10061.882	-11.281
182348	39.939071	98.18769	79.961766	907.338311	10054.722	-14.864
182408	39.9472	98.1294	80.0	906.0	10051.0	-8.0
182428	39.955453	98.07019	80.006938	905.817003	10050.767	-1.85
182448	39.963729	98.011301	79.997254	906.177504	10050.946	0.979
182508	39.9718	97.9539	80.0	906.0	10051.0	0.0
182528	39.979561	97.897693	80.000502	904.711123	10051.935	1.968
182548	39.987575	97.839385	79.999792	903.513915	10049.07	41.461
182608	39.995888	97.779091	79.999988	903.913606	10063.916	116.162
182628	40.003918	97.720677	80.000053	906.542817	10129.412	180.248
182648	40.011387	97.665952	79.999955	908.786184	10204.101	191.761
182708	40.018729	97.611629	79.99998	911.48288	10259.182	166.511
182728	40.026813	97.551433	80.000193	918.462216	10306.77	170.019
182748	40.03505	97.490153	79.999623	922.849258	10366.538	191.419
182808	40.043004	97.430951	79.999754	922.069549	10439.856	205.38
182828	40.051011	97.370796	80.002631	922.924722	10506.866	203.036
182848	40.058951	97.31123	79.994761	926.926888	10573.184	177.823
182908	40.066726	97.253357	79.996576	931.670685	10633.489	128.15
182928	40.074486	97.195483	80.03664	933.227896	10662.67	62.961
182948	40.082381	97.135849	79.927027	932.727168	10669.069	15.53
183008	40.090319	97.075096	79.952316	932.053368	10668.134	0.472
183028	40.097985	97.016106	80.726323	931.345826	10667.751	-0.842
183048	40.105512	96.957342	80.864213	928.409914	10668.086	0.253
183108	40.113128	96.897505	80.057921	924.250688	10668.015	0.025
183128	40.120924	96.837552	79.907889	923.621673	10667.921	0.024
183148	40.128677	96.778111	80.001884	923.962447	10668.129	-0.151
183208	40.136249	96.719267	79.983325	923.897451	10668.081	-0.109
183228	40.14374	96.660559	80.366889	926.147243	10666.804	2.027
183248	40.15125	96.601251	80.88739	929.257637	10666.918	5.108
183308	40.158857	96.540688	81.047088	930.487164	10671.63	7.095
183328	40.166452	96.480236	81.003212	929.917976	10676.16	8.1
183348	40.17391	96.42129	81.062517	929.186446	10675.532	8.566
183408	40.181426	96.361489	80.776969	928.892983	10679.053	5.828
183428	40.188943	96.300745	81.125068	929.022622	10682.961	-0.8
183448	40.195653	96.240626	83.569355	929.524508	10678.126	-7.601
183508	40.199377	96.180826	87.336767	931.039361	10674.834	-4.893
183528	40.200211	96.121016	90.150701	931.970585	10676.198	-0.015
183548	40.199957	96.060876	90.252153	930.558147	10676.993	-5.573
183608	40.199645	95.999528	89.801765	929.698078	10672.693	-9.174
183628	40.199482	95.938511	90.057333	928.796973	10667.803	-7.874
183648	40.199231	95.879821	90.781525	925.892811	10668.326	-7.676
183708	40.198877	95.821078	91.104303	924.64553	10665.25	-8.606
183728	40.19848	95.75974	90.995065	924.998241	10659.849	-7.86
183748	40.198091	95.69582	90.983925	924.336236	10659.691	-2.907
183808	40.197643	95.635878	91.007147	923.86253	10659.604	3.439
183828	40.197179	95.579106	90.999646	924.006811	10660.167	8.164
183848	40.196786	95.519242	90.998846	924.022109	10665.812	9.199
183908	40.196339	95.457748	91.000514	923.990393	10668.867	5.117
183928	40.195769	95.39645	90.999974	924.000415	10667.96	-0.162
183948	40.195108	95.335838	90.999913	924.000295	10667.913	-0.683
184008	40.194428	95.275915	91.000048	924.002977	10667.907	0.76
184028	40.193767	95.216096	90.999995	923.999032	10668.041	-0.164
184048	40.19311	95.155754	90.999941	924.325017	10668.757	-5.437
184108	40.192402	95.095543	91.000153	926.456025	10665.434	-10.106
184128	40.191664	95.035489	90.999957	929.082217	10659.789	-7.602
184148	40.190945	94.974989	90.999261	929.720939	10658.589	3.814
184208	40.19014	94.914022	91.002094	930.862885	10663.152	9.705
184228	40.189256	94.853064	90.999409	933.107596	10668.1	7.906
184248	40.188393	94.79263	90.98972	934.711127	10667.653	7.523
184308	40.187504	94.73225	91.02916	934.973109	10670.532	8.71
184328	40.186551	94.670777	90.991768	935.037639	10676.172	7.827
184348	40.185532	94.607925	90.847232	936.416225	10676.597	2.397
184408	40.184457	94.547552	91.410338	937.147335	10675.817	-0.977
184428	40.1834	94.4892	92.0	937.0	10676.0	0.0
184448	40.182393	94.428577	91.213959	937.616356	10675.715	1.082
184508	40.181118	94.366857	91.279571	938.220022	10676.815	-2.756
184528	40.1803	94.306	91.0	938.0	10676.0	-9.0
184548	40.181378	94.24641	87.425299	937.10327	10668.816	-9.483
184608	40.184035	94.185514	86.472004	936.839191	10667.154	-4.385
184628	40.186973	94.124288	87.14631	937.102355	10667.94	2.179
184648	40.189519	94.06372	87.030555	937.080026	10667.689	7.347
184708	40.19214	94.002568	86.959141	936.094184	10672.124	10.319
184728	40.194776	93.941441	87.009649	934.506652	10677.047	5.208
184748	40.197361	93.880586	87.002985	933.156973	10676.782	-6.412
184808	40.200154	93.818619	86.997125	932.835502	10671.24	-9.482
184828	40.202883	93.756628	87.000697	933.066992	10667.72	-7.657
184848	40.205323	93.695787	87.000221	933.061795	10668.373	-7.916
184908	40.207724	93.63548	86.999754	932.538179	10663.625	-7.946
184928	40.210107	93.575579	87.000109	931.783241	10659.641	-8.218
184948	40.212435	93.515757	87.000109	931.765346	10660.368	-8.376
185008	40.214768	93.45499	86.999437	933.70374	10655.658	-4.544
185028	40.217094	93.393358	87.000832	935.162386	10653.583	2.044
185048	40.219359	93.331847	87.001304	934.934825	10659.219	7.444
185108	40.221535	93.271735	86.992358	936.222037	10660.055	8.281
185128	40.223807	93.211806	87.011537	938.786158	10661.084	8.29
185148	40.226227	93.150659	87.018146	940.800422	10667.076	8.627
185208	40.228503	93.088675	86.893581	941.080337	10669.068	2.902
185228	40.23063	93.027394	87.168688	941.155819	10667.443	0.605
185248	40.232694	92.966689	87.903702	942.58457	10667.378	6.946
185308	40.234704	92.903745	88.06089	944.80846	10672.559	9.086
185328	40.236702	92.842096	88.030092	946.235314	10676.401	7.602
185348	40.238768	92.783234	88.076646	946.105034	10675.773	7.673
185408	40.240978	92.721251	87.363617	945.550402	10679.419	9.561
185428	40.243113	92.658025	87.076607	944.682581	10683.889	5.604
185448	40.245026	92.596594	87.870382	943.314357	10683.571	-5.961
185508	40.246901	92.535532	88.122491	941.752281	10679.584	-12.982
185528	40.248746	92.473948	87.970405	940.864815	10674.539	-15.731
185548	40.250541	92.412149	87.990773	940.954041	10669.302	-15.852
185608	40.252349	92.351411	88.009414	941.070724	10662.329	-8.164
185628	40.254143	92.290724	87.998107	940.956856	10660.63	2.371
185648	40.255876	92.229058	87.99916	940.918711	10666.781	7.888
185708	40.257555	92.167404	88.000657	941.378467	10668.748	5.189
185728	40.259216	92.106616	87.999867	940.506708	10668.074	-1.723
185748	40.260883	92.046461	87.999947	938.185648	10668.524	-7.152
185808	40.262538	91.985243	88.000012	939.093098	10664.121	-9.053
185828	40.2641	91.923336	88.000029	941.271049	10659.586	-7.414
185848	40.265557	91.861793	88.000115	941.245215	10660.002	1.696
185908	40.267072	91.800628	87.999508	940.21666	10659.658	30.477
185928	40.268597	91.740357	88.000515	937.079109	10673.028	68.01
185948	40.270053	91.680698	88.001665	932.970761	10709.707	94.447
190008	40.271584	91.6191	87.993095	936.634905	10742.863	103.815
190028	40.273085	91.55642	88.007176	944.301669	10774.086	108.693
190048	40.274414	91.49427	88.0232	948.825443	10815.122	131.412
190108	40.275716	91.431138	87.903816	952.850373	10859.307	188.749
190128	40.277079	91.366611	88.102316	953.565003	10930.308	243.525
190148	40.278435	91.30253	88.835138	949.065434	11035.835	250.47
190208	40.27955	91.243012	89.103885	947.488694	11112.263	218.186
190228	40.280639	91.18495	88.982286	947.919194	11168.202	175.217
190248	40.281929	91.123877	88.988738	947.426637	11231.68	136.917
190308	40.283074	91.061957	89.007459	951.456228	11269.165	77.77
190328	40.284115	90.998738	88.998728	956.727118	11278.705	21.657
190348	40.28525	90.934104	88.999191	957.963478	11278.448	1.593
190408	40.286411	90.872534	89.000537	958.284281	11277.703	-0.897
190428	40.287512	90.810591	88.999908	959.237945	11278.051	0.153
190448	40.288513	90.745255	88.999939	960.598059	11278.032	0.099
190508	40.289453	90.684437	89.000053	961.76387	11277.979	-0.073
190528	40.290325	90.623849	88.999985	961.926359	11278.002	0.012
190548	40.291124	90.557435	88.999951	961.100716	11277.999	0.024
190608	40.291922	90.494515	89.000163	961.400207	11278.013	-0.063
190628	40.292717	90.433999	88.999872	961.989179	11277.989	0.047
190648	40.293485	90.370498	88.999323	961.242103	11277.941	0.246
190708	40.294289	90.309422	89.0021	961.035195	11278.185	-0.763
190728	40.295073	90.249427	88.998857	960.916962	11277.899	0.417
190748	40.295742	90.185567	88.990881	959.468777	11277.196	6.465
190808	40.296399	90.121392	89.0291	958.831267	11281.015	7.294
190828	40.297065	90.058297	88.984089	958.99016	11285.076	-1.201
190848	40.297668	89.995292	88.862831	958.767013	11281.322	-13.003
190908	40.298143	89.932878	89.426572	959.824178	11273.775	-12.186
190928	40.298518	89.870785	89.997072	960.998538	11270.038	0.674
190948	40.298899	89.807756	89.326369	959.717785	11274.999	9.377
191008	40.299382	89.742616	88.884743	958.591259	11280.383	0.518
191028	40.299926	89.679418	89.000791	959.051691	11277.565	-15.5
191048	40.300409	89.622211	88.918133	960.391881	11265.677	-14.586
191108	40.300812	89.56006	89.334206	961.567997	11262.064	3.914
191128	40.301112	89.493359	90.020415	962.002212	11270.535	23.601
191148	40.301306	89.431048	90.066493	961.551547	11281.029	25.723
191208	40.301545	89.367819	89.970437	960.023332	11288.697	18.794
191228	40.301811	89.303463	90.001466	957.895903	11293.187	7.247
191248	40.301963	89.242478	90.004774	955.236776	11294.891	-9.305
191308	40.302033	89.180845	89.997877	948.925505	11287.649	-18.088
191328	40.302105	89.118103	90.000105	940.638317	11277.722	-14.617
191348	40.302237	89.057377	90.000343	935.712323	11277.297	-4.671
191408	40.302363	88.997714	89.999846	935.329107	11277.719	4.615
191428	40.302398	88.937895	90.000008	937.063715	11278.178	7.974
191448	40.302324	88.877188	90.000035	937.653751	11283.79	3.585
191508	40.302306	88.814677	89.99996	938.913146	11283.331	-4.64
191528	40.302296	88.752136	90.000009	941.099491	11277.834	-7.856
191548	40.302133	88.692006	90.00008	942.713998	11277.726	-1.034
191608	40.302001	88.631282	89.999475	944.149013	11278.485	0.113
191628	40.301835	88.569551	90.000806	945.273522	11277.552	1.348
191648	40.301557	88.507746	90.001271	945.89743	11277.363	7.578
191708	40.30129	88.446014	89.992542	946.606473	11282.715	4.814
191728	40.301009	88.383684	90.011262	948.99726	11284.152	-1.317
191748	40.30067	88.320662	90.017714	952.558665	11278.436	-0.936
191808	40.300325	88.258336	89.896115	953.311097	11280.944	5.34
191828	40.30001	88.197542	90.164862	953.088116	11285.78	7.42
191848	40.299681	88.136969	90.897684	953.909061	11285.201	1.187
191908	40.299204	88.073154	91.096184	953.870959	11285.053	-1.978
191928	40.298621	88.009474	90.9768	954.372358	11284.613	1.836
191948	40.29802	87.948449	90.992824	955.901225	11284.318	7.704
192008	40.297421	87.886382	91.006906	955.22159	11290.302	4.841
192028	40.296818	87.823845	90.998335	953.620898	11292.117	-1.614
192048	40.296217	87.762076	90.999485	953.045571	11285.624	-6.556
192108	40.295635	87.699823	91.000493	952.900336	11286.428	-16.018
192128	40.294995	87.636662	90.999885	953.120208	11281.42	-25.06
192148	40.294253	87.57294	90.99997	953.818255	11264.389	-24.755
192208	40.29348	87.50961	90.999997	954.876449	11259.935	-10.998
192228	40.292632	87.448524	91.000049	956.622017	11262.222	3.11
192248	40.29169	87.389064	91.000089	958.703329	11261.653	7.59
192308	40.29077	87.326711	90.999467	959.759872	11266.084	9.268
192328	40.289983	87.263566	91.000808	962.012025	11270.835	6.277
192348	40.289265	87.201764	91.001272	966.277534	11270.388	0.245
192408	40.288328	87.138627	90.992542	968.842352	11268.837	3.733
192428	40.287301	87.074821	91.011262	970.642332	11271.544	8.613
192448	40.286375	87.01136	91.017714	973.401117	11277.469	7.859
192508	40.285498	86.94716	90.896115	976.298835	11277.162	11.213
192528	40.284455	86.882712	91.164862	978.588626	11280.342	16.125
192548	40.283166	86.818558	91.897684	979.870544	11291.489	15.925
192608	40.281845	86.7541	92.096184	980.149934	11294.03	8.316
192628	40.280479	86.689772	91.9768	979.918432	11293.345	-3.797
192648	40.279069	86.626596	91.992824	979.906496	11293.998	-13.967
192708	40.277787	86.565129	92.006906	980.506618	11284.322	-14.336
192728	40.276496	86.50163	91.998334	979.197426	11277.779	-3.925
192748	40.275083	86.43496	91.999484	974.909882	11283.795	7.531
192808	40.27369	86.37064	92.000499	970.925533	11286.529	1.569
192828	40.272258	86.307184	91.999876	968.382488	11283.993	-11.138
192848	40.270761	86.243347	91.99995	966.561329	11279.468	-15.331
192908	40.269364	86.183115	92.000051	963.767659	11273.174	-11.675
192928	40.267918	86.1216	91.999975	960.032369	11269.788	-7.381
192948	40.266302	86.055734	91.999958	956.603118	11270.414	-7.634
193008	40.264741	85.994037	92.00019	954.91959	11266.099	-8.749
193028	40.263211	85.933796	91.999761	953.520638	11261.439	-7.22
193048	40.261609	85.870897	91.999462	950.784587	11261.92	-1.771
193108	40.25996	85.810217	92.002606	947.731603	11261.209	5.317
193128	40.258276	85.74912	91.996676	945.626927	11263.289	7.746
193148	40.256545	85.68467	91.992516	945.010723	11269.533	2.057
193208	40.254743	85.621532	92.036301	945.072856	11266.832	-5.808
193228	40.252967	85.5611	91.953705	944.885971	11261.197	-7.305
193248	40.251246	85.501749	91.895767	944.735906	11261.616	-1.13
193308	40.249386	85.440646	92.630601	946.663386	11262.442	0.376
193328	40.247398	85.378847	92.906122	948.021533	11261.728	0.571
193348	40.245394	85.317452	92.08072	947.566484	11261.417	5.999
193408	40.243438	85.254061	92.457518	950.795192	11265.07	12.134
193428	40.241516	85.190943	92.958331	954.299817	11271.212	15.278
193448	40.239584	85.13074	92.133859	953.906489	11276.594	15.085
193508	40.237625	85.070411	92.319913	955.700508	11281.064	15.341
193528	40.235581	85.008176	93.090082	958.262187	11286.179	14.514
193548	40.23344	84.944491	93.057228	958.084548	11291.915	9.841
193608	40.231328	84.881793	92.962294	958.401846	11293.656	3.661
193628	40.229147	84.819587	93.006228	959.017325	11292.909	-0.489
193648	40.226801	84.756792	93.003335	958.32518	11293.006	-0.533
193708	40.224507	84.695001	93.000502	957.221342	11292.718	1.318
193728	40.22224	84.633371	92.997113	955.590441	11293.336	-1.258
193748	40.2199	84.570735	92.989458	953.443975	11294.107	-11.557
193808	40.217582	84.50868	93.044733	952.65843	11286.866	-21.459
193828	40.215214	84.44688	92.953348	953.123816	11276.187	-21.953
193848	40.212685	84.38398	92.84908	953.282471	11270.682	-11.362
193908	40.210061	84.31986	93.625761	951.929412	11269.613	-2.529
193928	40.207671	84.259456	92.326666	954.107691	11270.043	0.125
193948	40.208461	84.199368	85.913995	959.524328	11269.956	0.022
194008	40.216207	84.136305	76.56847	963.541965	11270.06	-0.186
194028	40.230207	84.079501	69.920958	968.040877	11269.552	1.752
194048	40.248384	84.019318	68.993901	967.032561	11269.847	7.755
194108	40.265974	83.959694	69.022	967.950556	11275.182	9.754
194128	40.282937	83.90113	68.992249	969.603495	11278.956	5.125
194148	40.29995	83.843092	68.999556	970.007835	11278.085	0.017
194208	40.316924	83.785237	69.001541	969.748164	11277.082	4.432
194228	40.334028	83.726743	68.999531	970.658049	11279.932	9.56
194248	40.351422	83.667111	68.999995	971.993796	11284.843	8.22
194308	40.369162	83.606276	68.999543	970.880336	11285.631	2.546
194328	40.387296	83.54382	69.001074	969.809946	11284.744	-0.387
194348	40.405102	83.48218	69.000718	970.004873	11284.929	0.111
194408	40.421398	83.425776	68.99197	969.465825	11285.573	-3.606
194428	40.437801	83.369142	69.013434	968.893057	11284.016	-10.501
194448	40.455273	83.308731	69.01419	968.977435	11278.963	-15.0
194508	40.472521	83.24851	68.893682	969.031618	11272.527	-11.505
194528	40.489161	83.190264	69.198419	968.985388	11269.791	-7.012
194548	40.505667	83.132651	69.926355	968.991012	11270.272	-7.616
194608	40.522922	83.072228	70.091095	969.239507	11265.757	-9.872
194628	40.540355	83.011052	69.974803	970.740304	11260.793	-4.823
194648	40.557442	82.951152	69.994784	973.568726	11261.397	6.776
194708	40.574527	82.891378	70.00654	976.238522	11266.956	9.873
194728	40.591521	82.831599	69.998191	979.060059	11270.484	6.85
194748	40.608297	82.772021	69.999626	981.747156	11269.919	7.12
194808	40.624961	82.712578	70.00047	982.598018	11272.96	16.816
194828	40.641658	82.653017	69.99987	983.513787	11281.594	24.224
194848	40.658614	82.592614	69.999973	984.965454	11291.865	17.394
194908	40.676008	82.530576	70.000035	983.44407	11295.629	-2.94
194928	40.693068	82.469406	69.999989	977.288823	11289.928	-18.419
194948	40.709429	82.410453	69.999994	968.143504	11279.707	-17.129
195008	40.725821	82.351537	70.000013	960.927773	11276.716	-6.796
195028	40.742489	82.291439	69.999987	957.510237	11278.26	1.08
195048	40.759182	82.230778	69.999967	958.045236	11278.114	0.684
195108	40.775355	82.172085	70.000134	962.439268	11278.029	-0.916
195128	40.791467	82.113776	69.999862	968.009642	11277.887	0.655
195148	40.808037	82.053674	69.999554	971.521369	11277.593	5.992
195208	40.824436	81.993785	70.00185	972.164668	11280.436	12.538
195228	40.840648	81.934419	69.998077	972.10673	11286.295	14.78
195248	40.857029	81.874529	69.993783	973.492995	11292.017	9.912
195308	40.873681	81.81329	70.025772	974.925637	11293.467	4.039
195328	40.890141	81.752395	69.97322	974.775841	11293.067	-1.011
195348	40.906102	81.693253	69.913415	972.692562	11293.499	-6.313
195408	40.922273	81.633484	70.460593	970.723735	11289.879	-11.915
195428	40.938986	81.571642	71.066109	969.956233	11283.908	-15.328
195448	40.955929	81.508576	71.042031	970.058879	11279.333	-15.154
195508	40.972125	81.447958	70.972164	969.4834	11274.529	-15.133
195528	40.987553	81.390186	71.004746	969.022675	11268.794	-14.718
195548	41.002941	81.332662	71.003018	969.763742	11263.219	-10.493
195608	41.019154	81.271594	70.998001	970.241196	11260.601	-0.15
195628	41.035506	81.209647	71.000341	969.863438	11262.913	9.199
195648	41.051188	81.150288	71.000217	969.11351	11268.701	9.457
195708	41.067109	81.090275	70.999853	969.160013	11270.991	3.209
195728	41.0835	81.028407	71.000028	970.301312	11269.652	0.299
195748	41.099897	80.966095	71.000027	971.769401	11269.222	6.202
195808	41.1156	80.906256	70.999942	971.978834	11273.741	9.795
195828	41.130854	80.847876	71.000051	972.177146	11278.519	7.007
195848	41.146398	80.788016	71.000161	973.658103	11278.33	1.208
195908	41.162661	80.725335	70.999335	974.192845	11277.781	-0.757
195928	41.17887	80.662884	71.00069	973.99088	11278.037	0.129
195948	41.194348	80.603122	71.002232	974.068037	11278.024	0.082
200008	41.210047	80.542172	70.990748	973.634771	11277.984	-0.054
200028	41.225816	80.480766	71.009614	974.402726	11278.003	0.009
200048	41.241288	80.420593	71.031083	977.326417	11278.002	0.005
200108	41.257239	80.358689	70.871138	978.468176	11277.998	-0.0
200128	41.27325	80.29626	71.136272	977.875435	11278.001	-0.003
200148	41.288738	80.235233	71.944923	977.781802	11278.004	-0.012
200208	41.304423	80.173221	71.547107	978.95051	11277.985	0.053
200228	41.319938	80.112045	71.018494	980.127732	11278.016	-0.055
200248	41.334972	80.052892	71.781845	980.082809	11278.052	-0.178
200308	41.350797	79.990105	72.139179	979.938223	11277.786	0.74
200328	41.36669	79.926811	71.976268	980.017703	11278.222	-0.788
200348	41.381781	79.866818	71.984912	980.03353	11278.718	-6.582
200408	41.397581	79.803629	72.009992	979.881203	11274.212	-9.241
200428	41.413345	79.7404	71.998296	980.124845	11269.579	-7.413
200448	41.428048	79.681444	71.998917	981.410613	11270.012	-2.436
200508	41.443245	79.619972	72.000715	983.590626	11268.778	7.301
200528	41.45861	79.557908	71.99988	985.16154	11271.499	16.254
200548	41.473499	79.498319	71.99993	985.099055	11282.511	16.82
200608	41.489284	79.434352	72.000019	984.950225	11286.543	7.835
200628	41.505187	79.369259	72.000025	984.992127	11284.764	-1.04
200648	41.520063	79.308419	72.000102	984.944159	11284.935	-0.946
200708	41.535045	79.247265	71.999556	985.257417	11284.675	1.862
200728	41.550215	79.185252	72.000464	984.723497	11285.436	-1.63
200748	41.565191	79.123806	72.001503	983.095171	11286.461	-12.662
200808	41.580338	79.061621	71.993768	983.969757	11277.376	-15.435
200828	41.595823	78.99732	72.006476	984.896232	11269.777	-5.026
200848	41.61141	78.932048	72.020937	983.220241	11275.894	7.805
200908	41.626355	78.871283	72.116459	983.515922	11279.897	0.326
200928	41.639679	78.811791	74.995518	980.625402	11277.147	4.836
200948	41.648996	78.747259	82.594338	966.670163	11282.259	27.102
201008	41.652553	78.682227	88.35824	951.010361	11296.866	9.418
201028	41.653782	78.62103	88.093798	946.069476	11293.952	-13.538
201048	41.65534	78.557028	87.82955	946.614425	11282.879	-18.463
201108	41.65702	78.493832	88.049935	944.165561	11277.065	-12.151
201128	41.658367	78.433143	88.004076	938.350854	11278.067	-7.946
201148	41.65975	78.37041	88.016436	937.675627	11274.134	-12.144
201208	41.661155	78.306896	87.946476	937.410601	11267.404	-15.219
201228	41.662474	78.243919	87.962975	935.096697	11262.369	-9.101
201248	41.66369	78.180601	88.616561	935.892355	11260.399	3.395
201308	41.664878	78.118582	89.100292	937.387003	11264.537	7.751
201328	41.66608	78.057511	89.012685	937.897417	11269.984	0.719
201348	41.66726	77.994068	88.975064	939.637212	11265.296	-2.948
201408	41.668387	77.929182	89.006805	941.570561	11262.27	3.61
201428	41.669446	77.865692	89.001439	942.809142	11268.783	14.298
201448	41.670452	77.805971	88.99796	944.217798	11275.726	12.484
201508	41.671454	77.745798	89.000981	945.26122	11278.252	6.55
201528	41.672456	77.682543	89.000626	945.858899	11277.852	7.326
201548	41.673388	77.619183	88.995931	947.16385	11281.013	13.02
201608	41.674347	77.555254	89.006924	948.250737	11287.386	14.263
201628	41.675283	77.490964	89.007329	948.117446	11292.667	8.707
201648	41.675963	77.429102	88.945068	946.798285	11292.704	5.224
201708	41.676891	77.368179	89.121369	943.629095	11294.324	-5.381
201728	41.677423	77.304758	90.559977	938.765342	11294.537	-18.14
201748	41.675188	77.237512	94.394754	933.141729	11279.283	-3.806
201808	41.670181	77.176853	97.848033	923.063743	11284.203	18.515
201828	41.662262	77.118366	101.377003	908.6635	11294.858	8.996
201848	41.651191	77.057585	105.21385	896.951052	11290.332	-18.347
201908	41.638264	77.002139	108.08586	889.947315	11281.896	-17.057
201928	41.6243	76.9505	110.0	882.0	11278.0	-8.0
201948	41.608447	76.892312	110.171897	877.702096	11279.169	-10.959
202008	41.593279	76.836524	109.929625	876.972666	11273.76	-18.34
202028	41.57922	76.785042	109.9962	877.047731	11262.438	-15.659
202048	41.564259	76.730046	110.013613	875.325225	11258.994	4.662
202108	41.549201	76.674715	109.994849	875.825619	11266.842	18.66
202128	41.534268	76.620282	109.9996	879.784197	11277.698	15.369
202148	41.518487	76.563388	110.003551	883.552912	11278.571	6.633
202208	41.502904	76.507165	109.993842	885.821685	11278.943	-7.281
202228	41.487948	76.452914	109.998194	887.846398	11278.393	-43.071
202248	41.472843	76.398226	110.036098	891.602389	11257.998	-126.109
202308	41.457695	76.343574	109.918939	893.102968	11200.583	-252.761
202328	41.442203	76.28815	109.975118	892.916295	11093.778	-423.985
202348	41.425769	76.230102	110.755858	897.162202	10926.116	-640.321
202408	41.410016	76.174098	110.852303	904.445868	10671.007	-831.315
202428	41.395067	76.120353	110.03372	913.477364	10349.403	-934.667
202448	41.379069	76.063261	109.790505	922.57233	10029.495	-938.559
202508	41.362348	76.003905	110.308298	916.319183	9724.007	-909.733
202528	41.345718	75.944994	110.980854	898.643095	9425.893	-857.646
202548	41.329722	75.888532	111.048578	891.908419	9138.304	-730.139
202608	41.314619	75.835432	111.026875	881.378693	8922.942	-607.424
202628	41.300034	75.783914	111.014566	861.884927	8763.688	-556.525
202648	41.285165	75.731067	110.682036	847.52469	8565.335	-571.897
202708	41.270119	75.681067	111.805946	832.524516	8364.549	-592.712
202728	41.254248	75.632833	113.93292	814.797511	8178.774	-587.602
202748	41.236606	75.580103	114.237258	801.352833	7973.413	-573.416
202808	41.220181	75.531049	113.916373	789.619529	7783.359	-556.04
202828	41.205457	75.487065	113.995198	777.575972	7613.865	-548.645
202848	41.189621	75.439575	114.016907	765.945563	7424.08	-555.707
202908	41.173837	75.392228	113.994282	750.250893	7228.481	-485.036
202928	41.158848	75.34761	113.999743	741.692547	7076.236	-314.56
202948	41.143592	75.302835	113.999441	760.770719	7016.828	-133.531
203008	41.12734	75.255187	114.003578	780.827969	7008.525	-26.044
203028	41.110796	75.206267	114.001206	785.028762	7009.877	-0.439
203048	41.095439	75.160501	113.975264	783.068646	7011.21	4.466
203108	41.079529	75.113563	114.055803	781.840674	7007.789	-10.205
203128	41.062902	75.064774	114.017141	782.039753	7009.345	-66.597
203148	41.047579	75.019124	113.525522	779.909088	7019.741	-184.511
203208	41.03231	74.974808	113.85466	777.175316	6944.068	-348.964
203228	41.015738	74.928376	115.142889	778.09926	6710.578	-501.08
203248	41.001254	74.878781	109.188179	791.0718	6523.743	-409.555
203308	40.991678	74.827128	98.998813	807.445081	6470.709	-167.186
203328	40.985927	74.774832	97.592769	808.540888	6419.996	-140.233
203348	40.980285	74.720103	98.249694	808.909945	6367.226	-158.26
203408	40.974104	74.66556	97.965082	809.696031	6317.604	-151.772
203428	40.968448	74.614299	97.959517	804.726916	6266.908	-158.178
203448	40.962799	74.562435	98.051987	801.293226	6211.13	-158.313
203508	40.957043	74.509904	97.970332	799.632358	6157.72	-151.14
203528	40.951337	74.458397	97.865876	796.177085	6112.757	-150.199
203548	40.945425	74.405826	98.559491	793.502776	6060.668	-157.431
203608	40.939544	74.353392	98.942565	793.070976	6003.821	-158.996
203628	40.933976	74.303352	98.07168	789.479606	5953.066	-153.675
203648	40.928241	74.253979	98.502812	766.161672	5903.262	-184.524
203708	40.923001	74.204067	97.518673	739.205712	5841.351	-150.074
203728	40.917185	74.155976	99.65658	707.863122	5790.52	-103.528
203748	40.905221	74.115702	117.829906	633.537972	5779.408	-373.993
203808	40.888594	74.080227	123.666969	606.927723	5652.66	-489.656
203828	40.871565	74.047789	122.831339	607.425722	5451.099	-542.329
203848	40.85616	74.016209	122.886408	605.969771	5231.6	-633.367
203908	40.839572	73.982017	123.102806	596.606814	5015.332	-676.163
203928	40.822954	73.948026	122.953963	585.004297	4792.921	-655.941
203948	40.808058	73.917336	122.882151	578.725431	4564.618	-605.958
204008	40.792175	73.885678	123.665411	577.587339	4379.217	-536.548
204028	40.775359	73.853502	125.402361	573.341403	4219.28	-444.202
204048	40.759013	73.822709	125.9597	564.890264	4069.592	-311.611
204108	40.743028	73.791375	121.312201	570.693567	4004.685	-131.431
204128	40.726633	73.76253	128.847874	553.465126	3988.321	-167.775
204148	40.707041	73.741946	151.385868	507.180475	3895.53	-464.407
204208	40.68278	73.72897	158.539818	502.014593	3692.403	-560.958
204228	40.658708	73.71668	158.278637	507.611008	3506.855	-519.939
204248	40.63554	73.704265	157.265576	496.052882	3358.338	-513.326
204308	40.613343	73.692106	156.947794	484.639088	3174.673	-558.549
204328	40.591518	73.680266	157.194691	487.700669	2961.895	-581.183
204348	40.569482	73.66847	157.93287	490.871147	2791.575	-527.191
204408	40.547643	73.656851	158.506997	491.022401	2609.588	-410.473
204428	40.52396	73.645237	159.485799	493.956674	2486.318	-254.714
204448	40.499462	73.633401	160.079869	498.883539	2454.883	-92.878
204508	40.477719	73.622315	161.234664	493.317876	2451.805	6.962
204528	40.451597	73.617863	178.44471	471.823455	2456.905	-123.615
204548	40.430178	73.618346	182.55448	464.765285	2375.168	-376.232
204608	40.407075	73.618646	178.231507	467.895845	2220.913	-501.636
204628	40.382922	73.62313	196.180289	460.862048	2039.145	-497.625
204648	40.361655	73.633251	203.242769	450.722124	1887.591	-543.161
204708	40.341462	73.6475	213.71364	457.247809	1689.485	-537.045
204728	40.325228	73.668363	235.485654	463.440641	1495.444	-388.465
204748	40.314449	73.6939	238.839683	450.248448	1410.721	-244.832
204808	40.303191	73.717625	236.79667	431.774047	1355.012	-177.165
204828	40.291728	73.741519	244.902453	416.753772	1301.523	-156.318
204848	40.289183	73.766799	269.740752	407.256619	1249.726	-131.794
204908	40.291276	73.794868	276.710588	396.880751	1209.665	-104.111
204928	40.294392	73.819308	283.693004	390.03087	1181.143	-96.922
204948	40.302243	73.842415	297.454305	386.089554	1146.042	-96.411
205008	40.313245	73.861277	316.208794	369.909226	1120.914	-42.519
205028	40.32704	73.877341	312.05373	335.576489	1114.316	-35.185
205048	40.3406	73.8875	348.0	327.0	1097.0	-27.0
205108	40.357208	73.888124	-53.439035	334.08274	1096.452	-18.337
205128	40.372853	73.888101	189.50015	337.013958	1082.989	-42.285
205148	40.390159	73.888133	216.782952	328.19155	1070.005	-31.065
205208	40.405592	73.888279	19.092174	316.70762	1062.573	-26.94
205228	40.4221	73.8884	359.0	320.0	1052.0	-27.0
205248	40.438211	73.888488	358.869662	320.389956	1044.39	-19.944
205308	40.453776	73.888827	420.486578	307.09096	1036.896	-2.424
205328	40.468957	73.888327	93.923293	302.997107	1036.93	-54.265
205348	40.48317	73.881181	-43.079692	307.960913	1016.503	-147.603
205408	40.496663	73.870358	53.281822	302.842879	951.201	-224.036
205428	40.509655	73.860632	32.881361	286.533649	855.56	-265.223
205448	40.521649	73.851436	25.320038	275.884088	766.362	-266.652
205508	40.533255	73.842383	32.672258	276.760663	681.882	-255.083
205528	40.545017	73.833232	31.154626	282.762281	595.556	-257.456
205548	40.556878	73.823809	31.534502	278.750196	510.329	-274.896
205608	40.568722	73.814562	31.553097	259.732371	419.67	-243.186
205628	40.579981	73.805904	29.887702	243.059296	332.768	-187.75
205648	40.590505	73.797706	29.051423	240.033854	259.64	-169.259
205708	40.600768	73.789669	29.275612	243.256497	195.799	-184.461
205728	40.611249	73.781492	30.661982	245.227413	135.791	-225.973
205748	40.622241	73.772894	30.330837	243.983872	53.773	-181.875
205808	40.6321	73.7652	30.0	232.0	23.0	-57.0
