161647	33.9361	118.4171	263.0	328.0	160.0	0.0
161707	33.933504	118.436765	255.409955	342.933883	381.668	590.207
161727	33.922885	118.454471	224.682215	377.442362	531.743	385.255
161747	33.908891	118.470019	222.812987	415.65726	652.89	387.945
161807	33.891576	118.486945	210.349371	460.635727	790.208	528.296
161827	33.868009	118.494173	187.352572	486.713692	1010.22	737.751
161847	33.844709	118.497362	187.170997	493.954747	1271.387	849.489
161907	33.819711	118.501001	187.978026	491.137844	1577.169	887.428
161927	33.793793	118.505287	187.688319	501.875028	1867.116	875.809
161947	33.768958	118.509389	188.894489	509.486526	2157.458	866.446
162007	33.744543	118.513416	188.865168	509.005097	2444.666	825.406
162027	33.718834	118.514846	176.53364	514.071054	2699.051	738.531
162047	33.695604	118.501138	139.644757	532.91897	2935.865	652.357
162107	33.68162	118.471972	107.060314	562.348619	3143.277	378.591
162127	33.676875	118.438172	97.942169	595.238399	3269.34	332.229
162147	33.674099	118.40232	98.191192	630.542311	3362.419	400.528
162207	33.669018	118.364569	98.783477	661.643735	3486.915	489.738
162227	33.663022	118.323603	99.202567	676.670977	3696.782	597.798
162247	33.66148	118.28421	85.132624	685.936109	3912.883	686.505
162307	33.674652	118.24455	56.494402	695.603382	4153.816	655.508
162327	33.697539	118.210126	44.266953	705.189546	4372.552	612.601
162347	33.722445	118.180898	46.691169	714.207886	4560.432	620.398
162407	33.746344	118.151011	47.557635	720.755927	4770.914	649.304
162427	33.770366	118.119619	46.839595	723.775072	4998.352	646.8
162447	33.795148	118.087842	46.988889	726.437814	5215.083	593.8
162507	33.819471	118.056557	46.921801	735.159528	5397.268	525.649
162527	33.845247	118.023463	47.223966	746.374144	5556.315	484.039
162547	33.872451	117.988451	47.153078	756.915081	5713.633	489.224
162607	33.898449	117.95532	44.122896	767.209164	5883.991	530.0
162627	33.927063	117.925803	39.493044	770.98263	6062.663	578.676
162647	33.957921	117.898054	36.64823	767.771842	6263.631	578.972
162707	33.988219	117.870246	36.860085	764.987958	6472.459	504.237
162727	34.017574	117.843072	37.027019	774.457088	6609.036	410.972
162747	34.049638	117.814058	37.134917	787.635594	6722.317	370.511
162807	34.08227	117.782442	41.457786	795.983671	6855.761	379.756
162827	34.108707	117.749135	49.109926	804.58232	6973.551	368.779
162847	34.134051	117.711482	51.015937	811.754308	7102.579	360.681
162907	34.15919	117.673722	50.973551	819.883834	7220.379	350.791
162927	34.184809	117.635884	51.004511	828.71479	7330.54	354.058
162947	34.21126	117.596511	51.00287	835.724338	7451.015	376.866
163007	34.237562	117.55749	50.998091	838.386289	7584.82	377.69
163027	34.263926	117.518369	51.000334	840.857329	7712.624	351.628
163047	34.291032	117.477856	51.000239	847.626422	7818.723	319.591
163107	34.318707	117.436571	50.999727	855.323325	7920.557	301.884
163127	34.345794	117.396196	51.000165	862.355069	8020.388	308.378
163147	34.371854	117.357201	51.000473	867.973569	8119.641	330.525
163207	34.398913	117.316683	50.998092	870.051667	8239.453	335.088
163227	34.426438	117.275447	51.001974	871.529644	8356.974	314.28
163247	34.45334	117.235063	51.006378	875.659538	8446.99	286.26
163307	34.480904	117.193602	50.97356	879.655123	8538.264	284.548
163327	34.508395	117.152004	51.027473	882.502019	8638.243	299.646
163347	34.53525	117.111345	51.088824	884.547958	8740.158	301.513
163407	34.56399	117.069029	50.530124	885.94169	8842.264	277.062
163427	34.593345	117.026608	49.943537	888.860104	8930.567	246.039
163447	34.621211	116.98626	49.989153	893.891869	9000.141	231.474
163507	34.649075	116.945612	49.898552	896.199352	9079.34	225.008
163527	34.677526	116.904053	50.131964	898.979444	9158.084	232.325
163547	34.706379	116.862039	50.943322	904.978202	9226.099	258.448
163607	34.735532	116.81932	50.543232	905.586417	9323.315	283.367
163627	34.764723	116.776474	50.02421	904.035559	9430.53	291.957
163647	34.793428	116.734433	50.791357	905.82874	9517.139	285.732
163707	34.820993	116.693532	50.897924	904.462596	9611.799	289.59
163727	34.849483	116.652291	49.781582	900.485593	9715.135	297.273
163747	34.880593	116.609864	48.330031	898.367667	9811.765	298.836
163807	34.91069	116.5696	47.825133	897.38367	9908.707	329.116
163827	34.940246	116.530002	48.023718	894.211841	10024.464	362.421
163847	34.971258	116.48835	48.025387	886.982704	10161.505	351.237
163907	35.001196	116.448129	47.987338	880.398919	10271.311	310.486
163927	35.029872	116.409648	48.001183	876.758304	10356.834	271.131
163947	35.058974	116.370607	48.001811	875.337818	10449.689	252.169
164007	35.088673	116.33059	47.999088	874.460925	10531.676	224.754
164027	35.118088	116.290914	48.000087	874.007331	10598.354	173.94
164047	35.146666	116.252545	48.000148	874.268163	10653.428	106.259
164107	35.176392	116.212545	47.999935	872.997273	10673.602	40.001
164127	35.206455	116.171933	48.000003	870.936029	10667.723	-1.041
164147	35.234608	116.13387	48.000011	870.744795	10667.11	-3.438
164207	35.263348	116.09498	47.999995	871.300626	10668.358	1.665
164227	35.293074	116.054701	48.0	872.052715	10667.993	-0.12
164247	35.322062	116.01536	48.000002	873.672031	10668.165	-1.095
164307	35.350788	115.976382	47.999998	876.700152	10667.448	2.413
164327	35.38	115.9367	48.0	880.0	10668.0	8.0
164347	35.409965	115.895829	48.000011	881.570112	10673.545	9.412
164407	35.439917	115.854949	47.999973	882.482092	10676.857	5.32
164427	35.4693	115.8149	48.0	884.0	10676.0	0.0
164447	35.498197	115.775508	48.000147	886.237419	10675.829	-0.48
164507	35.527378	115.735612	47.999628	887.197281	10676.103	0.069
164527	35.5573	115.6946	48.0	887.0	10676.0	-0.0
164547	35.587669	115.652981	48.002048	887.642643	10675.76	0.753
164607	35.617167	115.612491	47.994823	888.131698	10676.582	-2.281
164627	35.6461	115.5727	48.0	888.0	10676.0	-8.0
164647	35.676023	115.531544	48.028531	887.944763	10670.448	-9.428
164707	35.706029	115.490246	47.927891	888.090936	10667.151	-5.331
164727	35.7355	115.4496	48.0	888.0	10668.0	-0.0
164747	35.764721	115.409182	48.69368	887.25071	10668.138	0.592
164807	35.793875	115.368828	49.106756	887.030298	10667.98	-0.356
164827	35.8229	115.3286	49.0	887.0	10668.0	0.0
164847	35.851743	115.288497	48.978832	885.689866	10667.771	0.877
164907	35.881156	115.247708	49.006909	884.775348	10668.518	-2.04
164927	35.911109	115.206267	49.000261	884.982482	10668.159	-7.78
164947	35.940775	115.165016	49.001854	885.156264	10662.753	-9.496
165007	35.970809	115.123099	48.99295	884.701174	10659.166	-5.606
165027	36.000387	115.081775	48.997702	884.01694	10659.951	-0.16
165047	36.027744	115.043528	49.04686	884.015499	10660.185	0.47
165107	36.056739	115.002944	48.894396	883.821086	10659.905	0.056
165127	36.08743	114.960049	48.967567	883.938387	10659.986	0.069
165147	36.115198	114.920779	50.416291	886.030385	10660.234	-1.585
165207	36.142371	114.877841	53.711838	887.255126	10659.572	3.919
165227	36.16785	114.831356	57.787843	889.820504	10662.0	10.829
165247	36.189098	114.785748	61.783414	894.83312	10667.813	8.273
165307	36.208487	114.736786	66.183741	895.985661	10668.663	2.351
165327	36.226032	114.684665	68.781987	896.478956	10667.766	-0.689
165347	36.242106	114.631445	69.011488	897.960423	10667.986	-0.039
165407	36.258062	114.579175	68.870383	897.966132	10668.049	0.135
165427	36.273869	114.527671	69.276979	898.465878	10667.98	-0.038
165447	36.289334	114.476634	69.978119	899.948621	10667.998	0.001
165507	36.304669	114.425927	70.077392	900.488035	10668.025	-0.063
165527	36.320565	114.373385	69.972716	901.886335	10667.951	0.161
165547	36.336984	114.319011	69.998432	903.946233	10667.985	0.05
165607	36.353111	114.26535	70.005557	904.012278	10668.294	-1.019
165627	36.369099	114.212186	69.998041	904.458806	10667.338	2.508
165647	36.384833	114.15986	69.999887	905.950936	10667.797	7.93
165707	36.399877	114.10949	70.000399	906.170124	10674.131	4.403
165727	36.415212	114.058435	69.999859	905.947946	10674.63	-3.563
165747	36.431018	114.005918	69.999992	905.999352	10668.212	-7.991
165807	36.446492	113.953631	70.000029	905.95434	10667.492	-4.184
165827	36.462603	113.899132	69.99999	906.126435	10667.623	3.478
165847	36.478925	113.844394	69.999999	906.03992	10667.814	7.984
165907	36.493694	113.794923	70.000002	904.682563	10674.057	4.261
165927	36.509084	113.742998	69.999999	903.806141	10674.687	-3.622
165947	36.525683	113.686582	70.0	903.992413	10668.224	-8.027
170007	36.541465	113.632802	70.0	903.954137	10667.258	-3.402
170027	36.556826	113.58059	70.0	904.183541	10668.142	1.475
170047	36.572234	113.528306	70.0	904.06008	10667.973	0.207
170107	36.587407	113.47655	69.999997	902.011841	10668.821	-5.275
170127	36.60222	113.425805	70.000006	900.739426	10665.829	-9.15
170147	36.616864	113.37553	70.000002	900.998045	10660.168	-8.163
170207	36.631859	113.323991	69.999964	900.740527	10659.596	-3.402
170227	36.647832	113.26912	70.000082	901.785422	10659.702	2.803
170247	36.663847	113.214002	70.000025	903.931768	10659.852	7.827
170307	36.678091	113.16462	69.999492	904.240752	10665.223	9.262
170327	36.692979	113.113095	70.001143	903.916486	10668.801	5.845
170347	36.709201	113.057068	70.000351	903.995602	10668.035	0.22
170407	36.724654	113.003274	69.992923	904.007337	10668.113	-1.624
170427	36.739934	112.949865	70.015918	904.016379	10667.418	2.735
170447	36.755433	112.895772	70.004887	904.006554	10667.806	7.947
170507	36.770525	112.8432	69.901431	903.861973	10673.998	4.265
170527	36.78538	112.791358	70.247543	904.362385	10674.916	-3.309
170547	36.800261	112.739104	70.932559	905.75454	10668.696	-7.108
170607	36.815215	112.686158	71.083369	907.332206	10667.137	-3.27
170627	36.830081	112.633456	70.97694	908.13589	10668.239	0.747
170647	36.844939	112.580907	70.995227	908.024256	10668.049	0.155
170707	36.86021	112.526749	71.005986	907.999626	10667.938	-0.194
170727	36.875523	112.472434	70.998344	907.947057	10668.017	0.054
170747	36.890483	112.419382	70.999657	907.93511	10668.004	0.011
170807	36.905175	112.366984	71.00043	908.681775	10667.996	-0.014
170827	36.919857	112.314444	70.999881	908.897314	10668.001	0.004
170847	36.934817	112.260884	70.999975	908.094285	10668.0	0.001
170907	36.950198	112.205701	71.000031	907.876631	10668.0	-0.001
170927	36.965505	112.150774	70.999991	908.04541	10668.0	0.0
170947	36.980246	112.097926	70.999998	908.020873	10668.0	0.0
171007	36.994434	112.046989	71.000002	907.881014	10668.0	-0.0
171027	37.00896	111.994759	71.0	908.168404	10668.0	0.0
171047	37.024107	111.940203	71.0	908.898918	10668.0	0.0
171107	37.038776	111.887155	70.999997	909.094153	10668.0	-0.0
171127	37.053299	111.834396	71.000004	908.97857	10668.0	0.0
171147	37.068137	111.780377	71.000007	908.995296	10668.0	0.001
171207	37.082852	111.726894	70.999962	908.992781	10668.001	-0.004
171227	37.09751	111.673503	71.000059	909.01992	10667.998	0.006
171247	37.112267	111.619495	71.000169	909.061345	10667.995	0.016
171307	37.126967	111.565673	70.999583	908.845507	10668.012	-0.04
171327	37.141413	111.512675	71.000115	909.042887	10667.997	0.011
171347	37.155672	111.459989	71.002256	910.403168	10667.937	0.217
171407	37.170734	111.404255	70.995239	911.113609	10668.132	-0.457
171427	37.186212	111.347091	70.997248	910.974616	10668.076	-0.264
171447	37.200447	111.294556	71.028937	911.681416	10667.198	4.506
171507	37.214539	111.242474	70.942546	911.886625	10669.744	9.681
171527	37.229314	111.187717	70.962474	911.065956	10675.544	8.678
171547	37.244096	111.132727	71.617568	910.835804	10677.543	-1.833
171607	37.25875	111.07782	72.09979	911.140639	10673.921	-9.997
171627	37.273262	111.023121	72.012506	911.07352	10668.349	-8.492
171647	37.287529	110.969418	71.977021	909.819836	10667.363	-2.718
171707	37.30163	110.91647	72.007406	908.676558	10668.205	0.711
171727	37.315761	110.863362	72.001399	908.849672	10668.039	0.134
171747	37.330124	110.809067	71.998248	910.236802	10667.951	-0.168
171807	37.344525	110.754427	72.000485	911.124276	10668.013	0.047
171827	37.358845	110.700074	72.0001	910.983215	10668.003	0.01
171847	37.373256	110.645392	71.999874	911.532836	10667.997	-0.012
171907	37.387592	110.590698	72.000035	912.107686	10668.001	0.003
171927	37.401772	110.536337	72.000007	912.023281	10668.0	0.001
171947	37.415986	110.482154	71.999991	911.963119	10668.0	-0.001
172007	37.430128	110.428309	72.000003	912.023775	10668.0	0.001
172027	37.444109	110.374817	72.000001	912.018721	10668.0	0.001
172047	37.458064	110.32125	71.999999	911.869458	10668.002	-0.005
172107	37.472157	110.266997	72.000001	912.250565	10667.997	0.01
172127	37.486374	110.211973	72.0	913.696807	10667.997	0.01
172147	37.500478	110.156924	71.999997	915.898289	10668.022	-0.076
172207	37.514515	110.102397	72.000005	917.266205	10667.962	0.132
172227	37.528586	110.048179	72.000005	917.084577	10667.959	0.14
172247	37.542697	109.993238	71.999961	916.665258	10668.304	-1.053
172307	37.556867	109.937555	72.000069	917.521787	10667.469	1.942
172327	37.571001	109.881947	72.000073	918.971268	10667.435	7.788
172347	37.584871	109.82754	71.999452	917.950398	10673.692	4.444
172407	37.598611	109.77357	72.000957	916.88533	10674.794	-1.556
172427	37.612419	109.719114	72.001018	917.081182	10668.351	-0.838
172447	37.626358	109.664113	71.992367	915.53827	10671.486	6.507
172507	37.640444	109.608435	72.013336	913.303939	10677.39	5.632
172527	37.654371	109.553172	72.014172	912.08528	10676.615	-6.55
172547	37.667625	109.500393	71.889997	911.895145	10671.265	-10.663
172607	37.681188	109.446486	72.166249	912.015307	10667.396	-6.225
172627	37.695548	109.389544	72.898201	911.99056	10667.803	-0.641
172647	37.709511	109.333802	73.09515	912.095578	10668.252	0.374
172707	37.72305	109.279412	72.977863	911.837664	10667.844	0.251
172727	37.736581	109.22495	72.994378	911.103883	10667.809	0.59
172747	37.750227	109.169975	72.99794	910.897514	10669.054	-4.91
172807	37.763891	109.114725	73.011837	911.031996	10666.361	-7.671
172827	37.777484	109.059657	73.020714	911.020838	10660.319	-1.487
172847	37.790996	109.005166	72.876006	910.913177	10663.371	4.532
172907	37.803833	108.951681	73.199587	911.129045	10669.152	5.773
172927	37.815738	108.898791	74.250531	911.740226	10669.37	2.69
172947	37.827486	108.844614	75.065521	911.98034	10667.857	-0.243
173007	37.839611	108.788205	75.071311	911.783463	10667.844	-0.264
173027	37.851801	108.731286	74.960183	912.874105	10668.087	0.148
173047	37.863897	108.674541	74.998069	914.00921	10668.004	0.007
173107	37.875935	108.617728	75.006836	912.683659	10667.985	-0.025
173127	37.887824	108.561559	74.997595	912.107018	10668.005	0.009
173147	37.899519	108.506344	74.999863	913.886368	10668.0	0.001
173207	37.911131	108.451375	75.000451	916.068136	10667.999	-0.002
173227	37.922979	108.394912	74.999916	917.48429	10668.0	0.001
173247	37.934914	108.337889	75.000018	917.089363	10668.0	0.0
173307	37.946378	108.283402	74.99948	914.662733	10668.0	-0.0
173327	37.957732	108.229001	75.001246	914.506172	10668.0	0.0
173347	37.969245	108.173443	75.000734	916.8519	10668.0	0.0
173407	37.98081	108.118213	74.992252	917.078127	10668.0	-0.0
173427	37.992498	108.061925	75.015393	917.400579	10668.0	0.0
173447	38.004317	108.004253	75.010055	918.914158	10668.0	0.0
173507	38.016085	107.947329	74.892398	918.977365	10668.0	-0.001
173527	38.027517	107.891919	75.233264	919.406612	10667.999	0.002
173547	38.038758	107.836893	75.953072	920.898905	10668.0	0.001
173607	38.050377	107.780055	76.085323	921.180985	10668.004	-0.011
173627	38.062024	107.723044	75.973265	920.949175	10667.992	0.023
173647	38.073457	107.666836	75.996652	920.997323	10667.995	0.015
173707	38.084927	107.610165	76.006131	920.964418	10668.055	-0.158
173727	38.096351	107.553509	75.998071	921.093096	10667.891	0.315
173747	38.107588	107.497713	75.999754	921.063026	10667.929	0.206
173807	38.118604	107.443117	76.000518	919.911745	10668.821	-3.623
173827	38.129436	107.389278	75.999877	918.759606	10666.809	-8.102
173847	38.140431	107.334286	75.999952	918.79383	10661.178	-8.206
173907	38.152233	107.275077	76.00004	919.970567	10658.409	-0.455
173927	38.163962	107.216272	75.999993	921.16551	10660.914	8.24
173947	38.174856	107.161661	75.999995	921.708466	10666.533	9.424
174007	38.186099	107.104849	76.000003	922.885038	10668.947	3.674
174027	38.197597	107.046632	75.999999	924.107958	10667.745	0.159
174047	38.208658	106.990871	75.999997	924.138209	10667.157	5.835
174107	38.219691	106.934687	76.000009	923.782501	10671.411	9.835
174127	38.230748	106.878087	75.999993	924.139197	10676.427	7.231
174147	38.241715	106.822245	75.999965	925.090746	10676.445	1.269
174207	38.252929	106.764737	76.000126	923.83705	10675.582	-0.102
174227	38.26416	106.706717	75.9999	921.828799	10676.185	-0.441
174247	38.275071	106.650398	75.999515	921.843193	10676.776	-6.097
174307	38.286104	106.593711	76.001753	922.073534	10672.631	-9.696
174327	38.297131	106.536703	75.998602	922.001993	10667.565	-7.241
174347	38.307846	106.480432	75.993248	921.611954	10667.536	-1.237
174407	38.318661	106.423744	76.024409	919.037725	10668.473	-0.069
174427	38.329651	106.366235	75.980535	916.945106	10667.773	0.585
174447	38.340605	106.308561	75.905961	918.397576	10667.021	6.799
174507	38.351374	106.25204	76.421349	919.388251	10672.103	6.504
174527	38.361988	106.196338	77.052881	918.900486	10675.842	-1.324
174547	38.372579	106.140273	77.04976	917.793254	10670.032	-7.846
174607	38.38324	106.08358	76.971519	914.825452	10666.747	-4.577
174627	38.393889	106.026683	77.003797	911.662704	10668.284	0.003
174647	38.404466	105.969902	77.003573	910.854905	10668.814	-5.487
174707	38.415207	105.912503	76.997955	911.532261	10664.816	-10.772
174727	38.425872	105.855588	77.000273	911.978374	10659.376	-6.516
174747	38.436183	105.800189	77.000257	911.255681	10658.593	5.723
174807	38.446615	105.743968	76.999853	910.829492	10664.555	6.232
174827	38.45704	105.687674	77.00002	911.048474	10667.618	-0.625
174847	38.467187	105.632667	77.000021	911.583716	10661.052	-0.555
174907	38.477615	105.575888	76.99999	912.879761	10663.092	-0.097
174927	38.488007	105.518963	77.000001	914.056002	10667.818	0.212
174947	38.497895	105.46447	76.999998	914.021029	10660.86	5.038
175007	38.508522	105.406194	77.000011	914.204607	10665.001	12.674
175027	38.519326	105.346941	76.999994	913.864301	10676.684	14.568
175047	38.528988	105.293316	76.999951	911.709809	10676.883	4.509
175107	38.538744	105.239086	77.000158	910.664734	10676.101	-4.609
175127	38.549163	105.181179	76.999914	911.035328	10675.695	-8.247
175147	38.559856	105.121433	76.999256	911.089815	10670.174	-9.173
175207	38.570246	105.063353	77.002047	910.875837	10667.079	-4.93
175227	38.580079	105.008197	76.999425	911.029496	10668.059	0.097
175247	38.589596	104.954267	76.990004	911.838652	10668.422	-0.479
175307	38.599617	104.897583	77.028348	911.761608	10667.137	2.948
175327	38.610124	104.838454	76.991999	910.974921	10668.23	8.052
175347	38.620404	104.780464	76.860805	910.919808	10674.689	3.758
175407	38.630287	104.724022	77.444125	911.031265	10674.101	-4.477
175427	38.639988	104.668201	77.991632	910.999661	10667.799	-7.93
175447	38.649801	104.61199	77.230269	911.019663	10667.364	-2.568
175507	38.659524	104.555883	77.207435	910.930139	10668.232	1.223
175527	38.669298	104.499224	78.026701	911.020365	10668.003	-0.109
175547	38.679333	104.441429	78.086965	911.698475	10668.25	-1.193
175607	38.688776	104.386314	77.961336	912.198232	10667.178	3.388
175627	38.697979	104.332206	78.001917	911.969115	10668.237	7.997
175647	38.70801	104.274255	78.00624	911.195988	10674.88	2.999
175707	38.718093	104.215953	77.997235	911.058439	10673.525	-2.045
175727	38.727889	104.158623	78.000135	910.960173	10667.964	0.325
175747	38.737662	104.100948	78.000395	909.552359	10672.965	7.624
175807	38.74721	104.044516	77.99995	908.783911	10677.786	3.45
175827	38.756568	103.989119	77.999968	909.009202	10675.764	-8.406
175847	38.765973	103.933045	77.999297	909.004034	10669.969	-10.003
175907	38.775346	103.876758	78.002071	909.074535	10667.218	-4.712
175927	38.784778	103.820146	77.999412	908.975207	10668.039	0.129
175947	38.794373	103.762698	77.989761	908.215119	10668.14	0.346
180007	38.803668	103.705645	77.929701	908.039128	10667.909	0.041
180027	38.814027	103.649109	75.835257	907.706363	10668.143	-0.405
180047	38.827193	103.593207	71.532364	906.221561	10668.147	-0.49
180107	38.842759	103.539561	69.315271	904.950234	10666.906	5.222
180127	38.859081	103.487176	68.957809	903.30222	10670.01	7.588
180147	38.875388	103.433618	68.991265	901.22724	10675.86	1.19
180207	38.892502	103.376886	69.010962	900.323261	10671.903	-5.71
180227	38.909373	103.320996	68.996952	899.701461	10667.39	-8.212
180247	38.925397	103.26797	68.999353	898.275801	10668.168	-7.085
180307	38.941612	103.21409	69.000969	896.443439	10664.157	-7.53
180327	38.957952	103.159823	68.999847	896.192557	10659.491	-6.318
180347	38.974032	103.106614	68.999901	897.82435	10659.684	-1.205
180407	38.989834	103.054043	69.000074	897.201079	10660.177	0.887
180427	39.005395	103.001911	68.999979	895.953136	10660.003	-0.282
180447	39.020892	102.949877	68.999961	897.306452	10660.105	-0.584
180507	39.036772	102.89674	69.000137	899.637889	10659.485	2.956
180527	39.053088	102.842041	68.999861	901.176005	10660.566	9.349
180547	39.069478	102.786749	68.9995	901.193455	10665.705	14.54
180607	39.085312	102.733487	69.001761	900.654585	10672.19	13.237
180627	39.101121	102.680338	68.9986	901.234478	10676.319	6.994
180647	39.117487	102.624956	68.992593	903.414344	10676.341	1.317
180707	39.133184	102.571691	69.02298	904.07095	10675.833	-0.599
180727	39.148825	102.518581	68.987494	904.098934	10676.014	0.061
180747	39.165593	102.461549	68.900208	905.756536	10676.009	0.137
180807	39.181656	102.406611	69.382438	905.258919	10676.037	-0.212
180827	39.19719	102.353359	70.037522	904.019902	10675.974	0.097
180847	39.213466	102.297746	70.057425	905.570229	10675.788	0.747
180907	39.229209	102.243638	69.971154	905.569922	10676.682	-2.88
180927	39.244439	102.19098	70.002702	903.873325	10675.625	-8.4
180947	39.260094	102.136942	70.004187	903.64771	10669.866	-9.257
181007	39.275808	102.08276	69.997725	904.831995	10667.139	-4.711
181027	39.291472	102.028662	70.000306	906.07391	10668.081	0.279
181047	39.307307	101.973785	70.001192	906.153119	10668.124	0.43
181107	39.32332	101.918211	69.996947	905.787452	10667.936	-0.227
181127	39.338958	101.86386	70.000763	906.043872	10668.003	0.011
181147	39.353914	101.811579	70.01303	907.403613	10668.006	0.047
181207	39.36996	101.754761	69.913881	908.404008	10668.007	-0.051
181227	39.386937	101.696892	68.907165	907.934957	10667.997	0.011
181247	39.40338	101.64679	66.639692	906.33159	10667.947	0.18
181307	39.420469	101.596584	66.047659	906.388656	10668.153	-0.504
181327	39.438844	101.541887	67.035107	908.07779	10667.957	0.142
181347	39.457954	101.485036	67.126202	908.996203	10667.195	5.121
181407	39.476572	101.429808	66.950572	908.730126	10670.263	10.111
181427	39.4941	101.3777	67.0	908.0	10676.0	8.0
181447	39.510968	101.327108	67.009026	907.881988	10677.668	-3.991
181507	39.528588	101.274313	66.996297	908.134418	10672.712	-7.487
181527	39.547168	101.218881	66.999798	908.030248	10667.963	-0.297
181547	39.565634	101.163709	67.000781	906.938767	10673.346	1.663
181607	39.58365	101.109556	66.999745	905.367404	10675.116	-1.666
181627	39.601554	101.055431	66.999936	904.135722	10668.8	-6.217
181647	39.619995	100.99968	67.000062	903.875227	10668.192	-8.892
181707	39.637732	100.946093	66.999985	904.0276	10666.457	-6.667
181727	39.65419	100.896256	66.999995	904.004783	10660.18	-0.852
181747	39.671194	100.844479	67.000004	904.018301	10664.531	1.035
181807	39.68918	100.789572	66.999999	903.960821	10667.241	-0.603
181827	39.707631	100.733285	67.0	903.935603	10660.569	-0.719
181847	39.725773	100.677976	66.999998	904.380992	10663.262	5.152
181907	39.743665	100.623261	67.000004	903.399914	10668.969	7.436
181927	39.761254	100.569185	67.000008	901.142789	10668.375	1.287
181947	39.777824	100.518091	66.999963	902.218988	10667.707	-0.98
182007	39.794311	100.467375	67.000047	904.287035	10668.06	0.202
182027	39.811919	100.413381	67.000107	904.121397	10668.027	0.091
182047	39.830511	100.356084	66.999482	903.935658	10667.98	-0.074
182107	39.848714	100.299719	67.00066	903.973925	10668.003	0.02
182127	39.865756	100.246808	67.001486	903.903608	10667.999	0.018
182147	39.882944	100.193229	66.99261	904.744686	10668.014	-0.063
182207	39.900222	100.139186	67.007257	906.337539	10667.985	0.057
182227	39.917246	100.085896	67.026015	907.750844	10667.945	0.203
182247	39.934805	100.031187	66.908491	908.032217	10668.194	-0.711
182307	39.952655	99.975476	67.073666	908.072822	10667.846	0.573
182327	39.969992	99.920854	67.801444	908.873743	10667.258	6.331
182347	39.986702	99.86814	68.106991	908.708019	10671.335	9.067
182407	40.003599	99.814911	67.985248	907.921518	10676.452	6.318
182427	40.0213	99.759068	67.982339	907.873531	10676.592	1.314
182447	40.038584	99.704402	68.007746	908.147317	10675.596	-0.033
182507	40.055343	99.651333	67.999611	907.967309	10676.06	-0.129
182527	40.072405	99.597318	67.9986	906.801877	10676.935	-5.326
182547	40.089576	99.542613	68.000548	905.183397	10673.507	-9.388
182607	40.1067	99.4878	68.0	904.0	10668.0	-8.0
182627	40.123846	99.433101	67.9999	903.892792	10667.506	-2.563
182647	40.140924	99.378523	68.00004	904.042418	10668.03	1.47
182707	40.1579	99.324	68.0	904.0	10668.0	0.0
182727	40.174835	99.269467	67.99999	903.992303	10669.038	-6.26
182747	40.191773	99.214923	68.00001	904.003046	10664.992	-7.069
182807	40.2088	99.16	68.0	904.0	10660.0	0.0
182827	40.225871	99.104638	67.99996	903.999445	10664.954	7.078
182847	40.242285	99.051389	68.000101	904.000225	10669.125	6.241
182907	40.258287	98.999538	68.000028	904.000012	10668.061	0.203
182927	40.275016	98.945164	67.999443	903.99997	10667.785	-0.717
182947	40.292597	98.887751	68.001249	903.999986	10668.076	0.253
183007	40.310153	98.830273	68.000383	903.999992	10668.004	0.015
183027	40.32652	98.776729	67.99227	904.000178	10667.984	-0.052
183047	40.342835	98.723118	68.017534	903.99959	10668.006	0.019
183107	40.359548	98.66803	68.010244	903.99976	10668.001	0.002
183127	40.375862	98.61455	67.887677	904.002633	10667.999	-0.004
183147	40.392568	98.55961	68.199934	903.995611	10668.0	0.001
183207	40.409995	98.501846	68.926659	903.995366	10668.0	0.0
183227	40.427093	98.445107	69.090789	904.034714	10668.0	-0.0
183247	40.443637	98.390101	68.974755	903.939364	10668.0	0.0
183307	40.459869	98.336072	68.99464	903.935563	10668.0	0.0
183327	40.476154	98.282112	69.008019	904.803323	10668.0	0.0
183347	40.492754	98.226888	68.998736	906.326699	10668.0	-0.0
183407	40.509499	98.17061	68.999197	907.748563	10668.0	-0.0
183427	40.525531	98.11665	69.000532	908.152984	10668.0	0.001
183447	40.541751	98.062139	68.999909	907.976952	10668.0	-0.001
183507	40.558934	98.00431	68.999942	907.994786	10668.001	-0.003
183527	40.575342	97.948754	69.000038	907.962523	10667.996	0.014
183547	40.591203	97.894957	68.999993	908.05094	10668.004	-0.014
183607	40.607389	97.840226	68.999995	908.646015	10668.015	-0.052
183627	40.623259	97.786253	69.000004	909.837984	10667.947	0.182
183647	40.639536	97.73064	68.999999	911.180364	10668.042	-0.145
183707	40.656965	97.671187	68.999996	911.960263	10668.201	-0.698
183727	40.673761	97.613844	69.000012	911.795329	10667.272	3.174
183747	40.689671	97.55937	68.99999	912.202994	10668.589	8.58
183807	40.705566	97.504738	68.999953	913.901771	10674.411	9.156
183827	40.72179	97.448657	69.000168	912.867255	10676.857	4.381
183847	40.738141	97.391927	68.999866	910.88055	10675.881	-0.376
183907	40.754327	97.33581	68.999352	911.152416	10675.868	-0.29
183927	40.770582	97.279718	69.002343	909.667905	10676.153	-0.077
183947	40.786683	97.224154	68.998131	907.962701	10675.918	0.202
184007	40.802431	97.169422	68.990972	908.489311	10675.638	1.086
184027	40.818543	97.113195	69.032639	905.168599	10677.287	-5.227
184047	40.834815	97.056368	68.973972	900.597261	10674.961	-16.663
184107	40.850548	97.001335	68.874256	900.542383	10663.849	-23.507
184127	40.865654	96.947966	69.535973	901.559116	10655.288	-17.335
184147	40.880548	96.895293	69.961474	900.690957	10652.906	-6.957
184207	40.895857	96.841402	69.608166	899.613831	10653.103	-2.697
184227	40.911712	96.783331	71.996395	906.376997	10652.577	8.626
184247	40.924795	96.724507	75.95982	908.337371	10657.555	17.852
184307	40.934701	96.663999	78.867879	909.132751	10665.027	13.887
184327	40.943126	96.603178	80.11544	911.061556	10668.074	7.37
184347	40.951107	96.545098	80.073398	909.475961	10667.346	7.956
184407	40.959137	96.487152	79.95138	908.795119	10672.286	5.669
184427	40.96705	96.429801	80.008302	908.929464	10675.759	-1.674
184447	40.97478	96.373069	80.005314	908.124302	10669.748	-7.929
184507	40.983131	96.311861	79.996306	908.284694	10666.603	-4.141
184527	40.991498	96.250339	80.000476	909.085406	10668.348	-0.225
184547	40.999116	96.193446	80.000448	909.14775	10669.106	-6.507
184607	41.006997	96.133818	79.999744	908.660791	10663.774	-6.496
184627	41.014952	96.073475	80.000034	909.249152	10660.215	1.184
184647	41.022419	96.017153	80.00003	911.522049	10666.208	7.067
184707	41.030351	95.957603	79.999991	911.827485	10668.41	8.118
184727	41.038623	95.895785	79.999995	910.959718	10668.393	8.266
184747	41.04652	95.836833	79.999968	911.620899	10674.023	9.569
184807	41.054107	95.779023	80.000124	912.650148	10677.85	0.82
184827	41.061637	95.720542	79.9999	914.366902	10675.132	-8.462
184847	41.069299	95.66088	79.999516	916.780169	10668.723	-3.355
184907	41.077023	95.601033	80.001752	915.960292	10670.573	5.455
184927	41.084761	95.541625	79.998603	913.843916	10676.539	7.622
184947	41.092454	95.482779	79.99325	914.004762	10676.551	1.643
185007	41.099935	95.4243	80.024403	913.261501	10675.519	-0.34
185027	41.10745	95.3647	79.980519	911.880908	10676.195	-0.391
185047	41.11523	95.303465	79.896851	911.886012	10676.871	-5.863
185107	41.122765	95.244372	80.384068	911.948841	10672.893	-9.534
185127	41.130026	95.186407	81.037369	910.809995	10667.71	-7.566
185147	41.137347	95.126271	81.057188	908.588174	10667.604	-1.94
185207	41.144746	95.066252	80.971286	907.853989	10668.042	1.442
185227	41.152135	95.007086	81.002683	907.948126	10668.081	-0.43
185247	41.159417	94.947988	81.004106	906.627281	10668.781	-6.087
185307	41.166603	94.889496	80.997938	905.255011	10664.908	-9.316
185327	41.173831	94.830631	81.000193	903.806288	10659.725	-7.642
185347	41.181187	94.770337	81.000295	901.619238	10659.752	-2.492
185407	41.188384	94.711163	80.99985	900.716169	10659.549	3.68
185427	41.1954	94.653067	81.000015	901.027314	10660.354	8.325
185447	41.202407	94.594327	81.00003	901.047978	10666.101	9.143
185507	41.209376	94.535609	80.999961	900.955356	10668.877	4.768
185527	41.216414	94.476285	81.000017	901.015223	10667.918	-0.284
185547	41.223587	94.415778	81.000127	901.109346	10667.875	-0.435
185607	41.230488	94.357352	80.999598	900.658814	10668.063	0.219
185627	41.237172	94.300467	81.000219	901.1867	10667.994	-0.021
185647	41.243972	94.242257	81.001751	903.665972	10667.992	-0.035
185707	41.250778	94.183234	80.994412	902.964036	10668.001	0.028
185727	41.257708	94.12322	81.003054	900.97369	10668.002	-0.008
185747	41.264883	94.061978	81.024385	902.88715	10668.015	-0.056
185807	41.271771	94.001972	80.922177	905.181688	10667.95	0.174
185827	41.278359	93.943465	81.042829	906.043181	10668.027	-0.095
185847	41.284971	93.885106	81.734005	906.121243	10668.218	-0.755
185907	41.291505	93.826874	82.212063	905.755602	10667.304	2.922
185927	41.298066	93.767926	81.932557	906.122106	10668.383	8.375
185947	41.304816	93.707726	81.134348	907.742997	10674.191	9.059
190007	41.31145	93.648846	81.230708	907.428741	10676.678	5.343
190027	41.317952	93.590229	82.075191	905.915786	10676.02	-0.627
190047	41.324613	93.529298	82.297976	905.940573	10676.675	-6.346
190107	41.331747	93.468501	81.113851	905.670778	10673.002	-9.329
190127	41.339132	93.409363	79.975228	903.718744	10667.694	-7.564
190147	41.346334	93.351526	80.656877	900.714511	10667.531	-1.773
190207	41.353533	93.293394	81.163202	899.994153	10668.237	0.814
190227	41.360833	93.23387	80.984513	901.083226	10667.977	-0.076
190247	41.368153	93.173241	80.973499	901.211565	10667.957	-0.117
190307	41.375297	93.114091	81.011661	900.707569	10668.029	0.016
190327	41.382245	93.056633	80.999428	901.069489	10667.996	0.009
190347	41.389121	92.999127	80.998247	903.196295	10667.937	0.2
190407	41.395957	92.941472	81.000454	904.334348	10668.175	-0.598
190427	41.4029	92.8828	81.0	904.0	10668.0	0.0
190447	41.410069	92.822279	81.001954	903.937097	10667.133	5.373
190507	41.41702	92.763035	80.994752	904.036934	10670.481	9.315
190527	41.4238	92.7046	81.0	904.0	10676.0	8.0
190547	41.430871	92.643635	81.029224	903.917187	10676.411	2.907
190607	41.437839	92.583495	80.926117	904.200541	10676.191	-2.632
190627	41.4446	92.525	81.0	904.0	10676.0	-8.0
190647	41.451432	92.465684	81.703475	902.014627	10671.36	-13.864
190707	41.458087	92.406864	82.082001	900.400273	10664.64	-13.864
190727	41.4646	92.3484	82.0	900.0	10660.0	-8.0
190747	41.471275	92.288709	82.115717	899.84314	10659.809	-2.632
190807	41.477865	92.230073	81.629299	900.403281	10659.589	2.906
190827	41.4844	92.1723	81.0	901.0	10660.0	8.0
190847	41.491157	92.112873	81.620265	900.270821	10665.52	9.318
190907	41.497742	92.053706	82.135592	900.171591	10668.864	5.367
190927	41.5041	91.9952	82.0	901.0	10668.0	0.0
190947	41.510599	91.935618	81.975395	901.096498	10667.845	-0.549
191007	41.517214	91.875312	82.009735	900.961949	10668.058	0.229
191027	41.5238	91.8151	82.0	901.0	10668.0	0.0
191047	41.530234	91.755609	81.998233	901.006083	10668.011	-0.115
191107	41.536547	91.696972	82.000699	900.999406	10667.949	0.207
191127	41.5429	91.6379	82.0	901.0	10668.0	0.0
191147	41.54944	91.576865	81.99987	900.988657	10668.304	-1.058
191207	41.555899	91.516501	82.000057	901.02973	10667.23	2.965
191227	41.5621	91.4581	82.0	901.0	10668.0	8.0
191247	41.568103	91.400421	81.999951	900.538818	10674.614	3.373
191307	41.574137	91.34172	82.000103	899.231625	10673.867	-1.956
191327	41.5804	91.2812	82.0	898.0	10668.0	0.0
191347	41.586869	91.219836	81.99945	898.147392	10672.589	7.392
191407	41.592967	91.161271	82.001388	897.250057	10677.721	4.021
191427	41.5987	91.1048	82.0	895.0	10676.0	-8.0
191447	41.604616	91.046247	81.992353	893.524666	10670.23	-10.101
191507	41.610554	90.987419	82.019326	892.491402	10667.262	-5.152
191527	41.6165	90.9284	82.0	892.0	10668.0	0.0
191547	41.622644	90.867321	81.893495	892.383112	10667.962	1.114
191607	41.628681	90.807491	82.30622	890.777718	10668.395	-2.08
191627	41.6344	90.7505	83.0	888.0	10668.0	-8.0
191647	41.639901	90.694521	83.07213	887.801867	10663.158	-13.711
191707	41.645597	90.636399	82.971455	887.878133	10657.119	-14.484
191727	41.6515	90.576	83.0	888.0	10653.0	-8.0
191747	41.657257	90.515946	83.005217	890.472655	10651.998	3.383
191807	41.662945	90.456609	82.997855	893.256882	10655.046	10.382
191827	41.6686	90.3979	83.0	895.0	10660.0	11.0
191847	41.674159	90.339619	83.00119	896.160747	10662.996	10.983
191907	41.679755	90.280574	83.00053	897.192983	10665.427	11.109
191927	41.685567	90.219377	82.99988	898.516678	10669.959	10.798
191947	41.691449	90.157713	82.999975	899.870805	10675.488	8.643
192007	41.69692	90.100252	83.000029	900.393537	10676.632	3.099
192027	41.702323	90.042252	82.999996	901.674753	10675.825	-0.678
192047	41.707952	89.980795	83.000003	903.818373	10675.964	-0.141
192107	41.71355	89.920514	82.999966	904.046688	10676.044	0.179
192127	41.718974	89.861447	83.000062	904.325565	10675.989	-0.055
192147	41.724221	89.802585	83.000067	905.838422	10675.999	-0.017
192207	41.729424	89.743984	82.999498	906.196504	10675.988	0.064
192227	41.734827	89.683227	83.000725	905.955446	10676.021	-0.077
192247	41.740226	89.622445	82.994975	906.15079	10675.849	0.524
192307	41.745548	89.562669	83.00325	905.910068	10676.098	-0.341
192327	41.751131	89.500165	83.026585	904.490257	10676.799	-5.923
192347	41.756368	89.440663	82.914752	903.713919	10672.926	-9.493
192407	41.761298	89.38349	83.046921	904.058436	10667.709	-7.575
192427	41.766414	89.323716	83.766726	904.336282	10667.613	-1.994
192447	41.771631	89.262654	84.107606	902.817869	10667.999	1.602
192507	41.77669	89.203221	83.989945	900.899444	10668.105	-0.516
192527	41.78151	89.146247	83.984613	900.914282	10668.979	-6.775
192547	41.786641	89.085956	84.007726	900.816249	10664.275	-6.61
192607	41.79191	89.023707	83.999278	901.140001	10660.074	0.851
192627	41.79683	88.964384	83.998895	903.34544	10665.672	7.506
192647	41.801846	88.904465	84.000555	904.145615	10669.093	5.513
192707	41.806888	88.843928	83.999948	904.070046	10667.898	-0.354
192727	41.811612	88.785032	83.999921	905.541729	10667.844	-0.541
192747	41.816408	88.725402	84.00004	906.062356	10668.078	0.272
192807	41.821279	88.66524	83.999996	906.074719	10667.993	-0.025
192827	41.825997	88.606003	83.999995	907.524696	10667.989	-0.039
192847	41.830825	88.5452	84.000001	908.151372	10668.006	0.02
192907	41.835798	88.483119	84.000001	908.022841	10667.999	-0.002
192927	41.840702	88.422104	84.000009	908.714533	10667.999	-0.003
192947	41.845356	88.362477	83.999969	909.184854	10668.0	0.001
193007	41.849851	88.303495	84.000017	908.955282	10668.0	-0.0
193027	41.85443	88.243815	84.000138	908.717879	10668.0	-0.0
193047	41.859141	88.182082	83.99956	909.98059	10668.0	0.001
193107	41.863867	88.119988	84.00024	910.960592	10668.0	-0.0
193127	41.868432	88.060258	84.001919	909.42229	10668.001	-0.004
193147	41.872794	88.001685	83.993782	909.354295	10667.996	0.013
193207	41.87712	87.942279	84.001622	911.076283	10668.001	-0.003
193227	41.88163	87.880657	84.02791	911.934925	10668.016	-0.057
193247	41.886233	87.817738	83.921003	911.933239	10667.954	0.16
193307	41.890718	87.756327	84.022327	912.026476	10668.013	-0.045
193327	41.89497	87.698127	84.730751	913.168076	10668.227	-0.787
193347	41.899335	87.63721	85.107703	915.183034	10667.355	2.628
193407	41.903821	87.573442	84.99466	917.067822	10668.182	8.194
193427	41.90813	87.511721	84.982607	917.487138	10673.91	9.129
193447	41.912246	87.451688	85.007733	915.852019	10676.68	5.647
193507	41.916416	87.391004	84.999617	913.95644	10676.009	-0.326
193527	41.920849	87.328188	84.998752	914.037856	10676.753	-6.317
193547	41.925055	87.266934	85.000553	913.355641	10673.136	-8.678
193607	41.928999	87.207962	84.999973	911.966782	10667.887	-7.959
193627	41.933053	87.148593	84.999921	912.042845	10668.323	-7.747
193647	41.937151	87.086978	85.000011	911.487172	10665.423	-8.468
193707	41.941201	87.02452	85.000006	911.042625	10659.846	-7.879
193727	41.945199	86.963861	85.000137	913.094969	10659.741	-3.18
193747	41.949207	86.90291	84.999596	914.419206	10659.401	4.185
193807	41.953086	86.842565	85.000115	913.964635	10660.227	7.954
193827	41.956711	86.784931	85.001998	913.634718	10666.861	2.813
193847	41.960604	86.724423	84.994331	915.0463	10665.492	-1.821
193907	41.964699	86.660394	85.0016	917.061709	10659.976	0.274
193927	41.96851	86.597274	85.027839	917.246082	10665.201	6.788
193947	41.972311	86.536787	84.921034	916.757888	10669.11	6.193
194007	41.976193	86.477397	85.022325	917.048694	10667.955	-0.243
194027	41.979965	86.416464	85.730746	918.472426	10668.036	-1.418
194047	41.983544	86.355393	86.107706	919.217129	10667.451	2.87
194107	41.987081	86.293762	85.99466	918.987419	10668.174	8.193
194127	41.990769	86.230694	85.982607	918.927886	10673.832	9.307
194147	41.994317	86.17147	86.007733	919.123698	10676.87	5.029
194207	41.997778	86.113464	85.999617	918.968508	10675.956	-0.147
194227	42.001407	86.050154	85.998751	917.777973	10675.848	-0.442
194247	42.004847	85.989039	86.000555	915.951647	10676.095	0.094
194307	42.008172	85.929835	85.999972	913.894846	10675.988	0.024
194327	42.011727	85.866453	85.99991	911.838734	10675.827	0.565
194347	42.015123	85.805146	86.000041	910.107433	10676.467	-2.08
194407	42.018366	85.745639	85.999998	908.959227	10675.869	-8.346
194427	42.021778	85.68248	85.99999	908.335308	10670.985	-14.146
194447	42.025085	85.620213	86.000013	907.393122	10664.384	-13.733
194507	42.028149	85.56165	85.999997	905.921331	10659.884	-7.66
194527	42.031115	85.504911	85.999948	904.462571	10659.633	-1.68
194547	42.034279	85.444307	86.000148	903.713853	10660.131	0.809
194607	42.0376	85.3809	86.0	904.0	10660.0	0.0
194627	42.040778	85.320444	85.999262	905.201864	10660.199	-0.905
194647	42.043789	85.260921	86.00186	906.821994	10659.434	2.342
194707	42.0468	85.1996	86.0	908.0	10660.0	8.0
194727	42.049968	85.136523	85.989755	908.059788	10665.55	9.413
194747	42.052937	85.077244	86.025893	908.115755	10668.847	5.345
194807	42.0558	85.0192	86.0	909.0	10668.0	-0.0
194827	42.058972	84.954764	85.85731	910.487014	10667.876	-0.644
194847	42.061879	84.893375	86.397674	911.168944	10667.983	0.484
194907	42.0645	84.8355	87.0	912.0	10668.0	-0.0
194927	42.06738	84.772558	86.271842	915.276923	10668.421	-1.537
194947	42.07012	84.712597	86.171177	918.175385	10666.912	4.359
195007	42.0727	84.6552	87.0	919.0	10668.0	15.0
195027	42.075549	84.591283	87.096632	918.797317	10678.463	17.453
195047	42.078406	84.527767	86.961766	919.693859	10684.454	10.545
195107	42.0811	84.4668	87.0	921.0	10683.0	0.0
195127	42.083715	84.403891	87.006938	919.996624	10683.5	-6.491
195147	42.086272	84.343338	86.997255	918.05716	10680.858	-8.614
195207	42.0888	84.2847	87.0	917.0	10676.0	-8.0
195227	42.091338	84.222731	87.000495	917.229492	10676.099	-7.037
195247	42.093853	84.160898	86.99981	916.106382	10674.332	-10.516
195307	42.0964	84.1003	87.0	914.0	10668.0	-15.0
195327	42.099039	84.038534	86.999996	913.845899	10661.851	-11.551
195347	42.10147	83.977548	87.000085	913.913666	10659.35	-4.464
195407	42.1037	83.9166	87.0	914.0	10660.0	0.0
195427	42.106028	83.853091	86.999454	915.835313	10660.339	-0.385
195447	42.108347	83.791989	87.001387	917.981239	10659.379	2.135
195507	42.1106	83.7331	87.0	919.0	10660.0	8.0
195527	42.112863	83.671217	86.992353	918.848478	10665.56	9.453
195547	42.115138	83.609272	87.019326	919.638499	10668.845	5.323
195607	42.1174	83.5475	87.0	921.0	10668.0	-0.0
195627	42.119619	83.483239	86.893495	920.821156	10667.867	-0.605
195647	42.121756	83.42118	87.30622	921.883668	10668.008	0.393
195707	42.1238	83.362	88.0	924.0	10668.0	0.0
195727	42.12579	83.301482	88.072127	924.092156	10668.278	-1.041
195747	42.127835	83.239466	87.971462	924.288409	10667.273	2.846
195807	42.1299	83.1772	88.0	925.0	10668.0	8.0
195827	42.131848	83.115853	88.005179	924.394953	10674.402	4.104
195847	42.133757	83.054898	87.997951	923.85776	10674.402	-4.105
195907	42.1357	82.9923	88.0	924.0	10668.0	-8.0
195927	42.137656	82.92672	88.000372	924.326069	10667.27	-2.836
195947	42.1395	82.863632	87.999853	926.238747	10668.285	1.017
200007	42.1412	82.8037	88.0	929.0	10668.0	-0.0
200027	42.142854	82.742425	88.000026	930.021861	10667.97	-0.259
200047	42.144576	82.680671	87.99999	929.855069	10667.964	0.267
200107	42.1464	82.6181	88.0	930.0	10668.0	0.0
200127	42.148243	82.553345	87.999999	931.387398	10668.306	-1.088
200147	42.149884	82.491071	88.000006	932.213701	10667.217	3.018
200207	42.1514	82.4306	88.0	932.0	10668.0	8.0
200227	42.153072	82.366673	87.999961	931.957261	10674.691	3.103
200247	42.154673	82.30306	88.0001	932.02564	10673.671	-1.276
200307	42.1561	82.2417	88.0	932.0	10668.0	0.0
200327	42.15749	82.180393	87.999451	931.940185	10673.671	1.276
200347	42.158929	82.11715	88.001388	932.145263	10674.692	-3.104
200407	42.1604	82.0525	88.0	932.0	10668.0	-8.0
200427	42.161815	81.988699	87.992353	930.612734	10667.216	-3.013
200447	42.163173	81.925312	88.019326	929.785824	10668.31	1.075
200507	42.1645	81.8631	88.0	930.0	10668.0	-0.0
200527	42.165831	81.803268	87.893495	930.045497	10667.944	-0.195
200547	42.167168	81.741498	88.30622	929.967378	10668.022	0.077
200607	42.1684	81.6784	89.0	930.0	10668.0	-0.0
200627	42.169406	81.618322	89.072127	930.098299	10667.996	-0.014
200647	42.170437	81.555614	88.971462	929.720434	10668.002	0.006
200707	42.1716	81.4905	89.0	929.0	10668.0	-0.0
200727	42.172763	81.429164	89.005178	928.775136	10668.0	-0.002
200747	42.17379	81.368085	88.997953	929.414992	10667.999	0.004
200807	42.1747	81.3066	89.0	929.0	10668.0	0.0
200827	42.175627	81.247252	89.000359	925.679527	10668.006	-0.019
200847	42.176572	81.184264	88.999885	926.089454	10667.986	0.049
200907	42.1775	81.118	89.0	929.0	10668.0	0.0
200927	42.178381	81.055067	88.99985	926.590098	10668.078	-0.27
200947	42.179206	80.993951	89.000435	924.429963	10667.803	0.683
201007	42.18	80.9317	89.0	925.0	10668.0	0.0
201027	42.180802	80.867515	88.997547	925.100364	10669.087	-6.134
201047	42.181589	80.806194	89.006205	924.967069	10664.957	-7.082
201107	42.1823	80.747	89.0	925.0	10660.0	-0.0
201127	42.182899	80.684658	88.965803	924.96314	10665.061	6.846
201147	42.183526	80.623234	89.08643	925.109008	10668.86	6.842
201207	42.1842	80.5636	89.0	925.0	10668.0	0.0
201227	42.184783	80.501897	88.523699	924.383598	10669.02	-7.066
201247	42.185077	80.437845	90.412998	926.704185	10664.71	-6.137
201307	42.183262	80.373868	94.649308	928.930874	10660.076	1.002
201327	42.177577	80.312201	98.228276	925.889392	10665.952	5.379
201347	42.170384	80.250343	99.601522	925.155542	10669.006	6.122
201407	42.163049	80.187756	99.268701	927.841999	10667.584	5.598
201427	42.155792	80.125736	98.902279	929.396825	10670.275	7.184
201447	42.1487	80.065	99.0	929.0	10676.0	8.0
201507	42.1417	80.00532	99.01956	928.960072	10676.734	2.584
201527	42.134546	79.945172	98.993266	928.939152	10675.63	-0.377
201547	42.127171	79.883883	98.999635	928.974424	10675.945	0.096
201607	42.119724	79.822015	99.000835	929.542238	10676.888	-4.775
201627	42.112208	79.759723	99.000758	927.661716	10673.877	-9.567
201647	42.104674	79.697492	99.000355	925.008591	10668.192	-8.259
201707	42.097221	79.635999	98.992372	927.330054	10667.076	-1.606
201727	42.089688	79.574392	99.017493	929.477113	10668.893	-1.615
201747	42.08206	79.512469	99.010237	929.022807	10668.414	-7.751
201807	42.074492	79.450841	98.892094	929.527822	10662.137	-4.964
201827	42.066782	79.387795	99.233303	930.086225	10661.087	3.377
201847	42.059048	79.325158	99.953041	929.984677	10667.527	8.055
201907	42.051758	79.267914	100.085769	930.314743	10668.866	3.517
201927	42.044155	79.208019	99.972306	929.350741	10667.72	-0.97
201947	42.036008	79.14253	99.994723	930.82754	10667.947	-0.185
202007	42.02813	79.079412	100.007051	943.520231	10668.072	0.246
202027	42.020147	79.016872	99.998334	955.284213	10667.983	-0.057
202047	42.011831	78.952693	99.999483	956.369078	10667.994	-0.015
202107	42.003883	78.890255	100.000508	954.435333	10668.01	0.002
202127	41.995995	78.828425	99.999861	952.362242	10667.992	0.019
202147	41.987829	78.765833	99.999933	950.344357	10667.989	0.035
202207	41.97976	78.704172	100.000213	948.873532	10668.065	-0.214
202227	41.971632	78.642256	99.999723	947.595173	10667.903	0.325
202247	41.96334	78.57957	99.999575	946.236223	10667.848	0.511
202307	41.955236	78.518492	100.002551	945.292171	10668.92	-4.185
202327	41.946992	78.456611	99.996918	944.984675	10666.85	-8.553
202347	41.938359	78.392111	99.993113	945.037541	10660.882	-8.177
202407	41.929829	78.328477	100.033355	944.745904	10660.05	-8.21
202427	41.921549	78.266861	99.957473	945.352786	10659.048	-7.475
202447	41.913365	78.206138	99.904253	947.504313	10653.58	-2.195
202507	41.905021	78.144176	100.589433	949.018539	10655.164	8.098
202527	41.896603	78.082646	100.958624	950.468222	10661.469	16.272
202547	41.888273	78.022279	100.198837	952.592283	10666.591	16.073
202607	41.87989	77.958879	99.843707	953.638644	10672.747	10.587
202627	41.870474	77.895202	101.806079	954.190712	10676.263	6.54
202647	41.858803	77.834367	106.064762	954.67012	10675.327	7.054
202707	41.844064	77.772759	108.823759	952.678988	10678.273	5.807
202727	41.827602	77.710893	109.013889	950.026842	10682.988	0.33
202747	41.812283	77.652958	108.861876	951.658325	10678.766	-5.947
202807	41.796993	77.594597	109.279978	953.428401	10675.556	-8.367
202827	41.78091	77.533567	109.978291	953.026856	10676.095	-7.957
202847	41.764816	77.472698	110.076782	952.859218	10671.154	-9.473
202907	41.749056	77.413532	109.972931	953.154627	10666.623	-4.014
202927	41.733393	77.355155	109.998444	953.039959	10667.801	7.555
202947	41.717306	77.295201	110.005514	951.460726	10673.183	10.991
203007	41.70117	77.235055	109.998054	948.60438	10677.323	3.254
203027	41.685289	77.175844	109.999888	946.068722	10676.215	-7.665
203047	41.669504	77.116975	110.000409	945.803391	10670.366	-9.237
203107	41.653371	77.057258	109.99983	945.962686	10667.741	-7.441
203127	41.637009	76.997169	109.999983	945.966301	10668.114	-7.931
203147	41.62102	76.938428	110.000214	947.272938	10662.922	-8.99
203207	41.604858	76.879013	109.999572	948.261223	10659.086	-5.718
203227	41.588416	76.818686	109.999871	948.026752	10659.941	-0.147
203247	41.572325	76.759891	110.002589	947.665141	10660.346	0.016
203307	41.556477	76.702172	109.994181	948.724437	10659.564	1.366
203327	41.540509	76.644046	109.998214	950.008597	10659.882	7.635
203347	41.524153	76.584383	110.036029	948.590598	10664.352	12.19
203407	41.507728	76.524349	109.918279	948.358287	10670.889	-1.871
203427	41.491428	76.465154	109.952257	949.945466	10669.287	-52.348
203447	41.475102	76.406943	110.719074	949.085265	10642.132	-145.806
203507	41.458528	76.348006	110.881372	947.529204	10574.282	-240.328
203527	41.441689	76.287658	110.069402	947.833945	10472.705	-288.927
203547	41.42488	76.227388	109.784452	949.91132	10369.879	-278.954
203607	41.40855	76.168915	110.266883	948.88007	10286.61	-303.654
203627	41.392525	76.111688	110.957154	945.970359	10193.276	-431.781
203647	41.375977	76.052891	111.079259	949.697219	10015.4	-636.733
203707	41.359206	75.993519	110.972322	954.302593	9757.334	-796.348
203727	41.342561	75.934593	110.994751	953.418933	9463.132	-826.896
203747	41.325953	75.875658	111.029167	946.833742	9187.746	-749.309
203807	41.309371	75.817484	110.951255	936.705859	8961.112	-667.394
203827	41.292767	75.75974	110.96907	925.985067	8761.431	-650.418
203847	41.275909	75.70107	111.639295	916.821001	8529.525	-679.058
203907	41.258197	75.64498	113.03972	906.642289	8299.05	-685.558
203927	41.240262	75.591912	114.11201	895.989056	8078.436	-667.643
203947	41.222742	75.539362	114.071225	886.72209	7853.999	-660.915
204007	41.204591	75.484972	113.952781	877.356709	7637.666	-671.37
204027	41.185996	75.429569	114.008102	866.759959	7412.741	-641.414
204047	41.168065	75.376122	114.005308	857.296771	7185.852	-509.036
204107	41.151792	75.327501	113.995804	856.57504	7048.871	-289.579
204127	41.135638	75.279435	114.001419	857.597337	7006.533	-91.431
204147	41.11793	75.227139	114.00309	852.3767	7007.812	-8.622
204207	41.099946	75.173947	113.988469	849.922595	7011.378	5.101
204227	41.082449	75.122377	114.011771	849.827057	7009.839	-0.908
204247	41.065356	75.072317	114.037949	848.225027	7010.127	-0.695
204307	41.047948	75.020702	113.842762	848.606179	7008.922	0.971
204327	41.029655	74.967853	114.158632	850.252279	7011.212	-0.833
204347	41.011602	74.915814	113.504199	850.869684	7013.964	-32.289
204407	40.997999	74.86512	105.626363	851.286101	6985.95	-154.933
204427	40.989423	74.812712	98.306208	849.922704	6919.664	-262.831
204447	40.983673	74.757275	97.441038	845.951342	6827.678	-285.151
204507	40.978191	74.701299	98.174339	841.000358	6726.285	-290.198
204527	40.971934	74.645932	98.021367	835.602403	6624.27	-304.394
204547	40.965735	74.590829	97.966017	829.28328	6521.636	-300.91
204607	40.959929	74.537965	98.000299	824.425228	6423.815	-297.7
204627	40.954282	74.486484	97.99355	822.152297	6327.262	-304.584
204647	40.948262	74.432083	98.083007	821.014167	6219.797	-304.599
204707	40.942212	74.377355	97.829842	821.340384	6118.913	-307.47
204727	40.93622	74.323805	97.888333	821.246204	6022.856	-306.779
204747	40.92994	74.269319	99.412081	814.42706	5907.325	-267.469
204807	40.924502	74.216807	97.536012	791.205629	5830.772	-183.125
204827	40.918769	74.168447	98.791266	755.410405	5796.165	-156.654
204847	40.907843	74.123078	116.808251	725.672439	5718.138	-315.228
204907	40.888778	74.079997	123.863165	701.495226	5611.251	-374.129
204927	40.868273	74.041539	122.864554	683.898483	5490.164	-371.443
204947	40.851497	74.007397	122.998884	675.931883	5356.048	-412.51
205007	40.833775	73.970388	124.971779	675.506075	5199.191	-494.555
205027	40.806877	73.940554	149.65251	638.310687	5023.554	-613.864
205047	40.777983	73.927143	167.009888	602.353329	4815.643	-671.364
205107	40.749835	73.922894	170.904089	586.882065	4589.988	-642.872
205127	40.721526	73.918042	171.073309	588.487893	4375.072	-548.109
205147	40.692773	73.911644	170.956476	590.174532	4209.357	-452.737
205207	40.663806	73.905888	170.919421	579.515069	4092.37	-395.731
205227	40.635173	73.900322	171.498462	566.579543	3953.211	-321.204
205247	40.606987	73.894856	172.082858	563.927274	3845.359	-189.906
205307	40.578897	73.889543	172.048081	571.946266	3829.227	-64.69
205327	40.550347	73.884108	171.905155	570.125713	3840.756	-148.624
205347	40.522689	73.878822	172.092429	559.043419	3770.084	-394.672
205407	40.496466	73.873859	172.198162	548.246539	3566.222	-634.791
205427	40.4691	73.868672	170.923715	540.80544	3316.991	-753.785
205447	40.441207	73.863231	171.660223	537.597254	3058.559	-805.959
205507	40.414189	73.857817	173.193785	537.755278	2785.561	-842.008
205527	40.388178	73.851253	161.985555	541.38178	2496.891	-755.886
205547	40.366393	73.834014	142.77625	554.056894	2281.456	-598.91
205607	40.3435	73.8107	142.0	539.0	2088.0	-563.0
205627	40.322801	73.790105	146.359358	528.989565	1902.375	-557.837
205647	40.301969	73.767737	133.536971	531.388751	1730.167	-467.254
205707	40.287859	73.739168	116.430674	534.079224	1591.486	-381.47
205727	40.276828	73.7086	116.775122	525.530326	1476.076	-368.364
205747	40.267391	73.676421	109.063559	520.246468	1341.135	-437.39
205807	40.268977	73.641909	71.797944	511.578571	1179.714	-374.46
205827	40.28492	73.616869	36.999802	493.688676	1098.466	-105.155
205847	40.30581	73.601555	28.345562	495.512771	1093.97	-19.546
205907	40.327493	73.585505	29.719212	494.241337	1088.259	-2.856
205927	40.348639	73.569822	29.996777	488.78872	1090.086	0.028
205947	40.369361	73.554106	29.911469	487.290731	1090.281	0.095
210007	40.391277	73.537227	30.318302	489.543762	1089.876	-0.049
210027	40.413463	73.520079	31.026409	490.945109	1090.006	0.004
210047	40.433792	73.50438	31.175308	487.578147	1090.014	0.047
210107	40.454437	73.488266	30.659282	485.219814	1090.008	-0.117
210127	40.475415	73.471806	31.089399	486.07699	1089.996	0.032
210147	40.49522	73.456379	32.534849	487.592323	1089.916	0.561
210207	40.516289	73.439838	26.657609	488.131489	1090.241	-1.589
210227	40.538154	73.422681	32.225174	489.119855	1089.932	0.448
210247	40.558457	73.406879	52.312576	491.950378	1088.814	1.284
210307	40.579683	73.390064	-15.974957	489.012903	1089.369	-65.587
210327	40.603617	73.383968	244.47429	466.699253	1031.37	-102.884
210347	40.625183	73.387972	399.564775	434.927172	1108.896	-448.775
210407	40.647462	73.392615	342.143058	404.919965	615.725	484.048
210427	40.662699	73.396711	350.722428	396.039004	1555.383	-1142.712
210447	40.679872	73.40085	350.239398	395.195097	1895.567	-1952.463
210507	40.701356	73.405119	350.059542	393.791597	1241.605	-974.224
210527	40.722337	73.409478	349.985027	392.934856	753.828	-61.082
210547	40.741704	73.414136	350.078988	396.207625	793.642	-0.961
210607	40.761505	73.419002	349.296892	397.020926	783.765	0.137
210627	40.7816	73.4241	349.0	394.0	785.0	0.0
210647	40.799987	73.428831	346.361789	395.539954	785.044	-0.007
210707	40.816338	73.441715	314.044182	384.599293	784.981	0.017
210727	40.82632	73.464948	291.89001	396.467782	785.017	-0.073
210747	40.832484	73.487931	286.701473	394.506637	784.972	0.181
210807	40.834517	73.513238	272.236552	379.930215	785.107	-0.711
210827	40.835585	73.539914	274.247077	379.206477	785.184	-1.227
210847	40.835244	73.563106	256.395649	384.580165	784.838	-20.601
210907	40.825374	73.584757	232.30294	393.250974	766.629	-190.372
210927	40.812728	73.60503	229.883247	388.755852	666.935	-226.411
210947	40.800245	73.624403	231.05842	367.760938	620.301	-170.185
211007	40.787845	73.641646	223.07368	349.35367	545.763	-203.876
211027	40.774571	73.653029	209.494106	343.409282	484.523	-74.188
211047	40.759377	73.665424	211.212833	346.060469	480.578	-20.485
211107	40.744553	73.677118	211.193451	342.488915	483.481	-22.412
211127	40.73035	73.688186	211.414944	335.483371	463.7	-155.848
211147	40.71706	73.698565	212.174823	314.975409	379.456	-161.982
211207	40.704111	73.708738	211.647579	286.043343	335.1	-114.447
211227	40.691305	73.718838	210.85081	268.985018	345.553	-299.112
211247	40.679684	73.72797	210.651635	263.328418	240.978	-500.559
211307	40.668809	73.736494	210.82142	262.840669	91.82	-560.878
211327	40.658056	73.744927	211.003944	260.75361	-1.824	-332.47
211347	40.647036	73.753552	210.990203	254.670216	4.53	67.414
