033811	33.9361	118.4169	263.0	315.0	145.0	0.0
033831	33.93357	118.436575	257.261656	334.397281	356.816	561.469
033851	33.924867	118.45486	229.54405	369.768053	498.408	351.074
033911	33.911024	118.47047	222.776282	405.28502	603.872	323.519
033931	33.894249	118.489257	222.229707	462.569194	713.665	379.71
033951	33.8743	118.5019	196.0	492.0	869.0	646.0
034011	33.849458	118.505907	185.520836	501.855709	1140.744	853.169
034031	33.824185	118.508554	184.9773	503.925026	1427.039	851.231
034051	33.799493	118.510847	184.817618	505.331646	1703.929	839.128
034111	33.773775	118.513171	185.512869	508.562372	1994.003	831.062
034131	33.747347	118.515822	185.34989	515.872795	2270.865	764.982
034151	33.7227	118.5167	175.0	523.0	2477.0	686.0
034211	33.69959	118.505053	143.207227	502.941674	2733.296	781.695
034231	33.684364	118.479196	112.417979	497.983276	2995.849	515.484
034251	33.675224	118.449178	106.411908	521.816394	3169.402	446.708
034311	33.667716	118.418988	110.857237	557.025099	3291.867	397.612
034331	33.65846	118.388382	111.43395	590.315573	3399.413	298.252
034351	33.647639	118.350977	103.960036	621.369866	3500.566	480.482
034411	33.643499	118.311949	95.540504	641.010685	3662.304	606.761
034431	33.644631	118.274306	90.502722	650.611122	3873.558	603.206
034451	33.645109	118.237354	89.534035	656.983795	4086.935	627.057
034511	33.644728	118.198997	90.1122	660.759307	4303.507	647.285
034531	33.644778	118.158522	90.034411	663.759834	4523.069	616.58
034551	33.644817	118.118286	89.968667	672.477561	4714.806	595.372
034611	33.644802	118.078416	90.004852	678.854022	4906.644	595.294
034631	33.644809	118.037751	89.997432	678.660975	5117.972	601.345
034651	33.644707	117.995372	90.027301	683.282795	5313.619	599.289
034711	33.644561	117.953873	89.955728	687.469005	5508.571	578.31
034731	33.644497	117.914714	89.929634	686.796933	5708.758	550.963
034751	33.644523	117.874824	90.413547	690.078311	5875.058	554.972
034811	33.644296	117.831388	89.323462	691.57053	6059.049	542.998
034831	33.646252	117.787738	84.836866	690.00597	6261.867	493.362
034851	33.653022	117.748702	79.09381	694.160218	6412.822	449.114
034911	33.661288	117.708789	76.39318	701.476565	6543.559	401.328
034931	33.669208	117.666508	76.965184	709.593811	6669.082	345.869
034951	33.677085	117.624883	77.122022	718.111472	6777.81	294.646
035011	33.68518	117.583009	76.960039	729.819437	6864.23	285.146
035031	33.693394	117.540423	76.998608	741.601888	6951.649	310.93
035051	33.701447	117.497909	76.986427	746.507729	7074.736	316.395
035111	33.709883	117.453343	77.047364	755.302559	7182.292	289.035
035131	33.718579	117.407442	77.015323	770.319619	7258.117	259.398
035151	33.726843	117.363802	76.43392	780.878065	7345.368	273.877
035211	33.736106	117.319785	75.671052	788.156537	7443.924	297.041
035231	33.746885	117.273192	75.129014	794.964978	7544.796	299.837
035251	33.757943	117.22461	74.951233	801.720625	7644.447	288.999
035311	33.768401	117.17702	75.002384	808.319362	7738.486	282.141
035331	33.778151	117.132904	75.007181	814.076241	7827.398	290.55
035351	33.788279	117.086682	74.998523	817.726566	7929.726	279.815
035411	33.79882	117.038441	74.9996	822.362921	8028.015	258.528
035431	33.809085	116.99218	74.990573	831.518264	8095.436	263.103
035451	33.819784	116.943294	75.028095	837.280515	8188.872	266.737
035511	33.830846	116.89208	74.992011	840.237941	8295.239	249.63
035531	33.841543	116.842995	74.860846	847.388457	8356.381	225.432
035551	33.852149	116.794306	75.444107	854.657639	8423.499	254.105
035611	33.862946	116.744479	75.991633	858.050138	8524.664	306.394
035631	33.873876	116.693983	75.230272	857.693134	8640.478	301.459
035651	33.884441	116.645181	75.207434	859.815873	8733.81	278.69
035711	33.894829	116.597042	76.026701	864.161627	8813.456	266.584
035731	33.905653	116.546502	76.086965	866.063412	8911.991	255.608
035751	33.916628	116.494967	75.961335	869.061132	8996.234	221.843
035811	33.927434	116.444198	76.001917	875.387682	9055.726	198.386
035831	33.938087	116.394335	76.006244	883.012635	9115.634	239.824
035851	33.949194	116.342153	75.997224	885.116463	9208.732	293.621
035911	33.960447	116.289124	76.000138	881.815111	9324.571	287.175
035931	33.971062	116.23923	76.000448	878.517477	9416.749	185.628
035951	33.981708	116.188934	75.999801	874.932798	9452.695	71.407
040011	33.992648	116.13711	76.00001	871.9075	9448.718	6.241
040031	34.003586	116.08557	76.000032	871.526045	9448.105	-3.081
040051	34.014493	116.034034	75.999986	872.817482	9449.325	1.718
040111	34.025117	115.983429	76.000001	874.030401	9449.004	-0.155
040131	34.035266	115.934715	76.000002	874.389146	9449.357	-1.701
040151	34.045779	115.884071	75.999999	876.588761	9447.828	5.016
040211	34.056859	115.830599	76.0	880.150338	9449.338	15.363
040231	34.067954	115.776979	76.0	881.932003	9460.039	17.162
040251	34.078541	115.72598	76.0	881.535992	9465.384	10.416
040311	34.088931	115.676047	76.0	879.914253	9463.986	-0.561
040331	34.099759	115.623782	75.999997	877.412897	9464.887	-10.626
040351	34.110344	115.572323	76.000008	870.430181	9460.234	-16.657
040411	34.120479	115.522835	76.00001	861.084226	9450.924	-15.941
040431	34.130601	115.473549	75.999963	856.534722	9447.739	-6.861
040451	34.140862	115.423515	76.000037	855.930006	9449.272	0.582
040511	34.151201	115.372792	76.00012	855.780189	9449.35	-0.33
040531	34.161495	115.322408	75.999504	857.109019	9448.002	4.069
040551	34.171598	115.272707	76.000515	857.930842	9449.979	7.799
040611	34.181512	115.223351	76.001666	855.920445	9455.658	1.781
040631	34.191558	115.173636	75.993094	852.808725	9452.682	-1.442
040651	34.201736	115.123433	76.007176	850.77675	9449.278	0.561
040711	34.211825	115.073321	76.0232	850.298046	9454.951	1.334
040731	34.221645	115.024381	75.903816	848.592096	9454.284	-6.648
040751	34.231501	114.975216	76.102316	846.812395	9447.797	-16.33
040811	34.241557	114.925012	76.835138	846.900196	9442.709	-16.76
040831	34.251138	114.877058	77.103885	846.981658	9436.446	-8.346
040851	34.260648	114.829155	76.982286	847.092784	9434.443	1.633
040911	34.270674	114.778395	76.988737	847.840704	9439.915	6.922
040931	34.280679	114.727954	77.007461	848.049789	9440.629	10.584
040951	34.290587	114.678077	76.998726	848.041251	9442.186	16.531
041011	34.300586	114.627432	76.999184	847.677654	9452.791	22.98
041031	34.310609	114.576366	77.000571	844.036907	9461.08	17.738
041051	34.320181	114.527577	76.999924	839.478986	9464.316	5.254
041111	34.329147	114.481967	76.999908	837.534317	9464.939	-3.838
041131	34.338671	114.433001	77.000042	836.164779	9461.623	-10.488
041151	34.3488	114.3807	77.0	834.0	9456.0	-15.0
041211	34.358598	114.330544	76.999993	831.25725	9451.452	-15.892
041231	34.367884	114.282646	77.000003	828.976033	9446.037	-13.318
041251	34.377	114.2352	77.0	827.0	9441.0	-8.0
041311	34.386431	114.186533	76.999999	824.605253	9440.406	-1.757
041331	34.395942	114.137573	77.0	824.14704	9441.478	0.413
041351	34.4053	114.0892	77.0	824.0	9441.0	8.0
041411	34.414458	114.041567	77.0	820.87797	9441.436	40.028
041431	34.4234	113.994674	77.0	823.558416	9462.045	92.149
041451	34.432434	113.947324	77.0	833.495394	9507.382	143.085
041511	34.442032	113.897599	76.999997	841.858222	9562.332	167.815
041531	34.451742	113.846374	77.000006	846.89619	9620.217	180.832
041551	34.46123	113.795499	77.000002	849.867701	9681.725	187.191
041611	34.470624	113.746191	76.99996	852.984733	9748.517	172.733
041631	34.480125	113.696053	77.000076	858.758196	9803.06	145.625
041651	34.489742	113.644432	77.00005	866.342406	9841.294	123.204
041711	34.499273	113.593698	76.99947	871.741374	9880.823	123.454
041731	34.50885	113.543019	77.001056	877.746329	9923.032	151.271
041751	34.518533	113.491564	77.00069	883.714941	9975.338	188.395
041811	34.528206	113.439721	76.992614	883.898999	10052.009	198.821
041831	34.538104	113.386447	77.014711	885.433822	10120.89	181.872
041851	34.548039	113.332974	77.009613	891.448696	10168.283	167.299
041911	34.5574	113.282571	76.897123	894.988613	10222.344	191.005
041931	34.567098	113.230156	77.223451	894.220473	10295.959	197.776
041951	34.577239	113.174988	77.929571	892.775421	10370.057	162.6
042011	34.586546	113.123932	78.087059	897.06067	10404.922	137.655
042031	34.595856	113.072792	77.975973	902.516379	10440.919	159.079
042051	34.605808	113.018355	77.995082	904.071171	10511.023	203.409
042111	34.615605	112.964793	78.005741	903.119944	10589.351	186.497
042131	34.625314	112.911546	77.999166	905.734748	10645.258	118.391
042151	34.635129	112.857433	78.000594	911.582908	10666.8	46.374
042211	34.644896	112.803354	77.993309	910.868807	10669.453	8.251
042231	34.654584	112.749643	78.012474	908.741541	10667.606	-1.582
042251	34.664264	112.695937	78.020343	909.236254	10667.907	-0.672
042311	34.674043	112.641464	77.902748	906.59714	10667.853	1.164
042331	34.683707	112.587125	78.094704	903.789517	10668.242	-0.808
042351	34.693297	112.533577	78.303413	904.193493	10668.829	-6.444
042411	34.703711	112.479318	76.394812	901.980276	10663.612	-9.775
042431	34.715159	112.426387	74.278751	898.919407	10658.469	-3.871
042451	34.727015	112.376173	73.980146	898.01586	10659.791	7.568
042511	34.738576	112.326359	74.655864	897.895608	10665.246	10.859
042531	34.750684	112.273091	75.103947	898.148311	10669.241	3.503
042551	34.763375	112.217242	75.005976	898.041524	10668.192	-7.591
042611	34.775522	112.164123	74.978815	896.669794	10662.813	-10.729
042631	34.78727	112.112675	75.0075	895.826948	10658.741	-3.684
042651	34.799009	112.060912	75.00044	895.998434	10659.807	6.647
042711	34.81085	112.008545	74.998187	895.816092	10665.099	9.052
042731	34.822364	111.95774	75.000486	896.387626	10668.603	5.373
042751	34.833801	111.907351	75.000101	897.849611	10668.095	0.577
042811	34.8463	111.851936	74.999864	898.197487	10668.12	-1.62
042831	34.858878	111.796089	75.000032	897.954731	10667.612	1.691
042851	34.870542	111.744288	75.00001	897.988048	10667.341	7.577
042911	34.881783	111.693815	74.99999	897.998994	10673.135	5.463
042931	34.893539	111.641014	75.000002	898.019228	10675.377	-2.523
042951	34.905958	111.585612	75.000001	898.034497	10669.034	-7.979
043011	34.917808	111.532491	74.999999	897.792582	10667.024	-4.196
043031	34.929228	111.481255	75.000001	898.330464	10668.236	0.816
043051	34.940704	111.42991	75.000001	899.796839	10668.073	0.252
043111	34.952184	111.378118	74.999996	900.183376	10667.93	-0.242
043131	34.963824	111.325119	75.000006	899.967268	10668.017	0.057
043151	34.975713	111.270865	75.000009	900.007169	10668.006	0.016
043211	34.987624	111.216783	74.999948	899.887573	10667.991	-0.002
043231	34.999422	111.163137	75.000078	900.195289	10668.008	-0.019
043251	35.01095	111.110259	75.000122	900.949754	10668.01	-0.034
043311	35.022049	111.059101	74.999283	900.785761	10667.941	0.208
043331	35.03338	111.007067	75.001083	901.470784	10668.088	-0.316
043351	35.045179	110.953074	75.001703	903.685234	10668.138	-0.498
043411	35.056509	110.900689	74.99001	904.298863	10667.19	4.134
043431	35.067693	110.848781	75.015143	903.923631	10669.286	8.968
043451	35.079264	110.795291	75.028463	903.965871	10675.028	8.756
043511	35.091029	110.740708	74.864832	904.049659	10676.558	4.502
043531	35.102517	110.687149	75.176426	903.960482	10676.109	-1.536
043551	35.113663	110.635005	75.965299	903.919323	10676.532	-6.97
043611	35.125244	110.580635	75.499961	904.383043	10672.134	-9.68
043631	35.136847	110.52614	75.03476	903.499316	10667.27	-6.467
043651	35.148002	110.473714	75.823691	901.168464	10667.495	-0.227
043711	35.159307	110.420151	76.134616	902.187948	10669.312	-4.024
043731	35.17041	110.367646	75.972248	904.307725	10666.524	-7.738
043751	35.18102	110.317844	75.987674	904.161394	10660.213	-1.462
043811	35.19196	110.265893	76.009665	903.748225	10664.232	1.343
043831	35.203217	110.212026	75.998007	904.220866	10667.443	-0.564
043851	35.214478	110.158262	75.999115	905.595684	10660.788	-0.87
043911	35.225781	110.104326	76.000694	907.162197	10662.938	4.822
043931	35.236975	110.050823	75.999857	908.159395	10668.822	7.616
043951	35.248133	109.997416	75.999936	908.719847	10668.332	1.499
044011	35.25983	109.941458	76.000053	910.387024	10667.91	-1.863
044031	35.271311	109.886049	75.999991	912.301088	10667.834	0.966
044051	35.281997	109.833705	75.999993	913.470881	10667.256	6.592
044111	35.293172	109.77928	76.000005	915.375443	10671.384	8.754
044131	35.304566	109.724129	75.999999	917.156487	10676.407	6.491
044151	35.315378	109.671584	75.999996	917.229741	10676.331	2.229
044211	35.326531	109.617213	76.000011	916.775711	10676.308	-2.767
044231	35.338034	109.561154	76.000003	916.960259	10676.129	-6.858
044251	35.349096	109.507314	75.999941	918.177461	10671.412	-8.179
044311	35.360072	109.4534	76.000062	919.11448	10667.541	-6.185
044331	35.371296	109.397626	76.000136	919.032499	10667.915	-1.412
044351	35.382422	109.342508	75.999344	919.06746	10667.461	4.268
044411	35.393294	109.288596	76.000838	918.858784	10668.919	8.983
044431	35.403989	109.235257	76.002168	917.588675	10674.564	9.527
044451	35.414747	109.181958	75.991219	915.407027	10677.427	1.081
044511	35.425713	109.12726	76.009091	913.841651	10675.203	-9.713
044531	35.436758	109.071368	76.029374	913.911646	10669.746	-14.408
044551	35.447346	109.018684	75.875627	914.004046	10664.304	-15.677
044611	35.457515	108.967084	76.093007	914.041965	10659.198	-14.681
044631	35.468077	108.912736	76.445356	914.236974	10654.188	-10.505
044651	35.480697	108.8581	73.994991	912.880783	10652.102	-1.986
044711	35.494942	108.804479	70.811096	910.846118	10653.202	6.645
044731	35.509329	108.751571	70.742557	910.363322	10655.975	10.241
044751	35.523773	108.69866	71.957492	911.870602	10659.79	11.886
044811	35.538391	108.645134	72.174695	915.054689	10664.367	14.603
044831	35.552994	108.591207	71.953298	917.714327	10670.217	14.097
044851	35.567515	108.5372	71.990327	918.862101	10675.572	8.852
044911	35.58213	108.483248	72.012178	919.971382	10676.289	3.652
044931	35.596651	108.429554	71.996544	921.67159	10676.343	-2.363
044951	35.610821	108.376684	71.999044	923.66061	10676.641	-7.735
045011	35.624574	108.325341	72.000919	924.916691	10670.881	-5.309
045031	35.638396	108.273709	71.999778	924.812041	10668.621	2.48
045051	35.652823	108.219664	71.999931	924.665862	10674.968	7.958
045111	35.667926	108.163005	72.000066	927.612619	10676.962	4.262
045131	35.682733	108.107252	71.999984	928.60781	10675.788	-0.902
045151	35.696782	108.054206	71.999995	924.750855	10675.965	-0.385
045211	35.711081	108.000551	72.000005	922.34087	10675.847	1.016
045231	35.725498	107.946417	71.999999	921.961295	10676.319	-1.288
045251	35.739674	107.892804	72.0	921.979739	10676.524	-7.059
045311	35.753816	107.839231	71.999998	922.070085	10671.69	-9.576
045331	35.767921	107.785623	72.000004	921.898315	10667.307	-6.511
045351	35.781978	107.731966	72.000007	921.2046	10667.786	-0.78
045411	35.796158	107.677947	71.99996	920.006869	10668.204	0.824
045431	35.810496	107.623424	72.000048	918.685213	10667.976	-0.225
045451	35.824677	107.569274	72.000107	917.387639	10668.026	-0.226
045511	35.838032	107.517574	71.999482	915.599039	10667.795	0.818
045531	35.85145	107.465436	72.00066	913.465636	10668.278	-1.022
045551	35.865714	107.410355	72.001487	912.021338	10668.632	-6.827
045611	35.879883	107.355495	71.992788	912.872854	10663.93	-9.36
045631	35.893585	107.302408	72.009198	914.176286	10659.472	-7.084
045651	35.907136	107.250027	72.02071	914.068501	10659.93	-1.69
045711	35.921254	107.195152	71.89701	913.997027	10659.196	5.143
045731	35.935361	107.140136	72.103322	913.948055	10660.994	7.864
045751	35.948749	107.087989	72.835778	913.804718	10667.32	2.566
045811	35.96195	107.036539	73.103461	915.137802	10665.309	-5.996
045831	35.975435	106.983774	72.982358	917.452738	10659.171	-6.946
045851	35.989212	106.929596	72.988784	918.955352	10659.066	4.413
045911	36.002669	106.876608	73.007428	918.263565	10663.197	13.509
045931	36.016139	106.823485	72.998733	916.783463	10669.3	14.648
045951	36.030096	106.76831	72.999195	916.698214	10674.99	9.932
050011	36.044009	106.71337	73.000533	918.114768	10676.614	3.574
050031	36.057585	106.659644	72.999909	918.98241	10675.908	-0.447
050051	36.07095	106.606391	72.999942	917.619638	10675.981	-0.421
050111	36.084594	106.5518	73.000038	915.553858	10675.843	0.872
050131	36.098324	106.49694	72.999994	913.639016	10676.202	-0.781
050151	36.111782	106.443388	72.999997	912.224717	10676.673	-6.486
050211	36.125179	106.389994	73.0	911.886056	10672.379	-9.702
050231	36.138422	106.336832	73.000003	911.99213	10667.408	-6.924
050251	36.151472	106.283983	73.000011	911.443634	10667.416	-0.871
050311	36.164852	106.229693	72.999958	909.895478	10668.897	-1.692
050331	36.178257	106.175226	73.00001	909.017589	10667.832	-7.216
050351	36.191102	106.122876	73.000215	910.380639	10662.788	-8.641
050411	36.203941	106.070877	72.999682	910.80616	10659.416	-5.457
050431	36.217331	106.016887	72.99967	909.2048	10659.903	-0.562
050451	36.231298	105.959927	73.002466	908.6255	10659.936	1.301
050511	36.244781	105.904608	72.995616	909.338012	10660.352	-1.513
050531	36.257383	105.852938	72.990872	910.555074	10660.812	-6.245
050551	36.270205	105.800221	73.030581	911.862014	10656.696	-5.944
050611	36.283301	105.746232	72.984654	914.363	10652.975	0.913
050631	36.296308	105.692516	72.860511	918.879766	10656.889	10.56
050651	36.309923	105.636058	73.366613	922.508602	10662.699	15.416
050711	36.323795	105.578419	74.005338	923.922148	10667.297	15.051
050731	36.336673	105.525073	73.402498	924.260013	10672.375	15.471
050751	36.349473	105.472016	73.059671	925.854247	10677.961	13.83
050811	36.362867	105.416162	73.834737	929.210028	10682.415	8.373
050831	36.37601	105.360964	74.132937	931.652853	10683.289	3.631
050851	36.389024	105.306309	73.977856	931.832816	10683.119	-1.12
050911	36.402251	105.250983	73.985524	930.333098	10683.591	-6.835
050931	36.415292	105.195989	74.011308	929.878602	10679.66	-8.892
050951	36.428028	105.14199	73.996292	929.926735	10675.686	-7.679
051011	36.440766	105.088178	73.992114	929.158318	10676.203	-7.272
051031	36.454154	105.031742	74.029198	929.110544	10673.31	-11.464
051051	36.467649	104.974052	73.965496	930.325468	10666.59	-15.242
051111	36.480863	104.91842	72.880067	930.827353	10660.869	-11.578
051131	36.495415	104.866142	68.995547	926.206883	10659.799	-1.858
051151	36.513025	104.8143	66.348604	923.894379	10660.335	1.111
051211	36.532566	104.761496	65.997982	925.107116	10659.909	0.141
051231	36.552013	104.708438	65.996912	925.273388	10659.376	5.148
051251	36.571169	104.655765	66.001551	924.498543	10662.437	11.892
051311	36.590327	104.603226	65.999855	925.243861	10668.648	15.034
051331	36.609646	104.550392	65.999778	928.473509	10674.383	11.417
051351	36.628603	104.49826	66.000111	927.903504	10677.296	1.239
051411	36.647148	104.446993	65.99999	924.805897	10675.575	-8.651
051431	36.665691	104.395798	65.999984	924.67544	10669.852	-9.855
051451	36.684605	104.343684	66.000008	925.25451	10666.94	-3.697
051511	36.703701	104.291057	65.999999	924.926698	10668.21	-0.201
051531	36.722691	104.238564	65.999999	924.110646	10669.182	-6.443
051551	36.74217	104.184529	66.000001	924.291634	10664.03	-6.281
051611	36.761597	104.130525	65.999999	925.043138	10660.173	0.551
051631	36.780028	104.079245	65.999996	925.043682	10666.424	1.823
051651	36.798296	104.028369	66.000012	925.052369	10666.212	-4.686
051711	36.81687	103.976586	65.999994	924.955155	10659.498	-7.546
051731	36.835661	103.924114	65.99995	924.620313	10658.583	3.653
051751	36.8545	103.871263	66.000161	926.481534	10663.381	10.567
051811	36.873273	103.81843	65.999912	929.175557	10668.264	7.469
051831	36.891987	103.765772	65.999299	929.823512	10668.36	1.788
051851	36.910836	103.712588	66.002238	930.673107	10667.967	-1.354
051911	36.929919	103.658687	65.998777	932.121904	10667.924	0.415
051931	36.948988	103.604929	65.990233	932.876258	10667.266	6.016
051951	36.967198	103.553417	66.031645	933.070418	10670.925	9.528
052011	36.985561	103.501272	65.991744	932.992685	10676.152	7.782
052031	37.005396	103.444937	65.857948	932.908303	10676.482	2.074
052051	37.02406	103.391857	66.451367	933.240509	10675.826	-0.966
052111	37.041599	103.341834	66.989625	932.932851	10675.997	0.087
052131	37.06022	103.288559	66.195467	930.807318	10675.799	0.946
052151	37.078901	103.234804	66.30609	929.62744	10676.656	-2.769
052211	37.097553	103.181175	66.99882	928.912864	10675.811	-8.168
052231	37.116911	103.126053	66.259593	926.170144	10669.96	-8.71
052251	37.135627	103.072629	66.175532	924.225042	10667.699	-7.155
052311	37.1534	103.0214	67.0	924.0	10668.0	-7.0
052331	37.171205	102.969757	67.105571	924.012448	10662.848	-8.707
052351	37.189796	102.915947	66.96323	923.987782	10659.051	-5.585
052411	37.20895	102.860648	66.997882	923.996969	10659.921	-0.075
052431	37.227586	102.806616	67.007605	924.312415	10660.776	-1.543
052451	37.245446	102.754693	66.997076	925.977332	10658.552	4.821
052511	37.263025	102.703522	66.999317	928.573211	10658.515	5.344
052531	37.281179	102.650533	67.000656	929.986166	10668.176	-46.942
052551	37.29923	102.59767	66.999838	929.813966	10646.912	-143.632
052611	37.316994	102.545461	66.999937	929.634948	10569.734	-249.462
052631	37.335941	102.489633	67.000053	931.793472	10470.874	-330.754
052651	37.354396	102.435182	66.999991	928.195706	10351.688	-383.964
052711	37.371169	102.385705	66.999992	913.622627	10208.437	-419.114
052731	37.389505	102.331766	67.000013	900.340724	10067.174	-440.54
052751	37.408311	102.276473	66.99999	891.368152	9921.094	-439.105
052811	37.425371	102.226164	66.999968	883.960835	9765.005	-404.931
052831	37.442347	102.17594	67.000133	877.911637	9641.088	-342.818
052851	37.459506	102.125112	66.999862	873.144498	9544.029	-254.046
052911	37.476406	102.074972	66.999555	871.221057	9463.149	-146.029
052931	37.493518	102.023872	67.001843	876.555819	9440.234	-47.665
052951	37.510724	101.972363	66.998085	882.672896	9450.495	5.178
053011	37.527766	101.921455	66.993809	882.437958	9449.951	3.291
053031	37.544955	101.869953	67.025667	881.665982	9448.369	-2.176
053051	37.561947	101.818811	66.973329	882.10241	9449.109	0.367
053111	37.578442	101.769051	66.913768	882.206351	9449.073	0.221
053131	37.595128	101.718781	67.45913	881.047626	9448.936	-0.092
053151	37.612102	101.667638	68.067644	879.882621	9449.027	-0.04
053211	37.629131	101.616176	68.050005	879.95457	9449.076	-0.224
053231	37.646188	101.564482	67.971526	879.872322	9448.748	0.849
053251	37.663123	101.513164	68.003796	880.140077	9449.198	-0.69
053311	37.679933	101.462256	68.003571	881.596631	9449.954	-6.905
053331	37.697132	101.409742	67.997958	882.215409	9444.903	-6.416
053351	37.713789	101.358694	68.000271	881.972012	9441.164	1.291
053411	37.729225	101.311655	68.000247	881.97706	9447.002	7.716
053431	37.745825	101.261138	67.999887	882.000295	9450.124	5.023
053451	37.763415	101.207386	67.999993	882.010088	9448.819	-0.364
053511	37.78031	101.155431	67.999889	882.056797	9448.686	0.176
053531	37.796342	101.106051	68.000457	881.788727	9449.722	-2.714
053551	37.812629	101.055914	67.999628	882.172118	9448.468	-8.769
053611	37.830044	101.002221	67.998025	884.122828	9442.997	-10.093
053631	37.847152	100.94918	68.006132	886.077995	9439.497	-1.789
053651	37.863894	100.897144	67.996663	887.045561	9441.452	8.675
053711	37.881019	100.844066	67.97337	887.459583	9447.251	9.677
053731	37.897749	100.791979	68.084977	889.532757	9449.802	4.5
053751	37.914277	100.740624	67.953262	892.181206	9448.925	-0.259
053811	37.931337	100.688692	67.234782	892.521795	9448.885	-0.399
053831	37.948444	100.638468	66.88717	890.967607	9449.06	0.209
053851	37.965898	100.588203	67.005339	893.360073	9448.997	-0.01
053911	37.984255	100.534586	67.017397	904.331534	9448.991	-0.032
053931	38.002347	100.48121	66.992244	912.21811	9449.004	0.014
053951	38.020209	100.428304	67.00039	914.068096	9449.0	-0.001
054011	38.03868	100.373567	67.001411	915.946596	9448.999	-0.001
054031	38.056628	100.320556	66.999427	917.922889	9449.001	-0.003
054051	38.073839	100.269751	66.999969	918.984041	9449.0	-0.001
054111	38.091368	100.217629	67.000121	918.881002	9448.995	0.02
054131	38.109846	100.162502	66.999936	919.499263	9449.011	-0.044
054151	38.128233	100.107595	66.99999	920.951538	9449.003	-0.014
054211	38.144776	100.058031	67.000168	921.203239	9448.93	0.275
054231	38.16239	100.00531	66.999638	920.855166	9449.157	-0.619
054251	38.181658	99.94763	66.999889	920.970018	9449.048	-0.19
054311	38.199758	99.893093	67.002228	921.803276	9448.031	5.867
054331	38.217633	99.839218	66.99499	921.768061	9451.37	7.222
054351	38.235896	99.784231	66.998462	921.008895	9455.993	0.394
054411	38.253605	99.730586	67.031022	921.541258	9451.772	-6.207
054431	38.27052	99.679356	66.930225	922.173682	9448.502	-8.165
054451	38.287245	99.628789	66.978577	922.018664	9449.077	-7.019
054511	38.304846	99.575306	67.680204	921.71858	9444.727	-7.629
054531	38.323256	99.519213	67.944491	922.272371	9440.398	-6.075
054551	38.342001	99.462029	67.214066	923.697848	9440.646	-0.976
054611	38.360459	99.405448	66.785853	924.275488	9441.379	0.14
054631	38.377857	99.352148	67.119114	925.435208	9440.785	0.48
054651	38.394286	99.302082	67.825717	928.300254	9440.327	5.735
054711	38.411753	99.248483	68.092683	929.268676	9443.944	11.74
054731	38.430154	99.191705	67.987645	929.04682	9449.787	15.321
054751	38.448207	99.136025	67.988374	929.875059	9454.291	15.564
054811	38.465768	99.081719	68.006654	929.60983	9459.752	13.119
054831	38.483378	99.027084	67.999113	929.011522	9464.463	6.671
054851	38.501428	98.970957	67.999165	929.331071	9464.86	-4.182
054911	38.519102	98.915754	68.000478	927.274877	9461.252	-13.605
054931	38.535981	98.862947	67.999936	924.845481	9454.946	-14.241
054951	38.552463	98.811522	67.99994	925.096123	9449.336	-3.991
055011	38.569856	98.757205	68.000035	923.788152	9451.492	5.431
055031	38.587753	98.701054	67.999995	921.876342	9456.383	7.892
055051	38.605186	98.646089	67.999991	921.692985	9456.127	3.341
055111	38.622875	98.590471	68.000014	918.496404	9456.86	-6.039
055131	38.640155	98.536187	67.999994	913.633362	9455.419	-15.831
055151	38.65615	98.48565	67.999946	911.610971	9445.513	-20.958
055211	38.673005	98.432376	68.000154	909.950516	9437.457	-18.827
055231	38.691012	98.375501	68.000107	908.138939	9434.391	-9.055
055251	38.708549	98.319935	67.999201	908.143031	9432.008	6.013
055311	38.725346	98.266487	68.000909	909.31108	9436.138	16.541
055331	38.74184	98.213812	68.002013	910.620215	9447.19	16.154
055351	38.75866	98.159941	67.990268	912.346673	9449.775	10.839
055411	38.775621	98.105572	68.012405	914.611566	9449.625	7.825
055431	38.792347	98.051941	68.027928	916.721927	9454.935	8.419
055451	38.808946	97.998529	67.864533	917.077754	9456.81	4.158
055511	38.825735	97.944309	68.177394	917.158253	9455.833	-0.652
055531	38.842828	97.889075	68.967682	918.579349	9455.925	-0.292
055551	38.859819	97.834389	68.488217	920.111136	9456.061	0.245
055611	38.876513	97.780742	68.056585	921.170985	9455.991	-0.043
055631	38.893118	97.726856	68.893948	921.826362	9455.997	-0.037
055651	38.910419	97.669776	68.414739	922.149237	9455.992	0.058
055711	38.929022	97.614158	65.668123	919.148064	9456.026	-0.111
055731	38.948934	97.562802	62.842629	913.540976	9455.978	0.088
055751	38.969615	97.511298	62.75917	911.496002	9455.815	0.734
055811	38.99061	97.458768	63.120921	913.961805	9456.596	-2.873
055831	39.011466	97.406192	62.988701	917.167897	9455.672	-8.4
055851	39.031935	97.354694	62.98271	917.139566	9450.633	-9.257
055911	39.052427	97.30329	63.008679	917.448422	9448.247	-4.713
055931	39.073438	97.250519	62.99919	919.183798	9449.07	0.28
055951	39.094918	97.196298	62.998768	920.681036	9449.104	0.439
060011	39.115426	97.144419	63.000592	921.108098	9448.956	-0.256
060031	39.135564	97.093357	62.999959	921.007946	9448.999	0.043
060051	39.156779	97.039381	63.000049	921.544276	9448.962	0.214
060111	39.177859	96.98578	62.999605	922.888944	9449.143	-0.599
060131	39.198706	96.932853	63.000236	924.061069	9448.92	0.323
060151	39.219962	96.878824	63.001913	924.46653	9448.357	5.706
060211	39.240827	96.825484	62.993877	926.585118	9451.5	10.234
060231	39.261242	96.773056	63.003348	929.146284	9456.359	7.164
060251	39.281754	96.720421	63.026734	929.234545	9457.173	-4.429
060311	39.302423	96.667519	62.914677	928.846703	9452.889	-9.539
060331	39.323549	96.613379	63.046928	929.033725	9448.883	-7.911
060351	39.345119	96.557816	63.766737	929.594281	9449.639	-8.29
060411	39.365548	96.50514	64.1076	930.828725	9445.445	-5.925
060431	39.385187	96.454342	63.989946	932.085575	9441.058	0.787
060451	39.405714	96.400916	63.984614	932.651023	9446.648	7.409
060511	39.427521	96.344359	64.007725	933.875444	9450.105	5.562
060531	39.449062	96.288663	63.999278	935.040474	9448.897	-0.358
060551	39.468767	96.237463	63.998895	934.87323	9448.842	-0.548
060611	39.488749	96.185148	64.000555	935.883488	9449.079	0.275
060631	39.509715	96.130039	63.999948	938.233364	9448.993	-0.026
060651	39.530801	96.074662	63.999921	940.280564	9448.989	-0.04
060711	39.551348	96.020815	64.00004	941.997385	9449.005	0.021
060731	39.572019	95.966515	63.999996	943.053289	9449.0	-0.002
060751	39.593554	95.909569	63.999994	943.081329	9449.0	-0.007
060811	39.614156	95.855034	64.000003	942.959903	9448.997	0.016
060831	39.633886	95.802843	64.0	943.00335	9449.002	-0.008
060851	39.654175	95.749122	64.0	943.002036	9449.016	-0.065
060911	39.675173	95.693623	63.999999	943.00926	9448.949	0.206
060931	39.696414	95.637509	64.000001	942.993606	9449.028	-0.113
060951	39.717334	95.582029	64.000007	942.947172	9449.223	-0.9
061011	39.7379	95.527087	63.999977	943.169732	9448.288	3.383
061031	39.758102	95.472817	64.000013	942.906547	9449.391	8.121
061051	39.778128	95.419005	64.000101	941.469627	9454.868	3.893
061111	39.798858	95.363518	63.999678	940.774986	9454.706	-7.056
061131	39.819871	95.307358	64.000176	941.025465	9448.321	-15.334
061151	39.840212	95.252787	64.001406	941.073536	9442.589	-11.951
061211	39.860527	95.197967	63.995511	940.848075	9439.653	-0.723
061231	39.880929	95.1427	64.002453	941.076031	9441.464	8.469
061251	39.900993	95.088239	64.01959	941.597803	9447.478	8.538
061311	39.920666	95.034563	63.937479	938.714065	9448.995	8.329
061331	39.940522	94.980653	64.034466	934.769637	9449.375	7.645
061351	39.96092	94.925524	64.667222	934.613037	9455.231	1.796
061411	39.980404	94.869988	65.489198	935.30884	9453.233	-0.49
061431	39.998826	94.814812	66.027924	934.908979	9449.157	-0.137
061451	40.017258	94.759821	66.047352	933.618844	9455.22	-4.604
061511	40.036532	94.703113	65.980406	932.397012	9451.796	-12.497
061531	40.056054	94.645891	66.000618	932.007679	9440.654	-14.76
061551	40.074667	94.590856	65.995952	932.278317	9439.873	-4.351
061611	40.093354	94.535676	66.019637	930.982917	9441.498	1.763
061631	40.112121	94.480379	65.994105	928.939449	9440.976	-0.09
061651	40.130255	94.426611	65.896379	928.802402	9440.935	-0.336
061711	40.148861	94.3713	66.343805	929.088973	9440.991	0.277
061731	40.167945	94.314479	67.019959	928.995279	9441.011	-0.049
061751	40.186576	94.258754	67.065355	928.979314	9441.217	-0.762
061811	40.205125	94.203126	66.969845	929.025071	9440.363	2.496
061831	40.2238	94.147	67.0	929.0	9441.0	8.0
061851	40.242339	94.091107	67.00521	928.906639	9446.56	9.314
061911	40.260273	94.037108	66.997868	929.269002	9449.847	5.568
061931	40.278176	93.983282	66.999885	929.971682	9449.037	0.199
061951	40.297117	93.926172	67.000407	930.214686	9449.033	-1.358
062011	40.315436	93.870786	66.999857	929.633899	9448.607	2.203
062031	40.332997	93.817541	66.999992	928.99926	9448.865	7.787
062051	40.351679	93.760734	67.000029	929.360709	9453.564	9.515
062111	40.370449	93.70356	66.99999	927.941236	9456.767	5.499
062131	40.388597	93.648161	66.999999	925.088437	9456.053	0.124
062151	40.406699	93.592725	67.000002	924.726345	9455.633	0.269
062211	40.424909	93.537	67.0	924.979409	9456.543	-1.938
062231	40.443276	93.480831	67.0	924.070419	9456.154	-7.807
062251	40.461747	93.424089	66.999997	922.551158	9451.173	-8.722
062311	40.47963	93.3689	67.000006	921.906937	9448.785	-7.653
062331	40.497038	93.315049	67.000004	922.029063	9449.225	-7.912
062351	40.514976	93.259597	66.99996	921.297768	9444.138	-8.674
062411	40.533155	93.203315	67.000079	921.148412	9440.294	-6.597
062431	40.551038	93.147697	67.000052	921.956305	9440.985	-0.687
062451	40.568516	93.093039	66.999445	921.927282	9440.224	4.037
062511	40.586309	93.03736	67.001105	922.368673	9442.87	-6.902
062531	40.60442	92.980767	67.000722	923.860535	9442.254	-4.398
062551	40.621899	92.926054	66.992275	924.836186	9427.512	83.116
062611	40.639578	92.870777	67.015386	924.945152	9471.071	229.545
062631	40.657872	92.813543	67.010054	924.14037	9595.161	351.493
062651	40.675934	92.75656	66.8924	922.531325	9728.102	362.061
062711	40.693423	92.701188	67.233263	922.143449	9841.252	315.503
062731	40.710737	92.646469	67.953072	923.784651	9935.062	258.266
062751	40.728707	92.589701	68.085323	925.498357	10018.384	171.814
062811	40.746781	92.532379	67.973265	923.583433	10060.47	77.869
062831	40.764449	92.476	67.996652	919.252446	10058.653	11.79
062851	40.781842	92.420303	68.006126	919.269672	10056.805	-3.281
062911	40.798848	92.365741	67.998081	922.325949	10058.368	1.215
062931	40.815775	92.31135	67.99976	924.877593	10058.042	0.169
062951	40.833395	92.254642	68.00044	924.829046	10057.969	-0.49
063011	40.851417	92.196733	67.999862	923.406228	10057.917	0.52
063031	40.869408	92.138887	67.999983	922.106155	10057.932	0.295
063051	40.887169	92.081311	68.000032	921.280968	10058.763	-4.792
063111	40.904189	92.026194	67.99999	920.885393	10056.337	-9.127
063131	40.920802	91.972599	67.999999	920.956422	10051.308	-8.318
063151	40.938197	91.916022	68.000002	921.616512	10050.625	-3.75
063211	40.955554	91.859287	68.0	922.124677	10050.744	2.631
063231	40.97265	91.803334	68.0	922.031015	10050.734	7.733
063251	40.990555	91.744636	67.999997	921.774202	10055.567	8.351
063311	41.008251	91.686616	68.000006	922.4509	10058.141	8.162
063331	41.024964	91.631778	68.000004	923.892309	10057.716	8.19
063351	41.041271	91.578058	67.999955	924.334782	10063.553	4.126
063411	41.058113	91.522437	68.000076	923.697597	10065.047	-2.251
063431	41.07567	91.464402	68.00008	923.723002	10058.618	-7.482
063451	41.092983	91.407038	67.999398	926.920677	10058.035	-9.155
063511	41.109878	91.350796	68.001051	929.442073	10056.49	-6.67
063531	41.126733	91.294546	68.001117	929.070627	10051.168	-0.989
063551	41.144073	91.236903	67.991619	929.255398	10054.574	5.378
063611	41.161426	91.178841	68.014642	930.506162	10058.455	8.458
063631	41.178593	91.121167	68.01556	931.859773	10057.754	8.007
063651	41.196072	91.063283	68.065238	932.476077	10062.405	8.675
063711	41.212505	91.005972	70.06727	933.517903	10066.818	6.504
063731	41.226308	90.948261	74.346725	934.936198	10066.173	0.652
063751	41.236909	90.886859	78.090952	934.323102	10065.743	-1.236
063811	41.24529	90.825648	80.047063	932.957026	10066.003	0.074
063831	41.252949	90.768155	80.154108	932.83081	10065.882	0.655
063851	41.261081	90.707285	79.928883	933.16264	10066.431	-1.883
063911	41.2695	90.6439	80.0	933.0	10066.0	-8.0
063931	41.277268	90.584852	80.012358	932.190649	10061.396	-14.732
063951	41.285049	90.525148	79.994797	932.197025	10054.491	-11.626
064011	41.2931	90.4632	80.0	933.0	10051.0	0.0
064031	41.30099	90.402623	80.002926	933.131603	10055.562	7.36
064051	41.308824	90.342113	79.994475	932.860503	10058.743	6.492
064111	41.3167	90.2808	80.0	933.0	10058.0	0.0
064131	41.324571	90.219364	80.028601	934.170317	10058.617	-6.081
064151	41.332422	90.157788	79.927848	935.850012	10055.838	-8.891
064211	41.3402	90.0964	80.0	937.0	10051.0	-8.0
064231	41.347861	90.035633	80.693784	937.252831	10050.933	-3.897
064251	41.355573	89.974257	81.106504	939.632263	10050.069	5.297
064311	41.3633	89.9125	81.0	943.0	10051.0	15.0
064331	41.370873	89.851621	80.980674	943.147101	10061.662	16.518
064351	41.378609	89.78964	81.007647	943.446115	10066.872	12.897
064411	41.3864	89.7271	81.0	945.0	10066.0	8.0
064431	41.393812	89.666573	80.998612	945.325095	10072.156	2.928
064451	41.40127	89.605445	81.000549	944.465197	10072.4	-3.291
064511	41.409	89.5421	81.0	943.0	10066.0	-8.0
064531	41.416722	89.478116	80.999898	941.478298	10065.897	-7.561
064551	41.423885	89.418179	81.000046	940.84442	10064.359	-10.336
064611	41.4308	89.3602	81.0	941.0	10058.0	-15.0
064631	41.438346	89.297268	80.999957	941.000707	10052.477	-11.412
064651	41.445969	89.233197	81.000093	941.060394	10050.593	-4.898
064711	41.4532	89.1718	81.0	941.0	10051.0	0.0
064731	41.460151	89.112791	80.9995	940.605674	10050.601	2.088
064751	41.467384	89.05086	81.001261	942.149239	10052.2	-4.418
064811	41.4748	88.9871	81.0	945.0	10051.0	0.0
064831	41.481807	88.927416	80.993049	946.589834	10044.195	50.462
064851	41.488896	88.866669	81.017567	950.547476	10071.583	137.891
064911	41.4963	88.8026	81.0	958.0	10142.0	229.0
064931	41.503735	88.738187	80.90319	965.022376	10229.276	287.535
064951	41.511007	88.674409	81.281715	964.33024	10333.449	316.15
065011	41.5181	88.6111	82.0	959.0	10447.0	312.0
065031	41.525122	88.547843	82.207171	958.982684	10549.445	261.765
065051	41.532052	88.485473	81.593114	957.55737	10626.783	172.537
065111	41.539	88.4232	81.0	954.0	10668.0	76.0
065131	41.546134	88.35921	81.626831	955.031497	10671.394	14.542
065151	41.553214	88.29531	82.132994	956.250714	10666.654	-4.631
065211	41.5601	88.2325	82.0	956.0	10668.0	0.0
065231	41.566856	88.170247	81.975867	957.199021	10668.26	0.784
065251	41.573534	88.108732	82.009549	958.582261	10667.861	-0.187
065311	41.5803	88.0463	82.0	959.0	10668.0	0.0
065331	41.58731	87.980753	81.998264	958.828864	10668.251	-0.747
065351	41.594213	87.915716	82.000693	959.567605	10667.404	2.312
065411	41.6009	87.8526	82.0	961.0	10668.0	8.0
065431	41.607542	87.789944	81.999836	961.331	10673.617	9.206
065451	41.613996	87.72933	82.000149	960.401246	10676.686	5.894
065511	41.6205	87.668	82.0	959.0	10676.0	-0.0
065531	41.627464	87.601232	81.999442	958.175509	10676.759	-6.069
065551	41.634169	87.536592	82.001391	957.938733	10673.457	-8.682
065611	41.6405	87.4754	82.0	958.0	10668.0	-8.0
065631	41.646999	87.411928	81.992353	958.052055	10668.264	-7.655
065651	41.653288	87.349516	82.019327	957.889163	10665.784	-8.625
065711	41.6594	87.2887	82.0	958.0	10660.0	-8.0
065731	41.665802	87.226108	81.893495	958.886597	10659.378	-2.43
065751	41.672121	87.163295	82.30622	958.583627	10660.253	0.819
065811	41.6784	87.0994	83.0	958.0	10660.0	-0.0
065831	41.685041	87.032037	83.072127	959.989935	10659.911	0.011
065851	41.691394	86.967228	82.971462	961.392719	10660.131	-0.355
065911	41.6974	86.9057	83.0	962.0	10660.0	0.0
065931	41.703651	86.84232	83.005179	964.676194	10659.373	4.654
065951	41.709897	86.778194	82.997951	966.729253	10661.873	11.353
070011	41.716	86.7144	83.0	967.0	10668.0	15.0
070031	41.722093	86.650722	83.000372	966.995297	10674.131	11.33
070051	41.728061	86.588304	82.999853	967.002007	10676.613	4.704
070111	41.734	86.5257	83.0	967.0	10676.0	-0.0
070131	41.740143	86.460167	83.000027	966.998711	10675.947	-0.624
070151	41.746188	86.395336	82.999988	967.002549	10675.893	0.69
070211	41.7521	86.3315	83.0	967.0	10676.0	0.0
070231	41.758095	86.265914	83.000012	966.986653	10676.827	-5.294
070251	41.763777	86.203229	82.999973	967.033683	10673.596	-9.563
070311	41.7693	86.1423	83.0	967.0	10668.0	-8.0
070331	41.775265	86.076877	83.000147	966.814429	10667.19	-1.492
070351	41.781275	86.010882	82.999628	967.543085	10668.816	-1.541
070411	41.7871	85.9464	83.0	969.0	10668.0	-8.0
070431	41.792871	85.881762	83.002049	969.822762	10662.349	-9.366
070451	41.79847	85.81802	82.994821	970.088028	10659.315	-5.788
070511	41.804	85.7545	83.0	970.0	10660.0	0.0
070531	41.80973	85.689085	83.028538	969.778319	10659.319	5.779
070551	41.815418	85.623627	82.927873	970.615235	10662.34	9.395
070611	41.8209	85.5596	83.0	972.0	10668.0	8.0
070631	41.826242	85.496722	83.69378	972.147771	10668.861	1.377
070651	41.831572	85.433306	84.106505	971.932664	10667.077	1.907
070711	41.837	85.3679	84.0	972.0	10668.0	8.0
070731	41.842544	85.300443	83.980673	972.068254	10674.217	4.906
070751	41.84801	85.234054	84.007647	971.849475	10674.96	-6.074
070811	41.8533	85.1704	84.0	972.0	10668.0	-15.0
070831	41.858489	85.108346	83.998612	973.400371	10661.733	-11.915
070851	41.863749	85.044663	84.00055	974.219244	10659.406	-4.348
070911	41.8691	84.9788	84.0	975.0	10660.0	0.0
070931	41.874399	84.912921	83.999898	978.166575	10660.268	-0.231
070951	41.879561	84.847353	84.000047	981.479206	10659.541	1.688
071011	41.8846	84.7826	84.0	983.0	10660.0	8.0
071031	41.889602	84.719223	83.999953	982.894648	10664.685	14.048
071051	41.894598	84.655404	84.000102	983.60075	10671.351	13.762
071111	41.8996	84.5903	84.0	985.0	10676.0	8.0
071131	41.904636	84.52413	83.999451	984.951096	10676.135	2.832
071151	41.909801	84.45528	84.001402	985.52216	10676.568	-3.385
071211	41.91486	84.387041	84.00039	986.953343	10676.197	-7.974
071231	41.919454	84.3251	83.992244	987.174375	10669.895	-4.262
071251	41.924209	84.261574	84.017401	986.917053	10669.353	3.543
071311	41.929254	84.194484	84.005341	986.988878	10675.785	7.999
071331	41.934012	84.13061	83.892293	987.169386	10676.572	3.98
071351	41.938773	84.06528	84.269254	986.587216	10676.236	-2.997
071411	41.943659	83.997255	84.977675	985.084281	10676.143	-7.835
071431	41.948374	83.931724	85.078966	983.530739	10670.81	-9.294
071451	41.95295	83.867159	84.972161	982.847973	10667.148	-5.692
071511	41.957475	83.802054	84.9984	982.991357	10667.951	-0.169
071531	41.961988	83.736901	85.005669	983.02866	10668.177	0.59
071551	41.966582	83.670467	84.998002	982.994408	10667.932	-0.187
071611	41.971176	83.603857	84.999885	983.001014	10667.994	-0.004
071631	41.975572	83.539695	85.000404	982.969097	10668.057	-0.112
071651	41.980041	83.472728	84.999863	983.073734	10667.895	0.333
071711	41.984579	83.403453	84.999994	983.022834	10667.969	0.106
071731	41.988834	83.339175	84.999989	982.284665	10668.624	-4.189
071751	41.992956	83.276279	85.000079	982.056865	10666.382	-11.397
071811	41.997093	83.212463	85.000027	982.938406	10660.343	-15.1
071831	42.001247	83.149326	84.999447	984.279694	10654.271	-7.36
071851	42.005584	83.082398	85.001248	985.52438	10653.821	6.186
071911	42.009987	83.012872	85.000383	986.907968	10659.643	14.902
071931	42.014094	82.947958	84.992267	989.040539	10666.148	11.255
071951	42.018129	82.883302	85.017393	990.40845	10668.05	6.96
072011	42.0222	82.816706	85.00534	990.953435	10667.866	7.936
072031	42.026142	82.751346	84.892294	992.332438	10673.318	8.314
072051	42.030089	82.68558	85.269254	993.207922	10676.442	7.689
072111	42.0341	82.618464	85.977675	993.014122	10675.917	7.923
072131	42.038064	82.551503	86.078966	992.905563	10680.278	9.486
072151	42.041919	82.485859	85.972161	993.135458	10684.096	4.254
072211	42.045709	82.42007	85.9984	993.03802	10683.139	-7.469
072231	42.049558	82.351198	86.005672	991.738772	10679.165	-14.554
072251	42.053457	82.282498	85.997996	990.645485	10673.049	-13.521
072311	42.057311	82.216173	85.999883	990.047745	10668.101	-8.21
072331	42.060991	82.151395	86.00045	988.483467	10668.319	-6.351
072351	42.064467	82.088475	85.999855	985.843465	10666.371	-7.796
072411	42.067876	82.025771	85.999971	983.251558	10660.592	-8.376
072431	42.071458	81.95965	86.000048	982.540259	10659.283	-3.481
072451	42.075027	81.892835	85.999966	983.415898	10660.173	0.875
072511	42.078476	81.826934	85.999972	984.806545	10660.009	0.275
072531	42.082023	81.758986	86.000206	985.976481	10660.2	-1.104
072551	42.085533	81.691256	85.999707	987.598467	10659.644	1.395
072611	42.088853	81.626114	85.999543	989.694639	10659.427	7.224
072631	42.092059	81.562225	86.002678	990.625113	10664.592	8.615
072651	42.095271	81.497056	85.995957	991.290912	10668.272	8.025
072711	42.098544	81.429844	85.993641	992.701246	10667.551	8.268
072731	42.101816	81.363003	86.037292	994.087457	10672.898	4.937
072751	42.105078	81.295763	85.94369	995.418298	10675.486	-2.58
072811	42.10828	81.228325	85.911433	997.410509	10669.147	-8.273
072831	42.111305	81.164203	86.671116	1000.899142	10666.429	-1.012
072851	42.114321	81.099727	86.879709	1003.453264	10669.179	11.212
072911	42.117467	81.031927	86.063014	1003.880548	10674.66	15.599
072931	42.120617	80.964159	86.417298	1005.064981	10681.253	7.99
072951	42.123731	80.895576	87.116231	1006.175392	10682.205	-2.715
073011	42.126796	80.825638	87.03624	1006.052573	10676.728	-7.669
073031	42.129768	80.757596	86.963028	1005.959591	10675.934	-7.952
073051	42.132588	80.691793	87.007435	1005.992081	10675.175	-8.454
073111	42.135307	80.626314	87.003303	1005.962016	10669.299	-9.157
073131	42.138143	80.558344	86.997407	1006.204387	10666.345	-0.256
073151	42.141003	80.490216	87.000538	1005.72593	10669.227	9.535
073211	42.143732	80.42404	87.000247	1004.244922	10674.988	9.211
073231	42.14639	80.35656	86.999763	1003.78862	10676.89	3.378
073251	42.149027	80.287255	87.000071	1002.486337	10675.771	-0.121
073311	42.151635	80.218294	87.000143	998.901886	10675.6	0.716
073331	42.154142	80.153288	86.999481	996.883798	10677.365	-5.436
073351	42.15659	80.089239	87.000527	995.624017	10674.591	-17.385
073411	42.159057	80.022298	87.001699	993.39081	10663.401	-24.09
073431	42.161533	79.955413	86.992962	993.016743	10654.44	-13.769
073451	42.163988	79.888965	87.007312	992.721605	10653.54	2.607
073511	42.166392	79.821438	87.023641	990.45745	10658.745	8.338
073531	42.168723	79.75221	86.901987	989.952683	10660.748	4.669
073551	42.170928	79.685777	87.104216	989.753127	10659.92	-0.755
073611	42.173043	79.623971	87.841281	987.541494	10660.099	-0.997
073631	42.175302	79.557353	88.078418	986.619491	10659.288	3.713
073651	42.17752	79.488417	88.008749	987.103945	10660.809	8.703
073711	42.179551	79.423285	88.074294	987.187464	10666.675	9.004
073731	42.181799	79.358615	87.652757	985.943006	10668.835	4.108
073751	42.183384	79.293038	88.379153	981.872471	10667.858	-0.493
073811	42.182783	79.226734	91.750841	974.483005	10667.91	-0.31
073831	42.178973	79.15949	95.887737	966.082151	10668.056	0.194
073851	42.172434	79.096062	99.73154	955.593102	10667.994	-0.021
073911	42.163255	79.035247	103.178242	944.970749	10668.002	0.006
073931	42.151158	78.973376	106.453668	937.38397	10667.997	0.004
073951	42.137633	78.916624	108.869399	929.592597	10667.998	0.005
074011	42.122789	78.857771	109.236882	925.81532	10668.016	-0.052
074031	42.107749	78.798095	108.925777	924.644656	10667.969	0.106
074051	42.093233	78.740024	108.990705	924.842613	10667.98	0.069
074111	42.078849	78.682836	109.017007	927.391014	10668.214	-0.74
074131	42.063684	78.62303	108.994671	929.611431	10667.574	1.626
074151	42.047857	78.560739	108.999333	929.194098	10667.722	7.468
074211	42.032741	78.501024	109.001222	926.49087	10672.704	10.362
074231	42.018221	78.443991	108.999616	924.509748	10677.269	4.138
074251	42.003597	78.387036	108.999951	924.075062	10676.408	-7.221
074311	41.988328	78.327405	109.000098	922.769167	10670.797	-9.902
074331	41.973042	78.267856	108.999951	921.791418	10667.417	-6.269
074351	41.958095	78.209983	108.999983	921.969063	10668.01	-0.681
074411	41.943061	78.151825	109.000155	922.109462	10667.065	6.143
074431	41.927967	78.093507	108.999702	921.839735	10670.298	7.239
074451	41.912906	78.035409	108.999806	921.102194	10675.935	0.773
074511	41.897863	77.977384	109.00207	919.8753	10671.572	-5.984
074531	41.882967	77.92015	108.995878	918.404878	10667.346	-8.101
074551	41.868023	77.863099	108.997307	917.101654	10668.109	-7.781
074611	41.852541	77.804219	109.028824	916.552744	10663.972	-12.461
074631	41.837058	77.745321	108.942208	917.744232	10657.645	-15.093
074651	41.821951	77.687772	108.946008	920.546959	10653.425	-9.473
074711	41.806934	77.630659	109.580037	923.206247	10651.849	1.867
074731	41.791756	77.573219	110.093656	923.964783	10654.513	9.635
074751	41.776257	77.514935	110.019386	923.802339	10659.522	8.642
074811	41.760461	77.455784	109.97569	926.816698	10660.501	3.381
074831	41.744942	77.397567	110.006724	931.726426	10660.021	-1.259
074851	41.729723	77.340393	110.001392	936.348858	10660.166	-0.773
074911	41.7139	77.281456	109.998254	940.493863	10658.534	7.675
074931	41.697761	77.221776	110.000483	944.306622	10662.83	18.52
074951	41.681637	77.162153	110.0001	947.598677	10674.465	23.298
075011	41.665289	77.101208	109.999871	949.622861	10681.389	16.104
075031	41.649075	77.040801	110.000041	949.880612	10683.468	3.822
075051	41.633183	76.982076	110.000014	949.793618	10683.28	-6.593
075111	41.61721	76.923325	109.999938	952.396196	10679.957	-14.409
075131	41.600997	76.863943	110.000095	954.198135	10673.382	-12.913
075151	41.584645	76.804233	110.000098	953.882968	10668.042	-1.739
075211	41.568436	76.744981	109.999266	956.100843	10672.007	7.107
075231	41.552404	76.686543	110.001282	958.603499	10677.011	6.47
075251	41.536338	76.628249	110.001362	958.295941	10676.298	0.352
075311	41.519825	76.568272	109.989426	955.58601	10674.911	1.575
075331	41.502508	76.505406	110.01527	953.791642	10677.266	-3.776
075351	41.485089	76.442366	110.028507	953.498004	10678.273	-41.953
075411	41.46957	76.386431	109.864823	949.788486	10657.692	-133.234
075431	41.454158	76.331277	110.176396	945.065093	10593.995	-223.883
075451	41.437199	76.270867	110.965216	943.164126	10493.804	-284.365
075511	41.420901	76.212683	110.500374	943.111325	10404.857	-397.049
075531	41.404773	76.155078	110.034229	946.207985	10263.162	-574.674
075551	41.387829	76.094743	110.822496	952.512462	10014.092	-749.751
075611	41.37113	76.03536	111.140415	957.270064	9734.054	-802.198
075631	41.354499	75.976291	110.964852	959.305036	9469.458	-779.54
075651	41.337469	75.916089	110.971022	959.302011	9222.381	-761.324
075711	41.320473	75.856617	111.090437	957.169566	8962.277	-719.591
075731	41.303745	75.797438	110.894997	950.881965	8724.195	-665.253
075751	41.286944	75.737761	110.767188	938.812916	8530.541	-629.088
075811	41.269121	75.678914	112.500697	922.478864	8318.698	-624.082
075831	41.251046	75.623201	114.231779	907.968396	8100.944	-622.411
075851	41.233565	75.570921	114.102936	897.819548	7904.775	-604.828
075911	41.215959	75.518207	113.919326	884.409534	7704.992	-602.057
075931	41.198146	75.464771	114.01658	867.809845	7500.016	-598.806
075951	41.180463	75.41207	114.007254	853.443169	7301.637	-546.12
080011	41.163156	75.36066	113.994872	847.254614	7122.56	-393.962
080031	41.145831	75.309399	114.000344	847.23981	7017.654	-196.044
080051	41.128426	75.258021	113.998615	847.514446	7007.594	-45.507
080111	41.111895	75.208895	114.008877	843.655066	7011.97	3.969
080131	41.095029	75.158907	113.988234	839.232679	7009.594	-1.433
080151	41.077024	75.106074	113.973354	836.407217	7009.82	-0.685
080211	41.05989	75.055714	114.129406	828.291306	7010.142	0.782
080231	41.043495	75.007247	113.834933	820.911218	7009.971	-0.473
080251	41.026834	74.95848	113.62834	819.54308	7009.986	-0.883
080311	41.01	74.909811	114.685599	819.133272	7010.006	1.563
080331	40.996023	74.855651	104.548552	843.667711	7009.993	-36.874
080351	40.988713	74.801618	98.527602	859.461588	6999.703	-151.764
080411	40.983006	74.745101	97.807808	860.637371	6924.92	-257.57
080431	40.976456	74.686778	98.018535	857.78429	6809.245	-297.896
080451	40.970298	74.631188	98.032857	856.654446	6717.338	-289.009
080511	40.964279	74.576289	97.968559	854.124832	6627.324	-309.371
080531	40.958189	74.52084	98.011002	850.755923	6517.964	-353.197
080551	40.952078	74.465254	98.117981	848.411864	6388.99	-361.98
080611	40.945985	74.41015	97.91601	840.624707	6263.444	-339.888
080631	40.939986	74.356381	97.597364	820.304356	6158.688	-304.049
080651	40.934243	74.305197	98.661226	782.968345	6069.762	-273.797
080711	40.928746	74.255699	99.218632	744.356689	5983.291	-266.024
080731	40.923237	74.205454	96.056881	733.025198	5887.088	-270.402
080751	40.917317	74.158896	102.971996	710.270358	5812.46	-155.172
080811	40.907171	74.117199	115.059865	681.006264	5783.05	0.099
080831	40.891391	74.076927	117.10553	679.983965	5787.152	-0.339
080851	40.875743	74.037372	116.927056	681.460412	5798.492	-118.925
080911	40.860817	73.997396	116.984708	676.070136	5742.636	-298.103
080931	40.845593	73.957313	116.927821	666.986981	5585.127	-465.811
080951	40.831244	73.919948	117.262842	661.083966	5407.863	-541.46
081011	40.81674	73.880492	114.946673	660.096958	5225.566	-560.452
081031	40.801163	73.838376	114.333725	651.38941	5030.445	-569.035
081051	40.785317	73.806977	132.040272	609.555482	4848.387	-531.878
081111	40.763865	73.782884	144.128251	576.504004	4675.933	-517.315
081131	40.738955	73.761477	145.961292	561.633704	4500.25	-541.541
081151	40.715811	73.741171	146.306364	552.313244	4312.477	-582.882
081211	40.693909	73.720399	143.304239	554.892764	4110.898	-637.597
081231	40.671157	73.699972	143.982895	556.871715	3891.246	-676.306
081251	40.646873	73.685027	165.071849	523.151668	3653.632	-651.873
081311	40.622265	73.681664	177.915434	498.232129	3444.548	-651.874
081331	40.596568	73.683136	179.972746	492.039335	3234.689	-644.304
081351	40.570561	73.682571	178.865378	493.838028	3008.703	-592.181
081411	40.548219	73.681973	178.788361	488.184709	2826.607	-558.803
081431	40.524371	73.68143	179.523571	483.662357	2647.231	-563.923
081451	40.49869	73.680808	180.010706	480.217132	2454.904	-600.903
081511	40.474077	73.680213	179.431711	476.362827	2251.56	-645.464
081531	40.450267	73.679649	178.341234	486.210628	2012.345	-653.842
081551	40.425966	73.679967	182.264962	485.132799	1804.988	-573.046
081611	40.403949	73.686741	207.482403	453.234387	1657.766	-406.048
081631	40.390014	73.705532	236.838312	422.594697	1521.945	-292.917
081651	40.379164	73.72834	236.82611	391.467829	1451.221	-288.93
081711	40.368256	73.750137	235.482456	365.212017	1352.142	-349.213
081731	40.358011	73.769949	237.006202	358.142233	1217.652	-383.761
081751	40.347969	73.788077	233.500966	364.225588	1075.311	-355.338
081811	40.336998	73.806209	225.939336	365.044966	965.208	-274.763
081831	40.328073	73.828814	257.301198	365.212224	921.204	-149.387
081851	40.330595	73.850128	292.649789	356.266957	869.317	-229.841
081911	40.345959	73.864352	311.098321	369.49539	764.216	-336.631
081931	40.364097	73.86395	-66.928582	386.726849	653.514	-154.596
081951	40.38305	73.861809	-5.039169	372.38114	625.197	-53.05
082011	40.400837	73.859768	28.337547	348.020728	628.997	-9.335
082031	40.417828	73.857835	-3.287043	332.467615	631.442	-0.577
082051	40.434404	73.856048	1.290485	332.16733	625.64	-8.029
082111	40.450104	73.854465	24.941951	338.779279	624.579	-0.075
082131	40.467232	73.852795	-26.262721	338.044798	624.534	-8.07
082151	40.484726	73.852452	135.588933	330.711361	626.709	-77.857
082211	40.500541	73.854921	333.734352	330.244939	584.038	-187.038
082231	40.516714	73.854411	-24.531591	337.156297	484.596	-163.54
082251	40.531166	73.843902	54.332951	350.94508	477.529	-6.649
082311	40.546458	73.832016	28.543461	355.645238	472.74	-32.682
082331	40.561175	73.820646	26.995616	334.579957	482.734	-25.832
082351	40.575182	73.809569	30.682693	299.191955	370.179	-327.758
082411	40.587295	73.800058	29.992941	274.12997	262.766	-494.43
082431	40.598069	73.791723	30.281584	261.183837	194.962	-442.4
082451	40.608624	73.783572	30.844652	256.470081	137.394	-298.713
082511	40.619976	73.774701	31.023037	256.027747	64.235	-184.644
082531	40.631269	73.76581	30.982294	254.471625	14.927	-115.404
