162129	33.9366	118.412	263.0	330.0	84.0	0.0
162149	33.935169	118.430155	263.941929	322.205623	365.588	696.589
162209	33.929595	118.448745	239.35374	355.288012	520.877	370.123
162229	33.915475	118.465783	221.012795	399.636209	633.89	325.982
162249	33.899406	118.483232	223.552457	454.994482	725.517	453.241
162309	33.882501	118.502259	222.561394	489.355024	897.839	678.845
162329	33.864781	118.522658	222.797827	491.920994	1196.104	830.607
162349	33.846892	118.542817	224.986083	497.241235	1486.243	842.756
162409	33.827795	118.56259	218.253045	501.653194	1750.093	808.97
162429	33.804565	118.573296	186.28175	499.94837	2019.856	834.553
162449	33.779447	118.565527	158.118984	498.052251	2306.103	800.612
162509	33.756568	118.552004	153.559313	505.007876	2554.704	762.015
162529	33.733865	118.54037	156.537937	513.475552	2809.721	786.926
162549	33.710593	118.526839	150.599019	511.407789	3084.112	661.703
162609	33.69369	118.505008	120.061323	519.162907	3242.815	405.287
162629	33.68641	118.474641	94.892712	546.622553	3366.463	395.797
162649	33.684691	118.440671	91.841537	577.380767	3481.961	443.62
162709	33.683491	118.404607	94.920475	598.736074	3652.128	540.196
162729	33.680864	118.367854	95.069511	609.103394	3878.351	635.2
162749	33.678523	118.331508	94.322831	619.14404	4092.579	631.865
162809	33.676235	118.29429	93.919966	630.795284	4294.631	563.586
162829	33.673656	118.2556	93.990646	645.235212	4479.981	474.944
162849	33.671172	118.216514	94.009778	665.973248	4615.669	372.415
162909	33.668692	118.17678	94.01179	691.671089	4717.895	294.938
162929	33.66607	118.135544	94.010787	718.452393	4807.545	260.899
162949	33.663316	118.09208	93.878065	742.401437	4889.517	251.248
163009	33.660428	118.047087	94.264058	765.107226	4971.251	271.597
163029	33.657409	118.000991	94.973416	785.380362	5064.45	327.658
163049	33.654286	117.95342	94.867129	797.358866	5184.002	404.161
163109	33.651149	117.904972	95.40799	802.582665	5339.675	438.078
163129	33.647936	117.856194	95.280738	808.840082	5496.664	415.677
163149	33.645743	117.807629	89.125963	821.331773	5603.808	425.105
163209	33.651149	117.761499	77.801414	815.037591	5784.651	578.652
163229	33.659964	117.714514	75.541627	810.38984	5990.419	591.193
163249	33.669006	117.666964	77.456731	811.47669	6174.568	476.637
163309	33.677996	117.619753	77.057055	815.194829	6320.63	366.669
163329	33.687121	117.571694	76.897167	826.672721	6412.008	308.182
163349	33.696467	117.522478	77.029062	837.478667	6502.73	316.103
163409	33.706033	117.472264	77.001659	842.592291	6624.233	355.644
163429	33.715711	117.421556	77.018704	847.204255	6749.661	357.599
163449	33.72509	117.371811	76.95013	854.097538	6863.937	351.003
163509	33.734341	117.322855	76.966168	860.672354	6975.723	361.796
163529	33.74373	117.272707	78.393559	861.651276	7106.919	367.178
163549	33.749388	117.223073	85.284995	866.839258	7224.373	345.141
163609	33.750264	117.172387	91.376258	874.8199	7323.887	338.816
163629	33.748928	117.118868	91.441804	877.512741	7437.226	379.45
163649	33.747457	117.064617	91.085187	875.481091	7584.853	430.649
163709	33.7465	117.0114	92.0	872.0	7750.0	465.0
163729	33.745463	116.95973	92.172913	870.518822	7896.307	468.544
163749	33.74433	116.907156	91.797834	866.110477	8052.291	436.371
163809	33.7432	116.8547	92.0	861.0	8207.0	373.0
163829	33.742117	116.805461	92.8818	863.670027	8309.397	282.452
163849	33.741236	116.75443	89.446127	870.736137	8371.41	149.238
163909	33.743781	116.702548	82.426783	879.201073	8403.259	189.027
163929	33.754361	116.648391	73.903073	875.127441	8500.345	281.956
163949	33.7665	116.598879	72.393193	873.443189	8598.573	251.592
164009	33.778399	116.550398	74.42194	879.201654	8662.298	229.938
164029	33.791115	116.498052	74.087339	883.756695	8734.262	267.394
164049	33.803398	116.447734	73.890479	883.125637	8841.038	301.853
164109	33.815861	116.396912	74.030294	881.991468	8950.518	313.586
164129	33.828656	116.344579	74.006271	882.26034	9044.936	306.963
164149	33.840481	116.295808	73.992137	878.730095	9152.686	290.456
164209	33.852611	116.245933	74.002175	877.371563	9250.598	262.97
164229	33.86553	116.19316	74.00045	881.394058	9324.221	237.31
164249	33.87743	116.144186	73.999435	883.96532	9400.807	244.532
164309	33.889245	116.095164	74.000156	883.608858	9487.174	265.599
164329	33.90181	116.043018	74.000032	882.130475	9579.851	274.234
164349	33.914283	115.991534	73.999959	881.978499	9673.515	266.386
164409	33.926836	115.939592	74.000011	881.734038	9759.925	256.617
164429	33.939386	115.887275	74.000002	880.241595	9840.406	257.818
164449	33.951065	115.8385	73.999997	878.63215	9929.153	268.556
164509	33.962604	115.790204	74.000001	875.710639	10022.575	274.291
164529	33.97474	115.739298	74.0	871.53186	10113.629	262.467
164549	33.987184	115.687128	74.000001	869.119674	10199.92	233.221
164609	33.999219	115.636574	73.999999	869.383802	10271.899	204.324
164629	34.010751	115.588043	73.999999	870.884444	10330.935	185.613
164649	34.022641	115.538165	74.000011	870.875248	10394.106	170.799
164709	34.034708	115.48708	73.999982	871.518918	10449.038	185.514
164729	34.046694	115.435802	73.99998	872.313356	10504.228	219.32
164749	34.058772	115.384564	74.000147	867.662165	10599.519	199.469
164809	34.070555	115.334496	73.999744	862.893279	10667.245	117.897
164829	34.081829	115.286226	73.999727	863.492536	10669.228	24.296
164849	34.093028	115.238677	74.002044	868.069993	10666.441	-4.171
164909	34.104851	115.188307	73.996428	871.93528	10668.432	1.494
164929	34.117262	115.134905	73.996204	872.194143	10668.09	0.312
164949	34.129223	115.083549	74.029461	870.328351	10667.878	-0.414
165009	34.140922	115.033197	73.957617	868.666572	10668.03	0.094
165029	34.152738	114.982095	73.933784	868.769455	10668.011	0.023
165049	34.164493	114.931484	74.539501	870.302801	10667.979	0.012
165109	34.176035	114.881576	75.086575	870.906794	10668.021	-0.056
165129	34.187479	114.831617	75.026797	869.378931	10668.03	-0.096
165149	34.199218	114.780604	74.974091	867.719275	10667.827	0.576
165209	34.210822	114.730203	75.006437	866.828284	10668.262	-0.927
165229	34.222002	114.681344	75.002559	866.854576	10668.491	-5.778
165249	34.233315	114.63184	74.997582	867.722955	10664.771	-9.402
165309	34.244882	114.581144	75.000103	869.071085	10659.819	-6.63
165329	34.256521	114.52997	75.000336	870.448005	10658.775	3.835
165349	34.267934	114.479822	74.999845	871.563921	10662.803	10.396
165409	34.2791	114.4307	75.0	872.0	10668.0	8.0
165429	34.290289	114.381156	75.000027	871.741977	10668.73	1.425
165449	34.301823	114.329938	74.999989	872.807627	10667.257	1.423
165509	34.3134	114.2782	75.0	874.0	10668.0	8.0
165529	34.324469	114.228088	75.000002	872.099184	10673.374	10.301
165549	34.335968	114.176513	74.999999	870.53759	10677.376	3.107
165609	34.3479	114.1236	75.0	871.0	10676.0	-8.0
165629	34.359267	114.072881	75.000001	871.831778	10670.51	-10.69
165649	34.37032	114.023364	74.999997	871.866786	10666.672	-2.959
165709	34.3814	113.9735	75.0	871.0	10668.0	8.0
165729	34.392586	113.922741	75.000014	869.804964	10673.47	10.702
165749	34.403816	113.871986	74.999965	868.04186	10677.361	2.869
165809	34.4151	113.8213	75.0	867.0	10676.0	-8.0
165829	34.42647	113.770018	75.000191	868.400686	10670.368	-10.145
165849	34.437644	113.719278	74.999518	868.867398	10667.048	-4.578
165909	34.4486	113.6692	75.0	867.0	10668.0	-0.0
165929	34.45962	113.618618	75.002655	864.693529	10669.012	-4.879
165949	34.470822	113.567223	74.99329	863.842459	10665.454	-9.484
170009	34.4818	113.517	75.0	864.0	10660.0	-8.0
170029	34.492143	113.46977	75.036978	863.567973	10659.651	-3.048
170049	34.503213	113.418862	74.906542	865.371471	10659.673	3.065
170109	34.5148	113.3652	75.0	869.0	10660.0	8.0
170129	34.525353	113.316248	75.81262	870.735435	10665.315	9.383
170149	34.536011	113.266841	75.763165	871.075201	10668.81	5.665
170209	34.547332	113.214427	75.007991	871.008518	10668.047	0.168
170229	34.558526	113.162599	75.557197	870.884004	10667.835	-0.594
170249	34.569284	113.112412	76.138758	871.265348	10668.059	0.207
170309	34.579953	113.06236	76.007985	871.975429	10668.004	0.011
170329	34.591122	113.010219	75.971531	872.128256	10667.984	-0.027
170349	34.601986	112.959294	76.01045	871.859676	10668.014	-0.02
170409	34.612465	112.909736	76.000723	871.963789	10668.003	-0.01
170429	34.623497	112.857455	75.994938	873.212104	10667.936	0.215
170449	34.634744	112.803996	76.007538	874.470116	10668.142	-0.49
170509	34.645758	112.751755	76.002136	874.987984	10668.044	-0.151
170529	34.656445	112.701586	75.957601	875.067725	10667.121	5.076
170549	34.666862	112.651826	76.095089	874.890946	10670.192	9.218
170609	34.677272	112.601787	76.029182	874.07477	10675.833	8.167
170629	34.687859	112.552157	75.411475	872.342707	10676.395	3.402
170649	34.697584	112.501097	77.485703	872.505122	10676.309	-2.83
170709	34.705374	112.447443	81.826188	874.885246	10676.151	-7.836
170729	34.710885	112.392362	83.785793	876.535728	10670.719	-9.065
170749	34.715437	112.340053	84.040759	877.223768	10667.329	-6.29
170809	34.720153	112.28925	84.002343	877.040931	10668.005	-0.357
170829	34.72523	112.233914	83.991699	875.772739	10667.08	6.415
170849	34.730167	112.178999	84.002926	874.531624	10670.613	7.125
170909	34.734862	112.126816	84.000168	874.011049	10675.977	0.416
170929	34.739709	112.074202	83.999404	873.957509	10671.396	-6.868
170949	34.744303	112.023827	84.00021	874.022975	10666.942	-6.41
171009	34.748673	111.974477	84.000012	874.003687	10667.939	-0.211
171029	34.753422	111.920522	83.999957	873.938542	10668.216	0.747
171049	34.758247	111.865694	84.000015	874.133021	10667.924	-0.263
171109	34.762873	111.812817	84.000001	874.040599	10667.996	-0.015
171129	34.767365	111.760728	83.999998	872.674003	10668.015	0.054
171149	34.771785	111.709396	83.999999	871.823317	10667.995	-0.019
171209	34.77627	111.657381	84.0	871.99759	10668.0	-0.001
171229	34.780951	111.602631	84.00001	871.850091	10668.001	0.004
171249	34.785517	111.549572	83.999976	872.471415	10668.0	-0.001
171309	34.789881	111.498964	83.999993	873.938472	10668.0	-0.0
171329	34.794313	111.446345	84.000149	874.484084	10668.0	0.0
171349	34.798854	111.392403	83.999665	873.135493	10668.0	-0.0
171409	34.803378	111.338938	83.999897	871.063715	10668.0	-0.0
171429	34.807726	111.286682	84.002072	870.774639	10668.0	0.0
171449	34.812067	111.234064	83.99534	871.07949	10668.0	-0.0
171509	34.81639	111.18138	83.998569	871.004581	10668.0	-0.0
171529	34.820496	111.13063	84.02886	870.98353	10668.0	0.001
171549	34.82478	111.078517	83.935088	871.00636	10668.001	-0.003
171609	34.82928	111.024296	83.98007	871.000529	10668.0	-0.001
171629	34.833537	110.971205	84.656	870.994775	10667.994	0.02
171649	34.837648	110.919097	85.103896	871.009549	10668.013	-0.044
171709	34.841791	110.866836	85.005972	871.002829	10668.004	-0.013
171729	34.846004	110.813809	84.978841	870.943323	10667.922	0.272
171749	34.850143	110.761393	85.007459	871.12732	10668.176	-0.611
171809	34.854196	110.70979	85.000429	871.039083	10668.054	-0.188
171829	34.858316	110.657483	84.998481	869.703677	10666.908	5.816
171849	34.862461	110.604268	85.000536	868.756936	10670.673	7.338
171909	34.866503	110.551482	85.000031	868.977226	10675.981	0.429
171929	34.870363	110.500662	84.999891	869.260747	10671.388	-6.925
171949	34.874302	110.448512	85.000038	868.439783	10666.937	-6.362
172009	34.878396	110.394208	85.000002	867.041708	10667.937	-0.2
172029	34.882428	110.340793	84.999992	866.887158	10668.272	0.543
172049	34.886352	110.288705	85.000003	866.960025	10667.796	0.188
172109	34.890118	110.23799	85.0	866.9741	10667.956	0.123
172129	34.893722	110.188232	84.999999	868.082644	10668.812	-4.769
172149	34.897623	110.134813	85.0	869.756571	10665.987	-9.807
172209	34.901797	110.07854	85.0	870.969468	10660.223	-8.343
172229	34.905668	110.025858	84.999999	871.075392	10658.407	2.07
172249	34.909396	109.974339	85.000001	871.076742	10662.089	9.939
172309	34.913132	109.922243	85.000001	871.870961	10667.651	8.49
172329	34.91678	109.871343	84.999993	873.35366	10668.647	2.663
172349	34.920526	109.81888	85.000014	874.140342	10667.771	-0.573
172409	34.924414	109.763743	85.000009	874.802516	10667.955	-0.009
172429	34.928202	109.708933	84.999899	877.96557	10668.265	-0.674
172449	34.931839	109.656719	85.000201	880.858126	10667.548	1.761
172509	34.935434	109.606065	85.000132	881.90619	10667.712	7.582
172529	34.939156	109.553052	84.998534	883.12697	10672.753	8.912
172549	34.942903	109.498886	85.002463	884.389741	10676.74	5.359
172609	34.946573	109.445012	85.003311	884.990598	10676.204	0.602
172629	34.950191	109.390739	84.980978	884.80692	10675.806	-0.579
172649	34.95377	109.336679	85.028837	885.365967	10676.044	0.164
172709	34.957276	109.283888	85.062262	886.854798	10676.009	0.112
172729	34.960647	109.232647	84.748085	886.352208	10676.04	-0.231
172749	34.964152	109.179215	85.189181	884.843157	10675.96	0.142
172809	34.967621	109.122448	86.879412	884.116676	10675.929	0.239
172829	34.969726	109.07095	87.235614	882.495993	10676.877	-4.467
172849	34.971487	109.019492	86.935972	882.314699	10674.408	-9.141
172909	34.973756	108.964393	86.986731	883.907219	10668.59	-8.582
172929	34.975941	108.911047	87.016761	883.195074	10667.258	-3.128
172949	34.978042	108.858247	86.995148	881.502033	10668.227	0.61
173009	34.980183	108.80443	86.998776	880.254051	10668.069	0.05
173029	34.982265	108.751425	87.003238	878.14728	10667.742	0.532
173049	34.984323	108.698884	86.996098	876.749536	10668.374	-1.298
173109	34.986391	108.64576	86.996135	876.9475	10668.385	-7.146
173129	34.988443	108.591635	87.028566	877.070924	10663.672	-10.65
173149	34.990549	108.537586	86.950217	876.971396	10658.716	-4.258
173209	34.992689	108.484278	86.947116	876.984943	10659.278	7.249
173229	34.994681	108.431141	87.578647	877.089764	10665.901	5.061
173249	34.996544	108.378859	88.094055	876.850011	10666.716	-1.64
173309	34.99841	108.326724	88.019484	876.841707	10660.314	-0.766
173329	35.000403	108.272117	87.97545	878.731666	10663.694	5.73
173349	35.002371	108.21823	88.007004	880.290323	10669.049	7.166
173409	35.004228	108.166164	88.001985	880.079892	10668.305	0.967
173429	35.006113	108.111344	87.997753	879.924889	10667.603	-0.889
173449	35.007971	108.055696	88.000278	879.99912	10668.083	-0.014
173509	35.009715	108.002399	88.000298	879.947994	10668.261	-0.635
173529	35.011433	107.94984	87.999851	880.192611	10667.308	2.853
173549	35.013175	107.897005	88.000014	879.891623	10668.369	8.387
173609	35.014925	107.844045	88.000024	877.997099	10674.002	9.181
173629	35.016627	107.791382	87.999989	875.981038	10676.652	5.589
173649	35.018283	107.738199	88.000001	874.980808	10676.007	-0.313
173709	35.019946	107.683513	88.000002	875.010528	10676.699	-6.103
173729	35.021625	107.629535	87.999998	874.780379	10673.307	-9.28
173749	35.023281	107.576431	88.0	875.070159	10667.838	-7.789
173809	35.024879	107.522543	88.000005	875.902903	10667.471	-2.049
173829	35.026494	107.468291	87.999985	868.505346	10668.235	0.815
173849	35.028076	107.416097	88.000004	858.771227	10667.988	-0.04
173909	35.029533	107.367168	88.000074	860.885117	10667.962	-0.132
173929	35.031056	107.314445	87.999791	867.661276	10668.017	0.059
173949	35.03257	107.259237	88.000059	872.127057	10667.999	-0.003
174009	35.033882	107.207946	88.001024	872.631728	10667.997	-0.009
174029	35.035341	107.154323	87.997095	871.028596	10668.001	0.004
174049	35.03687	107.099705	88.00082	871.119763	10668.0	-0.0
174109	35.038128	107.049918	88.014263	875.306073	10668.0	-0.001
174129	35.039473	106.995627	87.959543	877.775812	10668.0	0.0
174149	35.040862	106.938605	88.011419	876.935325	10668.0	-0.0
174209	35.042017	106.8883	88.198658	875.655299	10668.0	-0.0
174229	35.043488	106.837359	87.340015	874.188618	10668.0	0.0
174249	35.0457	106.7831	86.0	875.0	10668.0	-0.0
174309	35.048643	106.729222	85.861969	880.868469	10668.0	-0.0
174329	35.051705	106.675487	86.054851	886.138641	10668.0	0.0
174349	35.0546	106.6219	86.0	888.0	10668.0	-0.0
174409	35.057489	106.569096	85.988262	888.29098	10668.0	-0.0
174429	35.060432	106.515161	86.005474	887.578928	10668.0	0.0
174449	35.063358	106.460576	86.000725	886.987579	10668.0	0.0
174509	35.06615	106.408013	85.989049	887.576409	10668.0	-0.0
174529	35.069013	106.354368	86.023152	885.43712	10668.0	0.0
174549	35.071956	106.299126	86.00704	882.039027	10668.0	0.0
174609	35.074727	106.245607	85.858278	884.362983	10668.0	-0.0
174629	35.077403	106.19223	86.345658	888.958757	10668.0	0.0
174649	35.080068	106.138368	87.001128	891.911616	10668.0	0.0
174709	35.082715	106.085502	86.351919	892.811243	10668.0	-0.0
174729	35.085445	106.031999	86.050025	893.289691	10668.0	0.0
174749	35.08824	105.976899	86.776432	894.451899	10668.0	0.0
174809	35.090932	105.921131	87.132452	896.160727	10668.0	-0.0
174829	35.09353	105.865979	86.993739	898.096013	10668.0	0.0
174849	35.096136	105.812087	86.973438	899.944775	10668.0	0.0
174909	35.098739	105.757356	87.007986	901.695598	10668.0	-0.0
174929	35.101338	105.701131	87.001	903.746311	10668.0	-0.0
174949	35.10396	105.645146	86.99817	906.560018	10668.0	0.0
175009	35.106495	105.589875	87.000573	908.588723	10668.0	-0.0
175029	35.108951	105.535155	87.000072	909.00899	10668.0	-0.0
175049	35.111488	105.480683	86.999868	908.641844	10668.0	0.0
175109	35.113977	105.426422	87.000042	907.360446	10668.0	-0.0
175129	35.116361	105.37215	87.000006	906.034955	10668.0	-0.0
175149	35.118784	105.317274	86.999986	906.755593	10668.0	0.0
175209	35.121281	105.261236	87.000009	908.733994	10668.0	-0.0
175229	35.123747	105.205259	87.000008	911.447962	10668.0	-0.0
175249	35.12601	105.151946	86.999945	915.49573	10668.0	0.0
175309	35.128322	105.096351	87.000079	916.766328	10668.0	-0.0
175329	35.1308	105.036909	87.000147	914.322816	10668.0	-0.0
175349	35.133089	104.981699	86.999303	914.886708	10668.0	0.0
175409	35.13524	104.928959	87.000885	917.60891	10668.0	-0.0
175429	35.137441	104.87426	87.001992	918.943925	10668.0	-0.0
175449	35.139694	104.81867	86.990337	918.748086	10668.0	0.0
175509	35.141969	104.762296	87.012323	919.447799	10668.0	-0.0
175529	35.144237	104.705031	87.027746	923.452316	10668.0	-0.0
175549	35.146473	104.647991	86.86202	930.438893	10668.0	0.0
175609	35.148618	104.592475	87.13762	935.542634	10668.0	-0.0
175629	35.150673	104.537538	87.94578	935.391309	10668.0	-0.0
175649	35.152803	104.4782	87.54654	934.540037	10668.0	0.0
175709	35.154906	104.41955	87.01859	935.290755	10668.0	-0.0
175729	35.156888	104.366178	87.781907	936.850857	10668.0	-0.0
175749	35.158998	104.308753	88.139138	936.339312	10668.0	0.0
175809	35.161103	104.24931	87.976275	934.763783	10668.0	-0.0
175829	35.163021	104.193019	87.984916	934.664683	10668.0	-0.0
175849	35.165001	104.135195	88.00999	936.228113	10668.0	0.0
175909	35.166984	104.077437	87.998297	936.868871	10668.0	-0.0
175929	35.16884	104.022248	87.998917	935.25471	10668.0	-0.0
175949	35.170745	103.964739	88.000717	935.573084	10668.0	0.0
180009	35.172683	103.906613	87.999878	937.271812	10668.0	-0.0
180029	35.174551	103.850653	87.999922	937.925261	10668.0	-0.0
180049	35.176368	103.792612	88.000052	938.120693	10668.0	0.0
180109	35.178156	103.734137	87.999991	937.897976	10668.0	-0.0
180129	35.179899	103.678567	87.999994	937.178941	10668.0	-0.0
180149	35.181536	103.623924	88.000004	936.916637	10668.0	0.0
180209	35.183284	103.567527	87.999999	938.382261	10668.0	-0.0
180229	35.185349	103.508511	88.0	941.81174	10668.0	-0.0
180249	35.187474	103.450346	88.0	944.597836	10668.0	0.0
180309	35.189494	103.393332	88.0	944.830243	10668.0	-0.0
180329	35.191379	103.335914	88.0	943.122314	10668.0	-0.0
180349	35.193162	103.278396	88.0	944.106637	10668.0	0.0
180409	35.194991	103.220335	88.0	946.034087	10668.0	-0.0
180429	35.196952	103.16164	88.0	945.019938	10668.0	-0.0
180449	35.198728	103.105345	88.0	946.441727	10668.0	0.0
180509	35.200369	103.050319	88.0	950.350452	10668.0	-0.0
180529	35.202152	102.992875	88.0	952.636783	10668.0	-0.0
180549	35.204037	102.932815	88.0	953.101537	10668.0	0.0
180609	35.205877	102.873326	88.0	953.018618	10668.0	-0.0
180629	35.207557	102.817227	88.0	953.247317	10668.0	-0.0
180649	35.209156	102.76033	88.000001	951.955791	10668.0	0.0
180709	35.210763	102.702111	88.0	949.836416	10668.0	-0.0
180729	35.212425	102.644272	87.999997	949.427432	10668.0	-0.0
180749	35.214114	102.584133	88.00001	951.615537	10668.0	0.0
180809	35.21576	102.524345	87.999994	954.142761	10668.0	-0.0
180829	35.217304	102.469034	87.999955	954.223847	10668.0	-0.0
180849	35.218783	102.412914	88.000144	953.869724	10668.0	0.0
180909	35.220247	102.354294	87.999921	954.021788	10668.0	-0.0
180929	35.221719	102.295151	87.999372	954.108206	10668.0	-0.0
180949	35.223153	102.236109	88.002003	953.632601	10668.0	0.0
181009	35.224537	102.177708	87.998905	952.950715	10668.0	-0.0
181029	35.225881	102.120349	87.991257	952.843926	10668.0	-0.0
181049	35.227157	102.06352	88.027904	953.410691	10668.0	0.0
181109	35.228432	102.005963	87.984749	954.034886	10668.0	-0.0
181129	35.229776	101.946872	87.87822	954.053418	10668.0	-0.0
181149	35.231043	101.888033	88.452659	953.973074	10668.0	0.0
181209	35.232216	101.830262	88.998844	954.002572	10668.0	-0.0
181229	35.233363	101.772821	88.356562	954.004377	10668.0	-0.0
181249	35.234464	101.713861	87.589323	953.996338	10668.0	0.0
181309	35.236246	101.653689	86.915802	954.001129	10668.0	-0.0
181329	35.239318	101.594603	86.095575	954.007857	10668.0	-0.0
181349	35.242301	101.539065	86.293867	953.975665	10668.0	0.0
181409	35.244858	101.484258	87.045798	954.013237	10668.0	-0.0
181429	35.247524	101.425874	87.070086	954.105619	10668.0	-0.0
181449	35.250183	101.367081	86.964808	953.662972	10668.0	0.0
181509	35.252754	101.308976	87.003289	954.185378	10668.0	-0.0
181529	35.255286	101.250497	87.005042	957.048292	10668.0	-0.0
181549	35.257828	101.19214	86.997442	958.489938	10668.0	0.0
181609	35.260348	101.134351	87.000253	957.927245	10668.0	-0.0
181629	35.262807	101.076503	87.000499	957.678623	10668.0	-0.0
181649	35.265313	101.016005	86.999379	959.052154	10668.0	0.0
181709	35.267728	100.955928	87.000257	961.178564	10668.0	-0.0
181729	35.269904	100.900086	87.001945	961.717906	10668.0	-0.0
181749	35.272248	100.841291	86.993863	958.840219	10668.0	0.0
181809	35.274745	100.779978	87.00335	955.910114	10668.0	-0.0
181829	35.277089	100.721928	87.028872	957.200709	10668.0	-0.0
181849	35.279315	100.666533	86.920594	958.260922	10668.0	0.0
181909	35.28151	100.610626	87.022347	958.00636	10668.0	-0.0
181929	35.283718	100.551653	87.730817	958.693946	10668.0	-0.0
181949	35.28588	100.493021	88.107674	959.079332	10668.0	0.0
182009	35.288007	100.435511	87.994661	959.008484	10668.0	-0.0
182029	35.290151	100.377154	87.982612	959.925114	10668.0	-0.0
182049	35.292233	100.318345	88.007731	962.932208	10668.0	0.0
182109	35.294306	100.25934	87.999617	966.092121	10668.0	-0.0
182129	35.296465	100.200097	87.998752	966.693644	10668.0	-0.0
182149	35.298471	100.141482	88.000555	968.050279	10668.0	0.0
182209	35.300401	100.083056	87.999972	970.049836	10668.0	-0.0
182229	35.302494	100.02365	87.99991	969.664896	10668.0	-0.0
182249	35.304414	99.964076	88.00004	968.145143	10668.0	0.0
182309	35.306193	99.904733	87.999998	966.96169	10668.0	-0.0
182329	35.308134	99.845484	87.999993	966.759899	10668.0	-0.0
182349	35.310002	99.786865	88.000003	967.54473	10668.0	0.001
182409	35.311792	99.728575	88.0	969.090565	10668.0	-0.0
182429	35.313687	99.669818	87.999998	971.037847	10668.001	-0.004
182449	35.315447	99.611061	88.000004	972.861079	10667.997	0.01
182509	35.3171	99.5525	88.0	974.0	10668.0	-0.0
182529	35.318906	99.493738	87.999981	974.13157	10668.015	-0.053
182549	35.320641	99.434162	88.000049	973.876451	10667.962	0.133
182609	35.3223	99.3726	88.0	974.0	10668.0	0.0
182629	35.324077	99.309282	87.99973	974.770444	10668.211	3.713
182649	35.325618	99.251561	88.000684	974.927748	10668.021	35.516
182709	35.327	99.1971	88.0	975.0	10683.0	69.0
182729	35.328667	99.136234	87.996233	978.025013	10725.278	61.551
182749	35.330256	99.07547	88.00952	987.741645	10733.705	122.31
182809	35.3317	99.0157	88.0	993.0	10759.0	259.0
182829	35.333303	98.951631	87.947536	977.913069	10914.464	347.071
182849	35.334838	98.891847	88.132599	966.751584	11049.142	299.232
182909	35.3361	98.8365	88.0	970.0	11102.0	186.0
182929	35.337751	98.776948	86.00205	975.890146	11152.594	162.529
182949	35.343123	98.717116	80.497178	979.815527	11212.496	140.892
183009	35.354	98.659	74.0	983.0	11262.0	83.0
183029	35.369632	98.600719	71.227597	988.787382	11279.258	38.735
183049	35.386955	98.543224	70.993405	995.675853	11278.129	13.846
183109	35.403162	98.487442	71.023498	1001.147913	11277.544	2.399
183129	35.419232	98.430819	70.991716	1003.754284	11278.161	-0.62
183149	35.435958	98.372429	70.999524	1003.109348	11278.009	-0.036
183209	35.452718	98.314172	71.001687	1000.246538	11277.967	0.126
183229	35.469134	98.257066	70.999405	998.686397	11278.012	-0.045
183249	35.485559	98.199739	70.999966	998.998646	11278.001	-0.003
183309	35.502677	98.13982	71.000122	998.663733	11277.998	0.009
183329	35.519369	98.08119	70.999956	1000.01128	11278.001	-0.003
183349	35.535303	98.025105	70.999997	1002.897331	11278.0	-0.0
183409	35.551438	97.968368	71.000017	1003.647888	11278.0	0.001
183429	35.567768	97.910777	71.000001	1003.050851	11278.0	0.0
183449	35.584041	97.852991	70.999998	1002.900232	11278.0	-0.0
183509	35.600326	97.795158	71.000001	1003.045567	11278.0	0.0
183529	35.616748	97.737046	71.0	1003.014674	11278.0	0.0
183549	35.633356	97.678186	71.000001	1002.874719	11278.0	-0.0
183609	35.650115	97.618361	70.999999	1003.257292	11278.0	0.0
183629	35.666677	97.558894	70.999999	1003.959605	11278.0	0.0
183649	35.682565	97.502003	71.000011	1003.868075	11278.0	-0.0
183709	35.698821	97.44387	70.999982	1004.382122	11278.0	0.0
183729	35.715572	97.383747	70.99998	1005.8574	11278.0	0.0
183749	35.731136	97.32752	71.000147	1006.116294	11278.0	-0.0
183809	35.746449	97.272094	70.999743	1006.073804	11278.0	0.0
183829	35.762471	97.214114	70.999727	1006.123015	11278.0	0.0
183849	35.778661	97.155211	71.002045	1004.645894	11278.0	-0.0
183909	35.794888	97.096098	70.996427	1004.201063	11278.0	0.0
183929	35.811161	97.036889	70.996203	1005.808813	11278.0	0.0
183949	35.827375	96.977719	71.028481	1006.263411	11278.0	-0.0
184009	35.843356	96.919492	70.95024	1005.880925	11278.0	0.001
184029	35.85913	96.862072	70.947119	1005.928367	11278.0	0.001
184049	35.874992	96.803747	71.578651	1006.636341	11278.001	-0.005
184109	35.890819	96.74537	72.094039	1007.017739	11277.998	0.009
184129	35.906537	96.687445	72.019465	1006.942323	11277.998	0.01
184149	35.92236	96.628677	71.975591	1007.912245	11278.018	-0.072
184209	35.938273	96.56952	72.006752	1009.607498	11277.969	0.126
184229	35.954208	96.510478	72.001398	1010.910158	11277.967	0.134
184249	35.970155	96.451133	71.998247	1011.002758	11278.25	-1.002
184309	35.986057	96.39173	72.000485	1011.20157	11277.564	1.853
184329	36.001989	96.332127	72.0001	1011.960884	11277.537	7.693
184349	36.018136	96.271621	71.999873	1011.784953	11282.751	5.157
184409	36.033951	96.21219	72.000036	1012.560963	11284.349	-2.903
184429	36.049305	96.154287	72.00001	1014.725067	11278.873	-8.03
184449	36.064992	96.095026	71.999988	1015.130311	11277.176	-4.147
184509	36.080831	96.035077	72.000006	1015.178195	11278.199	0.804
184529	36.096542	95.975482	72.000007	1016.643264	11278.061	0.249
184549	36.112431	95.915195	71.999961	1018.284333	11277.941	-0.239
184609	36.128364	95.854708	72.000058	1019.132682	11278.014	0.058
184629	36.144024	95.795068	72.000091	1019.054701	11278.004	0.018
184649	36.159229	95.736703	71.999465	1018.863982	11277.996	-0.017
184709	36.174374	95.678411	72.000808	1019.167358	11278.001	0.004
184729	36.189861	95.618947	72.001271	1019.890554	11278.0	0.001
184749	36.205647	95.558316	71.992543	1020.151266	11278.0	-0.001
184809	36.221394	95.497527	72.011259	1019.890323	11278.0	0.0
184829	36.236842	95.437502	72.017709	1019.856015	11278.0	0.0
184849	36.252086	95.378194	71.893066	1021.109013	11278.0	-0.0
184909	36.267489	95.318432	72.133952	1022.069537	11278.0	0.0
184929	36.283186	95.257498	72.867747	1021.893265	11278.0	0.0
184949	36.298709	95.196494	73.100071	1023.030856	11278.0	-0.0
185009	36.313847	95.136918	72.97937	1024.061022	11278.0	0.0
185029	36.328808	95.07848	72.990837	1023.839038	11278.0	0.0
185049	36.34419	95.01778	73.007185	1025.453928	11278.0	-0.0
185109	36.359783	94.955917	72.998519	1027.229217	11278.0	0.0
185129	36.37512	94.895325	72.999342	1027.075488	11278.0	0.0
185149	36.39014	94.835969	73.000516	1027.199131	11278.0	-0.0
185209	36.405195	94.776195	72.999894	1028.379502	11278.0	0.0
185229	36.420547	94.714968	72.999953	1029.819653	11278.0	0.0
185249	36.435932	94.653659	73.000037	1029.958911	11278.0	-0.0
185309	36.451205	94.592668	72.999992	1030.24122	11278.0	0.0
185329	36.466395	94.531633	72.999996	1031.742244	11278.0	0.001
185349	36.481642	94.470142	73.000003	1032.100617	11278.001	-0.005
185409	36.496742	94.409205	72.999999	1032.104064	11277.998	0.006
185429	36.511698	94.348864	72.999998	1032.881952	11277.996	0.014
185449	36.527119	94.28646	73.00001	1032.946232	11278.018	-0.07
185509	36.542379	94.224485	72.99999	1033.157812	11277.983	0.068
185529	36.55697	94.165	72.999968	1034.567411	11277.945	0.219
185549	36.572021	94.103446	73.000133	1035.694499	11278.229	-0.907
185609	36.587177	94.041427	72.999862	1036.010353	11277.763	0.961
185629	36.601841	93.981513	72.999554	1035.957266	11277.232	7.141
185649	36.616973	93.919662	73.00185	1036.242148	11281.894	6.111
185709	36.632189	93.857035	72.998078	1035.73528	11284.75	-1.692
185729	36.646821	93.796216	72.993785	1034.634317	11279.46	-7.764
185749	36.661534	93.73512	73.026318	1037.607604	11277.023	-5.036
185809	36.676296	93.673873	72.980319	1039.884271	11278.127	0.476
185829	36.690901	93.61296	72.905758	1036.189063	11278.122	0.437
185849	36.705971	93.549836	73.421466	1034.509202	11277.918	-0.209
185909	36.721137	93.486492	74.052865	1034.942366	11278.02	-0.005
185929	36.735689	93.426038	74.049746	1033.480931	11278.064	-0.159
185949	36.750003	93.365883	73.971527	1032.740259	11277.796	0.672
190009	36.764499	93.30451	74.003796	1033.033849	11278.159	-0.556
190029	36.77931	93.242099	74.003572	1033.028228	11278.767	-6.262
190049	36.794063	93.179681	73.997956	1032.997537	11274.577	-9.39
190109	36.808556	93.118017	74.000273	1032.989523	11269.618	-7.449
190129	36.822823	93.057133	74.000256	1032.93967	11269.802	-2.215
190149	36.837077	92.995884	73.999853	1033.388001	11269.505	4.094
190209	36.85161	92.933301	74.00002	1035.472471	11270.554	8.37
190229	36.866366	92.869954	74.000019	1039.099415	11276.36	8.103
190249	36.880438	92.809274	73.999988	1040.508094	11278.964	3.986
190309	36.894312	92.749219	74.000001	1039.980177	11277.955	-0.118
190329	36.908979	92.685849	74.000003	1040.27775	11277.823	-0.462
190349	36.923617	92.6224	73.999998	1041.829876	11278.061	0.159
190409	36.937975	92.559862	73.999999	1043.010774	11278.004	0.009
190429	36.952579	92.496198	74.000011	1041.666045	11277.986	-0.036
190449	36.966534	92.435234	73.999978	1041.20532	11278.004	0.011
190509	36.979924	92.376518	73.99998	1042.812225	11278.001	0.002
190529	36.994281	92.313383	74.000147	1043.2428	11277.999	-0.003
190549	37.0088	92.249295	73.999743	1042.915455	11278.0	0.001
190609	37.022865	92.186967	73.999727	1042.964824	11278.0	0.0
190629	37.03736	92.1227	74.002045	1043.363216	11278.0	-0.0
190649	37.051986	92.057837	73.996427	1044.520229	11278.0	0.0
190709	37.066281	91.994258	73.996203	1045.907307	11278.0	0.0
190729	37.080286	91.931593	74.028481	1045.888298	11278.0	-0.0
190749	37.093928	91.870612	73.95024	1046.454348	11278.0	0.0
190809	37.107366	91.810629	73.947119	1047.951468	11278.0	0.0
190829	37.121121	91.748515	74.578651	1047.020548	11278.0	-0.0
190849	37.135314	91.684011	75.094039	1045.785902	11278.0	0.0
190909	37.149814	91.618059	75.019465	1045.979243	11278.0	0.0
190929	37.164253	91.552187	74.975591	1045.843229	11278.0	-0.0
190949	37.177561	91.491461	75.006752	1046.391542	11278.0	0.0
191009	37.190252	91.433638	75.001398	1047.86194	11278.0	0.0
191029	37.204868	91.366886	74.998247	1048.090505	11278.0	-0.0
191049	37.219522	91.299482	75.000485	1048.129125	11278.0	0.0
191109	37.232808	91.238066	75.000101	1048.896912	11278.0	0.0
191129	37.246403	91.175768	74.999871	1049.245177	11278.0	-0.0
191149	37.260199	91.112113	75.00004	1048.71261	11278.0	-0.0
191209	37.273768	91.048607	75.000013	1048.003823	11278.0	-0.0
191229	37.287322	90.985408	74.99995	1048.576039	11278.0	0.0
191249	37.300657	90.923174	75.000061	1048.947508	11278.0	-0.0
191309	37.313821	90.861301	75.000092	1048.787591	11278.0	-0.0
191329	37.327454	90.79726	74.999464	1051.008326	11278.0	0.0
191349	37.341179	90.732848	75.000809	1053.540968	11278.0	-0.0
191409	37.354677	90.669283	75.001272	1054.042303	11278.0	-0.0
191429	37.368425	90.604039	74.992541	1053.784371	11278.0	0.0
191449	37.382011	90.539455	75.011262	1054.330042	11278.0	-0.0
191509	37.395098	90.477306	75.017714	1055.793096	11278.0	-0.0
191529	37.408185	90.414692	74.896115	1056.209022	11278.0	0.0
191549	37.421542	90.350641	75.164862	1055.927623	11278.0	-0.0
191609	37.435164	90.285367	75.897684	1055.944592	11278.0	-0.0
191629	37.448794	90.219491	76.096184	1056.406534	11278.0	0.0
191649	37.461981	90.155268	75.9768	1057.320681	11278.0	-0.0
191709	37.474663	90.093309	75.992824	1058.675936	11278.0	-0.0
191729	37.487482	90.030618	76.006906	1060.322447	11278.0	0.001
191749	37.500524	89.966976	75.998334	1061.017915	11278.001	-0.002
191809	37.513597	89.903171	75.999485	1060.860443	11278.001	-0.003
191829	37.526604	89.839068	76.000496	1062.474839	11277.995	0.018
191849	37.539992	89.772916	75.99988	1064.434122	11278.007	-0.027
191909	37.553657	89.705628	75.999963	1064.980934	11278.011	-0.043
191929	37.566429	89.642502	76.000036	1065.016257	11277.934	0.251
191949	37.579074	89.57958	75.999991	1064.995791	11278.099	-0.379
192009	37.592342	89.513223	75.999997	1064.998265	11278.156	-0.596
192029	37.605476	89.447318	76.000003	1065.004414	11277.056	4.699
192049	37.618276	89.382901	75.999999	1064.995905	11279.173	7.895
192109	37.630982	89.318882	75.999998	1064.991291	11284.601	2.159
192129	37.643995	89.253509	76.00001	1065.041735	11282.273	-6.065
192149	37.657024	89.187752	75.999987	1064.946879	11277.221	-7.025
192209	37.669738	89.122997	75.999971	1064.880435	11277.485	-0.515
192229	37.682431	89.058518	76.000139	1065.829932	11279.258	-3.59
192249	37.695366	88.992568	75.999823	1067.380776	11276.614	-8.091
192309	37.708411	88.925357	75.999601	1068.714433	11270.422	-2.189
192329	37.720918	88.860895	76.001933	1069.702315	11273.21	5.801
192349	37.733361	88.796804	75.997527	1069.976403	11278.785	7.449
192409	37.746189	88.730484	75.993606	1069.840004	11278.385	1.634
192429	37.758687	88.665446	76.025898	1070.938184	11277.886	-1.572
192449	37.770818	88.602064	75.97314	1072.102696	11277.875	0.836
192509	37.783027	88.538226	75.902977	1071.975386	11277.407	6.199
192529	37.795704	88.471649	76.423214	1072.468759	11280.767	10.16
192549	37.808631	88.403657	77.052475	1072.976988	11285.509	6.76
192609	37.821331	88.336944	77.048642	1072.208362	11286.013	-4.735
192629	37.833715	88.271388	76.974942	1072.030467	11281.833	-10.315
192649	37.845932	88.206213	77.001145	1071.881532	11277.67	-7.24
192709	37.858099	88.14113	76.990821	1070.464106	11277.743	-1.615
192729	37.870022	88.077093	77.044013	1069.597145	11277.946	1.579
192749	37.882312	88.011037	76.963549	1070.176454	11278.166	-0.781
192809	37.895309	87.941095	76.822846	1072.074451	11278.897	-6.958
192829	37.907239	87.874986	77.874098	1074.917563	11274.035	-6.542
192849	37.916959	87.81142	80.282093	1077.125126	11270.092	0.843
192909	37.923931	87.744778	83.504311	1077.256995	11275.699	7.492
192929	37.927574	87.677538	87.360791	1076.653013	11279.082	5.531
192949	37.928766	87.608835	90.147986	1077.150485	11277.897	-0.361
193009	37.929183	87.537268	90.253399	1079.304526	11277.824	-0.618
193029	37.929448	87.470395	89.888	1080.125889	11278.078	0.273
193049	37.929712	87.406169	90.005631	1080.034748	11277.996	-0.014
193109	37.929913	87.336602	90.020238	1081.803194	11277.986	-0.049
193129	37.930085	87.267091	89.992081	1084.039517	11278.006	0.019
193149	37.9302	87.1997	90.0	1085.0	11278.0	-0.0
193209	37.930199	87.131499	90.001399	1084.55319	11277.999	-0.004
193229	37.930229	87.064497	89.99953	1086.494049	11278.0	0.001
193249	37.9303	86.9975	90.0	1090.0	11278.0	-0.0
193309	37.930263	86.926958	89.999556	1090.387191	11278.0	-0.0
193329	37.930114	86.857646	90.001369	1089.801644	11278.0	0.0
193349	37.929918	86.790084	90.000744	1089.960917	11278.0	0.0
193409	37.92974	86.71987	89.992238	1090.476186	11278.0	-0.0
193429	37.929475	86.650505	90.015494	1091.472781	11278.0	0.0
193449	37.92914	86.583302	90.014465	1092.814294	11278.0	0.0
193509	37.928935	86.514137	89.893365	1093.793769	11278.0	-0.0
193529	37.928693	86.444916	90.198461	1093.944488	11278.0	0.0
193549	37.928272	86.376974	90.926317	1093.896959	11278.0	0.0
193609	37.927785	86.307698	91.091506	1095.203456	11278.0	-0.0
193629	37.92737	86.238201	90.974029	1096.087378	11278.0	-0.0
193649	37.926995	86.168894	90.99281	1095.905473	11278.0	-0.0
193709	37.926411	86.097505	91.006932	1097.109378	11278.0	0.0
193729	37.925675	86.026886	90.998288	1098.064066	11278.0	-0.0
193749	37.92496	85.958857	90.999338	1097.836361	11278.0	-0.0
193809	37.924363	85.889843	91.000517	1099.443975	11278.0	0.0
193829	37.923719	85.819977	90.999894	1101.246756	11278.0	-0.0
193849	37.922906	85.750787	90.999953	1101.116665	11278.0	-0.0
193909	37.92211	85.682146	91.000034	1100.87271	11278.0	0.0
193929	37.921279	85.612818	90.999996	1101.076542	11278.0	-0.0
193949	37.920336	85.542707	91.000004	1101.709102	11278.0	-0.0
194009	37.919414	85.474247	90.999965	1103.14897	11278.0	0.001
194029	37.918443	85.404916	91.000047	1104.065572	11278.0	-0.002
194049	37.917366	85.333004	91.000107	1103.903362	11278.001	-0.004
194109	37.916342	85.263059	90.999482	1104.962869	11277.995	0.018
194129	37.915347	85.194843	91.00066	1106.151647	11278.006	-0.023
194149	37.914281	85.126127	91.001487	1106.044446	11278.013	-0.052
194209	37.913122	85.056508	90.992788	1106.081196	11277.936	0.253
194229	37.911885	84.98686	91.009223	1105.826393	11278.082	-0.324
194249	37.910595	84.917976	91.023853	1104.498904	11278.212	-0.838
194309	37.909269	84.84932	90.903392	1102.877518	11277.143	4.208
194329	37.907934	84.779286	91.102388	1101.897993	11278.904	7.979
194349	37.906603	84.707786	91.835184	1101.922364	11284.452	2.532
194409	37.905245	84.638685	92.103854	1102.10684	11282.503	-5.507
194429	37.903801	84.569583	91.982291	1101.924489	11277.413	-7.531
194449	37.902263	84.498082	91.988741	1101.773966	11277.627	-1.541
194509	37.900736	84.429859	92.007456	1103.124914	11278.247	0.978
194529	37.89918	84.361932	91.998729	1103.918332	11277.958	-0.167
194549	37.897515	84.290135	91.999192	1102.385166	11277.973	-0.106
194609	37.895787	84.22003	92.000535	1101.854098	11278.018	0.069
194629	37.894056	84.1523	91.999909	1101.920597	11277.997	-0.011
194649	37.892331	84.083909	91.999943	1101.122362	11277.997	-0.004
194709	37.890529	84.012424	92.000036	1101.171718	11278.005	-0.008
194729	37.888759	83.94226	91.999996	1100.707806	11277.996	0.013
194749	37.887055	83.876206	92.000004	1098.487908	11277.986	0.044
194809	37.885075	83.805759	91.999967	1097.762397	11278.056	-0.186
194829	37.883003	83.734382	92.000037	1097.968537	11277.941	0.193
194849	37.881093	83.667409	92.000119	1097.756346	11277.811	0.626
194909	37.879023	83.59751	91.999494	1099.43211	11278.802	-3.387
194929	37.876892	83.526909	92.000379	1101.058723	11277.392	-8.52
194949	37.874908	83.460271	92.001813	1100.685562	11271.524	-8.934
195009	37.872812	83.391826	91.993457	1102.983909	11269.361	-5.136
195029	37.870557	83.321113	92.005216	1106.308362	11269.947	0.98
195049	37.86828	83.251046	92.025198	1106.864018	11269.307	6.769
195109	37.866083	83.181136	91.908903	1107.832027	11273.481	8.69
195129	37.863854	83.111232	92.073646	1109.086339	11278.295	7.874
195149	37.861455	83.041619	92.801588	1108.98388	11277.747	7.722
195209	37.859017	82.972042	93.106292	1109.458536	11280.721	8.762
195229	37.856514	82.900812	92.985831	1109.983389	11285.398	7.415
195249	37.853898	82.827786	92.986667	1109.682937	11285.365	1.632
195309	37.851392	82.758474	93.007631	1111.646072	11284.83	-1.028
195329	37.848919	82.690733	92.998983	1114.221108	11284.992	0.257
195349	37.846267	82.619582	92.999043	1114.228342	11284.851	0.805
195409	37.843473	82.547557	93.000548	1113.792661	11285.622	-3.236
195429	37.840692	82.477088	92.999927	1114.089118	11284.487	-8.571
195449	37.83803	82.408839	92.999932	1114.816035	11279.391	-9.143
195509	37.835345	82.341235	93.000037	1115.098447	11277.255	-4.406
195529	37.832582	82.272574	92.999996	1114.986543	11278.099	0.393
195549	37.829734	82.202134	93.000003	1114.985777	11278.093	0.37
195609	37.826722	82.131203	92.999976	1115.014034	11277.947	-0.213
195629	37.823643	82.060104	93.000021	1114.993479	11278.007	0.029
195649	37.820641	81.989149	93.000104	1114.972142	11278.006	0.03
195709	37.817662	81.920532	92.999622	1115.098031	11278.0	-0.027
195729	37.814643	81.852573	93.000301	1114.92116	11277.998	0.012
195749	37.811529	81.781759	93.001456	1114.173582	11277.987	0.049
195809	37.808251	81.707618	92.994736	1114.064654	11278.048	-0.172
195829	37.805039	81.63613	93.004198	1115.26876	11277.961	0.136
195849	37.802069	81.571892	93.02028	1116.929184	11277.814	0.659
195909	37.798886	81.506173	92.926683	1116.063205	11278.674	-3.032
195929	37.795492	81.435977	93.059467	1115.089483	11277.455	-8.693
195949	37.792111	81.36411	93.73309	1117.272627	11271.799	-9.702
200009	37.788599	81.294165	94.353934	1118.589137	11268.385	-1.757
200029	37.785227	81.224452	93.784346	1120.573995	11270.731	9.397
200049	37.78306	81.151584	91.230088	1126.129447	11276.657	12.467
200109	37.784168	81.077449	87.623311	1130.425601	11278.249	1.764
200129	37.788146	81.006415	85.463217	1133.114012	11277.158	1.972
200149	37.793075	80.935972	84.93242	1135.882463	11279.158	9.501
200209	37.797835	80.86333	84.967813	1138.560545	11284.163	8.96
200229	37.802469	80.791522	85.055415	1139.347455	11285.476	4.351
200249	37.807036	80.721045	84.950021	1137.142967	11285.101	-1.516
200309	37.811565	80.650715	84.894684	1133.481694	11285.474	-6.986
200329	37.816115	80.579414	85.628648	1133.378767	11281.579	-9.544
200349	37.820612	80.507887	85.910098	1135.461799	11277.408	-6.653
200409	37.825003	80.437175	85.090097	1135.591241	11277.664	-0.651
200429	37.829406	80.366981	85.37065	1131.580286	11278.635	-0.962
200449	37.833787	80.296507	86.106199	1125.517206	11277.394	1.982
200509	37.838052	80.225883	86.056494	1120.835217	11276.516	-2.25
200529	37.842169	80.156926	85.962761	1119.28464	11282.309	-74.384
200549	37.846362	80.086677	86.006318	1120.331091	11248.481	-191.348
200609	37.850729	80.013398	86.003917	1121.866519	11144.398	-282.991
200629	37.854825	79.943594	85.997839	1121.372226	11038.396	-301.389
200649	37.858816	79.873921	85.999921	1119.699202	10946.751	-289.65
200709	37.862976	79.800306	85.998561	1116.421628	10850.971	-290.135
200729	37.866947	79.730593	86.006978	1104.640596	10746.282	-235.179
200749	37.870767	79.663707	85.992582	1086.127366	10674.405	-129.539
200809	37.874586	79.59561	85.975931	1072.276277	10665.798	-32.622
200829	37.878229	79.529031	86.099858	1080.625456	10670.346	-1.593
200849	37.881988	79.461245	85.896225	1102.178143	10666.745	-8.882
200909	37.885936	79.389449	85.664474	1118.59825	10660.522	-3.32
200929	37.888924	79.318391	87.899181	1127.383041	10662.763	6.958
200949	37.889114	79.246167	91.761972	1131.773157	10668.851	6.323
201009	37.885404	79.171248	95.126706	1133.707228	10669.053	-2.213
201029	37.878878	79.101836	97.886337	1128.451104	10665.826	15.624
201049	37.869433	79.034635	100.887931	1120.244716	10677.732	8.147
201109	37.856493	78.966001	104.477454	1116.017072	10677.689	-15.82
201129	37.840291	78.897949	107.664884	1114.351868	10656.055	-9.583
201149	37.821931	78.831671	109.383565	1108.824564	10655.05	7.951
201209	37.803	78.7667	110.0	1098.0	10668.0	18.0
201229	37.784745	78.702689	110.041696	1083.127551	10681.298	8.511
201249	37.766866	78.640421	109.983568	1073.362272	10679.495	-7.986
201309	37.7488	78.5787	110.0	1073.0	10668.0	-15.0
201329	37.730169	78.514725	110.002569	1078.159683	10666.706	-5.203
201349	37.710885	78.448436	109.999895	1080.010285	10668.545	1.722
201409	37.6917	78.3827	110.0	1078.0	10668.0	-0.0
201429	37.67362	78.320837	109.994263	1078.293201	10667.692	0.426
201449	37.655636	78.259246	110.014958	1076.485414	10668.583	-2.092
201509	37.6371	78.1958	110.0	1073.0	10668.0	-8.0
201529	37.618313	78.131818	109.917113	1073.130322	10662.612	-9.839
201549	37.599821	78.069371	110.209522	1071.859589	10658.725	-4.042
201609	37.5817	78.0079	110.0	1073.0	10660.0	8.0
201629	37.563884	77.943997	107.806052	1085.819372	10665.452	19.96
201649	37.547836	77.875116	105.250608	1097.172762	10675.046	21.695
201709	37.535086	77.807948	102.49258	1105.332375	10681.999	8.487
201729	37.52542	77.741894	98.966117	1117.268492	10682.206	-10.157
201749	37.518188	77.671936	95.897598	1128.307623	10675.519	-23.403
201809	37.512745	77.596768	95.010055	1129.040777	10664.467	-25.272
201829	37.508045	77.526232	95.002786	1127.3737	10656.205	-18.428
201849	37.50336	77.459796	95.001172	1126.956954	10652.906	-7.421
201909	37.498442	77.389295	95.026288	1125.538727	10652.301	3.656
201929	37.493472	77.318643	94.922184	1124.799234	10654.815	12.312
201949	37.488443	77.249096	95.022142	1125.005886	10660.329	14.91
202009	37.483197	77.178486	95.727971	1124.9494	10666.562	9.998
202029	37.477872	77.108836	96.115344	1125.227829	10667.882	7.499
202049	37.472532	77.039369	95.992514	1124.931937	10668.189	7.941
202109	37.467137	76.967614	95.945305	1122.777875	10674.488	3.628
202129	37.461721	76.89637	96.113524	1121.767709	10674.388	-5.105
202149	37.456332	76.826289	95.96972	1121.990049	10667.73	-7.71
202209	37.451064	76.756308	95.136296	1120.914855	10666.203	4.137
202229	37.446134	76.68903	95.315739	1118.694427	10671.898	7.182
202249	37.441022	76.620259	96.002938	1116.961891	10675.905	-0.266
202309	37.435135	76.544544	95.351845	1117.015091	10669.555	-1.05
202329	37.429856	76.474269	94.854675	1116.435712	10670.36	1.007
202349	37.425265	76.409473	95.007453	1113.824169	10676.021	-0.199
202409	37.420304	76.339805	95.028533	1110.123417	10670.614	-5.951
202429	37.41521	76.2682	94.974787	1108.600983	10667.49	-8.706
202449	37.410257	76.198379	95.004707	1109.008628	10667.872	-7.995
202509	37.405452	76.130884	95.074617	1108.836748	10662.209	-8.499
202529	37.40065	76.062122	94.792348	1109.635713	10659.434	-5.868
202549	37.395752	75.992244	95.058438	1108.813101	10659.94	0.321
202609	37.390964	75.923766	96.016103	1105.726059	10658.287	6.711
202629	37.387535	75.853644	91.543532	1120.055031	10665.477	13.491
202649	37.390979	75.782157	82.466032	1146.065856	10668.492	3.38
202709	37.404891	75.710692	72.440751	1158.279327	10667.921	-1.876
202729	37.427	75.646224	62.896291	1157.51379	10667.762	1.951
202749	37.4582	75.5862	53.0	1144.0	10668.0	-14.0
202809	37.495412	75.535564	43.174401	1119.432578	10660.365	3.665
202829	37.54105	75.490998	34.027202	1085.067737	10668.631	12.079
202849	37.588124	75.459342	24.110267	1041.710102	10668.595	11.097
202909	37.633567	75.438039	18.439263	1011.975052	10676.489	-2.502
202929	37.679871	75.418174	18.643478	1013.292745	10670.177	-8.408
202949	37.729074	75.396994	19.236171	1014.889307	10666.484	-4.029
203009	37.779047	75.375341	18.95967	1011.617606	10668.379	0.014
203029	37.827245	75.354574	18.974174	1011.858391	10668.615	-5.465
203049	37.875258	75.333919	19.018007	1011.643217	10665.19	-13.342
203109	37.923124	75.31334	18.997639	1012.389839	10658.977	-14.363
203129	37.97041	75.293025	18.997473	1016.974585	10653.474	-4.715
203149	38.018539	75.272245	19.00126	1021.415317	10654.979	6.167
203209	38.06675	75.25134	18.999882	1024.247823	10660.423	16.082
203229	38.113751	75.230959	18.99982	1026.388957	10664.523	18.272
203249	38.162112	75.209991	19.000091	1027.591954	10675.273	-26.009
203309	38.211496	75.188577	18.999991	1028.027956	10664.276	-117.288
203329	38.260035	75.167511	18.999986	1028.120731	10596.692	-215.643
203349	38.309424	75.145999	19.000009	1027.616046	10506.226	-266.52
203409	38.358977	75.124372	18.999998	1026.957782	10414.924	-274.302
203429	38.40686	75.1035	18.999988	1026.897721	10324.087	-279.221
203449	38.454706	75.082633	19.000034	1026.984686	10229.86	-286.497
203509	38.503029	75.06148	18.999981	1023.276398	10132.176	-289.884
203529	38.550794	75.040476	18.999852	1012.301287	10034.826	-284.5
203549	38.596689	75.020341	19.000472	999.537554	9941.928	-280.037
203609	38.642991	75.000107	18.999742	992.8389	9850.728	-282.605
203629	38.692234	74.978561	18.99794	994.838513	9755.303	-286.209
203649	38.739735	74.957607	19.006574	992.237077	9656.996	-267.493
203709	38.78504	74.937607	18.996407	986.762419	9570.56	-261.263
203729	38.831326	74.917371	18.97131	988.514345	9496.7	-333.559
203749	38.879559	74.896101	19.091563	991.469521	9370.247	-497.159
203809	38.927199	74.874966	18.949958	990.709037	9166.622	-678.114
203829	38.971912	74.855174	18.600401	987.221577	8906.066	-779.864
203849	39.018522	74.833839	20.652166	989.411416	8621.505	-811.866
203909	39.065147	74.809329	25.439537	998.024259	8358.95	-761.335
203929	39.106635	74.780158	31.730323	1008.082487	8148.007	-641.473
203949	39.148792	74.741769	38.860005	1015.617809	7926.551	-637.924
204009	39.188524	74.700144	40.857455	1004.512648	7711.127	-632.036
204029	39.226051	74.658873	39.82323	980.981223	7509.333	-605.237
204049	39.263253	74.618732	39.921489	958.879024	7311.845	-605.631
204109	39.299341	74.579814	40.061559	941.09046	7109.108	-629.59
204129	39.334928	74.541204	39.987313	926.519368	6893.635	-651.458
204149	39.370658	74.502339	39.994373	912.07945	6668.987	-646.386
204209	39.405589	74.464217	40.00437	894.253794	6456.253	-610.595
204229	39.439321	74.427449	39.999153	875.530669	6262.068	-570.889
204249	39.472138	74.391792	39.999739	858.992538	6080.212	-551.565
204309	39.504779	74.356129	39.999619	842.837661	5897.812	-542.997
204329	39.536782	74.321076	40.000825	825.497965	5716.135	-527.44
204349	39.567554	74.287452	40.001975	807.311447	5543.168	-500.565
204409	39.597572	74.254584	39.990303	791.723457	5383.119	-485.112
204429	39.627858	74.221426	40.012392	784.18158	5224.47	-478.08
204449	39.658343	74.188079	40.027909	784.293644	5061.252	-467.946
204509	39.686942	74.156552	39.864616	780.16574	4910.482	-456.195
204529	39.715918	74.124493	40.17729	771.937668	4763.321	-449.057
204549	39.746736	74.090577	40.96745	765.156044	4609.649	-449.468
204609	39.775365	74.059217	40.489321	761.596896	4462.626	-451.867
204629	39.803239	74.027813	40.022906	755.901108	4311.66	-459.893
204649	39.832908	73.995739	37.672113	740.974939	4153.46	-455.443
204709	39.863512	73.970183	29.848106	720.812018	4011.055	-415.294
204729	39.894871	73.948041	28.580756	712.257323	3871.823	-411.66
204749	39.925414	73.92687	29.148447	706.68933	3735.311	-412.807
204809	39.955086	73.905522	29.006745	701.885439	3596.862	-411.324
204829	39.985581	73.88368	29.263915	699.525794	3455.332	-398.994
204849	40.01864	73.861168	28.974147	684.98803	3343.457	-256.086
204909	40.045534	73.834102	43.543759	677.100008	3288.757	-192.007
204929	40.065834	73.801891	54.809009	667.446115	3219.672	-217.266
204949	40.085803	73.767764	51.758304	641.094951	3132.479	-166.875
205009	40.105578	73.734016	52.340624	611.341953	3098.886	-97.531
205029	40.123729	73.703043	53.266295	580.431051	3083.258	-182.024
205049	40.140468	73.674404	52.922694	556.162418	3004.116	-341.186
205109	40.156795	73.646554	52.967923	541.23434	2843.442	-392.415
205129	40.172504	73.619595	53.384112	521.178621	2711.694	-344.046
205149	40.186972	73.592278	56.215073	492.699764	2631.815	-295.78
205209	40.2006	73.5666	54.0	455.0	2530.0	-436.0
205229	40.215613	73.547953	37.168571	419.591179	2298.632	-755.043
205249	40.2329	73.531452	34.780238	424.884258	2036.605	-633.418
205309	40.250894	73.515104	35.162487	421.436623	1865.149	-505.883
205329	40.267786	73.499485	35.183867	400.689061	1718.703	-471.236
205349	40.282994	73.485016	35.98414	379.107981	1547.145	-445.892
205409	40.297712	73.470948	35.364384	372.4687	1414.555	-408.798
205429	40.31327	73.45654	35.136974	373.353962	1289.759	-390.624
205449	40.329234	73.442007	35.975065	372.148336	1149.811	-382.473
205509	40.343805	73.428235	36.240091	368.359528	1024.759	-322.766
205529	40.358129	73.414374	38.247966	367.094403	929.438	-213.004
205549	40.372868	73.399929	37.366907	368.936993	877.168	-95.848
205609	40.387524	73.385282	29.66204	369.330287	873.785	-26.451
205629	40.403292	73.370321	51.016009	371.122752	872.426	-2.587
205649	40.417977	73.355927	-11.186323	364.082962	872.924	0.764
205709	40.434729	73.352447	252.451709	330.474304	870.719	-1.866
205729	40.448757	73.359291	340.45383	311.251673	875.58	13.824
205749	40.462292	73.369138	322.666862	301.986285	875.826	-1.137
205809	40.471241	73.383181	304.460377	275.315158	876.092	0.462
205829	40.478681	73.397626	302.601877	267.754477	875.908	0.099
205849	40.486276	73.414307	299.470997	275.049078	876.277	-1.033
205909	40.493535	73.429899	299.695352	272.928007	876.675	-7.249
205929	40.500494	73.445066	300.716933	270.881584	871.801	-5.917
205949	40.50712	73.459646	300.983266	272.752053	869.393	2.163
210009	40.513608	73.47373	300.886238	275.158265	874.843	7.971
210029	40.52065	73.489069	301.752852	272.46627	876.824	4.236
210049	40.528043	73.505392	301.737098	273.309878	875.902	-0.364
210109	40.535087	73.520691	300.829764	270.964358	876.056	0.067
210129	40.541711	73.534778	301.030776	256.941323	875.942	0.241
210149	40.548454	73.549676	301.0404	259.211305	876.165	-0.936
210209	40.555301	73.564979	301.780168	270.391669	876.217	-1.271
210229	40.5619	73.5795	303.0	257.0	876.0	0.0
210249	40.568987	73.594842	301.1753	255.65635	877.873	-76.384
210309	40.575901	73.610122	300.722065	272.877523	832.992	-180.249
210329	40.582319	73.624151	301.61078	260.889704	757.076	-236.866
210349	40.588541	73.637668	301.96311	240.323949	673.286	-243.426
210409	40.594901	73.651778	301.191745	248.471846	591.07	-238.471
210429	40.601204	73.665541	300.894559	232.474189	515.69	-235.559
210449	40.606905	73.67816	301.984485	220.287861	428.525	-163.12
210509	40.6128	73.6912	301.0	230.0	407.0	-206.0
210529	40.61869	73.704123	300.547326	233.585922	362.81	-266.653
210549	40.624354	73.716534	301.182542	228.462862	271.467	-275.614
210609	40.629881	73.728672	301.344236	223.814909	168.9	-251.674
210629	40.635369	73.740774	300.051365	225.082972	86.903	-216.918
210649	40.640985	73.753134	301.047494	214.152001	20.562	-197.383
210709	40.646758	73.766016	300.882031	222.87522	-1.66	-102.159
