031900	33.9373	118.4058	263.0	322.0	46.0	0.0
031920	33.935392	118.426146	261.809256	331.827571	301.474	785.475
031940	33.929956	118.443975	236.965571	338.077659	529.851	528.469
032000	33.917533	118.45879	222.288604	365.084333	671.318	437.455
032020	33.9025	118.4745	216.0	401.0	815.0	357.0
032040	33.882559	118.481534	187.316423	443.844542	916.903	516.927
032100	33.85825	118.486548	188.682614	481.578919	1106.263	671.379
032120	33.833361	118.491914	192.326529	497.880729	1375.45	738.496
032140	33.809059	118.497195	189.427539	506.576696	1640.53	734.173
032200	33.784367	118.502279	189.009546	525.192583	1853.279	710.64
032220	33.757573	118.508868	193.183789	541.930199	2096.104	741.657
032240	33.729162	118.512471	183.913607	550.202364	2356.639	744.184
032300	33.704059	118.505586	152.433871	547.281055	2591.03	728.154
032320	33.686595	118.481656	121.039171	544.167602	2847.161	720.025
032340	33.680121	118.45026	86.910684	551.953996	3054.618	501.412
032400	33.689805	118.419628	63.008474	571.558205	3201.81	383.084
032420	33.705521	118.388294	57.878291	603.153909	3324.22	360.007
032440	33.721075	118.355278	61.291271	639.570105	3431.808	379.996
032500	33.737035	118.320049	62.148386	670.140489	3558.196	527.253
032520	33.752792	118.285091	61.890282	682.9219	3761.25	799.636
032540	33.768245	118.250868	62.024066	670.53009	4084.525	988.013
032600	33.783726	118.216411	62.144387	642.324147	4484.466	866.017
032620	33.799119	118.182327	61.505661	642.776685	4721.675	594.214
032640	33.814557	118.148256	61.021359	668.414408	4818.476	421.573
032700	33.830393	118.113084	61.801326	685.162313	4963.59	486.957
032720	33.846881	118.076396	61.844967	692.999689	5156.337	576.014
032740	33.864042	118.038348	62.146362	698.665394	5362.255	575.308
032800	33.881446	117.999851	63.250769	707.066453	5550.856	520.679
032820	33.89838	117.963153	57.097975	716.755965	5702.319	502.896
032840	33.921107	117.931469	47.208047	721.457449	5855.191	525.126
032900	33.950081	117.904485	40.037374	720.408418	6037.752	560.258
032920	33.978899	117.879321	37.518465	717.976099	6244.755	607.262
032940	34.006377	117.853539	37.997287	715.197178	6465.853	639.743
033000	34.035826	117.82628	37.244852	710.379412	6682.676	607.951
033020	34.063857	117.801143	37.571618	707.159679	6864.669	492.043
033040	34.090489	117.77301	44.508057	716.701309	6999.946	388.548
033100	34.116011	117.738587	52.183799	732.688076	7118.487	382.735
033120	34.138113	117.705228	51.549458	737.993314	7249.966	406.8
033140	34.160707	117.671422	50.638763	742.0935	7393.817	429.951
033200	34.184174	117.637016	51.061596	745.286489	7542.678	432.016
033220	34.207443	117.602429	51.039161	745.014653	7686.372	410.862
033240	34.23124	117.566961	50.974067	745.919844	7816.725	391.147
033300	34.255279	117.531188	51.00442	747.00762	7942.71	366.413
033320	34.278886	117.496043	51.002803	747.120107	8067.448	328.801
033340	34.302209	117.461309	50.998173	752.433208	8164.102	310.155
033400	34.325603	117.426356	51.000281	758.88034	8258.429	313.666
033420	34.349124	117.391061	51.000082	760.658848	8377.644	324.667
033440	34.372192	117.356525	51.000362	762.430404	8482.962	334.742
033500	34.395732	117.321392	50.999508	764.179066	8588.466	345.534
033520	34.420385	117.284562	50.998349	764.079765	8717.26	356.86
033540	34.444299	117.248638	51.006893	764.094967	8834.984	354.123
033600	34.467881	117.213098	50.992829	763.83103	8946.223	339.89
033620	34.492243	117.176401	50.97681	763.417855	9064.842	324.474
033640	34.516661	117.139509	51.096143	766.95217	9167.106	309.063
033700	34.540659	117.103363	50.897726	768.643793	9263.282	283.19
033720	34.5646	117.067884	50.164997	765.474212	9363.314	229.934
033740	34.589801	117.03147	49.895555	772.278969	9428.182	137.041
033800	34.615011	116.995179	50.018296	783.815552	9450.968	46.556
033820	34.639053	116.959978	50.013143	788.453112	9450.241	4.878
033840	34.664193	116.923199	49.984743	789.824801	9448.224	-3.068
033900	34.690011	116.885536	50.009375	789.901933	9449.084	0.689
033920	34.715173	116.848723	50.027008	789.117357	9448.905	0.952
033940	34.74039	116.811798	49.890846	789.145282	9449.707	-3.675
034000	34.765768	116.7747	50.115328	788.745438	9448.195	-8.718
034020	34.790679	116.738247	50.876971	787.117887	9442.336	-9.04
034040	34.814321	116.703236	50.829027	787.916702	9440.119	-3.97
034100	34.838863	116.667368	49.718487	788.94465	9441.19	0.35
034120	34.866033	116.629245	48.316568	787.390143	9441.267	-0.186
034140	34.892854	116.593149	47.832854	787.301388	9440.378	2.41
034200	34.918795	116.558812	48.022282	789.359397	9441.461	9.061
034220	34.944974	116.523627	48.020967	791.965908	9446.762	14.495
034240	34.971399	116.488136	47.987999	795.027385	9452.798	13.268
034300	34.99814	116.452401	48.0016	797.170278	9456.255	6.984
034320	35.025227	116.416129	48.001505	797.18052	9456.23	1.226
034340	35.052198	116.379825	47.999138	796.820001	9455.907	-0.796
034400	35.079028	116.343686	48.000115	797.085498	9455.982	0.227
034420	35.10586	116.307664	48.000108	797.812746	9455.841	0.776
034440	35.132447	116.271815	47.999938	798.099886	9456.628	-3.221
034500	35.159142	116.23575	48.000008	797.9867	9455.486	-8.572
034520	35.186178	116.199361	48.000008	797.987558	9450.389	-9.141
034540	35.212495	116.163831	47.999995	798.006847	9448.259	-4.418
034600	35.239248	116.127579	48.000001	797.999304	9449.096	0.404
034620	35.267523	116.08929	48.000003	798.000358	9449.078	0.423
034640	35.294326	116.053055	47.999991	797.995968	9449.002	-0.402
034700	35.319995	116.01832	48.000007	798.003557	9448.963	0.18
034720	35.346476	115.982364	48.000033	798.017453	9448.795	0.761
034740	35.373001	115.946356	47.999881	797.936705	9449.762	-3.321
034800	35.3995	115.910359	48.000095	798.0505	9448.382	-8.45
034820	35.426193	115.873974	48.000457	798.243986	9442.445	1.719
034840	35.45218	115.838464	47.998347	797.117904	9442.538	57.112
034900	35.478036	115.803123	48.001318	798.713437	9471.26	143.013
034920	35.505214	115.766024	48.006369	805.904649	9541.602	214.727
034940	35.534267	115.726366	47.976974	809.709171	9625.636	235.85
035000	35.562083	115.688127	48.018362	811.517617	9704.051	217.344
035020	35.586384	115.65453	48.088709	817.001101	9770.953	198.587
035040	35.612614	115.619185	47.842031	821.956533	9830.059	209.052
035100	35.640767	115.578546	50.915911	826.934134	9904.477	242.274
035120	35.665779	115.533855	59.433673	834.381418	10001.486	270.998
035140	35.684159	115.488981	65.832788	839.906796	10084.511	280.873
035200	35.701024	115.442392	66.590982	838.767993	10185.587	275.288
035220	35.717863	115.395539	65.791728	838.796911	10279.831	236.129
035240	35.734569	115.349406	65.98805	842.820244	10345.356	184.578
035300	35.75121	115.302983	66.041878	844.891947	10393.674	180.827
035320	35.768239	115.255422	65.986289	844.753847	10455.464	217.182
035340	35.785543	115.207195	65.999523	843.124512	10541.385	237.027
035400	35.802487	115.159697	65.995314	840.507151	10628.361	175.548
035420	35.819508	115.112079	66.016319	840.634947	10671.021	79.183
035440	35.836563	115.064447	66.005278	842.94314	10668.33	9.98
035500	35.853068	115.017903	65.892513	842.790902	10666.842	-3.731
035520	35.87013	114.969717	66.269177	844.125413	10668.377	1.563
035540	35.887648	114.920398	66.97767	846.950934	10668.012	0.122
035600	35.90418	114.87377	67.078981	845.899072	10668.147	-1.093
035620	35.92105	114.826083	66.972156	845.009831	10667.51	2.12
035640	35.938632	114.776266	66.998399	846.874495	10667.842	7.785
035700	35.955543	114.72814	67.005671	849.238811	10673.246	9.457
035720	35.971712	114.68204	66.998001	850.128215	10676.823	5.665
035740	35.987961	114.635785	66.999885	849.981328	10676.045	0.177
035800	36.005252	114.586669	67.000407	850.852905	10675.892	-0.801
035820	36.022664	114.537015	66.999856	850.544177	10675.921	0.687
035840	36.039383	114.489136	66.999992	849.93495	10675.961	0.159
035900	36.055532	114.442991	67.000029	853.068752	10676.845	-5.044
035920	36.072032	114.395628	66.99999	855.79827	10673.86	-9.371
035940	36.089231	114.346094	66.999999	855.106349	10668.182	-8.217
040000	36.106555	114.29649	67.000002	852.370247	10667.304	-2.368
040020	36.123372	114.24817	66.999999	850.382602	10668.365	0.282
040040	36.139685	114.20096	67.0	850.904188	10668.056	-0.106
040100	36.156201	114.153221	67.0	853.58956	10667.077	4.913
040120	36.173502	114.103306	67.000001	855.638154	10670.207	9.285
040140	36.190868	114.053112	67.0	855.098954	10675.834	8.173
040200	36.206863	114.006569	66.999996	852.35944	10676.402	3.318
040220	36.223298	113.958666	67.000009	850.444556	10676.287	-2.636
040240	36.240467	113.908633	67.000003	850.031202	10676.143	-6.883
040300	36.256455	113.861839	66.999942	848.895099	10670.933	-7.518
040320	36.272179	113.81576	67.000093	847.627295	10667.671	-6.801
040340	36.288738	113.767301	67.000098	847.03811	10668.247	-6.898
040400	36.305996	113.716737	66.999218	846.948185	10663.853	-7.639
040420	36.322427	113.668433	67.0009	847.009257	10659.46	-6.268
040440	36.337658	113.623454	67.001998	847.002117	10659.879	-1.41
040500	36.35415	113.574719	66.990339	847.008442	10659.491	3.943
040520	36.371171	113.524507	67.01238	846.985296	10660.91	7.722
040540	36.38741	113.476633	67.035812	846.955686	10666.462	8.139
040600	36.403851	113.427868	66.876813	847.235196	10668.976	3.253
040620	36.420193	113.379163	67.098478	848.204098	10667.75	0.158
040640	36.435936	113.332252	67.920958	849.672498	10667.207	5.681
040700	36.452548	113.282866	67.593799	850.112942	10671.216	10.504
040720	36.469063	113.233766	67.006578	850.032262	10676.585	6.676
040740	36.484272	113.18836	67.738367	850.251371	10677.209	-4.99
040800	36.500809	113.138754	68.142896	848.776802	10672.168	-9.503
040820	36.517989	113.087119	67.980618	846.817526	10667.796	-7.882
040840	36.533826	113.039533	67.979255	846.725699	10668.617	-8.308
040900	36.549757	112.991732	68.010347	847.458624	10664.456	-5.916
040920	36.566132	112.9426	67.999033	848.036208	10660.057	0.786
040940	36.58233	112.893897	67.99852	848.100606	10665.646	7.408
041000	36.598536	112.845003	68.000743	847.799119	10669.107	5.559
041020	36.614582	112.7964	67.999931	848.100213	10667.896	-0.356
041040	36.630257	112.748727	67.999894	849.570692	10667.837	-0.53
041100	36.646331	112.699736	68.000053	850.105045	10668.096	0.218
041120	36.66273	112.649729	67.999995	850.039662	10667.983	0.006
041140	36.678752	112.60091	67.999992	850.837533	10667.916	0.212
041200	36.694216	112.553889	68.000004	850.79495	10668.241	-0.794
041220	36.70969	112.506788	68.0	851.08117	10667.938	0.212
041240	36.725788	112.457561	67.999999	853.85123	10666.944	6.397
041300	36.741628	112.409147	68.000001	855.645244	10671.382	6.918
041320	36.75741	112.36081	68.0	856.036879	10675.982	-0.431
041340	36.77401	112.309548	67.999996	857.351515	10670.688	-7.387
041400	36.790472	112.258744	68.00001	858.562754	10666.865	-5.671
041420	36.806612	112.209101	67.999997	859.008907	10668.066	0.146
041440	36.822946	112.158767	67.999949	859.025986	10668.384	-0.106
041500	36.838871	112.109321	68.000146	858.997351	10667.333	2.156
041520	36.854488	112.06065	67.999959	858.997675	10668.17	8.264
041540	36.870459	112.011093	67.999283	858.950286	10673.648	10.153
041600	36.886522	111.961105	68.002033	859.146118	10677.454	2.451
041620	36.902498	111.911322	67.999426	858.958498	10675.789	-8.364
041640	36.918411	111.862009	67.98935	857.918816	10670.24	-10.099
041700	36.93413	111.813028	68.026023	858.925468	10667.134	-4.873
041720	36.9499	111.7635	68.0	861.0	10668.0	-0.0
041740	36.966141	111.712505	67.841969	860.122945	10668.822	-2.569
041800	36.982316	111.661547	68.310072	858.485483	10666.59	-10.48
041820	36.998046	111.611807	69.001143	858.807781	10660.709	-15.226
041840	37.013549	111.562915	68.359317	861.61827	10654.158	-6.953
041900	37.029443	111.512724	68.106876	863.228147	10654.341	3.255
041920	37.045614	111.461438	68.937157	863.749254	10659.739	7.661
041940	37.061163	111.412013	69.115401	868.200318	10659.328	11.634
042000	37.076893	111.361949	68.961816	871.959787	10662.813	17.719
042020	37.093165	111.310177	68.990368	872.094288	10673.99	22.191
042040	37.109119	111.259529	69.009238	871.907897	10681.07	16.468
042100	37.124809	111.209567	68.997772	872.021917	10683.536	4.158
042120	37.140612	111.15893	68.999311	872.006328	10683.529	-6.593
042140	37.156626	111.107552	69.000663	871.996657	10679.21	-10.185
042200	37.172533	111.056507	68.99984	871.996636	10675.322	-6.092
042220	37.188106	111.006459	68.999951	871.992688	10675.676	-0.242
042240	37.203582	110.956585	69.000048	872.045307	10677.006	-3.405
042300	37.219224	110.906006	68.999989	871.922985	10674.639	-9.195
042320	37.235111	110.854463	68.999996	871.240341	10668.806	-8.795
042340	37.251005	110.802772	69.000003	869.79112	10667.242	-3.424
042400	37.266466	110.752429	68.999999	868.901149	10668.185	0.623
042420	37.281608	110.703085	69.0	869.034006	10668.06	0.183
042440	37.297391	110.65158	68.999997	868.269783	10667.925	-0.118
042500	37.313142	110.60014	69.000004	866.333493	10668.044	-0.06
042520	37.328298	110.550625	69.000008	864.30051	10668.063	-0.183
042540	37.343667	110.500358	68.999963	863.679643	10667.72	0.941
042600	37.358975	110.450062	69.000047	862.428223	10668.351	-1.248
042620	37.374037	110.400337	69.000107	859.493222	10668.789	-7.36
042640	37.389835	110.34833	68.999482	858.728152	10663.175	-5.751
042700	37.40551	110.29657	69.000661	858.923404	10660.471	2.028
042720	37.420349	110.247236	69.001487	858.113362	10666.724	7.695
042740	37.435691	110.196556	68.992786	858.139489	10668.725	5.549
042800	37.451239	110.145155	69.0092	857.675357	10668.165	-2.063
042820	37.466222	110.095171	69.020715	856.084591	10668.75	-7.876
042840	37.480879	110.046374	68.899519	856.974698	10662.981	-4.569
042900	37.495786	109.996789	69.132775	857.952894	10660.797	0.756
042920	37.511162	109.945441	69.867225	856.399611	10667.486	0.379
042940	37.526385	109.894473	70.100481	855.506284	10664.002	-0.517
043000	37.541483	109.843779	69.979285	856.350338	10660.511	0.386
043020	37.556462	109.793348	69.9908	857.824783	10667.197	0.775
043040	37.570729	109.74533	70.007214	857.86328	10665.049	-4.663
043100	37.585247	109.696322	69.998513	858.382394	10659.212	-7.756
043120	37.600848	109.643525	69.999339	860.633461	10659.75	-1.793
043140	37.616509	109.590905	70.00052	861.079642	10659.69	4.237
043200	37.631433	109.540735	69.99989	861.248551	10660.747	9.436
043220	37.645576	109.492642	69.999945	863.38163	10666.337	14.474
043240	37.659873	109.443746	70.000072	865.626705	10672.609	13.612
043300	37.67497	109.392219	69.999948	867.426029	10676.723	5.291
043320	37.690655	109.33883	69.999898	868.797322	10676.818	-6.004
043340	37.705661	109.2874	70.000482	869.194229	10671.84	-10.171
043400	37.720451	109.236503	69.999388	868.905671	10667.419	-6.668
043420	37.735529	109.184714	69.998623	868.841069	10667.75	-0.969
043440	37.749866	109.135392	70.006677	869.967507	10668.152	0.867
043500	37.764499	109.084865	69.991485	871.211698	10668.025	-0.352
043520	37.78016	109.030962	69.980829	871.769308	10668.132	-0.529
043540	37.794932	108.980744	70.217993	873.22587	10667.282	3.055
043600	37.808353	108.930537	71.451956	875.65016	10668.966	6.436
043620	37.820817	108.875425	73.718653	878.269161	10674.386	4.719
043640	37.832594	108.820017	75.186385	880.485256	10675.349	-2.144
043700	37.844032	108.766959	75.082782	881.83067	10669.377	-8.373
043720	37.855569	108.713466	74.935089	882.132404	10666.279	-0.841
043740	37.866863	108.660621	75.013382	881.963916	10669.247	9.656
043800	37.877854	108.608697	75.005944	881.965029	10675.011	9.265
043820	37.889605	108.552932	74.995337	882.123392	10676.793	3.326
043840	37.901338	108.497404	75.000964	881.842908	10675.777	-0.267
043900	37.912321	108.445581	75.000435	880.51307	10675.774	0.34
043920	37.923707	108.391329	74.999627	878.220086	10676.822	-3.592
043940	37.935066	108.337158	75.000118	876.911099	10674.972	-8.946
044000	37.945786	108.286326	75.000161	877.171679	10669.255	-9.066
044020	37.956659	108.234158	74.999477	875.647125	10667.214	-4.084
044040	37.967849	108.180026	75.00052	873.82699	10668.13	0.505
044100	37.979119	108.125672	75.001669	873.983979	10668.069	0.368
044120	37.990362	108.071595	74.993092	873.399845	10668.013	-0.447
044140	38.00137	108.018502	75.007176	871.603593	10667.937	0.287
044200	38.012134	107.966215	75.023201	869.587778	10667.771	0.837
044220	38.023159	107.912462	74.903816	867.772627	10668.971	-4.204
044240	38.034162	107.858892	75.102316	866.969091	10666.969	-7.983
044300	38.044792	107.807186	75.835138	867.132914	10660.63	-2.544
044320	38.055627	107.753975	76.103885	865.945526	10662.839	5.555
044340	38.066571	107.699864	75.982286	863.487243	10668.685	7.481
044400	38.077246	107.647147	75.988738	861.361016	10668.474	1.378
044420	38.087721	107.59555	76.007459	860.788593	10667.522	-0.304
044440	38.098366	107.542969	75.998728	861.023862	10668.251	-0.553
044500	38.109285	107.488744	75.999191	860.977307	10668.687	-6.256
044520	38.11979	107.436769	76.000536	861.179219	10664.445	-10.223
044540	38.130231	107.385135	75.999909	860.794972	10659.319	-6.435
044600	38.141078	107.331116	75.999942	859.321276	10659.162	4.729
044620	38.151628	107.278233	76.000039	858.833364	10663.122	13.34
044640	38.161989	107.226075	75.999993	858.989305	10669.325	14.635
044700	38.172539	107.172861	75.999996	858.368554	10675.043	9.795
044720	38.183008	107.119974	76.000004	856.92729	10676.418	4.222
044740	38.193373	107.067644	75.999999	855.921969	10676.108	-1.152
044800	38.203769	107.01517	75.999997	856.038477	10676.624	-6.744
044820	38.214206	106.962075	76.000013	855.490915	10672.362	-9.437
044840	38.224398	106.909844	75.999987	855.027592	10667.461	-7.066
044900	38.23423	106.859397	75.999957	855.786128	10667.652	-1.241
044920	38.244276	106.808088	76.000182	856.143658	10668.258	0.763
044940	38.254538	106.755467	75.999864	855.981083	10667.955	-0.058
045000	38.26483	106.702107	75.999349	855.980301	10667.903	0.135
045020	38.275437	106.647343	76.002349	856.01845	10668.262	-0.793
045040	38.28593	106.593298	75.998128	855.991879	10667.802	0.679
045100	38.29588	106.541684	75.990954	855.965914	10667.052	6.875
045120	38.306141	106.488417	76.032702	856.119443	10672.072	6.507
045140	38.316527	106.434315	75.973921	855.904222	10675.857	-1.361
045200	38.326493	106.382079	75.874012	855.091862	10670.096	-8.054
045220	38.336649	106.3294	76.536856	855.360015	10666.521	-3.804
045240	38.346785	106.276703	76.959769	856.031232	10668.463	-0.623
045300	38.356432	106.225494	76.154133	855.89008	10669.68	-11.633
045320	38.366166	106.174011	76.286576	856.752103	10661.118	-16.011
045340	38.376087	106.121596	77.070847	858.155026	10652.61	-5.685
045400	38.385956	106.068674	77.066666	858.764596	10657.282	11.03
045420	38.395807	106.015556	76.961843	859.719387	10663.957	17.068
045440	38.405822	105.961884	77.005087	861.237139	10668.738	14.753
045500	38.416052	105.907564	77.004786	862.650047	10674.09	14.902
045520	38.426068	105.854135	76.99726	863.328128	10679.353	13.979
045540	38.435869	105.801364	77.000365	862.841917	10683.518	6.17
045600	38.445677	105.748262	77.000344	861.427136	10684.427	-9.575
045620	38.455438	105.695318	76.999803	860.617144	10677.41	-22.327
045640	38.465297	105.641621	77.000026	861.173704	10666.517	-21.729
045700	38.475333	105.586607	77.000025	862.626454	10660.28	-6.121
045720	38.485087	105.533196	76.999986	863.205218	10662.313	8.936
045740	38.494501	105.481598	77.000002	862.967943	10668.987	15.369
045800	38.503869	105.430003	77.000003	862.94788	10674.463	11.877
045820	38.513507	105.377197	76.999996	863.194168	10678.044	-2.298
045840	38.523387	105.323139	77.000003	864.246497	10674.747	-16.39
045900	38.533271	105.26861	77.000013	866.329906	10663.12	-17.498
045920	38.543	105.21459	76.999955	867.898239	10658.272	-7.853
045940	38.552513	105.161632	77.000036	869.258016	10660.277	0.522
050000	38.561938	105.109146	77.000174	871.323587	10660.478	-0.261
050020	38.571682	105.054736	76.999371	872.966699	10658.906	3.644
050040	38.581431	104.999781	77.000502	874.197724	10660.802	7.941
050100	38.59079	104.94646	77.002423	876.027862	10667.377	2.304
050120	38.600434	104.892112	76.99124	879.283216	10664.757	-2.083
050140	38.610532	104.835466	77.006986	882.313115	10660.042	0.935
050200	38.620718	104.777753	77.033748	883.522077	10665.851	7.508
050220	38.630469	104.722518	76.877991	885.480625	10669.349	4.662
050240	38.639784	104.669456	77.098297	888.438888	10667.681	0.071
050300	38.649066	104.615779	77.920677	891.127553	10667.047	5.955
050320	38.658758	104.559918	77.594379	893.525313	10671.662	8.999
050340	38.668541	104.503697	77.00617	895.162322	10676.245	7.956
050400	38.677934	104.449266	77.736438	895.777624	10675.582	8.376
050420	38.687342	104.3942	78.1505	896.682288	10679.26	5.583
050440	38.697096	104.337215	77.986272	898.1563	10682.934	-0.671
050500	38.707153	104.279029	77.976479	899.574106	10678.054	-6.519
050520	38.716859	104.22236	78.010436	900.234586	10675.678	-8.425
050540	38.726165	104.167129	77.999464	899.969385	10675.876	-8.018
050600	38.735546	104.111218	77.997874	898.306745	10670.516	-8.779
050620	38.74509	104.055025	78.001341	892.435318	10667.12	-5.58
050640	38.7546	103.9993	78.0	887.0	10668.0	0.0
050700	38.76382	103.944325	77.996545	890.382215	10668.159	0.583
050720	38.773016	103.889383	78.008446	894.498781	10667.938	-0.233
050740	38.7823	103.8343	78.0	896.0	10668.0	-0.0
050800	38.791555	103.779111	77.953739	898.820903	10668.006	0.055
050820	38.800895	103.721741	78.079864	900.436511	10668.008	-0.051
050840	38.8108	103.6643	77.0	900.0	10668.0	-0.0
050900	38.822312	103.611235	73.022462	899.740052	10667.931	0.191
050920	38.8373	103.557792	69.655246	900.541094	10668.137	-0.373
050940	38.853642	103.504436	68.726581	901.203532	10667.272	2.216
051000	38.869598	103.451502	68.957033	901.0225	10667.458	6.779
051020	38.88696	103.394103	69.060702	901.042843	10673.331	4.72
051040	38.904114	103.337508	68.988063	900.905009	10675.381	-1.631
051100	38.9199	103.285246	68.994695	900.772491	10669.089	-7.067
051120	38.936353	103.230789	69.004176	902.492198	10668.037	-9.327
051140	38.952616	103.176905	68.999118	904.239153	10666.856	-6.894
051200	38.967758	103.126551	68.999525	904.128752	10660.503	-1.283
051220	38.983785	103.073204	69.000342	903.907605	10663.468	1.12
051240	39.00069	103.016858	68.999971	904.007614	10667.871	-0.206
051300	39.017323	102.961265	68.999964	904.008627	10661.603	-1.158
051320	39.033303	102.907819	68.999993	904.005732	10661.915	3.894
051340	39.048852	102.855807	69.000014	903.994053	10668.415	7.868
051400	39.064587	102.803075	69.000126	903.948767	10668.7	1.909
051420	39.081158	102.747356	68.999589	904.165898	10667.436	0.6
051440	39.097695	102.6915	69.000227	903.908385	10668.168	6.661
051500	39.112983	102.639576	69.003415	902.283696	10670.804	11.41
051520	39.128287	102.587464	69.002932	900.448322	10674.47	9.59
051540	39.145124	102.530216	68.993409	899.820424	10677.864	-2.513
051600	39.161855	102.473425	69.003384	900.005002	10675.204	-15.861
051620	39.176365	102.424169	69.026733	899.915957	10663.672	-17.237
051640	39.191988	102.371036	68.911276	900.410541	10658.265	-9.941
051700	39.208697	102.313954	68.979094	901.000409	10659.951	-0.418
051720	39.223948	102.261445	69.659266	900.414743	10659.462	5.973
051740	39.239231	102.208826	70.103181	899.867242	10662.04	9.013
051800	39.255391	102.153287	70.00606	899.991208	10667.815	8.188
051820	39.271372	102.098081	69.97589	900.054886	10668.655	2.652
051840	39.286995	102.043978	70.014574	899.926033	10667.769	-0.796
051900	39.302519	101.990208	70.002635	899.979585	10667.987	-0.046
051920	39.318271	101.935489	69.953895	900.656992	10668.046	0.165
051940	39.334138	101.879958	70.100853	901.105217	10667.987	-0.065
052000	39.349827	101.825172	70.030833	901.006542	10668.0	-0.006
052020	39.36512	101.772419	69.37864	900.966708	10667.983	0.058
052040	39.380331	101.716768	71.552947	901.030411	10668.037	-0.092
052100	39.393237	101.659815	75.737923	900.88719	10667.839	0.381
052120	39.402867	101.604965	77.926884	900.930391	10667.899	0.238
052140	39.412626	101.547878	77.681321	902.256193	10669.323	-3.931
052200	39.422916	101.488943	76.997809	904.080971	10667.755	-7.003
052220	39.433054	101.430484	77.650894	905.421487	10661.274	-3.303
052240	39.442475	101.375134	78.143208	906.797654	10661.876	4.424
052300	39.451676	101.320589	77.9929	908.043057	10668.213	7.895
052320	39.46155	101.262635	77.976874	908.630593	10668.862	1.808
052340	39.471267	101.20537	78.010282	909.744285	10667.119	1.411
052400	39.480675	101.149478	77.99949	911.038052	10668.181	8.299
052420	39.490359	101.091979	77.99834	911.14081	10673.691	10.222
052440	39.500256	101.033145	78.000738	910.93704	10677.413	2.546
052500	39.510084	100.974614	77.999963	912.122562	10675.796	-8.404
052520	39.519667	100.917428	77.99988	915.524748	10670.309	-10.733
052540	39.529378	100.85888	78.000055	918.178012	10666.362	-1.835
052600	39.5391	100.7998	78.0	919.0	10668.0	8.0
052620	39.548395	100.743401	77.999991	919.098401	10674.508	4.53
052640	39.557665	100.687224	78.000002	918.85079	10674.474	-4.238
052700	39.567125	100.629608	78.0	918.962861	10668.215	-8.062
052720	39.576611	100.571238	78.00001	920.22964	10667.239	-3.097
052740	39.586024	100.513156	77.999976	921.431149	10668.268	0.953
052800	39.595426	100.455311	77.999993	921.976043	10668.015	0.055
052820	39.604934	100.396832	78.000149	922.816572	10667.945	-0.194
052840	39.61425	100.33911	77.999665	925.527427	10668.019	0.068
052900	39.623613	100.280731	77.999897	928.8954	10668.001	0.004
052920	39.633621	100.21849	78.002072	929.439185	10667.996	-0.013
052940	39.643124	100.158951	77.995301	928.684072	10668.002	0.003
053000	39.651907	100.103433	77.997255	928.876226	10668.001	-0.001
053020	39.661138	100.045445	78.028925	930.821042	10667.995	0.015
053040	39.670526	99.986411	77.942549	932.433783	10668.009	-0.031
053100	39.679689	99.928378	77.962474	932.931162	10668.006	-0.02
053120	39.688825	99.870301	78.617576	934.073516	10667.937	0.218
053140	39.698184	99.809955	79.099773	935.591223	10668.125	-0.435
053200	39.707747	99.747678	79.012495	936.885361	10668.082	-0.284
053220	39.717174	99.686953	78.977138	937.824178	10667.123	4.767
053240	39.726327	99.627912	79.007163	937.90023	10669.899	9.143
053300	39.735382	99.568974	79.000897	937.903003	10675.646	8.325
053320	39.744696	99.508463	78.998359	939.752971	10676.452	3.676
053340	39.753977	99.447725	79.000514	941.474812	10676.245	-2.484
053400	39.762924	99.388664	79.000064	941.149873	10676.273	-7.637
053420	39.771609	99.331713	78.999883	939.085419	10671.108	-9.374
053440	39.780532	99.272794	79.000035	937.707132	10667.186	-5.973
053500	39.7897	99.211679	79.000004	937.955219	10667.898	-0.355
053520	39.798506	99.15335	79.000002	938.170892	10668.187	0.645
053540	39.807436	99.093633	78.999981	937.747408	10667.941	-0.2
053600	39.816683	99.031076	78.999986	937.044823	10667.992	-0.024
053620	39.825667	98.970899	79.000148	936.915069	10668.017	0.032
053640	39.834346	98.912706	78.999704	937.033616	10667.988	0.014
053700	39.842935	98.854319	78.999807	937.0086	10667.994	0.017
053720	39.851647	98.794529	79.002153	936.93364	10668.058	-0.202
053740	39.860312	98.735291	78.996401	937.102107	10667.905	0.343
053800	39.868969	98.676475	78.996199	937.106389	10667.9	0.363
053820	39.877999	98.614525	79.028481	935.841201	10668.752	-4.177
053840	39.886795	98.553403	78.949993	934.813478	10666.587	-9.547
053900	39.895051	98.495679	78.932356	934.956114	10660.928	-9.258
053920	39.903416	98.437663	79.540871	934.995638	10658.43	0.636
053940	39.911977	98.378057	80.086232	935.07164	10661.497	9.666
054000	39.920516	98.317679	80.026671	935.128307	10667.237	8.94
054020	39.928853	98.258292	79.974333	933.925368	10668.716	3.289
054040	39.93725	98.198625	80.006191	932.825187	10667.827	-0.597
054100	39.94581	98.13807	80.001915	932.944976	10667.947	-0.185
054120	39.954127	98.078989	79.998157	933.05878	10668.051	0.178
054140	39.962409	98.019876	80.000444	932.976978	10667.988	-0.043
054200	39.970832	97.959579	80.000137	932.97958	10667.996	-0.013
054220	39.97907	97.900262	79.999868	933.100805	10668.004	0.013
054240	39.987283	97.840792	80.000032	932.844508	10667.999	-0.003
054300	39.99557	97.780507	80.00001	932.118187	10668.0	-0.001
054320	40.003611	97.721612	79.999991	931.809376	10668.0	0.001
054340	40.011821	97.661264	80.000001	932.174139	10668.0	-0.0
054400	40.020274	97.599213	79.999999	932.883043	10668.0	-0.0
054420	40.028078	97.542098	80.00001	933.217128	10668.0	0.0
054440	40.035759	97.485367	79.999985	932.777437	10668.0	-0.0
054500	40.043869	97.424586	79.999971	932.038381	10668.0	-0.0
054520	40.051908	97.36409	80.000139	932.41604	10668.0	0.0
054540	40.05992	97.303973	79.999823	933.090484	10668.0	-0.0
054600	40.068069	97.242848	79.999601	933.031276	10668.0	-0.0
054620	40.076108	97.181725	80.001933	933.020623	10668.0	0.0
054640	40.083766	97.123156	79.997534	932.938171	10668.0	-0.0
054700	40.091181	97.066837	79.994449	932.84841	10668.0	-0.0
054720	40.099133	97.006583	80.026928	933.997687	10668.0	0.0
054740	40.107321	96.943924	79.965658	935.155016	10668.0	-0.0
054800	40.115122	96.883263	79.922679	935.068681	10668.0	-0.0
054820	40.122525	96.825456	80.500061	934.947001	10668.0	0.0
054840	40.130191	96.765347	81.077231	935.009836	10668.0	-0.0
054900	40.138333	96.701303	81.034162	935.002019	10668.0	-0.0
054920	40.145856	96.64264	80.973783	935.010655	10668.0	0.0
054940	40.15307	96.586215	81.002355	934.986167	10668.0	-0.0
055000	40.160633	96.526044	80.994621	934.94842	10668.0	-0.0
055020	40.168213	96.46539	81.029507	935.182962	10668.0	0.0
055040	40.175868	96.404571	80.975218	934.852517	10668.0	-0.0
055100	40.183627	96.34271	80.879299	933.396233	10668.0	-0.0
055120	40.190718	96.282836	81.437088	932.789309	10668.0	0.001
055140	40.198393	96.224532	80.646456	933.02686	10668.0	-0.001
055200	40.208273	96.165599	77.109877	933.020013	10668.001	-0.004
055220	40.21921	96.106337	75.508498	933.018536	10667.996	0.012
055240	40.230307	96.047075	76.035613	932.982951	10668.002	-0.007
055300	40.241311	95.987819	75.974205	932.854648	10668.015	-0.053
055320	40.252284	95.928506	76.344091	933.597761	10667.951	0.169
055340	40.263182	95.869417	77.041749	935.166457	10668.027	-0.092
055400	40.273941	95.810728	77.07146	936.616182	10668.23	-0.796
055420	40.284794	95.751517	76.968495	937.144887	10667.368	2.584
055440	40.295746	95.691708	77.001562	936.993575	10668.178	8.21
055500	40.306621	95.63199	77.005088	936.992088	10673.831	9.403
055520	40.317467	95.572509	76.997738	936.965219	10676.906	4.864
055540	40.328345	95.512795	77.000112	937.012292	10675.945	-0.105
055600	40.339238	95.452475	77.000365	937.221297	10675.643	0.274
055620	40.349984	95.392906	76.999838	936.269586	10676.679	-2.323
055640	40.360634	95.333827	77.000008	934.97229	10675.822	-8.231
055700	40.371334	95.274042	77.000026	935.082069	10670.215	-9.605
055720	40.381844	95.215008	76.999988	934.357795	10666.942	-4.377
055740	40.392333	95.156002	77.000001	932.960657	10668.099	-0.029
055800	40.403117	95.095362	77.000003	932.919665	10669.123	-4.991
055820	40.413569	95.036322	76.999997	932.891201	10664.752	-6.653
055840	40.42369	94.978806	76.999999	932.958544	10659.995	-0.406
055900	40.434026	94.919904	77.000011	934.377004	10664.701	6.829
055920	40.444275	94.861328	76.999976	935.048327	10669.024	6.424
055940	40.454658	94.801901	76.999993	934.962369	10668.059	0.212
060000	40.465793	94.738158	77.000146	936.467997	10667.793	-0.755
060020	40.476152	94.678179	76.999672	936.721705	10668.07	0.277
060040	40.485701	94.622304	76.999899	935.068922	10668.003	0.019
060100	40.496265	94.561128	77.002129	934.551344	10668.006	-0.135
060120	40.507043	94.498833	76.995928	935.538426	10667.963	0.164
060140	40.517291	94.439115	76.997354	936.915169	10667.973	0.097
060200	40.527373	94.379809	77.028283	937.153889	10668.291	-1.018
060220	40.537652	94.319523	76.943682	936.952272	10667.418	2.171
060240	40.547991	94.259122	76.9632	936.99433	10667.619	7.823
060300	40.557839	94.200928	77.60984	937.006998	10673.801	4.833
060320	40.567689	94.142182	78.115169	937.004641	10674.932	-3.337
060340	40.577795	94.081882	78.022554	937.004864	10668.475	-8.051
060400	40.587698	94.022855	77.869483	936.944085	10667.136	-3.515
060420	40.597318	93.964059	78.240535	937.112695	10668.268	0.95
060440	40.60668	93.903667	78.954039	937.073772	10668.032	0.124
060500	40.615738	93.841394	79.082925	935.778198	10667.959	-0.288
060520	40.624432	93.780874	78.975287	934.773984	10667.978	0.212
060540	40.632941	93.722763	78.997701	934.957726	10667.975	0.103
060600	40.641671	93.663022	78.99547	935.230684	10668.288	-1.029
060620	40.650563	93.602126	79.019106	934.579381	10667.419	2.174
060640	40.659502	93.540958	79.013479	933.131424	10667.62	7.823
060700	40.66846	93.479268	78.85365	932.195382	10673.801	4.833
060720	40.677086	93.419275	79.311163	931.991871	10674.932	-3.338
060740	40.685369	93.361227	80.004047	932.019691	10668.476	-8.052
060800	40.693805	93.30208	79.323628	931.30467	10667.133	-3.505
060820	40.702511	93.240885	79.179551	928.648736	10668.274	0.929
060840	40.711245	93.179322	79.984803	925.22099	10668.036	0.111
060900	40.719616	93.12031	79.389147	924.277994	10667.918	-0.145
060920	40.727979	93.060668	79.097664	923.41339	10668.059	-0.073
060940	40.736544	92.998872	79.936087	921.204534	10668.028	-0.083
061000	40.745025	92.937904	80.116436	919.651252	10667.719	0.964
061020	40.753257	92.878784	79.963444	918.551765	10668.552	-2.098
061040	40.761216	92.821211	79.995377	917.168118	10668.36	-7.779
061100	40.769053	92.763898	80.009082	915.275709	10662.424	-5.403
061120	40.777231	92.704148	79.997531	913.383286	10660.741	3.4
061140	40.785673	92.642895	79.999488	912.110518	10667.118	8.533
061200	40.793549	92.585699	80.000654	911.796094	10670.006	-1.388
061220	40.801202	92.529409	79.9998	912.176163	10665.735	-8.463
061240	40.809098	92.470568	79.999939	912.158223	10660.085	-1.365
061300	40.817136	92.410641	80.000229	910.311003	10664.182	5.888
061320	40.825025	92.35171	79.999667	908.610211	10668.558	8.25
061340	40.832661	92.29444	79.999657	908.109599	10667.793	7.895
061400	40.840281	92.237258	80.002557	906.913583	10672.221	9.348
061420	40.848035	92.17843	79.995538	905.635463	10677.109	5.277
061440	40.855917	92.117958	79.995259	904.338167	10676.477	-6.369
061500	40.863786	92.058014	80.035565	901.421496	10672.025	-14.089
061520	40.871659	91.998431	79.937864	899.899534	10665.691	-14.163
061540	40.879384	91.939959	79.933967	900.898733	10660.415	-8.886
061600	40.88663	91.884736	80.677311	900.860029	10659.679	-3.457
061620	40.894106	91.826163	80.908961	901.545982	10659.754	2.038
061640	40.902038	91.763041	80.107281	903.769102	10659.608	7.413
061700	40.909505	91.705188	79.778201	904.283949	10664.589	9.435
061720	40.916758	91.649404	80.230361	903.924692	10668.764	6.249
061740	40.924181	91.591159	80.932967	903.987699	10668.159	0.554
061800	40.931641	91.531962	81.082804	903.989922	10667.798	-0.672
061820	40.939124	91.472865	80.977096	904.047819	10668.062	0.163
061840	40.946592	91.413965	80.995259	904.055681	10668.019	0.011
061900	40.953905	91.354717	81.005945	903.574961	10667.925	0.162
061920	40.961125	91.295974	80.998356	904.79559	10668.111	-0.356
061940	40.968395	91.237652	80.99966	907.707829	10668.114	-0.39
062000	40.975796	91.178099	81.000427	908.345755	10667.148	4.401
062020	40.98294	91.11972	80.999882	907.931921	10669.589	9.146
062040	40.989835	91.062534	80.999975	908.013925	10675.412	8.573
062100	40.997148	91.002037	81.000031	907.401235	10676.717	3.218
062120	41.004351	90.942529	80.99999	904.811041	10675.819	-0.773
062140	41.011163	90.885948	80.999997	901.326119	10675.98	-0.224
062200	41.018247	90.82672	81.000013	900.425869	10675.89	0.776
062220	41.025353	90.767329	80.999981	899.251991	10676.268	-1.19
062240	41.032258	90.709648	80.99998	896.327745	10676.298	-6.946
062300	41.039289	90.650294	81.000148	895.228076	10672.294	-13.555
062320	41.046368	90.590084	80.999742	894.675539	10665.539	-13.994
062340	41.053358	90.530496	80.999726	893.217314	10660.305	-8.528
062400	41.060257	90.471573	81.002056	892.120967	10660.427	-7.861
062420	41.066866	90.414973	80.996408	892.159781	10658.382	-7.028
062440	41.073305	90.359727	80.996183	892.206653	10653.146	-1.064
062500	41.080136	90.301205	81.028635	889.666234	10656.602	5.473
062520	41.086924	90.242457	80.94997	887.673764	10660.447	8.429
062540	41.093487	90.184734	80.946832	887.977835	10659.752	7.998
062600	41.100412	90.123741	81.580804	887.675828	10664.41	8.711
062620	41.106999	90.065916	82.090277	888.761952	10668.813	6.452
062640	41.113057	90.012221	82.015467	891.695033	10668.168	0.598
062700	41.119671	89.951814	82.005582	892.407058	10667.788	-0.742
062720	41.126411	89.891087	81.954085	891.834663	10668.06	0.21
062740	41.132755	89.835404	81.9304	891.890315	10668.016	0.058
062800	41.139014	89.778573	82.409651	892.642296	10667.985	-0.052
062820	41.14567	89.718452	81.36195	892.977733	10668.002	0.007
062840	41.153259	89.65896	79.321807	893.433808	10667.999	-0.004
062900	41.161673	89.602641	78.998841	894.941654	10668.0	-0.0
062920	41.170163	89.544593	79.003779	895.617536	10668.0	0.002
062940	41.178586	89.485823	78.999721	896.572513	10668.001	-0.003
063000	41.18707	89.427067	79.000296	897.955082	10668.0	-0.001
063020	41.195692	89.367527	78.992578	898.204335	10667.996	0.015
063040	41.203912	89.310436	79.017283	897.823375	10668.01	-0.034
063100	41.211797	89.255133	79.005334	897.958897	10668.003	-0.01
063120	41.220079	89.196773	78.892317	899.286821	10667.939	0.209
063140	41.228431	89.137905	79.269246	900.311741	10668.136	-0.471
063200	41.236683	89.079291	79.977674	900.939808	10668.042	-0.145
063220	41.245096	89.018458	80.078967	902.799791	10667.156	4.947
063240	41.2534	88.959019	79.972161	904.814996	10670.115	9.509
063300	41.261496	88.901783	79.9984	905.96575	10675.809	8.256
063320	41.269615	88.843125	80.00567	906.233436	10676.876	1.603
063340	41.277772	88.783385	79.998001	905.605196	10675.228	1.648
063400	41.285896	88.724213	79.999885	904.097318	10675.819	7.858
063420	41.29392	88.666661	80.000407	901.984981	10681.223	5.116
063440	41.301875	88.608719	79.999856	900.480752	10682.205	-5.056
063500	41.309804	88.549742	79.999992	900.01007	10676.313	-14.701
063520	41.317702	88.49138	80.00003	899.921186	10670.928	-16.526
063540	41.325486	88.43392	79.999988	900.127334	10665.233	-13.196
063600	41.333391	88.375064	79.999999	900.036779	10660.137	-8.265
063620	41.3418	88.311927	80.000013	898.758999	10659.657	-2.891
063640	41.350014	88.250099	79.999975	897.62893	10659.8	2.278
063700	41.35763	88.192788	79.999993	897.937759	10659.893	7.695
063720	41.364985	88.137322	80.000149	899.565471	10664.354	13.596
063740	41.372565	88.079659	79.999665	899.663683	10670.988	14.223
063800	41.38032	88.020305	79.999897	898.058586	10675.867	8.359
063820	41.387797	87.96339	80.002072	897.745378	10676.526	1.858
063840	41.395596	87.904475	79.99534	898.198637	10675.689	-0.083
063900	41.403616	87.843557	79.998569	898.043636	10675.945	0.124
063920	41.41094	87.786521	80.02886	896.67827	10676.952	-5.095
063940	41.418257	87.729653	79.935088	895.787236	10673.705	-8.946
064000	41.425918	87.6703	79.98007	895.985284	10668.138	-8.072
064020	41.433468	87.610161	80.656	896.103001	10668.17	-7.377
064040	41.441004	87.550149	81.103896	895.846663	10666.207	-9.064
064100	41.44853	87.490838	81.005972	895.956555	10660.234	-8.311
064120	41.455823	87.432494	80.978841	897.370406	10658.462	2.278
064140	41.463078	87.374204	81.007459	898.082048	10662.392	10.178
064200	41.470431	87.315445	81.000429	897.973598	10667.835	8.255
064220	41.4778	87.256586	80.998481	899.238162	10668.584	2.41
064240	41.485023	87.198237	81.000536	900.29401	10667.792	-0.703
064300	41.492142	87.140123	81.000031	900.034711	10667.987	-0.038
064320	41.499385	87.081165	80.999891	899.51268	10668.059	0.086
064340	41.506676	87.021502	81.000038	901.118094	10667.947	0.081
064400	41.513847	86.962043	81.000002	903.919322	10667.987	0.038
064420	41.520828	86.90362	80.999993	904.157213	10668.239	-0.806
064440	41.52794	86.844703	81.000001	904.293308	10667.469	2.048
064500	41.535237	86.784706	81.0	905.907568	10667.837	7.79
064520	41.542407	86.724737	81.000009	907.52438	10673.314	9.265
064540	41.549474	86.665134	80.999978	908.072217	10676.683	6.138
064600	41.556455	86.606397	80.999993	907.986188	10676.002	0.324
064620	41.563304	86.548775	81.000135	908.670434	10676.751	-5.805
064640	41.570262	86.489309	80.999697	909.015731	10673.774	-8.691
064700	41.577348	86.428032	80.999907	908.97632	10668.142	-8.056
064720	41.584306	86.368379	81.001875	910.094876	10668.171	-7.462
064740	41.591211	86.308869	80.995784	911.73302	10666.178	-8.969
064800	41.598152	86.248338	80.998705	913.856176	10660.224	-8.286
064820	41.605102	86.18766	81.026109	917.263467	10658.672	1.797
064840	41.611983	86.127541	80.940779	919.976031	10661.909	11.439
064900	41.618814	86.067391	80.965402	920.95975	10667.434	14.834
064920	41.625697	86.005877	81.580565	921.114519	10672.807	15.747
064940	41.6325	85.945005	82.176046	920.878627	10678.215	13.734
065000	41.639193	85.885467	82.087868	920.902058	10682.647	8.822
065020	41.645955	85.825076	81.288986	921.698147	10683.305	3.433
065040	41.652803	85.763607	81.111584	919.702069	10683.145	-1.849
065100	41.659601	85.702264	81.908381	914.613911	10683.263	-7.188
065120	41.666139	85.642614	82.113634	912.257718	10679.59	-12.431
065140	41.672541	85.583152	81.968569	911.884303	10674.169	-15.841
065200	41.679015	85.52262	81.993494	911.171679	10668.901	-15.467
065220	41.685616	85.46206	82.008155	909.794269	10662.612	-10.865
065240	41.691962	85.40339	81.99775	908.754388	10659.757	-7.298
065300	41.698057	85.345558	81.99954	908.163593	10660.254	-7.787
065320	41.704553	85.284122	82.00053	906.658499	10656.049	-8.795
065340	41.711002	85.223322	81.999936	906.087688	10652.396	-6.747
065400	41.717231	85.164316	82.00007	907.673625	10652.958	-0.983
065420	41.723909	85.100658	81.999236	909.833906	10652.379	5.17
065440	41.730329	85.03933	82.001153	911.318446	10654.185	8.569
065500	41.736119	84.983872	82.001815	911.897386	10659.379	8.288
065520	41.742285	84.92421	81.989356	912.691569	10660.061	7.038
065540	41.74872	84.861033	82.016073	914.847638	10660.839	9.328
065600	41.754977	84.798856	82.02528	918.318255	10666.636	14.513
065620	41.761032	84.739066	81.85174	921.182214	10672.934	13.319
065640	41.767167	84.680369	82.239866	921.956489	10676.797	4.96
065700	41.772945	84.621014	83.654036	921.735071	10676.629	-4.751
065720	41.776816	84.560398	85.38698	924.674321	10671.937	-7.194
065740	41.779289	84.498679	86.737435	929.005122	10667.864	-2.526
065800	41.781764	84.436282	87.13669	930.52885	10671.097	4.792
065820	41.78451	84.373316	86.981807	929.927287	10676.425	7.862
065840	41.787134	84.310383	86.983013	929.921238	10676.238	2.577
065900	41.789536	84.249594	87.009222	930.084157	10676.475	-4.202
065920	41.791852	84.189326	86.999166	929.957947	10675.446	-8.434
065940	41.794252	84.126768	87.001062	929.816406	10669.627	-8.979
070000	41.796664	84.063023	86.992267	930.80856	10667.099	-4.646
070020	41.799035	84.000108	87.004248	932.073351	10668.075	0.296
070040	41.801368	83.938804	87.034014	932.124109	10668.071	0.606
070100	41.803697	83.875967	86.891386	931.898239	10668.111	-0.811
070120	41.80591	83.812567	87.059663	932.030718	10667.911	0.351
070140	41.807904	83.75149	87.86843	932.212148	10667.248	5.811
070200	41.809945	83.690383	87.719044	931.216064	10670.935	9.972
070220	41.812121	83.628515	86.955772	929.933593	10676.366	7.301
070240	41.814329	83.567026	86.953927	929.951747	10676.982	-3.344
070300	41.816481	83.506457	86.951234	929.846659	10673.592	-13.443
070320	41.818617	83.444771	87.043513	930.110397	10667.237	-14.499
070340	41.820779	83.38034	87.761509	931.70016	10660.569	-4.424
070400	41.822748	83.317984	88.110225	931.533157	10662.645	4.636
070420	41.824587	83.257618	87.989701	929.861155	10668.234	8.208
070440	41.826515	83.19574	87.984239	929.115971	10667.54	8.743
070500	41.828472	83.13266	88.007914	928.873536	10671.464	5.701
070520	41.830389	83.069021	87.999261	929.053625	10675.951	-0.767
070540	41.832217	83.005502	87.998869	929.407586	10670.369	-7.391
070600	41.833867	82.943721	88.000565	927.456346	10666.875	-5.532
070620	41.835466	82.884121	87.999949	924.856413	10668.111	0.334
070640	41.8372	82.825273	87.999932	924.820746	10668.218	0.347
070700	41.838922	82.76363	87.999998	924.891314	10667.733	0.373
070720	41.840561	82.700216	88.000019	923.864448	10668.11	-0.332
070740	41.84212	82.638743	88.000179	922.445233	10668.83	-5.951
070800	41.84352	82.579315	87.999414	921.654049	10664.87	-9.338
070820	41.844957	82.518497	88.000322	922.10897	10659.736	-7.665
070840	41.846642	82.45369	88.002571	923.546735	10659.824	-2.721
070900	41.848194	82.390864	87.991793	924.305367	10659.329	4.44
070920	41.84953	82.330542	88.004485	925.172538	10660.473	7.905
070940	41.850849	82.268699	88.035818	927.825649	10667.056	2.647
071000	41.852256	82.204271	87.885689	930.469085	10665.318	-2.425
071020	41.853627	82.141276	88.062771	932.125526	10659.893	0.861
071040	41.854818	82.083129	88.893246	932.918718	10664.751	12.134
071100	41.856079	82.021835	88.639846	932.925824	10672.214	14.545
071120	41.857434	81.958065	87.999352	933.064231	10676.192	7.218
071140	41.858715	81.897016	88.693929	934.327656	10676.293	1.247
071200	41.8599	81.83316	89.144157	935.980455	10675.855	-0.558
071220	41.861008	81.768204	88.98653	937.05638	10676.012	0.056
071240	41.862074	81.707311	88.979387	937.097806	10676.01	0.12
071300	41.863144	81.645138	89.01035	936.912546	10676.025	-0.171
071320	41.864204	81.581649	88.999033	937.028789	10675.981	0.076
071340	41.86521	81.520071	88.99852	937.204587	10675.845	0.582
071400	41.866176	81.456991	89.000744	936.235195	10676.499	-2.354
071420	41.867087	81.393361	88.99993	934.92356	10675.725	-8.689
071440	41.867944	81.332059	88.99989	934.872196	10670.664	-14.31
071500	41.868865	81.269195	89.000065	935.100186	10664.081	-13.531
071520	41.869786	81.2058	88.999989	934.971274	10659.78	-7.311
071540	41.870583	81.145079	88.999943	934.805263	10659.66	-1.376
071600	41.871399	81.082817	89.000161	935.727409	10660.182	0.579
071620	41.872167	81.018466	88.999914	937.097665	10659.977	-0.035
071640	41.872747	80.954776	88.999258	937.67145	10659.912	0.108
071700	41.873344	80.892597	89.002065	938.738742	10660.182	-0.539
071720	41.874	80.831	89.0	941.0	10660.0	-0.0
071740	41.874601	80.768306	88.989761	943.889244	10659.16	5.266
071800	41.875212	80.704768	89.025815	945.605877	10662.411	9.572
071820	41.8758	80.6408	89.0	946.0	10668.0	8.0
071840	41.876263	80.576801	88.857804	946.857208	10668.803	1.506
071900	41.876772	80.514331	89.396421	949.758537	10667.2	1.5
071920	41.8773	80.4521	90.0	953.0	10668.0	8.0
071940	41.877643	80.387064	89.278751	953.222786	10673.563	9.596
072000	41.877987	80.321698	89.15264	953.16073	10676.911	5.21
072020	41.878382	80.258305	89.970958	953.971486	10676.058	0.114
072040	41.878678	80.196836	90.104806	954.10107	10675.602	0.255
072100	41.878888	80.133811	89.958349	953.963958	10676.578	-1.823
072120	41.879089	80.069006	89.996214	953.997807	10676.163	-7.768
072140	41.879323	80.005775	90.041881	954.010256	10670.74	-9.532
072200	41.87941	79.9418	89.919734	953.990666	10667.173	-5.609
072220	41.879486	79.876357	89.976003	953.997771	10667.952	-0.165
072240	41.879658	79.812022	90.989607	954.042511	10668.168	0.584
072300	41.877977	79.749171	93.014925	953.905369	10667.941	-0.206
072320	41.874112	79.686744	94.944821	953.970991	10667.997	-0.012
072340	41.869917	79.623283	95.19736	955.092976	10668.012	0.043
072400	41.865674	79.559354	94.925219	956.754497	10667.996	-0.017
072420	41.861409	79.496571	94.994162	957.969813	10668.0	-0.002
072440	41.857276	79.435589	95.05218	958.064779	10667.996	0.018
072500	41.852826	79.370531	94.909138	958.100584	10668.01	-0.035
072520	41.848126	79.302842	94.973332	958.93606	10668.003	-0.011
072540	41.843818	79.24114	95.787197	960.387414	10667.939	0.213
072600	41.839544	79.178927	95.783897	961.204132	10668.139	-0.483
072620	41.835053	79.112984	95.019096	961.0333	10668.082	-0.282
072640	41.830503	79.047987	95.514513	961.050555	10667.141	4.703
072700	41.825778	78.983115	96.132066	963.257831	10669.858	9.287
072720	41.820968	78.918498	96.016539	966.765941	10675.619	8.421
072740	41.816424	78.856771	95.969739	967.544935	10676.748	2.649
072800	41.811817	78.793552	96.009482	966.568604	10675.655	-0.286
072820	41.806982	78.727455	96.001187	965.983816	10675.887	0.204
072840	41.802223	78.66311	95.997827	966.666532	10676.967	-4.738
072900	41.797513	78.599659	96.000681	966.888408	10674.005	-8.917
072920	41.792774	78.535785	96.000086	966.064374	10668.299	-8.15
072940	41.788012	78.472064	95.999841	965.858517	10668.116	-7.346
073000	41.783121	78.408446	96.000055	966.112366	10666.478	-8.975
073020	41.778102	78.344609	96.00001	966.855493	10660.488	-8.605
073040	41.773104	78.280368	95.999948	968.600702	10658.35	1.863
073100	41.768082	78.216404	96.000084	968.563228	10662.21	9.655
073120	41.763007	78.153106	96.000053	967.020682	10667.728	8.241
073140	41.757921	78.089852	95.999437	968.23931	10667.829	7.191
073200	41.752667	78.024685	96.001121	968.79949	10669.55	8.998
073220	41.747322	77.958564	96.000732	967.127386	10675.522	8.592
073240	41.742234	77.895504	95.992165	966.76564	10677.559	-1.665
073300	41.737124	77.832701	96.015708	967.078324	10673.968	-10.075
073320	41.73173	77.767319	96.014675	967.017276	10668.511	-8.715
073340	41.726151	77.700166	95.891801	966.959309	10667.417	-3.174
073400	41.72076	77.635615	96.201189	967.044886	10668.075	0.995
073420	41.715593	77.574249	96.929216	967.043482	10667.929	0.508
073440	41.710142	77.510378	97.069759	966.680191	10668.765	-4.439
073500	41.704554	77.446018	97.012042	967.594983	10666.494	-9.33
073520	41.699103	77.383021	97.034353	969.778491	10660.664	-8.809
073540	41.69374	77.318838	96.709721	970.278031	10658.725	-0.294
073600	41.687794	77.254748	97.570296	969.898421	10661.228	8.325
073620	41.680183	77.191993	100.621969	968.967209	10665.469	10.126
073640	41.669577	77.1293	104.897149	964.76986	10668.308	5.68
073700	41.655536	77.066646	108.74472	958.389136	10668.122	0.104
073720	41.639566	77.006305	110.012814	957.475954	10667.114	3.839
073740	41.622937	76.945915	109.97593	957.755647	10669.772	9.885
073800	41.60651	76.88505	109.996985	956.115752	10675.549	8.701
073820	41.590661	76.826965	110.005526	955.854356	10677.526	-1.842
073840	41.574798	76.769351	109.998251	955.913919	10673.944	-10.06
073900	41.558296	76.709287	109.99977	955.906655	10668.363	-8.541
073920	41.541151	76.64665	110.000544	957.509024	10667.212	-2.178
073940	41.524698	76.586758	109.999581	957.589138	10668.505	-0.524
074000	41.509008	76.529934	109.999792	956.022162	10668.225	-7.111
074020	41.492386	76.46952	110.002093	957.471974	10664.087	-13.411
074040	41.475503	76.408473	109.995879	959.730459	10657.079	1.519
074100	41.458958	76.349146	109.997312	960.884498	10658.505	4.486
074120	41.442288	76.289285	110.028759	962.026618	10675.126	-98.789
074140	41.425704	76.229977	109.942726	961.373285	10625.986	-324.455
074200	41.409417	76.172057	109.962575	959.15014	10460.86	-588.304
074220	41.393162	76.114055	110.616532	958.724681	10213.313	-739.297
074240	41.375918	76.052605	111.101841	959.071825	9945.694	-771.96
074300	41.357951	75.988816	111.013845	958.201166	9694.472	-749.083
074320	41.341097	75.929012	110.962692	955.27891	9451.433	-740.521
074340	41.324958	75.872219	111.035935	951.46189	9203.603	-734.649
074400	41.308738	75.815218	111.019698	946.636557	8954.908	-711.962
074420	41.292148	75.756138	110.79715	938.780053	8726.191	-681.099
074440	41.274913	75.697819	111.444117	928.975358	8507.462	-662.225
074500	41.256997	75.642006	113.099887	918.550811	8286.788	-662.622
074520	41.238682	75.586954	114.161739	907.726387	8063.963	-668.515
074540	41.220268	75.531773	114.05004	897.669434	7839.857	-675.375
074600	41.202026	75.477288	113.951754	890.274014	7614.644	-686.809
074620	41.184024	75.423526	114.011773	880.259357	7380.306	-635.386
074640	41.1663	75.370534	114.003845	866.322123	7164.697	-475.267
074700	41.148915	75.318859	113.995055	858.077361	7048.496	-258.526
074720	41.131386	75.266979	114.00309	855.583978	7011.085	-87.01
074740	41.11353	75.214183	114.004528	855.653913	7002.706	-16.059
074800	41.095999	75.162466	113.979809	857.570708	7006.357	5.616
074820	41.078649	75.111403	114.025386	859.240944	7010.569	7.185
074840	41.061395	75.060597	114.05703	859.157882	7010.25	1.177
074900	41.044836	75.011661	113.723494	858.493518	7009.817	-0.919
074920	41.026926	74.960051	114.342809	857.871716	7010.021	0.221
074940	41.008288	74.905013	113.568979	860.2776	7009.989	0.084
075000	40.995774	74.855065	104.383471	870.513571	7010.072	-0.269
075020	40.987981	74.798803	98.628715	876.816911	7009.15	2.959
075040	40.981993	74.73807	97.991232	877.070559	7009.844	0.536
075100	40.975929	74.680939	98.033618	875.397153	7012.891	-33.04
075120	40.969701	74.62543	97.982963	875.313072	7001.142	-169.222
075140	40.96342	74.568501	97.997486	875.141791	6925.839	-392.811
075200	40.95696	74.509991	98.040297	869.170885	6735.567	-578.567
075220	40.950792	74.453164	97.91357	859.295423	6504.741	-621.768
075240	40.944721	74.398628	97.973659	845.83892	6302.924	-524.518
075300	40.938229	74.344041	98.530534	825.900798	6149.339	-395.558
075320	40.933466	74.292255	97.059924	801.731627	6049.106	-313.078
075340	40.925524	74.241736	105.962035	767.669437	5961.448	-270.624
075400	40.907331	74.194071	127.962825	723.952256	5863.018	-231.029
075420	40.884956	74.160074	131.741657	694.310453	5804.042	-254.45
075440	40.862818	74.128883	130.676743	680.024499	5714.627	-374.006
075500	40.841436	74.095513	130.980859	669.600206	5559.66	-560.6
075520	40.819575	74.061758	130.194889	653.394803	5341.104	-739.848
075540	40.798572	74.029477	130.244815	647.58438	5057.954	-838.238
075600	40.778126	73.998143	131.049943	648.817217	4756.353	-851.963
075620	40.756909	73.966117	131.073024	643.134375	4488.164	-818.3
075640	40.735394	73.93386	130.974668	639.836817	4217.622	-739.743
075700	40.713962	73.901807	130.996273	636.184836	3972.059	-646.66
075720	40.692942	73.870428	130.94685	622.617108	3795.629	-596.67
075740	40.673305	73.841041	131.248541	606.811054	3604.867	-641.99
075800	40.65339	73.811749	132.109703	596.331125	3365.5	-729.961
075820	40.631638	73.780749	132.985778	591.846638	3102.477	-752.663
075840	40.612027	73.753062	132.771276	583.935627	2848.837	-685.857
075900	40.592922	73.727572	135.654592	577.653511	2637.726	-580.424
075920	40.572405	73.70007	135.702016	577.75227	2470.151	-517.263
075940	40.5544	73.667509	114.59624	575.420511	2299.613	-578.682
080000	40.550858	73.633152	88.314922	559.998628	2080.306	-672.491
080020	40.555454	73.596573	77.599705	556.409679	1867.969	-529.27
080040	40.564644	73.563607	63.832076	548.008064	1720.464	-420.01
080100	40.577629	73.533689	59.640363	540.738169	1585.574	-313.956
080120	40.5918	73.501049	59.441342	519.280197	1508.616	-258.722
080140	40.607116	73.477881	40.399456	486.260187	1407.946	-343.756
080200	40.6277	73.4696	0.0	454.0	1288.0	-223.0
080220	40.650835	73.472815	295.769203	419.413375	1278.449	-190.836
080240	40.672418	73.476747	359.297267	405.485425	1086.743	-66.931
080300	40.686769	73.4787	359.182204	387.323214	1494.539	20.795
080320	40.708056	73.481114	368.324043	392.55173	1433.818	-25.476
080340	40.730741	73.485638	361.896394	395.253101	1193.931	-75.778
080400	40.748336	73.494382	326.116568	371.538072	1129.265	-16.007
080420	40.758525	73.513387	298.043458	360.509312	1135.364	5.93
080440	40.7659	73.5327	297.0	330.0	1135.0	-98.0
080500	40.773313	73.551234	297.5663	305.773157	1084.676	-226.533
080520	40.779881	73.56921	294.509349	296.787821	977.122	-365.691
080540	40.786962	73.58694	297.75823	297.690703	840.94	-452.078
080600	40.789094	73.606859	263.350645	320.979733	671.868	-457.047
080620	40.781664	73.62393	231.938392	331.981291	554.661	-156.279
080640	40.770725	73.640861	230.604267	334.234013	532.46	-23.431
080700	40.75971	73.659113	230.937718	334.5669	528.731	-22.519
080720	40.747426	73.674124	220.922742	343.757215	529.531	-3.023
080740	40.732919	73.685999	211.293098	345.739618	521.272	-104.615
080800	40.71847	73.697481	211.12703	317.132189	442.223	-245.457
080820	40.706431	73.706913	211.044331	293.850812	339.589	-150.152
080840	40.69308	73.717442	211.00638	276.555634	362.613	-247.904
080900	40.681189	73.726787	211.035064	266.000664	301.605	-325.043
080920	40.67068	73.735	211.022782	260.587539	163.491	-325.504
080940	40.660137	73.743245	211.002227	257.56127	38.488	-300.535
081000	40.6486	73.7523	211.0	254.0	-0.0	-257.0
