160806	33.9368	118.41	263.0	322.0	114.0	0.0
160826	33.934667	118.429931	259.116349	319.608896	392.701	662.949
160846	33.928149	118.445982	234.516527	340.477297	534.987	361.721
160906	33.914855	118.462879	225.196675	386.476239	646.364	243.802
160926	33.9011	118.479	223.0	446.0	716.0	606.0
160946	33.883047	118.498982	221.576438	469.32037	953.531	883.648
161006	33.864982	118.518632	223.11482	462.965893	1312.791	954.602
161026	33.849	118.5366	223.0	457.0	1646.0	934.0
161046	33.83066	118.553682	208.199595	465.243595	1903.897	823.009
161106	33.80674	118.556501	177.192051	472.938918	2195.736	743.769
161126	33.7824	118.5491	165.0	505.0	2408.0	727.0
161146	33.758337	118.540982	164.597187	518.308939	2653.439	787.17
161206	33.733616	118.533604	163.742498	513.586333	2950.338	865.158
161226	33.709558	118.521836	149.531084	528.844215	3233.25	720.117
161246	33.690772	118.498384	125.445907	582.98259	3423.601	412.228
161306	33.679035	118.464264	112.133623	633.987422	3550.215	414.973
161326	33.669523	118.426948	109.074402	664.957075	3701.567	553.56
161346	33.658518	118.389686	110.03668	674.991527	3929.743	686.839
161406	33.647217	118.346802	102.27817	688.560776	4200.261	816.57
161426	33.644975	118.304801	90.370939	701.195284	4470.734	562.666
161446	33.644965	118.265036	88.688555	722.686852	4607.713	492.106
161506	33.644768	118.220942	90.461139	739.839614	4768.654	578.137
161526	33.644894	118.173653	90.026151	746.666882	5010.823	610.646
161546	33.644926	118.131183	89.914636	755.363013	5197.937	569.291
161606	33.644876	118.087853	90.01333	765.421049	5367.218	549.527
161626	33.644805	118.041035	89.995805	773.665155	5560.007	564.396
161646	33.644706	117.994861	90.116349	779.974324	5756.504	531.839
161706	33.644735	117.947075	89.725477	790.808068	5919.221	523.974
161726	33.644534	117.897632	89.915119	800.884952	6078.17	562.431
161746	33.643858	117.84989	91.71425	798.723744	6303.749	563.188
161806	33.645882	117.801074	85.781827	814.394198	6480.213	470.493
161826	33.652222	117.752471	76.624157	841.837172	6590.425	381.381
161846	33.661391	117.706332	76.581088	848.952651	6729.664	419.488
161906	33.671518	117.655335	77.329989	855.710629	6879.273	461.352
161926	33.681235	117.603857	76.934669	861.67512	7035.071	473.834
161946	33.690344	117.556256	76.9768	861.015593	7198.685	461.679
162006	33.700156	117.505114	76.988724	863.677803	7352.856	393.878
162026	33.710124	117.452689	77.039905	874.521922	7468.737	335.377
162046	33.719585	117.402711	77.098743	889.358242	7554.841	348.349
162106	33.729499	117.351165	76.512144	895.278606	7688.34	386.06
162126	33.739227	117.297982	77.656006	894.915626	7836.413	372.39
162146	33.746773	117.245205	82.405341	895.813214	7939.891	278.035
162206	33.749889	117.192871	88.275426	899.704853	8007.804	185.723
162226	33.749492	117.135997	91.575643	912.36424	8059.696	187.559
162246	33.748012	117.078045	91.788705	926.118548	8127.743	238.277
162306	33.746935	117.023708	90.977303	932.658551	8222.28	271.512
162326	33.746045	116.972297	91.938498	933.797247	8317.047	274.57
162346	33.744839	116.916397	91.179195	943.288808	8403.078	250.101
162406	33.746522	116.856603	84.65201	965.437412	8482.215	245.422
162426	33.75561	116.799825	75.938257	985.241436	8562.565	288.909
162446	33.770494	116.743334	71.860727	992.62937	8655.187	326.033
162506	33.7872	116.6879	71.0	990.0	8771.0	344.0
162526	33.802659	116.63385	70.968662	983.545688	8908.138	336.58
162546	33.818534	116.577238	71.012483	986.058033	9016.34	295.833
162606	33.8351	116.519	71.0	995.0	9091.0	282.0
162626	33.850764	116.463809	70.997204	994.777085	9183.666	369.822
162646	33.866692	116.407761	71.002276	985.726737	9335.808	422.938
162706	33.883	116.3504	71.0	978.0	9502.0	373.0
162726	33.898463	116.2956	70.992194	981.926089	9591.291	286.737
162746	33.913558	116.241936	71.019385	986.412585	9663.485	279.189
162806	33.9291	116.1867	71.0	985.0	9769.0	343.0
162826	33.945411	116.128649	70.893514	981.373344	9901.958	367.575
162846	33.961329	116.07182	71.306146	979.382789	10025.087	361.045
162906	33.9765	116.0175	72.0	978.0	10135.0	343.0
162926	33.991642	115.96325	72.072561	973.671104	10255.339	315.088
162946	34.007042	115.908032	71.970306	971.65189	10355.051	285.801
163006	34.022802	115.851376	71.9984	972.046638	10434.719	262.887
163026	34.038799	115.793615	72.005668	969.23868	10528.014	243.585
163046	34.054203	115.737889	71.998002	965.401351	10610.036	190.384
163106	34.068871	115.684838	71.999885	962.174092	10658.456	103.287
163126	34.083548	115.631743	72.000407	958.793174	10675.773	31.348
163146	34.098414	115.57782	71.999857	958.471089	10673.408	-0.688
163206	34.113535	115.522788	71.999992	961.803683	10667.992	-0.253
163226	34.128923	115.466657	72.000029	965.441825	10673.353	2.034
163246	34.144023	115.411321	71.99999	967.930901	10675.101	-3.552
163306	34.15894	115.356489	71.999999	968.979652	10668.297	-8.193
163326	34.174431	115.299714	72.000002	969.290121	10665.995	2.712
163346	34.1899	115.242945	71.999999	971.212521	10671.115	7.85
163406	34.204863	115.187817	72.0	974.828371	10676.042	0.328
163426	34.219526	115.133699	72.000001	977.439651	10670.443	-1.854
163446	34.234543	115.078199	71.999998	977.970389	10669.162	2.438
163506	34.250025	115.020873	71.999999	977.946504	10675.774	6.925
163526	34.265407	114.963777	72.000016	979.800021	10676.585	6.117
163546	34.28049	114.907701	71.999979	979.23481	10676.467	8.905
163606	34.295398	114.852129	71.999967	974.787342	10681.496	15.222
163626	34.310501	114.795498	72.00019	972.316901	10689.156	6.037
163646	34.325412	114.739587	71.999713	971.953623	10689.734	-14.356
163706	34.339835	114.685645	71.999549	971.957136	10678.784	-29.281
163726	34.354239	114.631456	72.002645	972.215287	10665.582	-24.165
163746	34.369155	114.575266	71.996006	971.667916	10659.29	-12.098
163806	34.384356	114.518107	71.993718	970.203079	10660.147	-8.055
163826	34.398685	114.463859	72.036842	969.81415	10656.56	-8.696
163846	34.413564	114.407449	71.944155	970.037189	10652.264	-6.656
163906	34.429501	114.347138	71.895034	969.998869	10652.657	-0.795
163926	34.443868	114.292306	72.623478	970.078353	10653.559	-0.352
163946	34.45782	114.238861	72.917402	969.880578	10652.512	1.347
164006	34.472958	114.181127	72.110771	969.171438	10651.831	11.526
164026	34.48779	114.124439	72.335033	968.85079	10659.177	21.489
164046	34.502186	114.069069	73.08764	969.070057	10669.802	21.939
164106	34.516673	114.013045	73.056097	969.686296	10675.302	11.325
164126	34.530992	113.957686	72.960997	970.957801	10676.444	2.686
164146	34.544974	113.903825	73.005031	972.110238	10675.941	-0.172
164206	34.558872	113.8504	73.004764	972.189544	10675.936	-0.141
164226	34.573586	113.793452	72.997149	971.412585	10676.071	0.003
164246	34.588564	113.735083	73.000257	969.793108	10675.977	0.041
164306	34.602743	113.679651	73.000397	967.224852	10675.838	0.378
164326	34.616676	113.625095	72.999784	964.052078	10676.518	-1.647
164346	34.6311	113.5686	73.0	961.0	10676.0	-7.0
164406	34.646166	113.509617	73.000035	958.805153	10671.282	-13.542
164426	34.660159	113.454835	72.999986	957.322073	10664.721	-14.115
164446	34.6734	113.4028	73.0	956.0	10660.0	-8.0
164506	34.687922	113.34533	73.000004	954.225121	10659.466	-1.734
164526	34.702632	113.287007	72.999997	951.899415	10660.304	0.087
164546	34.71655	113.231853	72.999999	950.071218	10660.098	-0.216
164606	34.729798	113.17929	73.000011	950.148658	10659.138	4.584
164626	34.742811	113.127594	72.999979	949.318682	10661.799	9.326
164646	34.756138	113.074532	72.99998	946.435334	10667.438	8.597
164706	34.770188	113.018357	73.000147	944.042907	10668.698	3.14
164726	34.784264	112.962066	72.999743	942.540202	10667.8	-0.666
164746	34.797801	112.907926	72.999727	941.235084	10667.952	-0.115
164806	34.811103	112.854326	73.002045	939.37953	10668.112	-0.035
164826	34.824752	112.799243	72.996427	937.279096	10667.878	0.325
164846	34.838735	112.742931	72.996203	935.296785	10667.882	0.388
164906	34.852198	112.688471	73.028481	933.477367	10668.866	-4.432
164926	34.865258	112.635314	72.95024	933.167136	10666.391	-9.078
164946	34.878469	112.581385	72.947119	934.719905	10660.567	-8.498
165006	34.892248	112.52526	73.578651	936.374157	10659.437	-3.783
165026	34.905897	112.469633	74.094039	937.13947	10659.913	1.863
165046	34.918958	112.416166	74.019465	937.753889	10659.735	7.106
165106	34.931949	112.362797	73.975591	940.096714	10663.705	13.19
165126	34.945155	112.308428	74.006752	940.698673	10670.391	14.384
165146	34.958509	112.253476	74.001398	938.305542	10675.609	8.903
165206	34.971677	112.199458	73.998247	937.254253	10676.232	3.657
165226	34.984815	112.145317	74.000485	936.669023	10676.374	-2.485
165246	34.998027	112.090339	74.0001	935.216702	10676.523	-7.903
165306	35.011145	112.035503	73.999873	933.934057	10670.429	-4.28
165326	35.024564	111.979603	74.000037	932.368753	10669.049	1.482
165346	35.038194	111.923057	74.000013	931.580958	10675.396	1.162
165406	35.051052	111.869359	73.99999	934.979679	10672.933	-5.107
165426	35.063726	111.81616	74.000002	938.448336	10667.186	-7.482
165446	35.076907	111.760837	74.000001	937.589975	10667.631	-1.278
165506	35.089928	111.706058	73.999999	934.907401	10668.328	0.843
165526	35.102676	111.652302	74.0	930.77406	10667.884	-0.008
165546	35.115455	111.59833	74.0	925.293624	10667.843	0.354
165606	35.128568	111.542786	74.0	920.85701	10668.673	-3.048
165626	35.141543	111.487692	74.0	918.811418	10667.339	-9.241
165646	35.15398	111.434764	74.000001	918.895911	10661.854	-13.675
165706	35.166492	111.381347	73.999997	918.992543	10656.27	-12.482
165726	35.179223	111.326868	73.999999	918.963968	10653.134	-7.506
165746	35.191912	111.272508	74.000011	919.865911	10652.936	-2.937
165806	35.204074	111.220269	73.999979	921.994091	10652.66	2.352
165826	35.215974	111.168988	73.999986	924.74512	10652.731	7.671
165846	35.228662	111.11422	74.000149	927.1493	10657.485	8.762
165906	35.241702	111.057735	73.999704	930.647005	10660.342	7.431
165926	35.254612	111.001686	73.999807	934.718098	10659.851	7.721
165946	35.267494	110.945924	74.00207	936.288285	10664.102	12.296
170006	35.280311	110.890474	73.995877	937.910794	10670.35	15.82
170026	35.29279	110.836195	73.997306	940.765433	10675.492	15.173
170046	35.304688	110.783894	74.028831	942.342687	10680.555	12.394
170106	35.317128	110.729206	73.94258	943.572551	10684.055	3.315
170126	35.330222	110.671816	73.962479	944.924186	10683.401	-7.529
170146	35.342576	110.617331	74.617561	945.301333	10677.798	-5.364
170206	35.354922	110.562902	75.099792	947.054548	10676.975	3.497
170226	35.367646	110.506853	75.012506	949.863538	10682.59	8.068
170246	35.379967	110.45199	74.977019	949.851973	10683.741	3.524
170306	35.392501	110.396099	75.007407	950.90495	10682.779	-1.032
170326	35.405401	110.338693	75.0014	953.087346	10682.974	-0.25
170346	35.417807	110.282965	74.998239	949.662461	10682.909	0.734
170406	35.430403	110.226486	75.000501	944.443292	10683.244	-1.032
170426	35.443383	110.168655	75.00014	941.484142	10683.348	-5.842
170446	35.45552	110.11411	74.999857	938.978623	10679.956	-11.638
170506	35.467267	110.061161	75.000029	936.335969	10674.73	-15.694
170526	35.479404	110.00672	75.000016	933.739635	10669.708	-15.833
170546	35.491764	109.950957	74.999989	931.323695	10663.629	-11.773
170606	35.504155	109.894795	75.000002	928.516402	10659.81	-7.628
170626	35.516399	109.839303	75.000002	925.06836	10660.322	-7.488
170646	35.528262	109.785213	74.999996	922.563538	10657.354	-8.822
170706	35.539967	109.731614	75.000003	922.074915	10652.501	-6.061
170726	35.551883	109.677069	75.000015	923.381442	10651.999	3.145
170746	35.563941	109.621593	74.999958	924.407847	10654.872	9.897
170806	35.576	109.56581	74.999964	924.17636	10659.141	12.456
170826	35.587919	109.51067	75.000212	923.017282	10663.364	15.608
170846	35.59951	109.457097	74.999861	921.876114	10669.052	14.098
170906	35.610849	109.404666	74.999347	921.284323	10675.411	3.813
170926	35.622642	109.349956	75.00239	920.182676	10673.517	-5.089
170946	35.634568	109.294336	74.998783	918.905417	10667.629	-6.813
171006	35.646023	109.240654	74.988257	918.616164	10667.232	-2.352
171026	35.657778	109.185694	75.023961	919.588199	10668.269	0.737
171046	35.669663	109.130305	75.013779	920.924147	10668.031	0.087
171106	35.680615	109.079049	74.855286	921.077666	10667.947	-0.17
171126	35.692068	109.024874	75.306231	921.097266	10668.01	0.076
171146	35.704318	108.966692	76.000658	921.088405	10667.997	0.024
171206	35.71558	108.913644	75.360236	919.569607	10668.051	-0.2
171226	35.72678	108.86061	75.106522	919.245342	10667.891	0.38
171246	35.738453	108.804782	75.93707	920.8688	10667.928	0.246
171306	35.749687	108.751255	76.116019	921.344825	10668.771	-4.144
171326	35.761227	108.6962	75.960644	920.672814	10666.322	-8.065
171346	35.773323	108.638069	75.987598	920.617195	10660.887	-7.666
171406	35.784932	108.581905	76.009684	923.159454	10659.507	-4.0
171426	35.796075	108.527839	75.997961	925.145672	10659.877	1.44
171446	35.807225	108.47383	75.998915	924.741577	10659.378	6.784
171506	35.818546	108.419041	76.000716	927.112567	10663.601	9.526
171526	35.829992	108.363275	75.999878	930.445385	10668.582	6.933
171546	35.841406	108.307099	75.999922	931.545387	10668.489	0.79
171606	35.852656	108.251951	76.000054	933.987332	10667.144	1.901
171626	35.863899	108.197665	75.999993	937.465948	10668.5	9.123
171646	35.875352	108.142856	75.999993	940.074114	10673.843	14.527
171706	35.88693	108.085936	76.000004	942.93544	10679.581	13.264
171726	35.898265	108.029187	75.999999	945.207135	10683.419	5.568
171746	35.909203	107.974921	75.999996	945.738581	10684.176	-4.039
171806	35.920493	107.919013	76.000008	946.714836	10680.236	-8.431
171826	35.932072	107.861563	75.999998	948.034868	10675.922	-7.973
171846	35.943372	107.80548	75.999962	948.050786	10676.507	-8.038
171906	35.954894	107.747816	76.000109	948.162183	10673.145	-7.616
171926	35.966353	107.690116	75.999969	947.940868	10667.914	-8.121
171946	35.977135	107.635948	75.999465	945.90432	10668.89	-12.533
172006	35.988495	107.578805	76.001538	944.465799	10663.44	-17.409
172026	36.0004	107.5188	76.0	946.0	10653.0	-15.0
172046	36.011655	107.462026	75.991901	950.761541	10651.192	-0.164
172106	36.022408	107.407404	76.017515	953.839121	10654.929	12.038
172126	36.033154	107.352488	76.005347	953.991833	10659.751	14.947
172146	36.044298	107.295651	75.89227	954.917331	10664.858	15.602
172206	36.05582	107.236548	76.269263	957.077355	10670.808	13.643
172226	36.067336	107.177198	76.977675	958.959344	10675.856	8.327
172246	36.078381	107.120631	77.078964	958.922236	10676.573	1.939
172306	36.089386	107.064152	76.972162	959.590846	10675.651	-0.037
172326	36.100545	107.006565	76.9984	960.988206	10675.937	0.148
172346	36.111541	106.949827	77.005669	959.922857	10677.112	-5.629
172406	36.122345	106.893569	76.998001	958.589493	10673.351	-7.511
172426	36.133243	106.836322	76.999885	958.940916	10668.03	-0.471
172446	36.144576	106.777029	77.000407	960.697357	10672.388	7.72
172506	36.155775	106.718448	76.999857	963.132058	10677.572	4.376
172526	36.166475	106.66226	76.999992	965.854625	10676.22	-7.569
172546	36.176979	106.606894	77.000029	968.488405	10670.537	-10.235
172606	36.188177	106.547471	76.99999	968.573317	10667.245	-5.364
172626	36.199835	106.485313	77.0	967.023753	10667.957	-0.151
172646	36.210649	106.42765	76.999999	967.983165	10668.15	0.548
172706	36.221149	106.371692	77.000005	969.58938	10667.955	-0.22
172726	36.231861	106.314578	77.000002	970.006249	10668.0	-0.021
172746	36.242695	106.256679	76.999964	969.76964	10667.955	0.24
172806	36.253638	106.197703	77.000081	970.613997	10668.122	-0.467
172826	36.26465	106.137982	77.000025	971.980468	10668.038	-0.14
172846	36.275647	106.078527	76.999496	971.135791	10667.222	4.841
172906	36.286659	106.018926	77.001144	968.983896	10669.962	9.76
172926	36.297535	105.95988	77.000669	966.317074	10675.581	8.625
172946	36.307972	105.903224	76.992956	962.867451	10677.281	-1.176
173006	36.318178	105.847414	77.013991	960.092429	10674.395	-11.471
173026	36.32846	105.790734	77.009139	959.023828	10668.654	-15.062
173046	36.338964	105.732953	76.902201	959.119892	10662.376	-11.607
173106	36.3495	105.674937	77.21374	958.614696	10659.497	-5.71
173126	36.359874	105.617339	77.940314	957.934998	10659.988	-0.508
173146	36.370117	105.559794	78.22186	959.787037	10659.466	4.69
173206	36.380714	105.500403	77.68237	961.27776	10661.445	10.277
173226	36.391545	105.440085	77.005921	961.008368	10667.372	14.754
173246	36.401748	105.382958	77.539845	961.274631	10673.063	13.909
173306	36.4117	105.327245	78.121656	960.270097	10677.717	1.185
173326	36.421951	105.269821	78.013685	958.108677	10676.815	-14.425
173346	36.432593	105.2094	77.992461	958.125881	10664.468	-9.412
173406	36.443143	105.149472	77.969171	957.341139	10661.918	4.332
173426	36.453297	105.091975	77.960282	954.376274	10674.663	7.995
173446	36.463296	105.034593	78.354722	953.032439	10675.855	-5.135
173506	36.473428	104.977304	77.853759	954.22198	10667.063	-16.21
173526	36.484397	104.92107	75.179674	957.75542	10660.174	-9.466
173546	36.49794	104.866213	71.193991	963.568211	10659.525	-2.453
173606	36.5151	104.810953	67.43941	969.550632	10659.832	1.718
173626	36.535059	104.754786	65.223585	974.024214	10659.454	5.604
173646	36.555356	104.699194	65.271584	976.644493	10663.138	10.809
173706	36.575423	104.644056	66.09835	978.341047	10669.105	15.828
173726	36.595629	104.58865	66.062568	979.805749	10674.229	16.52
173746	36.615848	104.533157	65.958393	979.906697	10680.593	8.159
173806	36.636038	104.47772	66.007271	980.239152	10682.551	-1.225
173826	36.656187	104.422409	66.00551	981.856267	10677.127	-1.604
173846	36.676144	104.367329	65.996295	981.03066	10677.296	4.102
173906	36.695914	104.312532	65.999822	978.134854	10682.778	7.126
173926	36.71563	104.257925	66.000783	976.071205	10684.567	-0.343
173946	36.735482	104.202909	65.999817	974.51114	10681.783	-8.873
174006	36.755674	104.146839	65.999929	972.57082	10677.004	-13.328
174026	36.776296	104.089556	66.000056	969.961295	10673.449	-21.738
174046	36.796402	104.033664	65.999988	965.722267	10664.812	-20.438
174106	36.815457	103.980554	65.999993	960.182915	10653.188	1.345
174126	36.834594	103.926983	66.000014	956.380048	10662.229	25.219
174146	36.85375	103.873124	65.999987	953.00405	10679.279	27.121
174206	36.872641	103.819949	65.999971	948.790552	10683.649	0.079
174226	36.891887	103.766102	66.000138	946.984383	10677.882	-28.439
174246	36.91153	103.711015	65.999824	948.764991	10663.684	-37.738
174306	36.931105	103.655596	65.999603	952.370925	10647.303	-21.703
174326	36.949983	103.602121	66.001973	953.530649	10645.166	7.067
174346	36.968675	103.549205	65.998066	952.883176	10655.495	24.108
174406	36.98772	103.495154	65.993798	952.83617	10666.404	17.619
174426	37.0065	103.441693	66.025669	953.598463	10667.822	12.981
174446	37.02546	103.387725	65.973286	953.952781	10669.259	15.683
174506	37.045072	103.331968	65.903452	953.652252	10679.996	16.65
174526	37.064343	103.276881	66.421579	955.685384	10684.61	8.587
174546	37.08324	103.222656	67.053774	958.198676	10682.787	-0.814
174606	37.102272	103.168143	67.057561	958.128467	10682.798	-0.974
174626	37.12132	103.113561	66.971279	958.274723	10683.016	0.818
174646	37.140295	103.058925	67.00269	959.043973	10683.044	-0.257
174706	37.159225	103.004102	67.004164	958.64755	10683.421	-4.542
174726	37.17818	102.949423	66.997734	956.525488	10681.2	-11.056
174746	37.1972	102.8946	67.0	954.0	10676.0	-15.0
174806	37.216314	102.839018	67.000413	953.03281	10670.205	-11.128
174826	37.235604	102.78294	66.999852	953.060602	10667.177	-3.569
174846	37.254809	102.727288	66.999983	953.038385	10667.816	0.17
174906	37.273416	102.673149	67.000034	952.572391	10669.348	-5.24
174926	37.291693	102.619868	66.999991	953.752939	10665.855	-7.291
174946	37.310177	102.565883	66.999998	955.941982	10660.044	-0.829
175006	37.32922	102.509805	67.0	954.688856	10664.738	1.506
175026	37.348069	102.454191	67.000004	954.509537	10667.27	-0.949
175046	37.366336	102.400539	67.000006	958.282583	10660.694	-1.183
175106	37.384885	102.346173	66.999961	960.796085	10662.433	8.839
175126	37.40398	102.289914	67.000059	962.719026	10670.308	15.208
175146	37.423196	102.232874	67.000111	965.461459	10675.509	9.39
175206	37.441701	102.177945	66.999471	966.854185	10675.751	6.972
175226	37.460377	102.122504	67.000672	966.995809	10676.856	8.162
175246	37.479873	102.064482	67.001513	966.979853	10682.082	7.397
175306	37.498795	102.008073	66.992002	967.032463	10683.456	5.339
175326	37.517114	101.953368	67.001719	965.883303	10683.061	-0.446
175346	37.535441	101.898536	67.030608	962.611506	10684.653	-11.026
175406	37.553736	101.843716	66.925843	959.867248	10678.149	-16.41
175426	37.5721	101.7886	67.0	958.0	10668.0	-15.0
175446	37.590704	101.732601	67.701955	955.212204	10668.462	-14.42
175506	37.608924	101.677416	68.086027	953.32731	10663.973	-15.953
175526	37.626979	101.622589	67.999083	953.900384	10653.325	-15.242
175546	37.645703	101.566033	68.115827	956.65388	10652.168	-6.456
175606	37.663985	101.510646	67.673147	958.525469	10652.564	4.942
175626	37.68188	101.456195	67.002817	958.959594	10652.759	14.556
175646	37.700781	101.398924	67.575534	960.576251	10662.082	21.888
175706	37.719211	101.34285	68.132286	963.30084	10671.314	21.575
175726	37.736988	101.288302	68.00761	965.901639	10675.781	15.271
175746	37.755757	101.230639	67.972905	967.050492	10680.746	11.219
175806	37.774311	101.17373	68.009855	966.668293	10683.966	3.615
175826	37.792378	101.118331	68.000656	965.999428	10683.142	-7.55
175846	37.811252	101.060277	67.995708	966.418757	10679.007	-13.33
175906	37.829976	101.002549	68.004836	964.962349	10674.128	-16.008
175926	37.847786	100.947429	68.003991	961.410402	10668.972	-15.728
175946	37.865096	100.893445	67.971393	960.160172	10662.079	-7.232
180006	37.882585	100.839002	68.050082	961.876732	10660.784	3.22
180026	37.900566	100.783293	68.080903	965.171827	10666.746	7.424
180046	37.918776	100.726654	67.498499	968.030957	10669.191	2.801
180106	37.937602	100.669822	66.921352	969.006579	10667.452	0.621
180126	37.957154	100.613421	66.958157	967.176273	10666.977	6.95
180146	37.976442	100.557421	67.027604	962.407178	10672.608	6.038
180206	37.995695	100.500579	66.995294	958.60737	10675.623	-1.473
180226	38.015147	100.443079	66.99701	958.772955	10669.411	-6.982
180246	38.033464	100.389102	67.001972	958.950808	10667.928	-9.13
180306	38.051332	100.336343	66.999673	957.648437	10667.146	-7.274
180326	38.06995	100.281007	66.999819	956.101224	10660.739	-1.855
180346	38.088764	100.225085	66.999998	956.727672	10662.763	3.956
180406	38.107647	100.168917	67.000095	958.109059	10668.392	7.232
180426	38.126684	100.112108	67.000628	958.040474	10667.764	7.169
180446	38.145496	100.056027	66.998271	958.23672	10670.492	7.232
180506	38.163913	100.001068	67.000486	957.918101	10676.172	6.904
180526	38.1821	99.94642	67.010014	955.228081	10676.583	3.108
180546	38.200528	99.890952	66.982185	953.899433	10676.097	-2.028
180606	38.219156	99.834786	66.988549	954.118713	10676.182	-7.389
180626	38.237414	99.779393	67.122154	951.477555	10672.075	-13.433
180646	38.255848	99.724332	66.756851	949.839071	10665.113	-14.291
180706	38.274713	99.667347	66.841128	950.118895	10660.138	-10.253
180726	38.293038	99.60736	69.212398	947.781174	10659.766	-8.717
180746	38.309302	99.552028	70.104513	947.130922	10654.433	-2.044
180806	38.325293	99.49726	69.973646	948.31809	10653.98	9.568
180826	38.342187	99.439754	69.980395	949.78432	10664.287	20.473
180846	38.358372	99.384222	70.011668	949.682628	10672.515	19.808
180906	38.374227	99.329375	69.998952	947.748011	10676.373	6.22
180926	38.390812	99.272138	69.998397	945.386032	10678.122	-11.213
180946	38.406621	99.217739	70.000805	945.376426	10668.749	-14.555
181006	38.422471	99.163131	69.999925	945.924627	10659.975	-7.422
181026	38.439884	99.102808	69.999885	943.826455	10666.747	-6.285
181046	38.456267	99.045723	70.000058	942.525229	10663.512	-12.071
181106	38.471672	98.991915	69.999995	943.092471	10652.351	-14.653
181126	38.487916	98.93533	69.999992	944.299308	10652.241	-4.858
181146	38.504265	98.878347	70.000002	946.296785	10652.599	5.964
181206	38.520294	98.822322	70.000001	948.116337	10653.462	16.254
181226	38.53625	98.76638	70.000009	948.316147	10662.888	28.343
181246	38.552493	98.709185	69.999969	947.253764	10675.52	25.955
181306	38.568818	98.651473	70.000017	945.881723	10683.334	5.371
181326	38.584782	98.594864	70.000138	945.495933	10680.288	-19.025
181346	38.600561	98.53871	69.99956	947.583918	10667.431	-18.372
181406	38.616391	98.482468	70.00024	950.144223	10660.26	1.964
181426	38.632384	98.425914	70.001919	950.214468	10671.58	14.421
181446	38.648422	98.368615	69.993874	949.913083	10677.857	10.891
181506	38.664516	98.310821	70.003348	949.996955	10675.939	-1.109
181526	38.680644	98.253374	70.026735	949.908399	10676.787	-7.895
181546	38.69637	98.197069	69.914677	950.335244	10672.167	-5.34
181606	38.711981	98.140679	70.046928	949.811963	10668.193	0.349
181626	38.728042	98.082606	70.766737	946.925642	10674.708	0.625
181646	38.744107	98.024706	71.1076	945.596334	10673.223	-0.617
181706	38.759735	97.968472	70.989946	946.025048	10668.047	0.221
181726	38.774937	97.913515	70.984614	945.548071	10674.118	1.607
181746	38.790574	97.856481	71.007725	943.925434	10674.742	-5.988
181806	38.80647	97.798252	70.999278	943.03204	10667.243	-15.431
181826	38.821893	97.741896	70.998896	944.44069	10661.467	-12.079
181846	38.837203	97.685975	71.000552	945.255736	10658.729	-0.724
181906	38.8529	97.628417	70.99995	944.979358	10660.45	8.504
181926	38.869006	97.569024	70.999933	944.99374	10666.398	8.867
181946	38.884408	97.512231	71.000001	944.917403	10668.22	7.241
182006	38.899582	97.456316	71.000009	945.025775	10668.127	8.114
182026	38.915678	97.396809	71.000177	945.45657	10673.49	9.696
182046	38.931439	97.338188	70.999485	943.503241	10677.572	2.556
182106	38.946444	97.28223	71.000146	940.954561	10675.769	-8.343
182126	38.961351	97.226864	71.002541	941.337287	10669.892	-9.471
182146	38.976402	97.1709	70.992791	939.126122	10667.527	-5.906
182206	38.991557	97.114263	71.002035	934.853559	10667.948	0.452
182226	39.006649	97.057598	71.0354	933.53945	10666.546	8.676
182246	39.02161	97.001288	70.899586	931.657833	10672.826	0.766
182306	39.036439	96.945303	71.028379	930.019929	10675.56	-15.495
182326	39.051214	96.889269	71.836065	931.853006	10658.174	-14.267
182346	39.066117	96.832755	71.75967	930.307126	10655.417	2.492
182406	39.080818	96.776968	70.975869	924.728226	10668.442	15.071
182426	39.095004	96.722895	70.936738	921.374653	10669.611	5.788
182446	39.109946	96.666044	70.964339	924.576348	10667.312	-2.019
182506	39.125716	96.60618	70.981735	931.702982	10667.954	-0.076
182526	39.141031	96.547821	71.650101	935.622414	10668.355	-0.389
182546	39.155519	96.492186	72.105976	938.324848	10667.437	1.869
182606	39.169769	96.437124	72.006092	940.925226	10667.838	7.77
182626	39.184796	96.379104	71.978418	941.258629	10673.254	9.531
182646	39.200004	96.320478	72.007609	940.922084	10676.834	5.595
182706	39.214865	96.263053	72.000437	940.999446	10676.049	0.16
182726	39.229538	96.205917	71.99845	940.921683	10675.797	-0.472
182746	39.244485	96.147713	72.000548	941.212322	10676.137	-0.047
182806	39.25947	96.089447	72.000032	941.066866	10676.027	-0.066
182826	39.27376	96.033541	71.999878	938.659149	10675.485	1.596
182846	39.288359	95.976168	72.000038	936.217878	10676.963	-3.412
182906	39.303347	95.917134	72.000005	935.090774	10676.624	-14.235
182926	39.317359	95.861792	71.999992	934.003027	10665.882	-16.942
182946	39.33122	95.807217	72.000001	932.130721	10658.872	-13.144
183006	39.345643	95.750545	71.999999	930.12178	10660.106	-8.394
183026	39.36021	95.692856	72.00001	929.754429	10655.583	-4.527
183046	39.37465	95.63544	71.999979	930.126288	10653.235	4.853
183106	39.388885	95.578832	71.999986	930.046745	10659.187	14.843
183126	39.403006	95.522526	72.000149	929.358984	10666.603	7.899
183146	39.417197	95.465592	71.999704	928.920874	10666.651	-4.053
183206	39.431556	95.407796	71.999807	928.998429	10660.421	-8.075
183226	39.446002	95.349902	72.00207	928.911353	10659.442	-4.189
183246	39.460265	95.29232	71.995877	929.232015	10659.753	2.766
183306	39.474298	95.235189	71.997306	929.955855	10659.704	7.748
183326	39.488379	95.178366	72.028831	930.047962	10665.173	8.334
183346	39.502609	95.121086	71.942578	930.031333	10668.237	8.143
183406	39.51672	95.063834	71.962478	929.234209	10667.723	8.173
183426	39.530292	95.008174	72.617569	926.016116	10673.594	4.255
183446	39.54414	94.951465	73.099775	925.566942	10675.03	-3.273
183506	39.5584	94.893245	73.012495	928.770773	10668.509	-8.116
183526	39.572073	94.836799	72.977138	929.369659	10666.845	-2.591
183546	39.585717	94.780275	73.007164	928.999479	10668.825	-1.121
183606	39.599624	94.722877	73.000897	929.870988	10668.394	-7.642
183626	39.613175	94.66695	72.998359	931.247112	10662.365	-5.71
183646	39.626575	94.611583	73.000514	932.389324	10660.631	4.85
183706	39.640375	94.554339	73.000064	932.96884	10667.229	14.608
183726	39.654902	94.493617	72.999882	933.097914	10673.784	12.631
183746	39.668989	94.434632	73.000037	932.866463	10676.564	4.99
183806	39.682348	94.378763	73.000005	932.120027	10676.089	0.168
183826	39.696187	94.320709	72.999992	930.68368	10675.633	0.404
183846	39.710144	94.261919	73.000001	929.824711	10676.528	-1.708
183906	39.723914	94.203754	72.999999	929.977311	10676.325	-7.595
183926	39.737783	94.145162	73.00001	930.049602	10670.838	-8.838
183946	39.750879	94.089604	72.999979	929.968085	10667.629	-7.531
184006	39.7634	94.036238	72.999986	929.98574	10668.178	-7.812
184026	39.777022	93.978304	73.000149	930.138742	10663.486	-9.762
184046	39.791096	93.91829	72.999704	929.709515	10658.657	-4.273
184106	39.804759	93.859665	72.999807	929.010011	10659.574	7.238
184126	39.818032	93.80256	73.002069	929.308783	10665.333	9.507
184146	39.831384	93.745185	72.995851	928.168189	10668.344	7.281
184206	39.844896	93.686991	72.996124	925.319083	10667.753	7.657
184226	39.858068	93.629548	73.02858	924.226174	10672.154	10.019
184246	39.871045	93.57295	72.950212	923.698434	10677.333	4.433
184306	39.884122	93.516292	72.947114	922.244795	10676.732	-7.212
184326	39.897339	93.458638	73.578658	920.546133	10670.085	-5.11
184346	39.910252	93.402135	74.094037	917.891932	10669.29	1.659
184406	39.922946	93.346582	74.019465	914.442967	10675.69	0.777
184426	39.936294	93.287783	73.975591	912.138731	10672.283	-5.789
184446	39.949548	93.229413	74.006752	910.317238	10666.991	-7.064
184506	39.962204	93.173921	74.001398	908.275742	10667.787	-0.708
184526	39.974963	93.117765	73.998247	906.728281	10668.3	0.757
184546	39.98776	93.060915	74.000485	905.650469	10667.86	0.005
184606	40.000407	93.004278	74.0001	904.304419	10667.913	0.219
184626	40.013005	92.94793	73.999873	901.749757	10668.563	-3.421
184646	40.025403	92.892605	74.000036	899.265961	10666.948	-10.86
184706	40.037634	92.837955	74.00001	898.088085	10661.421	-15.53
184726	40.050091	92.781988	73.999988	897.977955	10654.524	-7.432
184746	40.062665	92.72553	74.000006	897.916635	10654.068	1.566
184806	40.075189	92.669341	74.000007	897.840857	10659.686	0.697
184826	40.08778	92.612098	73.999961	899.422052	10656.605	-1.971
184846	40.100363	92.554469	74.000059	901.569678	10652.884	2.564
184906	40.112699	92.498058	74.000126	903.328886	10657.836	13.191
184926	40.124525	92.444003	73.999489	905.967375	10664.558	14.097
184946	40.136434	92.389498	74.000379	908.195667	10668.264	6.901
185006	40.149082	92.33152	74.001814	908.716464	10668.206	1.254
185026	40.161976	92.272378	73.993457	910.154718	10668.043	-1.215
185046	40.174546	92.2146	74.005216	912.25639	10667.867	0.608
185106	40.186644	92.158767	74.025198	913.51979	10667.282	6.217
185126	40.198959	92.101843	73.908903	915.207492	10671.302	9.768
185146	40.211465	92.04382	74.073646	917.2908	10676.471	7.12
185206	40.223839	91.986072	74.801588	918.745751	10676.622	0.604
185226	40.23638	91.927513	75.106292	919.102504	10674.966	3.047
185246	40.248698	91.869719	74.985831	919.008806	10676.679	8.147
185306	40.260482	91.813925	74.986667	919.113241	10682.284	3.087
185326	40.272859	91.755661	75.007631	918.375818	10680.829	-5.41
185346	40.285578	91.695685	74.998983	916.723481	10675.493	-7.543
185406	40.297738	91.637564	74.999043	914.743219	10675.366	-1.167
185426	40.309597	91.581218	75.000548	912.595436	10676.955	-2.097
185446	40.321637	91.52429	74.999927	910.777929	10675.398	-8.777
185506	40.333927	91.465788	74.999931	909.517237	10669.654	-9.592
185526	40.345541	91.410458	75.00004	907.75343	10666.812	-3.184
185546	40.357098	91.355157	74.999995	905.728562	10668.395	-0.545
185606	40.369452	91.295478	74.999994	904.355921	10669.613	-10.595
185626	40.381221	91.238491	75.000003	903.680379	10662.352	-18.722
185646	40.39256	91.183578	74.999999	904.11599	10652.351	-13.757
185706	40.404422	91.126037	74.999997	905.631292	10651.397	2.878
185726	40.415866	91.07035	75.000009	905.953331	10656.281	10.377
185746	40.427165	91.01521	74.999995	906.119645	10660.126	7.765
185806	40.439265	90.956027	74.999963	908.255527	10659.565	7.537
185826	40.451527	90.895702	75.000118	909.386258	10662.817	8.509
185846	40.46323	90.838052	74.999936	908.941825	10668.355	6.549
185906	40.474236	90.784109	74.999407	908.70386	10668.871	0.998
185926	40.485574	90.728037	75.001404	909.65296	10667.165	1.716
185946	40.4974	90.669	75.0	911.0	10668.0	8.0
190006	40.509016	90.611099	74.99235	911.083319	10673.656	9.329
190026	40.52063	90.553268	75.019328	911.085149	10676.68	5.813
190046	40.5323	90.4951	75.0	911.0	10676.0	-0.0
190106	40.543757	90.43781	74.893494	909.645641	10676.701	-5.849
190126	40.555004	90.381006	75.30622	908.724312	10673.61	-9.22
190146	40.5663	90.3237	76.0	909.0	10668.0	-8.0
190206	40.57794	90.265158	76.072127	909.363058	10667.412	-2.333
190226	40.589619	90.206322	75.971462	908.055213	10668.233	0.806
190246	40.6011	90.1479	76.0	906.0	10668.0	0.0
190306	40.612392	90.089895	76.005179	905.844579	10667.958	-0.147
190326	40.623597	90.032167	75.997951	905.937564	10668.016	0.059
190346	40.6347	89.9751	76.0	906.0	10668.0	-0.0
190406	40.645629	89.9191	76.000372	907.38698	10667.998	-0.015
190426	40.656625	89.862503	75.999853	908.181789	10667.998	0.015
190446	40.6679	89.8041	76.0	908.0	10668.0	0.0
190506	40.679451	89.744131	76.000027	908.462031	10668.016	-0.059
190526	40.690855	89.684678	75.999989	909.681559	10667.958	0.147
190546	40.7019	89.6269	76.0	911.0	10668.0	0.0
190606	40.71271	89.570287	76.000003	911.414787	10668.233	-0.806
190626	40.723517	89.513203	75.999997	910.137818	10667.412	2.334
190646	40.7344	89.4555	76.0	909.0	10668.0	8.0
190706	40.745275	89.398309	76.000011	910.567216	10673.612	9.216
190726	40.756123	89.340887	75.999973	910.359001	10676.697	5.86
190746	40.7671	89.2823	76.0	908.0	10676.0	0.0
190806	40.778373	89.222404	76.000147	907.674379	10676.702	-5.873
190826	40.789535	89.162985	75.999628	908.258571	10673.6	-9.178
190846	40.8002	89.1058	76.0	908.0	10668.0	-8.0
190906	40.810389	89.050811	76.002049	906.540752	10667.474	-2.549
190926	40.821041	88.993119	75.994821	905.927654	10668.075	1.351
190946	40.8321	88.9331	76.0	906.0	10668.0	0.0
191006	40.842594	88.875947	76.028538	904.710959	10668.825	-5.52
191026	40.852805	88.820261	75.927873	903.617481	10665.529	-9.241
191046	40.8631	88.7641	76.0	904.0	10660.0	-8.0
191106	40.873644	88.706494	76.69378	905.486754	10659.627	-3.023
191126	40.884696	88.645849	77.106505	906.050411	10659.705	2.905
191146	40.8957	88.5851	77.0	906.0	10660.0	8.0
191206	40.905745	88.529306	76.980673	907.362851	10665.218	10.304
191226	40.915822	88.473459	77.007648	908.199387	10669.602	2.507
191246	40.9264	88.4148	77.0	908.0	10668.0	-8.0
191306	40.93702	88.355254	76.998604	908.407972	10661.428	-4.423
191326	40.947554	88.296186	77.000571	909.848344	10661.683	3.739
191346	40.957982	88.237813	77.000031	911.898264	10667.828	7.913
191406	40.968317	88.179453	76.999891	913.596992	10667.896	8.118
191426	40.97866	88.12072	77.000039	913.955113	10669.889	8.39
191446	40.988898	88.062552	77.000002	913.952377	10675.807	8.15
191506	40.998861	88.005967	76.999988	915.852225	10676.674	2.82
191526	41.009321	87.946164	77.000011	917.519709	10675.785	-0.937
191546	41.020083	87.884275	77.000003	917.079354	10675.994	-0.078
191606	41.029995	87.827356	76.999946	914.944567	10675.885	0.773
191626	41.040001	87.769803	77.00012	913.760814	10676.352	-1.631
191646	41.050481	87.709211	77.000037	913.998585	10676.112	-7.646
191706	41.060669	87.64995	76.999256	913.75271	10671.687	-14.009
191726	41.070751	87.590895	77.001673	914.74869	10664.857	-13.525
191746	41.080895	87.531448	77.000514	916.920058	10660.083	-8.155
191806	41.090935	87.473082	76.98964	917.98667	10660.506	-7.958
191826	41.100851	87.415005	77.023302	920.531851	10657.796	-6.635
191846	41.110886	87.355633	77.007154	923.91471	10653.018	-0.363
191906	41.121348	87.294015	76.855702	924.23501	10657.176	6.161
191926	41.1317	87.232572	77.351559	926.96823	10660.551	8.065
191946	41.141613	87.173209	78.002944	932.770959	10659.936	7.872
192006	41.151339	87.115373	77.31526	935.639836	10664.215	12.921
192026	41.161396	87.055163	77.137519	938.750373	10671.01	14.571
192046	41.171694	86.992951	77.970102	942.859794	10675.86	8.411
192106	41.181595	86.933363	78.105794	944.290511	10676.709	1.013
192126	41.191493	86.87334	77.962703	946.215994	10675.256	1.951
192146	41.201596	86.811575	77.997856	949.834782	10675.811	7.904
192206	41.211617	86.750588	78.007595	952.289872	10681.441	4.377
192226	41.221591	86.689197	77.997323	953.342548	10681.69	-3.28
192246	41.231599	86.62691	77.999846	953.956157	10676.154	-7.894
192306	41.241625	86.565084	78.000542	955.189624	10676.175	-8.218
192326	41.25154	86.503975	77.999814	956.618677	10674.066	-8.285
192346	41.261403	86.442789	77.999991	957.931896	10668.185	-8.123
192406	41.271446	86.380354	77.999999	959.577155	10667.479	-3.342
192426	41.281525	86.31735	78.000076	962.550928	10667.878	2.318
192446	41.291504	86.254442	78.000027	965.883871	10667.903	7.662
192506	41.301364	86.191863	77.999448	966.997545	10672.227	14.432
192526	41.311013	86.130711	78.001248	966.953318	10679.224	12.057
192546	41.320703	86.069452	78.000383	966.094635	10683.043	0.53
192606	41.330881	86.004758	77.992267	963.431251	10678.56	-6.621
192626	41.340992	85.940169	78.017393	961.289523	10675.651	-8.209
192646	41.350629	85.878242	78.00534	960.983904	10676.108	-7.971
192706	41.360007	85.817522	77.892294	961.324306	10670.972	-8.94
192726	41.369793	85.754101	78.269254	960.190005	10667.007	-5.525
192746	41.379815	85.689061	78.977675	958.066311	10667.918	-0.073
192806	41.389125	85.628054	79.078966	957.77644	10668.804	-3.55
192826	41.398224	85.568166	78.972161	958.05355	10666.321	-11.631
192846	41.407622	85.506347	78.9984	957.995602	10660.34	-15.116
192906	41.417256	85.442871	79.005672	958.422562	10654.266	-7.254
192926	41.426697	85.380359	78.997996	959.650693	10653.856	6.032
192946	41.435934	85.318817	78.999883	960.96237	10659.655	14.859
193006	41.445362	85.255742	79.00044	961.121351	10665.906	12.108
193026	41.454607	85.194021	78.999782	961.011153	10668.597	4.831
193046	41.463732	85.133043	78.999969	961.910356	10668.034	0.123
193106	41.473318	85.068241	79.000493	964.407201	10667.894	-0.481
193126	41.48281	85.003598	78.998946	967.152444	10668.006	0.279
193146	41.491945	84.941302	78.999679	968.942947	10667.991	0.048
193206	41.501111	84.878882	79.006468	969.65809	10668.221	-0.832
193226	41.510379	84.815379	78.985457	970.454065	10667.486	2.03
193246	41.519551	84.75183	78.995535	971.917452	10667.841	7.781
193306	41.528452	84.689833	79.090052	973.476207	10673.237	9.462
193326	41.537819	84.62598	78.797454	974.11947	10676.856	5.689
193346	41.547171	84.56015	78.937813	973.997861	10676.055	0.186
193406	41.554751	84.496458	81.211989	974.372877	10675.622	-1.143
193426	41.560703	84.433479	83.771153	974.945105	10675.948	-0.106
193446	41.565735	84.368741	84.275893	975.074009	10676.118	-0.057
193506	41.570445	84.303855	83.93491	974.968581	10675.871	0.347
193526	41.575183	84.239925	83.997936	974.982366	10675.876	0.409
193546	41.579984	84.175274	83.914064	975.108473	10676.911	-4.586
193606	41.584763	84.110094	84.192781	974.804806	10674.313	-8.811
193626	41.589417	84.045833	84.925188	974.078197	10668.484	-8.215
193646	41.593923	83.983595	85.092559	973.873052	10668.061	-7.365
193706	41.598559	83.918498	84.974398	974.101043	10666.721	-8.822
193726	41.603313	83.850291	84.994701	974.801398	10660.744	-8.827
193746	41.607706	83.787	85.006645	976.60681	10658.369	1.045
193806	41.612052	83.724052	84.998162	978.657536	10661.803	9.899
193826	41.616543	83.658448	84.99962	979.908376	10667.456	8.734
193846	41.620809	83.595607	85.000474	980.099173	10668.673	2.981
193906	41.625172	83.531004	84.999873	979.9959	10667.814	-0.645
193926	41.629736	83.463045	84.999978	980.022872	10667.961	-0.133
193946	41.633991	83.39882	84.999995	979.787274	10668.048	0.167
194006	41.638204	83.334073	85.000059	980.409217	10667.987	-0.046
194026	41.64256	83.266446	85.000071	981.867834	10667.997	-0.01
194046	41.646702	83.202116	84.999455	982.065772	10668.003	0.012
194106	41.650698	83.139461	85.000957	982.166587	10667.999	-0.003
194126	41.654771	83.074717	85.001017	982.935798	10668.0	-0.001
194146	41.65904	83.006814	84.992369	982.954869	10668.0	0.001
194206	41.663236	82.94041	85.013333	983.257519	10668.0	-0.0
194226	41.667209	82.876883	85.014169	984.729336	10668.0	-0.0
194246	41.671161	82.810969	84.893708	986.434319	10668.0	0.0
194306	41.675041	82.746103	85.198412	986.983016	10668.0	-0.0
194326	41.6789	82.682811	85.926354	986.865905	10668.0	-0.0
194346	41.683002	82.614214	86.091097	988.727187	10668.0	0.0
194406	41.686901	82.547484	85.974802	990.245666	10668.0	-0.0
194426	41.690454	82.485867	85.994784	990.011328	10668.0	-0.0
194446	41.694254	82.420129	86.00654	990.474411	10668.0	0.0
194506	41.698143	82.352357	85.998191	991.164759	10668.0	0.0
194526	41.701855	82.286454	85.999626	991.07669	10668.0	0.0
194546	41.705459	82.221617	86.000469	990.391456	10668.0	-0.0
194606	41.709074	82.15563	85.99987	989.914296	10668.0	0.0
194626	41.712748	82.088236	85.999973	989.982327	10668.0	0.0
194646	41.716399	82.022136	86.000031	990.021638	10668.0	-0.0
194706	41.719903	81.956812	85.999996	989.994938	10668.0	0.0
194726	41.723287	81.890954	86.000003	989.999891	10668.0	0.0
194746	41.726759	81.82445	85.999963	989.99285	10668.0	-0.0
194806	41.730172	81.759296	86.000068	990.014842	10668.0	0.001
194826	41.73349	81.694924	86.000073	990.016151	10668.0	0.001
194846	41.736971	81.627193	85.999452	989.878268	10668.001	-0.005
194906	41.740336	81.560542	86.000957	990.225555	10667.997	0.009
194926	41.743436	81.497119	86.001017	990.955227	10667.997	0.01
194946	41.746595	81.431555	85.99237	990.874464	10668.02	-0.072
195006	41.749838	81.36484	86.01333	991.378712	10667.964	0.126
195026	41.753035	81.299309	86.014166	992.855024	10667.962	0.134
195046	41.756063	81.234997	85.893732	993.132227	10668.285	-1.002
195106	41.759059	81.170477	86.19837	993.046523	10667.502	1.853
195126	41.762136	81.104239	86.926309	993.094113	10667.47	7.693
195146	41.76522	81.035886	87.091433	991.862571	10673.429	5.158
195206	41.768254	80.96801	86.974196	990.796947	10675.257	-2.905
195226	41.771216	80.901841	86.993044	990.938108	10668.999	-8.033
195246	41.774111	80.835304	87.005574	991.093863	10667.052	-4.131
195306	41.776944	80.769266	87.000337	990.925151	10668.237	0.779
195326	41.77974	80.704214	87.002633	990.89834	10668.086	0.209
195346	41.782548	80.637962	86.982038	991.880325	10667.841	-0.006
195406	41.785325	80.571265	87.027858	993.493436	10668.155	-0.297
195426	41.78803	80.504797	87.052545	994.815765	10668.266	-0.646
195446	41.790703	80.437295	86.750278	995.132032	10666.764	4.284
195506	41.793356	80.372963	87.331469	994.979742	10669.61	9.947
195526	41.794863	80.310311	89.47022	995.004882	10677.067	7.582
195546	41.793672	80.24009	91.513488	994.998007	10677.544	-3.228
195606	41.791857	80.170965	92.226943	995.020879	10672.657	-9.705
195626	41.790324	80.105555	91.98926	994.993968	10667.868	-7.764
195646	41.788747	80.040601	91.964987	994.894402	10667.586	-2.023
195706	41.787058	79.975726	92.015659	995.349194	10668.136	0.971
195726	41.785313	79.909847	91.999198	996.018448	10668.007	-0.095
195746	41.783585	79.842027	91.996953	996.039085	10668.251	-1.103
195806	41.781823	79.775741	92.002636	996.044424	10667.213	3.225
195826	41.780009	79.711379	91.999516	995.980708	10668.226	8.039
195846	41.778157	79.646394	91.99236	995.301792	10674.675	3.718
195906	41.776224	79.580306	92.021239	994.811147	10674.111	-4.472
195926	41.774197	79.512446	91.994024	995.027799	10667.798	-7.927
195946	41.772121	79.443055	91.896091	995.749009	10667.341	-2.498
200006	41.7701	79.377162	92.344006	996.098305	10668.293	1.014
200026	41.768098	79.314227	93.019929	995.995479	10667.985	-0.05
200046	41.765983	79.249188	93.064911	995.991339	10667.953	-0.164
200106	41.763784	79.181516	92.971141	995.986008	10668.021	0.073
200126	41.761592	79.114002	93.001431	996.005617	10667.999	-0.004
200146	41.759469	79.049429	93.00466	996.102739	10667.997	-0.012
200206	41.757272	78.983777	92.997928	995.656514	10668.002	0.005
200226	41.754874	78.915002	93.000103	994.980045	10668.0	-0.0
200246	41.752309	78.845173	93.000334	994.935005	10668.0	-0.001
200306	41.74994	78.779635	92.999852	995.028897	10668.0	0.0
200326	41.747681	78.716461	93.000007	994.998567	10668.0	-0.0
200346	41.745165	78.649529	93.000021	994.995331	10668.0	-0.0
200406	41.7426	78.582181	92.999997	995.002083	10668.0	0.0
200426	41.740072	78.516213	92.999998	994.999895	10668.0	0.0
200446	41.73748	78.450619	92.999963	994.999624	10668.0	0.0
200506	41.734857	78.385631	93.000109	995.000266	10668.0	-0.0
200526	41.7322	78.3195	93.0	995.0	10668.0	0.0
200546	41.729472	78.250386	92.999452	994.999422	10668.0	0.001
200606	41.726734	78.183793	93.001382	995.0014	10668.001	-0.003
200626	41.724	78.1205	93.0	995.0	10668.0	0.0
200646	41.721217	78.055727	92.992385	994.992345	10667.996	0.014
200706	41.718367	77.988836	93.019246	995.019343	10668.01	-0.036
200726	41.7155	77.9216	93.0	995.0	10668.0	0.0
200746	41.712664	77.855784	92.893937	994.893406	10667.943	0.197
200806	41.709675	77.788172	93.305101	995.306444	10668.143	-0.497
200826	41.7066	77.7206	94.0	996.0	10668.0	0.0
200846	41.703685	77.657915	94.078294	996.070897	10667.209	5.11
200906	41.700637	77.592214	93.955877	995.974573	10670.295	9.965
200926	41.6974	77.523	94.0	996.0	10676.0	8.0
200946	41.694238	77.457674	94.091067	995.988035	10677.43	-3.031
201006	41.691175	77.392732	93.780875	996.041279	10673.32	-10.209
201026	41.6879	77.3258	94.0	996.0	10668.0	-8.0
201046	41.683678	77.258695	96.38183	995.761598	10667.477	-2.211
201106	41.677181	77.193942	99.606003	996.677408	10668.181	0.885
201126	41.6674	77.131	103.0	998.0	10668.0	0.0
201146	41.654119	77.067092	106.86196	997.404465	10668.215	-1.368
201206	41.638463	77.003323	109.763523	996.119629	10668.119	-0.481
201226	41.621776	76.941234	110.290934	995.890165	10667.197	4.325
201246	41.604704	76.878836	109.919511	995.950722	10669.479	9.501
201306	41.587563	76.815195	109.983324	995.195359	10675.292	8.986
201326	41.57054	76.752547	110.021034	993.687521	10677.628	-1.389
201346	41.553543	76.690641	109.993966	992.932674	10674.124	-9.548
201406	41.536539	76.628983	109.998532	993.065191	10668.454	-8.401
201426	41.519639	76.56796	110.003543	991.940389	10668.023	-5.416
201446	41.502383	76.505737	109.996015	990.702236	10666.964	4.88
201506	41.4848	76.442284	109.99612	990.854322	10666.739	4.631
201526	41.467778	76.380864	110.02857	991.834747	10677.7	-54.647
201546	41.451014	76.320346	109.950242	989.516114	10649.534	-146.395
201606	41.433985	76.258978	109.947147	983.711322	10566.797	-232.307
201626	41.416686	76.197115	110.578403	981.336358	10486.96	-313.197
201646	41.39977	76.137021	111.094483	984.942027	10378.807	-460.181
201706	41.383086	76.077877	111.019939	990.616193	10192.936	-666.624
201726	41.365311	76.014712	110.972036	989.71975	9920.996	-792.728
201746	41.347456	75.951316	111.012962	985.748306	9635.363	-827.55
201806	41.330495	75.891533	111.007998	982.574373	9375.126	-814.468
201826	41.313932	75.833691	110.945405	977.603785	9096.997	-790.391
201846	41.29715	75.774133	111.065576	969.762758	8830.69	-757.357
201906	41.279517	75.711879	111.713262	960.207892	8599.715	-721.11
201926	41.260565	75.651808	113.09996	952.075039	8360.643	-714.136
201946	41.241381	75.594887	114.134019	941.912421	8115.856	-713.818
202006	41.222905	75.539467	114.059543	928.061201	7883.022	-700.998
202026	41.20436	75.483706	113.953217	917.894921	7654.471	-709.728
202046	41.185783	75.428108	114.009766	908.103731	7412.127	-673.159
202106	41.16758	75.373902	114.004598	895.556332	7177.428	-519.205
202126	41.14977	75.321095	113.995073	888.453851	7043.958	-282.687
202146	41.131713	75.267603	114.0027	888.576851	7006.222	-84.306
202206	41.113061	75.212304	114.004832	891.690414	7008.493	-7.222
202226	41.094577	75.157648	113.977811	890.333994	7010.318	9.112
202246	41.076352	75.104061	114.028041	882.509224	7011.073	7.047
202306	41.058382	75.051333	114.063044	872.572425	7017.465	1.928
202326	41.041046	75.000052	113.694285	870.34707	7014.745	-6.75
202346	41.022682	74.947181	114.364829	877.471478	7009.394	-7.516
202406	41.00466	74.891769	111.775048	885.576564	7010.13	0.584
202426	40.99306	74.836663	100.566883	884.926392	7009.972	0.015
202446	40.986193	74.778199	97.429167	884.42951	7009.647	-3.664
202506	40.980613	74.721341	98.214845	883.214499	7010.128	-46.689
202526	40.974441	74.666732	98.026813	880.288429	6992.455	-153.866
202546	40.967962	74.608424	97.951951	877.491789	6918.201	-315.061
202606	40.961582	74.550276	98.013008	872.568444	6780.825	-482.971
202626	40.955334	74.49435	98.000345	864.811335	6589.524	-577.655
202646	40.948906	74.437087	98.013457	855.36285	6371.212	-520.764
202706	40.942656	74.381442	97.967262	834.678234	6215.027	-387.213
202726	40.936779	74.329394	97.978022	803.887741	6134.174	-274.758
202746	40.931051	74.278642	98.236448	778.420105	6041.55	-223.567
202806	40.925687	74.227189	97.796952	751.001353	5981.705	-172.436
202826	40.917563	74.179832	108.646778	723.854557	5935.25	-207.319
202846	40.898004	74.141596	132.808697	700.142967	5841.554	-281.27
202906	40.870804	74.118788	155.209618	671.075179	5747.169	-391.677
202926	40.840599	74.106118	166.244338	660.418246	5602.294	-518.006
202946	40.807202	74.092679	164.007218	667.276812	5409.883	-505.648
203006	40.775667	74.080298	162.443112	662.882561	5253.571	-493.959
203026	40.744878	74.068025	162.992651	651.164075	5101.11	-516.806
203046	40.712537	74.054525	162.17431	644.120954	4904.027	-555.52
203106	40.681625	74.041528	162.212332	630.637725	4721.756	-615.341
203126	40.651946	74.029418	163.194312	624.890758	4516.311	-624.139
203146	40.621967	74.017729	163.893491	635.522105	4270.32	-533.668
203206	40.592271	74.006423	164.065832	626.175071	4136.247	-446.45
203226	40.562947	73.995261	163.988162	607.48698	4031.507	-383.496
203246	40.533638	73.983993	163.99057	605.564516	3855.919	-317.518
203306	40.504124	73.972699	164.014499	610.762006	3785.212	-256.853
203326	40.475238	73.961613	163.988995	611.252594	3748.011	-296.489
203346	40.447	73.950676	163.96649	603.917125	3599.86	-466.485
203406	40.416706	73.939154	164.137159	600.175978	3406.832	-562.142
203426	40.386051	73.927525	163.860395	599.804381	3217.394	-542.516
203446	40.357607	73.917019	164.106734	596.764688	3048.132	-504.893
203506	40.330103	73.906473	162.76937	595.25177	2887.433	-531.867
203526	40.3049	73.8868	138.0	604.0	2690.0	-525.0
203546	40.289508	73.853274	111.638337	581.571021	2535.634	-482.956
203606	40.278946	73.817688	112.230872	580.665856	2367.851	-312.458
203626	40.268917	73.784242	114.307369	564.344192	2298.331	-252.561
203646	40.261542	73.750175	95.351569	524.045122	2204.379	-343.913
203706	40.263388	73.715735	82.192187	504.291082	2071.85	-416.271
203726	40.266574	73.685048	82.215576	501.596719	1932.56	-435.067
203746	40.269357	73.654246	82.551854	499.782697	1783.388	-429.244
203806	40.272375	73.620982	82.764926	494.360339	1637.541	-418.213
203826	40.274939	73.587854	87.283498	484.217151	1513.592	-427.705
203846	40.281667	73.557593	63.851383	462.669297	1349.718	-471.204
203906	40.297527	73.538846	25.728288	447.48144	1197.616	-413.737
203926	40.317833	73.529422	15.133905	439.518214	1071.729	-379.352
203946	40.339382	73.52132	17.512437	432.566555	934.99	-378.917
204006	40.360888	73.512538	16.94106	423.525767	809.724	-298.461
204026	40.379704	73.504592	19.262058	401.475904	744.704	-135.382
204046	40.397716	73.496319	20.195449	372.884409	738.73	-3.511
204106	40.414905	73.488194	14.897049	370.105319	739.992	12.195
204126	40.432462	73.480141	29.291299	369.47828	738.576	-3.806
204146	40.450523	73.471553	23.097607	359.292326	738.954	-0.073
204206	40.4673	73.4644	13.0	356.0	739.0	0.0
204226	40.483259	73.466972	325.75886	334.042951	738.32	11.835
204246	40.498842	73.47288	335.950062	288.065308	747.022	-1.026
204306	40.509454	73.482762	323.257773	268.730429	738.706	-11.719
204326	40.520599	73.494176	318.872174	270.77499	739.192	0.988
204346	40.528164	73.506787	304.208423	274.703239	738.851	-0.271
204406	40.536053	73.522794	302.967577	274.976604	739.12	-0.365
204426	40.543366	73.538326	301.510061	274.972142	739.55	-2.396
204446	40.550707	73.554716	300.703155	275.038022	737.034	9.86
204506	40.557808	73.570604	301.0547	274.977695	740.567	4.488
204526	40.564358	73.584661	301.025691	274.980458	747.474	-55.229
204546	40.571616	73.600656	300.248516	275.433272	716.379	-137.275
204606	40.578917	73.617007	300.129456	273.87467	657.264	-238.11
204626	40.585852	73.632343	300.960289	270.178728	562.512	-270.648
204646	40.592831	73.647386	301.331808	265.968279	431.67	-169.456
204706	40.599325	73.661741	300.425872	254.559651	458.466	-414.843
204726	40.605765	73.675897	300.246912	241.140004	211.718	66.365
204746	40.611886	73.689081	301.983217	238.004457	162.035	318.501
204806	40.616823	73.700606	301.840569	237.480366	1142.241	-2008.373
204826	40.623383	73.714765	301.512709	235.698109	777.233	-1659.592
204846	40.630083	73.729156	301.105355	232.852546	100.379	-527.832
204906	40.635727	73.741792	300.962102	230.019084	-3.44	-234.756
204926	40.641495	73.754338	302.085375	232.633391	-4.595	38.91
