161745	33.9358	118.42	264.0	320.0	213.0	0.0
161805	33.932205	118.43732	246.174995	332.386528	476.284	662.495
161825	33.920004	118.454116	223.560022	362.794665	632.986	420.522
161845	33.906108	118.469285	222.646798	397.758477	773.814	379.938
161905	33.891654	118.486251	225.049244	439.404944	882.656	409.947
161925	33.870788	118.502636	205.31826	478.018735	1052.879	599.793
161945	33.848055	118.508608	185.945459	495.012675	1285.736	784.447
162005	33.823035	118.510249	182.405284	502.958517	1557.194	878.849
162025	33.797181	118.511615	182.954553	505.237006	1862.915	903.319
162045	33.771698	118.513653	183.80304	504.91957	2179.532	872.165
162105	33.745456	118.516817	187.64593	510.257377	2466.691	779.913
162125	33.720716	118.516478	172.275859	524.218555	2671.359	647.425
162145	33.697881	118.503608	143.028127	531.622396	2892.712	754.741
162205	33.683919	118.476667	108.184275	525.505617	3165.796	698.645
162225	33.677372	118.444214	104.331977	543.497659	3336.223	439.924
162245	33.668761	118.413897	110.191152	577.024278	3453.599	411.402
162305	33.657	118.3818	112.0	604.0	3627.0	529.0
162325	33.646154	118.344211	106.013048	615.108972	3877.918	593.373
162345	33.644388	118.306469	93.722235	628.399011	4046.737	539.85
162405	33.6454	118.271414	87.997299	641.794628	4207.691	496.329
162425	33.645038	118.234598	89.947385	661.490765	4375.239	444.546
162445	33.645196	118.190496	87.385371	694.724642	4483.023	363.643
162505	33.649132	118.150921	81.267157	709.903277	4624.084	599.954
162525	33.654001	118.107808	81.534079	716.848687	4853.764	636.908
162545	33.659008	118.063676	82.308526	725.296931	5063.929	603.82
162605	33.663991	118.02012	81.947433	733.140857	5250.843	593.55
162625	33.668868	117.977207	81.966707	736.279324	5455.621	583.958
162645	33.673603	117.935577	82.021492	739.75258	5652.34	522.162
162705	33.678524	117.892419	81.996911	749.81835	5811.757	456.835
162725	33.683872	117.845441	81.999824	765.581854	5939.219	448.576
162745	33.689245	117.798022	81.992361	772.517407	6099.427	448.83
162805	33.694415	117.752349	82.009319	777.959309	6261.182	439.975
162825	33.699455	117.707681	82.030835	791.610633	6383.988	437.396
162845	33.704724	117.65988	81.871565	798.910382	6535.777	463.294
162905	33.710198	117.60995	82.135927	801.897599	6708.219	478.737
162925	33.715567	117.561672	82.943859	808.263009	6860.967	446.33
162945	33.720534	117.516908	82.551479	812.746461	7002.002	411.126
163005	33.725702	117.470289	82.013958	817.227522	7134.749	393.984
163025	33.731499	117.417766	82.767186	824.887499	7261.262	385.868
163045	33.736933	117.366747	83.199951	830.630145	7392.497	361.266
163105	33.74233	117.318679	82.915873	834.97241	7511.108	326.496
163125	33.747398	117.270911	83.37541	842.256084	7604.493	305.748
163145	33.749301	117.221719	86.750081	854.795499	7705.667	314.026
163205	33.752101	117.170189	84.431151	860.810556	7817.456	331.466
163225	33.761577	117.118638	73.535711	854.24024	7930.68	332.779
163245	33.777337	117.071668	67.644547	849.988149	8045.325	322.587
163305	33.79528	117.02653	65.972894	851.211954	8150.878	314.901
163325	33.812296	116.980151	65.942029	857.044397	8244.858	315.416
163345	33.829784	116.931721	65.936562	859.607733	8354.627	301.055
163405	33.84767	116.883125	66.027798	861.254308	8462.373	281.579
163425	33.864531	116.836687	66.855641	869.203095	8534.774	288.272
163445	33.88162	116.789682	66.687781	872.660566	8636.262	307.652
163505	33.899505	116.740716	65.996905	870.972649	8760.408	303.504
163525	33.917521	116.691029	66.64795	873.006931	8845.463	252.445
163545	33.93471	116.643357	67.144516	877.859482	8916.698	212.245
163605	33.951451	116.596835	66.992835	884.373191	8987.297	222.879
163625	33.968935	116.548282	66.976662	891.076941	9056.186	278.928
163645	33.986914	116.498402	67.010376	890.211815	9164.566	327.265
163705	34.004669	116.449192	66.999486	884.834697	9294.849	334.246
163725	34.021734	116.401902	66.998324	884.546247	9393.439	306.511
163745	34.038928	116.354044	67.000745	884.903331	9487.29	296.647
163805	34.056589	116.304717	66.999963	883.967973	9591.267	305.026
163825	34.074401	116.255006	66.99988	883.898516	9694.41	292.29
163845	34.092124	116.205589	67.000053	884.036787	9787.759	269.29
163905	34.109563	116.156886	66.999997	884.000475	9872.142	250.257
163925	34.126718	116.108734	66.999991	884.040982	9954.137	242.296
163945	34.14416	116.059505	67.000004	883.767135	10032.958	250.913
164005	34.161884	116.009406	67.0	881.832271	10116.555	267.723
164025	34.179403	115.960051	67.000001	877.93623	10213.727	273.037
164045	34.196657	115.911451	66.999996	877.460624	10305.545	251.209
164105	34.213531	115.863856	67.000001	880.109247	10381.448	219.918
164125	34.230112	115.817042	67.00002	880.718239	10447.128	211.928
164145	34.247551	115.767682	66.999944	878.466228	10519.415	213.322
164205	34.265144	115.717806	67.000016	877.053851	10595.562	188.428
164225	34.281436	115.671607	67.000274	880.409119	10653.611	113.37
164245	34.298548	115.622933	66.999223	882.911944	10673.488	38.121
164305	34.316588	115.571464	67.000219	884.120222	10667.727	-0.93
164325	34.333822	115.522193	67.003816	887.329431	10667.094	-2.971
164345	34.350675	115.473929	66.989176	887.153173	10668.451	1.154
164405	34.367989	115.424358	67.003055	883.867954	10667.964	-0.011
164425	34.385928	115.373077	67.053151	882.437912	10667.657	0.751
164445	34.402641	115.325057	66.849235	881.189073	10668.822	-3.046
164505	34.418516	115.279138	67.042628	879.978549	10667.774	-8.054
164525	34.435386	115.22994	68.426303	880.141333	10661.353	-3.87
164545	34.452044	115.179495	69.315228	879.167732	10661.794	4.845
164605	34.468103	115.129623	68.961109	876.896022	10668.23	7.824
164625	34.484174	115.080578	68.132085	875.388747	10669.141	0.719
164645	34.499856	115.032702	68.247468	874.673948	10666.337	4.767
164705	34.515723	114.983981	69.025715	873.945811	10668.402	15.174
164725	34.532717	114.932076	69.109098	872.347262	10679.891	8.722
164745	34.549452	114.880726	68.967199	869.9843	10680.604	-5.766
164805	34.564999	114.83264	68.995892	867.270072	10668.778	-14.798
164825	34.579894	114.786698	69.007521	864.842449	10667.292	-11.456
164845	34.595776	114.737671	68.997634	863.834297	10666.64	-7.166
164905	34.612493	114.685882	68.999698	864.003134	10660.448	-7.165
164925	34.627774	114.638513	69.000636	863.708362	10659.059	-3.136
164945	34.642828	114.591856	68.999849	864.489625	10660.229	0.587
165005	34.658671	114.54265	68.999941	866.657538	10660.099	0.195
165025	34.674111	114.494376	69.000049	867.09295	10659.869	0.011
165045	34.689549	114.446069	68.999992	867.164234	10660.07	-0.17
165105	34.705552	114.396162	68.999995	868.666547	10660.195	-0.627
165125	34.721107	114.347288	69.000003	869.115039	10659.221	3.48
165145	34.736532	114.298795	68.999999	869.083536	10660.824	8.73
165205	34.75244	114.249122	68.999999	870.379884	10666.696	8.981
165225	34.768141	114.19966	69.000001	872.630338	10668.772	4.296
165245	34.783592	114.15073	68.999999	874.137125	10667.919	-0.703
165305	34.799169	114.101622	68.999998	874.531835	10668.107	-0.999
165325	34.815046	114.051447	69.00001	877.224066	10667.244	3.866
165345	34.830964	114.000959	68.99999	880.44895	10668.856	8.52
165405	34.846629	113.951228	68.999967	881.617803	10674.829	8.399
165425	34.862194	113.901817	69.000136	883.448513	10676.195	7.438
165445	34.877845	113.852105	68.999859	885.190835	10676.539	8.404
165505	34.89365	113.801773	68.999543	885.133411	10681.643	9.213
165525	34.909459	113.751188	69.001893	884.859262	10684.251	1.424
165545	34.925111	113.701045	68.998033	885.08289	10682.367	-9.911
165605	34.940621	113.651472	68.993639	886.241947	10677.771	-14.97
165625	34.956331	113.601113	69.026371	889.521297	10671.606	-12.695
165645	34.972312	113.549634	68.972598	892.279253	10667.626	-6.809
165705	34.988346	113.497793	68.911405	892.13385	10667.867	-1.442
165725	35.004034	113.446985	69.46893	892.202455	10667.635	3.287
165745	35.019494	113.396864	70.057446	893.226058	10668.55	9.494
165805	35.034975	113.346619	70.014024	893.503957	10673.889	15.259
165825	35.050345	113.296718	70.088276	890.596037	10680.76	9.283
165845	35.065827	113.246599	69.88173	887.742514	10682.583	-1.77
165905	35.081643	113.195477	69.102309	888.023308	10677.361	-6.4
165925	35.09748	113.143709	69.297096	886.955418	10675.904	-7.644
165945	35.11316	113.092192	70.045533	884.865516	10675.673	-8.022
170005	35.128694	113.041537	70.069682	884.312392	10669.772	-8.095
170025	35.14422	112.9908	69.965013	882.887626	10667.749	-7.749
170045	35.159626	112.94018	70.003269	879.613558	10667.718	-8.133
170105	35.174792	112.890275	70.005003	875.913949	10662.062	-9.055
170125	35.190168	112.839773	69.997488	874.655465	10658.867	-4.124
170145	35.205384	112.789699	70.000235	874.996005	10660.199	-0.148
170205	35.219925	112.741454	70.000359	874.320517	10661.033	-6.255
170225	35.234874	112.691703	69.99982	873.776889	10656.61	-6.728
170245	35.250098	112.641131	70.000017	874.059696	10653.099	0.785
170305	35.264929	112.592019	70.000026	874.785444	10658.188	6.808
170325	35.280425	112.5406	69.999987	875.100974	10660.269	8.366
170345	35.295878	112.489054	70.000001	874.989077	10660.286	8.05
170405	35.31002	112.441626	70.000003	874.971702	10665.994	8.734
170425	35.324606	112.392867	69.999996	875.052744	10668.942	4.934
170445	35.33993	112.341674	70.000002	874.974351	10667.906	-0.279
170505	35.355035	112.290885	70.000012	874.799421	10667.809	-0.263
170525	35.369904	112.240858	69.99996	875.765447	10668.253	-0.412
170545	35.3848	112.190745	70.000022	877.074952	10667.892	0.334
170605	35.399847	112.139939	70.000172	877.114414	10667.177	5.94
170625	35.41459	112.090038	69.999451	876.943515	10671.113	9.39
170645	35.429294	112.040118	70.0003	877.004761	10676.273	7.636
170705	35.444452	111.988478	70.002397	877.003258	10676.244	2.485
170725	35.45942	111.93762	69.99235	877.011763	10676.455	-3.685
170745	35.474062	111.887808	70.004181	876.991696	10675.644	-8.32
170805	35.488677	111.837685	70.033387	876.931199	10669.885	-9.095
170825	35.503202	111.7879	69.893445	877.221169	10667.167	-4.921
170845	35.517892	111.737577	70.058532	876.878396	10668.058	0.368
170905	35.532991	111.685608	70.859395	875.244782	10667.932	1.105
170925	35.547859	111.634397	70.747882	875.620608	10668.555	-2.87
170945	35.562465	111.58429	69.94001	877.056368	10667.666	-8.503
171005	35.577197	111.533905	69.828068	876.835902	10662.157	-10.207
171025	35.591933	111.482975	70.416909	878.107341	10658.234	-1.084
171045	35.60668	111.431536	71.035243	880.101273	10660.576	8.26
171105	35.621468	111.380061	71.061267	880.037988	10667.211	3.194
171125	35.635904	111.329941	70.944837	880.498167	10665.243	-2.709
171145	35.650255	111.28015	71.018275	882.179826	10659.899	0.893
171205	35.665043	111.228751	71.130119	883.680221	10664.747	12.224
171225	35.679894	111.176966	70.530805	884.090994	10672.257	14.362
171245	35.694681	111.125331	70.009341	884.018663	10676.166	7.309
171305	35.7095	111.073577	70.707661	884.240075	10676.083	1.96
171325	35.724177	111.022013	71.142918	883.04708	10676.537	-3.328
171345	35.738505	110.971408	70.993237	882.021463	10675.826	-8.174
171405	35.752508	110.921924	70.977974	883.593147	10670.17	-9.241
171425	35.766912	110.870891	71.009793	883.448579	10667.131	-5.066
171445	35.78174	110.818386	70.999514	881.984535	10668.043	0.15
171505	35.796365	110.766812	70.998419	883.168694	10668.14	0.491
171525	35.810535	110.716358	71.000703	884.680337	10667.939	-0.221
171545	35.824615	110.665843	70.999965	884.993061	10668.003	0.012
171605	35.839104	110.614208	70.999887	884.802571	10668.006	0.051
171625	35.853397	110.563321	71.000048	885.700875	10668.008	-0.06
171645	35.867402	110.513288	70.999998	887.034434	10667.997	0.013
171705	35.881565	110.462529	71.000002	887.372294	10667.94	0.221
171725	35.895915	110.410893	70.999975	889.679098	10668.173	-0.629
171745	35.9106	110.3579	71.0	893.0	10668.0	0.0
171805	35.925634	110.303635	71.000145	893.448284	10667.137	5.501
171825	35.939809	110.252444	70.999628	892.580612	10670.467	8.998
171845	35.953399	110.203333	70.999897	892.914381	10675.862	8.08
171905	35.967873	110.150976	71.002057	895.089151	10675.953	7.195
171925	35.982017	110.099539	70.995385	893.329709	10677.436	9.488
171945	35.995693	110.049579	70.998584	888.17301	10682.759	8.442
172005	36.010408	109.996022	71.028563	887.043863	10685.064	-6.697
172025	36.025389	109.9416	70.934255	886.370762	10679.106	-18.321
172045	36.039865	109.888871	70.930007	884.262084	10669.192	-16.338
172105	36.053903	109.837356	71.540438	883.9136	10667.354	-9.19
172125	36.067944	109.785698	72.090479	883.763768	10667.385	-7.822
172145	36.082064	109.733769	72.042173	882.325725	10661.973	-13.919
172205	36.095583	109.683711	71.970899	881.825186	10655.985	-13.705
172225	36.108936	109.634162	72.003749	881.992307	10652.758	-6.892
172245	36.122849	109.58274	72.003528	881.852313	10652.743	-0.973
172305	36.136996	109.530176	71.997981	882.778025	10653.259	0.023
172325	36.150834	109.478365	72.000269	884.148173	10652.878	0.38
172345	36.164323	109.427781	72.000253	884.742277	10652.475	5.709
172405	36.178642	109.374599	71.999855	885.873505	10655.421	11.741
172425	36.193096	109.320712	72.000019	888.507117	10660.806	15.332
172445	36.206527	109.269664	72.000018	892.086791	10666.025	15.625
172505	36.220113	109.218294	71.99999	893.844976	10671.961	12.89
172525	36.234375	109.164989	72.000001	895.40747	10676.386	6.863
172545	36.248826	109.110969	72.000001	899.019174	10676.555	0.31
172605	36.262361	109.059651	71.999999	900.703487	10674.957	3.412
172625	36.275792	109.008467	72.0	901.167461	10676.719	7.944
172645	36.290301	108.953732	72.0	903.203495	10682.499	2.173
172705	36.304632	108.899533	72.000001	905.167248	10680.035	-1.504
172725	36.318604	108.846253	71.999999	906.063979	10676.135	0.452
172745	36.332611	108.792571	71.999998	906.067124	10681.591	1.599
172805	36.346055	108.741016	72.000009	905.934741	10681.938	-6.554
172825	36.359482	108.689489	71.999995	906.018435	10675.285	-15.325
172845	36.373771	108.634523	71.99996	906.135323	10669.459	-11.602
172905	36.388176	108.579109	72.00011	905.542715	10667.433	-4.074
172925	36.401745	108.526805	71.999969	903.893851	10668.031	0.093
172945	36.414242	108.478341	71.999464	901.686698	10668.148	0.168
173005	36.42748	108.427037	72.001519	900.711512	10667.794	0.325
173025	36.441712	108.371827	71.999571	901.019601	10668.049	-0.127
173045	36.455763	108.316919	71.992043	901.163264	10668.876	-4.636
173105	36.469609	108.262875	72.019644	900.663375	10665.583	-8.453
173125	36.48323	108.209908	72.005438	900.014173	10660.155	-8.131
173145	36.496514	108.158112	71.891949	900.302371	10659.688	-3.674
173205	36.510088	108.104916	72.269376	901.845508	10659.564	3.264
173225	36.52392	108.050481	72.977682	903.912435	10659.813	7.962
173245	36.537291	107.997723	73.078941	905.283471	10666.0	4.542
173305	36.550938	107.943923	72.97217	906.72547	10666.841	-4.186
173325	36.565004	107.888452	72.9984	907.979429	10660.273	-8.197
173345	36.578658	107.834311	73.005668	907.799886	10658.273	2.049
173405	36.591971	107.78132	72.998002	908.779066	10662.576	9.854
173425	36.605324	107.728186	72.999885	910.935715	10667.88	8.117
173445	36.619013	107.673836	73.000407	911.138564	10667.718	7.381
173505	36.63277	107.618872	72.999857	911.182458	10669.939	8.693
173525	36.646059	107.565379	72.999992	911.972693	10675.806	8.18
173545	36.658663	107.514745	73.000029	912.096459	10676.75	2.457
173605	36.672246	107.46021	72.99999	911.966353	10675.589	-0.219
173625	36.686523	107.402641	72.999999	911.998172	10675.933	0.138
173645	36.699204	107.351093	73.000002	912.004305	10677.123	-5.598
173705	36.711821	107.299999	73.0	912.003477	10673.35	-7.511
173725	36.72532	107.245644	73.0	912.001678	10668.031	-0.468
173745	36.73885	107.1908	72.999997	911.709781	10672.371	7.643
173805	36.752439	107.135258	73.000006	909.993856	10677.618	4.566
173825	36.766134	107.079093	73.000004	908.049596	10676.434	-7.141
173845	36.779631	107.023905	72.99996	908.758173	10670.8	-10.226
173905	36.792378	106.971644	73.000079	908.394686	10667.313	-5.811
173925	36.804646	106.921073	73.000052	906.11351	10667.933	-0.401
173945	36.817613	106.867662	72.999448	906.223169	10667.916	1.453
174005	36.831132	106.812065	73.0011	904.966315	10668.445	-2.071
174025	36.844422	106.757371	73.000719	901.272555	10668.318	-7.663
174045	36.856808	106.70613	72.992306	900.054193	10662.812	-8.476
174105	36.8693	106.653906	73.015323	899.802468	10659.714	-8.127
174125	36.882472	106.598641	73.010013	899.849517	10660.236	-8.189
174145	36.895657	106.543873	72.892839	902.519528	10655.066	-4.027
174205	36.908468	106.490257	73.23239	904.285426	10653.959	2.801
174225	36.921114	106.436721	73.952501	903.974163	10659.631	7.806
174245	36.934215	106.381847	74.092724	905.146784	10660.18	7.615
174305	36.947361	106.326658	73.974808	906.112988	10660.973	9.487
174325	36.960189	106.27221	73.994785	905.943543	10666.945	14.704
174345	36.972942	106.218237	74.006541	907.05422	10673.393	12.543
174405	36.985842	106.163649	73.998187	908.302137	10676.574	5.445
174425	36.998859	106.108349	73.999621	908.862968	10676.152	0.283
174445	37.01166	106.053929	74.000509	910.186608	10675.538	0.506
174505	37.024087	106.000764	73.999877	911.111825	10676.487	-1.452
174525	37.036483	105.947396	73.999952	910.971643	10676.855	-7.519
174545	37.049696	105.890948	74.000038	911.504762	10671.003	-5.04
174605	37.062745	105.835214	73.999991	912.021285	10668.659	1.097
174625	37.074741	105.783379	73.999993	911.871955	10675.104	1.19
174645	37.086792	105.73087	74.000015	912.882644	10673.363	-4.084
174705	37.099502	105.675482	73.999987	914.147904	10667.253	-6.81
174725	37.112756	105.617899	73.999946	914.144382	10667.297	-2.072
174745	37.125816	105.560855	74.00014	913.92214	10668.309	0.826
174805	37.138312	105.50613	73.999961	914.008021	10667.984	-0.038
174825	37.150376	105.453661	73.999322	914.097486	10667.93	-0.066
174845	37.162524	105.400807	74.001922	913.746647	10668.079	-0.139
174905	37.175146	105.345455	73.999458	914.070619	10667.983	0.053
174925	37.188138	105.288022	73.990562	916.252594	10667.714	0.969
174945	37.200401	105.233925	74.02677	917.15358	10668.803	-3.165
175005	37.212427	105.180924	73.992444	917.031834	10667.774	-8.042
175025	37.225475	105.12296	73.868552	918.46483	10661.323	-3.727
175045	37.238091	105.066724	74.422151	919.081253	10661.89	4.473
175105	37.250221	105.012519	74.997834	919.032653	10668.202	7.928
175125	37.262904	104.955605	74.338168	920.420032	10668.662	2.513
175145	37.275036	104.901231	73.851636	921.241476	10667.695	-1.062
175205	37.2869	104.848	74.0	921.0	10668.0	0.0
175225	37.299738	104.790014	74.053116	920.965179	10668.048	0.197
175245	37.312146	104.734128	73.918148	920.999119	10667.99	-0.111
175305	37.324	104.681	74.0	921.0	10668.0	-0.0
175325	37.336552	104.624494	74.695544	921.092777	10667.942	0.228
175345	37.348819	104.56881	75.105807	920.759131	10668.155	-0.548
175405	37.3607	104.5146	75.0	921.0	10668.0	0.0
175425	37.373147	104.4579	74.9808	923.222592	10667.138	5.361
175445	37.385527	104.40111	75.007598	923.962053	10670.476	9.332
175505	37.3976	104.3454	75.0	924.0	10676.0	8.0
175525	37.409734	104.289703	74.998613	927.393877	10676.43	2.828
175545	37.42153	104.235408	75.000567	929.599885	10676.147	-2.422
175605	37.433291	104.180922	75.000031	929.037235	10676.094	-7.665
175625	37.445877	104.122604	74.999893	928.768519	10671.884	-14.374
175645	37.458527	104.064072	75.000036	929.337716	10664.482	-12.185
175705	37.47052	104.008407	75.000001	929.988956	10659.971	-0.57
175725	37.481957	103.954755	75.000006	929.888713	10664.788	7.409
175745	37.493918	103.898423	74.999971	930.439008	10668.993	6.219
175805	37.506391	103.839765	74.99999	931.931048	10668.057	0.2
175825	37.518172	103.78435	75.000198	932.878172	10667.798	-0.707
175845	37.529735	103.72973	74.999554	932.913397	10668.072	0.249
175905	37.541689	103.673004	74.999863	932.961827	10668.004	0.014
175925	37.554086	103.614134	75.002766	934.322365	10667.984	-0.046
175945	37.566377	103.555823	74.993779	935.166549	10668.008	0.006
180005	37.578308	103.499212	74.99809	934.99845	10668.001	-0.003
180025	37.590146	103.442866	75.040366	935.245576	10667.978	0.071
180045	37.602108	103.38568	74.922787	934.416692	10668.041	-0.143
180105	37.614033	103.328336	74.949832	933.01194	10668.026	-0.093
180125	37.625498	103.272809	75.752303	934.14984	10667.717	1.0
180145	37.637122	103.216635	75.812681	935.078956	10668.563	-2.144
180205	37.64895	103.159578	75.024268	934.917541	10668.368	-7.806
180225	37.660148	103.104904	75.47776	936.800809	10662.337	-5.099
180245	37.671646	103.048471	76.121849	938.156438	10660.887	2.895
180305	37.683876	102.988693	76.025223	937.921601	10667.273	8.0
180325	37.695781	102.930716	75.968362	939.503727	10668.851	4.062
180345	37.707323	102.874249	76.008767	941.604128	10667.855	-1.246
180405	37.718854	102.817335	76.001831	942.814035	10668.062	-0.565
180425	37.730564	102.759394	75.997551	944.220888	10667.18	4.512
180445	37.742123	102.702131	76.000579	945.147143	10669.329	8.885
180505	37.753421	102.646035	76.00018	945.055495	10675.205	8.626
180525	37.764959	102.588605	75.999824	944.885669	10676.623	4.035
180545	37.776558	102.530925	76.000048	945.12048	10676.038	-1.512
180605	37.788076	102.47368	76.000026	945.211109	10676.357	-6.456
180625	37.799919	102.414434	75.99994	943.763216	10673.012	-13.171
180645	37.811693	102.35525	76.000062	943.148858	10666.106	-13.968
180705	37.822894	102.298836	76.000174	944.728164	10660.297	-4.02
180725	37.833699	102.244111	75.999397	944.432537	10662.672	5.763
180745	37.844863	102.187394	76.000304	942.913215	10668.344	7.726
180805	37.856857	102.126514	76.002401	942.918917	10668.572	1.861
180825	37.868414	102.067671	75.992355	942.740612	10667.559	-0.325
180845	37.879401	102.011582	76.004177	940.680516	10668.124	-0.259
180905	37.890566	101.954476	76.033351	937.409177	10668.835	-5.782
180925	37.901955	101.895471	75.893561	938.160672	10664.923	-9.615
180945	37.91345	101.835641	76.058469	941.185272	10659.701	-7.536
181005	37.924811	101.777103	76.858888	941.288974	10659.539	-1.723
181025	37.935567	101.721561	76.749499	940.836791	10660.242	0.761
181045	37.946191	101.666195	75.939118	941.024997	10659.972	-0.056
181105	37.957461	101.607269	75.810093	941.122275	10659.905	0.037
181125	37.968802	101.548351	76.379981	940.717029	10660.174	-0.401
181145	37.979734	101.491499	77.018665	941.07729	10659.955	0.126
181205	37.990287	101.435631	77.073622	943.635867	10659.127	4.492
181225	38.001206	101.377692	76.973754	945.613457	10662.034	8.258
181245	38.012571	101.31775	76.996894	945.977212	10667.611	7.406
181305	38.023659	101.259241	77.006529	946.624714	10669.03	1.91
181325	38.034395	101.202136	76.998451	948.915802	10667.451	0.766
181345	38.045135	101.144469	76.999401	952.341221	10667.247	6.805
181405	38.056426	101.083819	77.000468	953.986186	10672.288	8.841
181425	38.067626	101.023978	76.999903	953.916003	10676.326	7.912
181445	38.078231	100.967373	76.999957	953.831023	10675.642	8.144
181505	38.089107	100.908366	77.000034	955.049523	10679.704	5.958
181525	38.100134	100.848248	76.999992	956.09561	10683.023	-3.114
181545	38.110919	100.789855	76.999995	955.937263	10678.018	-14.392
181605	38.121667	100.731266	77.000012	956.832135	10670.074	-9.06
181625	38.132532	100.671741	76.999987	958.316056	10668.905	1.773
181645	38.143481	100.611748	76.999971	958.980471	10675.365	1.417
181705	38.154275	100.552223	77.000139	958.850368	10672.954	-5.3
181725	38.16498	100.492969	76.999823	959.245836	10667.185	-7.454
181745	38.17572	100.433549	76.999602	960.706003	10667.638	-1.292
181805	38.186399	100.374285	77.001931	961.323012	10668.284	0.984
181825	38.196906	100.315776	76.997537	960.806202	10667.941	-0.203
181845	38.207344	100.257479	76.994454	960.639686	10667.974	-0.091
181905	38.218127	100.196976	77.02758	963.280123	10668.022	0.075
181925	38.228927	100.136389	76.972966	966.450447	10667.996	-0.013
181945	38.239323	100.078146	76.913294	966.63869	10667.998	-0.008
182005	38.249575	100.020033	77.4605	963.642826	10668.001	0.006
182025	38.259865	99.961185	78.066304	962.164845	10668.0	-0.002
182045	38.270307	99.901559	78.042713	965.178437	10668.001	-0.004
182105	38.281057	99.840545	77.968953	966.557587	10667.996	0.015
182125	38.291747	99.779706	78.002691	965.959349	10668.002	-0.007
182145	38.302046	99.720349	78.004118	965.996861	10668.016	-0.054
182205	38.31257	99.659438	77.997933	965.80505	10667.95	0.172
182225	38.323007	99.599077	78.000193	966.124774	10668.027	-0.094
182245	38.3328	99.542361	78.000296	968.195439	10668.217	-0.751
182305	38.343104	99.482295	77.999852	969.706456	10667.309	2.909
182325	38.353861	99.419279	78.000014	970.007935	10668.38	8.383
182345	38.364217	99.358593	78.000021	970.017514	10674.172	9.117
182405	38.374437	99.298821	77.999989	969.973338	10676.74	5.158
182425	38.384609	99.239033	78.000001	970.012098	10675.986	-0.526
182445	38.394614	99.179533	78.000002	970.093316	10676.405	-5.537
182505	38.404582	99.120308	77.999997	969.640283	10673.865	-12.36
182525	38.414357	99.062302	78.000001	968.949887	10667.22	-14.631
182545	38.423946	99.004909	78.00001	968.841799	10660.614	-4.87
182605	38.43447	98.941457	77.999969	969.414618	10662.389	5.669
182625	38.445097	98.87741	78.000017	970.032981	10668.383	7.673
182645	38.454394	98.821681	78.000137	970.038533	10668.746	1.383
182705	38.463995	98.763727	77.999562	970.020374	10667.096	1.748
182725	38.474342	98.700496	78.000239	969.976442	10668.371	8.58
182745	38.48462	98.637192	78.001911	969.403742	10673.935	10.113
182805	38.494386	98.577646	77.993808	968.176197	10677.614	1.86
182825	38.503879	98.52019	78.001615	965.845751	10675.767	-8.302
182845	38.5136	98.460688	78.027796	962.355643	10669.834	-9.157
182905	38.523338	98.400323	77.921325	959.922591	10667.702	-6.979
182925	38.53287	98.340757	78.022236	958.962607	10667.898	-8.191
182945	38.542263	98.282031	78.72917	958.247087	10662.934	-13.419
183005	38.552079	98.220947	79.112482	957.821583	10656.896	-14.735
183025	38.5621	98.1585	79.0	958.0	10653.0	-8.0
183045	38.571556	98.098843	78.980679	958.767889	10651.854	3.783
183105	38.580593	98.041475	79.007645	958.953672	10655.474	9.323
183125	38.5898	97.9831	79.0	959.0	10660.0	8.0
183145	38.599622	97.920888	78.998613	960.381411	10659.357	8.463
183205	38.609194	97.859955	79.000549	961.226863	10662.949	5.97
183225	38.6184	97.801	79.0	962.0	10668.0	-0.0
183245	38.627931	97.739972	78.9999	965.164457	10662.438	-2.332
183305	38.637379	97.679338	79.00004	968.481666	10660.779	5.18
183325	38.6467	97.6191	79.0	970.0	10668.0	15.0
183345	38.65624	97.556851	78.99999	969.883953	10674.326	12.034
183405	38.66537	97.496933	79.000009	970.627574	10676.545	4.396
183425	38.6741	97.4394	79.0	972.0	10676.0	-0.0
183445	38.683181	97.379408	78.999964	971.803477	10675.904	-0.383
183505	38.692723	97.316612	79.000091	972.932689	10676.031	0.185
183525	38.702511	97.252412	79.000025	974.964523	10675.999	0.018
183545	38.71212	97.189066	78.999496	974.348871	10676.049	-0.216
183605	38.720946	97.130037	79.001131	974.360945	10675.876	0.429
183625	38.729452	97.07252	79.000347	975.05257	10675.961	0.129
183645	38.738904	97.009085	78.992999	973.135337	10676.784	-4.376
183705	38.748377	96.945532	79.016002	977.263003	10674.029	-8.228
183725	38.757355	96.884917	79.013372	989.166595	10668.547	-7.511
183745	38.766438	96.823272	78.899663	999.3943	10667.271	-2.864
183805	38.775677	96.760573	79.151486	1003.462861	10668.184	0.487
183825	38.784945	96.697591	79.874924	1002.951867	10668.075	0.095
183845	38.794184	96.633998	80.236481	1004.666075	10667.817	0.257
183905	38.803064	96.572377	79.812783	1005.883679	10668.167	-0.481
183925	38.811666	96.512697	79.050135	1004.135683	10668.354	-1.137
183945	38.82093	96.448424	79.382116	1005.262554	10666.262	7.407
184005	38.830328	96.383215	80.079558	1007.111673	10669.736	15.733
184025	38.839212	96.321218	80.050582	1006.234416	10681.131	11.377
184045	38.848339	96.25612	79.9665	1006.24003	10681.383	-1.468
184105	38.857335	96.191946	80.005713	1007.117438	10675.214	-7.836
184125	38.865789	96.132834	80.003634	1007.117299	10675.347	-1.187
184145	38.874806	96.068968	79.997583	1006.635818	10677.095	-2.446
184205	38.883982	96.003244	80.000422	1005.790047	10675.11	-8.778
184225	38.892584	95.94172	80.000319	1004.045509	10669.286	-8.657
184245	38.90135	95.8787	79.999793	1000.562369	10667.894	-7.323
184305	38.910204	95.814232	80.000048	999.200944	10667.554	-8.329
184325	38.918678	95.751768	80.00014	1002.427361	10661.869	-9.427
184345	38.927046	95.690624	79.99956	1001.805014	10658.431	-1.661
184405	38.935605	95.628508	80.000342	998.741691	10660.657	9.182
184425	38.944419	95.564054	80.001646	998.843759	10666.271	10.431
184445	38.953155	95.499668	79.994054	998.679942	10669.709	0.323
184505	38.9618	95.435392	80.004741	997.966726	10667.15	-8.394
184525	38.970391	95.371095	80.022904	998.123339	10660.736	-3.28
184545	38.978514	95.310729	79.917196	997.182243	10662.577	5.373
184605	38.986532	95.250928	80.067033	995.900471	10668.529	7.664
184625	38.994957	95.186757	80.769639	995.950986	10668.498	1.826
184645	39.003251	95.122748	81.221799	995.77798	10667.715	-0.988
184705	39.011442	95.059835	80.892719	994.825869	10668.038	0.132
184725	39.019846	94.996223	80.091039	993.503878	10668.034	0.128
184745	39.02825	94.932078	80.322689	992.063405	10667.984	-0.087
184805	39.036535	94.868443	81.066033	990.848695	10667.999	0.023
184825	39.044642	94.806443	81.062136	990.141413	10667.984	0.072
184845	39.052398	94.746244	80.964435	989.865576	10668.065	-0.235
184905	39.060067	94.685641	81.004741	990.065861	10667.947	0.184
184925	39.068	94.622667	81.004462	990.285901	10667.745	0.885
184945	39.075969	94.559721	80.997444	988.746029	10668.923	-3.849
185005	39.083749	94.498159	81.000343	986.830354	10667.256	-8.034
185025	39.091419	94.436739	81.000332	986.795242	10660.839	-2.952
185045	39.099569	94.371301	80.999775	987.287713	10662.507	5.224
185105	39.107657	94.306142	81.000058	986.825095	10668.547	7.653
185125	39.114964	94.246826	81.000185	985.307564	10668.556	1.671
185145	39.122368	94.187125	80.999401	985.077623	10667.526	-0.354
185205	39.130053	94.125149	81.000469	984.798969	10668.186	-0.39
185225	39.137713	94.06269	81.00226	983.030139	10668.75	-5.969
185245	39.145418	94.000074	80.991833	984.517381	10664.749	-10.071
185305	39.15316	93.936568	81.006519	987.194448	10659.467	-6.945
185325	39.160892	93.871775	81.034517	986.986459	10658.992	3.512
185345	39.168683	93.807469	80.892896	987.922297	10662.444	13.276
185405	39.17635	93.744078	81.058584	990.178101	10668.747	14.561
185425	39.183648	93.681237	81.859479	991.010732	10675.306	4.878
185445	39.190757	93.619973	81.747826	990.841175	10673.752	-6.059
185505	39.197927	93.559525	80.940023	991.092814	10667.55	-7.427
185525	39.20535	93.497587	80.828148	992.532359	10666.732	3.76
185545	39.213041	93.432276	81.41667	993.214156	10671.073	10.697
185605	39.220638	93.366482	82.035375	992.980851	10676.418	6.104
185625	39.227779	93.304177	82.066769	992.976962	10677.769	-4.179
185645	39.234867	93.241923	81.974178	992.976252	10672.58	-6.251
185705	39.2421	93.1783	82.0	993.0	10668.0	0.0
185725	39.249328	93.115039	82.004193	993.210181	10673.85	1.87
185745	39.256426	93.0529	81.999427	992.388953	10674.663	-3.488
185805	39.2633	92.9923	82.0	991.0	10668.0	-8.0
185825	39.270016	92.932417	81.993242	990.853758	10666.955	-2.002
185845	39.277157	92.868093	82.0178	991.061686	10669.0	-1.695
185905	39.2846	92.8008	82.0	991.0	10668.0	-8.0
185925	39.291579	92.737626	81.895619	990.963034	10661.745	-4.862
185945	39.298091	92.677247	82.226317	991.059215	10661.25	4.276
190005	39.304834	92.615869	82.069121	991.017093	10667.734	8.196
190025	39.312945	92.551324	79.591124	990.405385	10669.667	-1.923
190045	39.322962	92.490131	77.045991	989.756352	10665.528	-10.183
190105	39.334863	92.430671	76.020762	989.951042	10660.15	-8.22
190125	39.347925	92.363498	75.926809	991.650548	10659.677	-3.262
190145	39.360213	92.298702	76.025563	994.146718	10659.635	2.892
190205	39.371522	92.239152	76.001398	995.961168	10659.837	7.873
190225	39.383533	92.175524	75.996499	995.960026	10665.506	8.265
190245	39.395761	92.110911	75.99786	996.474646	10668.167	8.334
190305	39.407469	92.049276	75.997849	997.915995	10667.687	8.279
190325	39.41859	91.990269	76.024613	998.038035	10673.911	3.152
190345	39.430157	91.928692	75.950429	998.239048	10674.424	-0.936
190405	39.442309	91.864046	75.967554	998.986026	10668.115	-0.185
190425	39.453857	91.802367	76.55726	998.655096	10672.765	1.126
190445	39.465205	91.741276	77.153495	999.776419	10675.278	-1.703
190505	39.47677	91.678732	77.085763	1002.706924	10668.682	-7.477
190525	39.48827	91.616883	76.291592	1003.323123	10667.826	-8.321
190545	39.500131	91.553115	76.110863	1002.99285	10666.761	-8.486
190605	39.512243	91.487628	76.908232	1003.795572	10660.727	-8.685
190625	39.523574	91.42606	77.113822	1005.303594	10658.584	0.305
190645	39.535006	91.36366	76.968517	1006.105552	10661.4	11.185
190705	39.546951	91.298211	76.993483	1005.979086	10667.023	15.094
190725	39.558253	91.235977	77.008172	1006.539975	10673.383	11.759
190745	39.569514	91.173663	76.99774	1007.102246	10676.423	6.184
190805	39.581243	91.108705	76.999532	1007.018632	10675.965	0.967
190825	39.592775	91.045101	77.000584	1006.996281	10676.996	-5.957
190845	39.603793	90.983935	76.999843	1006.966341	10673.942	-7.126
190905	39.614628	90.922949	76.999972	1006.957767	10668.054	-0.832
190925	39.626102	90.858084	77.000003	1007.326582	10672.797	1.767
190945	39.637724	90.79232	77.000057	1006.388418	10675.271	-1.887
191005	39.648944	90.728713	77.000071	1004.203103	10668.682	-7.52
191025	39.659932	90.666184	76.999455	1003.861203	10667.812	-8.226
191045	39.671004	90.60324	77.000956	1003.8277	10666.79	-8.584
191105	39.682153	90.539897	77.001017	1003.036676	10660.758	-8.778
191125	39.692976	90.477897	76.992369	1003.284042	10658.351	0.983
191145	39.703853	90.415575	77.013333	1002.290091	10661.808	9.916
191205	39.715025	90.35172	77.014169	999.357365	10667.457	8.737
191225	39.726136	90.287531	76.89371	998.20427	10668.671	2.977
191245	39.737364	90.222248	77.198408	999.893533	10667.814	-0.643
191305	39.748576	90.156906	77.92635	1002.723435	10667.962	-0.133
191325	39.759051	90.095333	78.091128	1003.362401	10668.048	0.167
191345	39.769346	90.034406	77.974748	1002.86337	10667.987	-0.046
191405	39.77999	89.971552	77.994726	1002.934723	10667.997	-0.01
191425	39.790753	89.90863	78.007052	1003.546007	10668.004	0.013
191445	39.801724	89.844132	77.998334	1004.122519	10667.999	-0.003
191505	39.812691	89.778712	77.999485	1003.456956	10668.0	-0.001
191525	39.8229	89.717714	78.000498	1000.334006	10668.0	0.001
191545	39.833178	89.6561	77.999877	999.301268	10668.0	-0.0
191605	39.844154	89.590003	77.999952	1002.359155	10668.0	-0.0
191625	39.854943	89.525296	78.000038	1003.513344	10668.0	0.0
191645	39.865229	89.463416	77.999991	1002.861866	10668.0	0.0
191705	39.875318	89.401932	77.999995	1002.869004	10668.0	0.0
191725	39.885872	89.33708	78.000013	1003.580525	10668.0	-0.0
191745	39.896524	89.271592	77.999987	1004.0117	10668.0	0.0
191805	39.90677	89.208692	77.999971	1003.899541	10668.0	0.001
191825	39.916902	89.146026	78.000139	1004.864007	10668.001	-0.004
191845	39.927202	89.082216	77.999823	1006.306559	10667.999	0.005
191905	39.937633	89.0178	77.999601	1006.969946	10667.997	0.01
191925	39.947737	88.954974	78.001933	1006.890576	10668.014	-0.049
191945	39.957712	88.892411	77.997535	1007.196793	10667.982	0.063
192005	39.967974	88.82782	77.99445	1008.596363	10667.959	0.142
192025	39.978587	88.761121	78.026924	1010.104061	10668.199	-0.689
192045	39.98907	88.695226	77.965664	1011.244843	10667.746	0.915
192105	39.999105	88.631779	77.922692	1011.916175	10667.429	6.607
192125	40.009144	88.567617	78.499996	1012.066272	10671.769	10.409
192145	40.019203	88.502871	79.077314	1011.981014	10676.913	5.714
192205	40.029132	88.438718	79.034347	1011.980091	10676.938	-5.94
192225	40.039005	88.374486	78.973026	1012.073748	10671.565	-9.592
192245	40.049037	88.309425	79.005614	1011.910653	10667.706	-7.626
192305	40.059205	88.243947	79.002609	1011.800474	10668.376	-7.737
192325	40.069008	88.180109	78.99737	1013.341196	10664.138	-8.701
192345	40.078781	88.116068	79.001287	1015.44405	10659.419	-7.188
192405	40.088765	88.05079	79.002177	1016.717284	10659.885	-1.667
192425	40.09826	87.988077	78.990159	1017.953001	10659.368	4.78
192445	40.107719	87.924739	79.012403	1019.356974	10661.089	8.474
192505	40.11763	87.857993	79.027873	1021.273911	10667.083	8.247
192525	40.127363	87.792689	78.864849	1024.750814	10668.016	7.625
192545	40.136877	87.727597	79.172351	1027.340624	10668.894	8.31
192605	40.146695	87.661056	79.388045	1027.163763	10674.865	8.638
192625	40.157691	87.596859	76.477478	1026.811416	10676.845	3.939
192645	40.170612	87.532961	73.416798	1027.158165	10675.737	-0.907
192705	40.185258	87.467018	73.342241	1027.541807	10675.685	-0.958
192725	40.199961	87.401896	74.090142	1026.661714	10676.057	0.085
192745	40.213836	87.338722	74.05732	1024.485331	10676.076	-0.084
192805	40.227921	87.274136	73.961998	1023.648207	10675.777	0.656
192825	40.242099	87.209466	74.006521	1024.107814	10676.217	-0.751
192845	40.255873	87.14678	74.004275	1024.21716	10676.694	-6.489
192905	40.269734	87.083074	73.996611	1023.008496	10672.314	-9.606
192925	40.283832	87.017775	74.001155	1021.922345	10667.471	-7.038
192945	40.297935	86.952515	74.002526	1022.082912	10667.663	-1.224
193005	40.311654	86.889325	73.990555	1021.168218	10668.227	0.754
193025	40.325234	86.826469	74.009644	1019.819539	10667.957	-0.114
193045	40.339043	86.761841	74.031095	1019.279601	10667.959	-0.026
193105	40.352865	86.69737	73.871161	1017.903887	10668.084	-0.184
193125	40.366509	86.633404	74.136235	1017.011049	10667.926	0.24
193145	40.380014	86.56918	74.944798	1017.359508	10667.769	0.799
193205	40.393729	86.504479	74.547632	1014.725307	10668.951	-4.146
193225	40.407248	86.441044	74.017948	1011.685669	10666.994	-8.027
193245	40.42031	86.379205	74.78008	1011.865509	10660.713	-2.677
193305	40.433903	86.314302	75.14731	1011.707009	10662.465	6.121
193325	40.447749	86.247988	74.981021	1010.93117	10668.665	7.15
193345	40.46106	86.184314	74.98214	1010.939929	10669.191	-4.209
193405	40.473937	86.122701	75.010225	1011.016632	10664.532	-11.218
193425	40.486868	86.060632	74.998635	1011.012789	10659.469	-6.636
193445	40.500204	85.996341	74.998705	1011.527145	10658.933	4.769
193505	40.513566	85.931937	75.000785	1013.323388	10663.389	10.628
193525	40.526701	85.868251	74.999924	1015.100091	10668.302	7.353
193545	40.539742	85.804343	74.999844	1015.17088	10668.681	0.69
193605	40.553376	85.738139	75.000211	1014.855294	10666.929	2.768
193625	40.567018	85.671821	74.999909	1015.045195	10668.495	8.121
193645	40.579693	85.608772	74.999303	1015.315776	10674.962	3.444
193705	40.59236	85.545889	75.002203	1013.828972	10673.787	-4.887
193725	40.605414	85.481629	74.998798	1011.897973	10667.621	-7.818
193745	40.618524	85.416831	74.990402	1011.908654	10667.42	-2.162
193805	40.631345	85.352926	75.03063	1011.830309	10668.291	1.009
193825	40.643965	85.289779	74.98326	1012.132647	10667.973	-0.094
193845	40.656725	85.22599	74.866327	1014.287155	10667.958	-0.144
193905	40.66973	85.160439	75.490616	1015.331348	10668.021	0.072
193925	40.682675	85.094848	75.978099	1014.967967	10667.998	-0.007
193945	40.695258	85.031348	75.19091	1014.942634	10667.997	-0.01
194005	40.70796	84.967154	75.245999	1015.056569	10668.001	0.005
194025	40.720648	84.902755	76.05027	1014.979785	10668.0	-0.0
194045	40.733026	84.839615	76.07693	1014.852827	10668.0	-0.001
194105	40.745983	84.773029	75.961373	1015.588618	10668.0	0.001
194125	40.759068	84.70557	76.003609	1017.172728	10668.0	-0.0
194145	40.771315	84.642519	76.005523	1018.679901	10668.0	-0.001
194205	40.783713	84.57836	75.997227	1019.056083	10667.999	0.003
194225	40.796225	84.51321	76.000259	1019.04108	10668.0	-0.002
194245	40.808246	84.450453	76.000397	1019.815124	10668.004	-0.013
194305	40.820598	84.385946	75.999799	1019.892541	10667.988	0.042
194325	40.833378	84.319103	76.00002	1020.113204	10668.007	-0.023
194345	40.845991	84.252828	76.000038	1021.759691	10668.053	-0.183
194405	40.858099	84.188728	75.999954	1021.319498	10667.831	0.585
194425	40.870127	84.124782	76.000019	1019.980818	10668.092	-0.322
194445	40.88262	84.058407	76.00014	1021.25018	10668.737	-5.707
194505	40.894919	83.992819	75.999559	1022.852426	10665.136	-10.222
194525	40.90702	83.927949	76.00024	1024.158988	10659.593	-7.171
194545	40.91928	83.862136	76.00192	1026.135421	10658.686	4.374
194605	40.931161	83.798515	75.993874	1028.238468	10663.472	9.713
194625	40.943141	83.734083	76.003348	1030.193156	10668.179	7.816
194645	40.955891	83.664753	76.026735	1032.164228	10667.634	7.53
194705	40.968061	83.598661	75.914677	1034.238129	10670.828	8.863
194725	40.979675	83.535468	76.046928	1034.932164	10676.33	7.58
194745	40.991666	83.469439	76.766737	1033.344813	10676.567	1.583
194805	41.003714	83.403178	77.1076	1033.511336	10675.509	-0.004
194825	41.015951	83.335896	76.989946	1035.098327	10676.157	-0.386
194845	41.028584	83.265811	76.984614	1035.147308	10677.104	-6.734
194905	41.040546	83.199018	77.007725	1034.936569	10672.061	-6.106
194925	41.052073	83.13442	76.999278	1035.000264	10668.175	0.519
194945	41.064082	83.067046	76.998895	1034.95631	10674.461	1.652
195005	41.076014	83.000049	77.000554	1035.168636	10674.076	-4.196
195025	41.087783	82.933956	76.999948	1034.904772	10667.573	-7.811
195045	41.099635	82.86733	76.999921	1033.452291	10667.187	-1.599
195105	41.11114	82.802196	77.000038	1032.832331	10668.939	-1.625
195125	41.12244	82.737548	76.999998	1032.993953	10667.624	-8.599
195145	41.134053	82.670588	77.000004	1032.821684	10662.05	-10.201
195205	41.145996	82.601759	76.999971	1033.780002	10658.433	-1.599
195225	41.157865	82.533622	77.000017	1035.060052	10660.479	8.585
195245	41.16924	82.468372	77.000137	1035.377799	10666.452	8.986
195305	41.180371	82.403704	76.99956	1037.919698	10668.167	7.207
195325	41.191645	82.337218	77.00024	1039.957891	10668.274	8.234
195345	41.203289	82.268228	77.001919	1037.156387	10673.804	9.606
195405	41.215057	82.199289	76.993874	1035.455774	10677.604	2.021
195425	41.226642	82.131449	77.003348	1036.051761	10675.537	-8.691
195445	41.237913	82.064241	77.026735	1036.086286	10669.72	-9.662
195505	41.249158	81.997555	76.914677	1035.933137	10667.251	-4.641
195525	41.260297	81.931784	77.046928	1036.018904	10668.049	0.345
195545	41.271141	81.866936	77.766737	1036.127471	10667.911	1.092
195605	41.282167	81.800932	78.1076	1035.608149	10668.588	-2.938
195625	41.293674	81.732051	77.989946	1036.214375	10667.65	-8.456
195645	41.305367	81.661508	77.984614	1039.670162	10662.036	-9.825
195705	41.316026	81.596641	78.007726	1042.188948	10658.618	-2.312
195725	41.326514	81.532485	77.999278	1043.087238	10660.366	8.936
195745	41.338268	81.460612	77.998893	1043.928579	10665.536	14.474
195805	41.349401	81.392146	78.000563	1043.629121	10671.613	14.162
195825	41.359869	81.32726	77.999943	1042.996582	10676.359	6.867
195845	41.370882	81.258826	77.999883	1043.660321	10677.415	-5.439
195905	41.381785	81.191175	78.000161	1044.258742	10671.902	-6.67
195925	41.392476	81.124432	77.99993	1043.92299	10668.191	0.567
195945	41.403307	81.055935	77.999467	1043.079173	10674.498	1.685
200005	41.413931	80.98899	78.001684	1043.393264	10674.019	-4.079
200025	41.424466	80.922649	77.999081	1043.987197	10667.599	-7.894
200045	41.435266	80.853788	77.992661	1043.204848	10667.387	-2.281
200105	41.446046	80.785028	78.02342	1043.238953	10668.305	1.079
200125	41.456654	80.717598	77.9872	1044.050954	10667.973	-0.106
200145	41.467174	80.650566	77.897791	1044.078178	10667.971	-0.203
200205	41.477785	80.582396	78.390198	1043.96008	10667.975	0.239
200225	41.488466	80.513294	79.033277	1044.004089	10668.024	-0.096
200245	41.499038	80.444582	79.023523	1044.009051	10668.202	-0.719
200305	41.509354	80.376608	79.079354	1043.986161	10667.347	2.778
200325	41.519518	80.309166	78.943271	1044.006291	10668.36	8.457
200345	41.529763	80.241722	78.137611	1044.048538	10674.012	9.712
200405	41.540136	80.173723	78.27276	1043.782172	10677.249	2.744
200425	41.550412	80.105991	79.04777	1042.872722	10675.705	-9.178
200445	41.560476	80.038755	79.073107	1042.617741	10671.026	-16.418
200505	41.570983	79.967932	78.963286	1047.748246	10662.593	-6.926
200525	41.581392	79.897598	79.003435	1044.495961	10660.625	9.118
200545	41.590797	79.834029	79.005288	1019.867693	10672.722	11.171
200605	41.600214	79.769959	78.997238	1004.733274	10674.832	0.526
200625	41.609979	79.703209	79.000316	1002.723181	10667.525	-8.168
200645	41.619724	79.636615	79.000931	998.466849	10667.286	-2.742
200705	41.629383	79.570458	78.998042	1000.437585	10668.316	1.448
200725	41.638829	79.505376	79.000984	1006.377015	10667.994	-0.215
200745	41.648047	79.441432	79.007746	1007.114415	10668.169	-0.947
200805	41.657587	79.375342	78.975351	1007.58492	10667.319	3.045
200825	41.667247	79.308173	79.013465	1009.098729	10668.387	8.349
200845	41.676506	79.242994	79.107515	1009.204585	10674.24	8.908
200905	41.685823	79.177578	78.656874	1008.719296	10676.513	5.79
200925	41.695109	79.111266	79.187826	1009.12252	10676.11	-0.868
200945	41.704295	79.044852	80.891829	1010.720442	10677.401	-8.66
201005	41.715187	78.977942	75.717108	1010.456622	10670.81	-4.881
201025	41.73162	78.915372	66.700787	1007.752362	10670.442	1.016
201045	41.754038	78.856311	62.374303	1005.731342	10675.71	-0.43
201105	41.777909	78.794569	62.80458	1006.000404	10668.582	-0.281
201125	41.800718	78.735327	63.199622	1005.034965	10672.057	1.177
201145	41.822676	78.67779	62.934309	1001.848379	10675.487	-1.731
201205	41.844937	78.619781	62.953304	998.993726	10668.844	-8.439
201225	41.867806	78.561454	64.04551	1001.371312	10668.307	-8.484
201245	41.88758	78.497671	71.553594	1004.507642	10664.157	-15.808
201305	41.898432	78.429743	83.151111	1001.761268	10658.735	3.56
201325	41.898538	78.364643	93.357852	992.850462	10666.406	5.486
201345	41.894388	78.296946	96.237874	989.185739	10664.825	-4.486
201405	41.890072	78.229459	94.742665	990.150386	10660.38	1.065
201425	41.886128	78.166943	94.881096	989.973554	10667.22	0.776
201445	41.881799	78.101672	95.116586	990.493078	10664.615	-2.142
201505	41.877469	78.035269	94.950814	989.263553	10659.869	2.467
201525	41.873009	77.970898	95.490599	984.337717	10665.798	13.963
201545	41.866215	77.904647	98.644326	979.342349	10673.784	10.118
201605	41.85653	77.839122	103.056819	973.132793	10675.488	-2.951
201625	41.844175	77.777444	106.66478	964.933883	10670.009	-8.967
201645	41.82907	77.716435	109.345398	959.888975	10667.526	-3.856
201705	41.812775	77.655047	109.909039	958.619813	10668.223	1.476
201725	41.796971	77.594937	109.017037	958.950472	10668.01	0.087
201745	41.781703	77.536881	109.494711	960.259707	10668.0	-0.469
201805	41.765753	77.47638	110.13807	961.290469	10667.923	0.411
201825	41.749043	77.413192	110.017303	961.097535	10667.942	0.218
201845	41.733045	77.353073	109.968206	959.718261	10668.634	-2.228
201905	41.717216	77.293804	110.010247	958.825999	10666.724	4.43
201925	41.701105	77.233646	110.001935	958.981548	10666.807	4.134
201945	41.685185	77.174608	109.997576	958.912578	10676.795	-51.214
202005	41.669122	77.115182	110.000671	959.219319	10651.23	-152.495
202025	41.652531	77.053761	110.000139	959.243789	10568.618	-249.509
202045	41.635602	76.991248	109.999823	956.063233	10470.539	-281.311
202105	41.619373	76.931439	110.000053	951.442065	10377.581	-283.778
202125	41.603877	76.874574	110.000015	948.250463	10286.798	-284.509
202145	41.587577	76.815302	109.999952	947.697124	10183.892	-251.146
202205	41.571317	76.755908	110.000066	948.07507	10105.499	-207.484
202225	41.555599	76.698075	110.000067	948.006688	10059.149	-195.133
202245	41.53919	76.638453	109.9995	948.424214	9988.568	-235.191
202305	41.522267	76.577171	110.000872	951.537917	9895.424	-277.689
202325	41.505551	76.516466	110.000926	957.192168	9798.423	-289.124
202345	41.489432	76.458396	109.99305	960.620239	9702.942	-295.841
202405	41.47286	76.398598	110.012142	954.20366	9602.985	-294.882
202425	41.455701	76.336561	110.012903	941.962662	9501.148	-283.54
202445	41.439608	76.279412	109.903206	942.288875	9413.473	-278.085
202505	41.423788	76.223278	110.181817	947.054839	9323.609	-286.911
202525	41.407308	76.16417	110.908718	945.648107	9220.601	-303.318
202545	41.390562	76.104563	111.223393	940.288451	9118.581	-307.55
202605	41.374104	76.04616	110.730957	935.856233	9017.215	-303.466
202625	41.358019	75.988905	110.020148	932.774835	8915.016	-303.84
202645	41.341784	75.931262	110.459597	925.63463	8815.903	-321.359
202705	41.325537	75.874003	111.177699	919.498603	8708.2	-374.907
202725	41.309566	75.817866	111.088357	917.360588	8573.651	-454.306
202745	41.29377	75.76192	110.489042	912.902481	8400.817	-507.997
202805	41.276867	75.703986	111.890148	900.541664	8223.19	-517.125
202825	41.259166	75.647562	114.348756	884.582979	8058.503	-511.11
202845	41.242156	75.59715	114.155097	873.808366	7885.878	-524.92
202905	41.22426	75.543678	113.877386	860.832759	7704.247	-516.34
202925	41.206683	75.490649	114.026554	846.703287	7534.048	-501.173
202945	41.190553	75.442657	114.014546	836.009772	7379.445	-489.868
203005	41.173902	75.392971	113.974655	829.175228	7205.252	-420.585
203025	41.156715	75.341805	114.023002	821.758408	7069.218	-278.649
203045	41.139613	75.291352	114.048541	814.24974	7022.39	-114.57
203105	41.122273	75.239975	113.76779	818.495438	7009.659	-32.724
203125	41.105559	75.191322	114.295474	824.553315	7012.393	1.458
203145	41.089867	75.14529	114.665028	824.681035	7015.625	-33.243
203205	41.074014	75.091428	110.015414	833.723753	6963.54	-331.964
203225	41.061178	75.039176	107.075404	831.548715	6819.01	-508.466
203245	41.050112	74.989691	107.042838	821.465411	6636.237	-563.511
203305	41.038228	74.938321	107.031292	812.826771	6446.093	-658.246
203325	41.026136	74.886305	106.859784	795.189579	6194.191	-668.93
203345	41.01447	74.836431	107.208935	791.495485	5959.566	-527.149
203405	41.003062	74.788286	107.964415	814.089234	5828.457	-281.71
203425	40.990802	74.736221	107.556237	834.668063	5786.442	-98.033
203445	40.97792	74.681241	106.890257	854.991385	5783.906	-13.428
203505	40.964922	74.625921	106.965923	877.275834	5783.61	7.148
203525	40.951734	74.570094	107.033608	882.431156	5787.64	9.658
203545	40.938578	74.514147	106.990659	879.607906	5791.739	6.133
203605	40.925597	74.458697	106.995254	881.443855	5791.378	0.124
203625	40.912548	74.403919	107.015898	881.037749	5789.72	4.317
203645	40.899311	74.348529	106.978968	854.799294	5792.762	7.46
203705	40.88654	74.294373	106.967634	800.410735	5798.823	-18.206
203725	40.875627	74.247977	107.340664	757.594808	5790.312	-103.13
203745	40.864772	74.203521	108.386891	729.070216	5739.614	-232.134
203805	40.853268	74.156229	108.499171	709.68184	5634.078	-360.569
203825	40.843662	74.111891	105.355473	706.375784	5492.299	-439.206
203845	40.830617	74.069507	114.18375	682.478036	5329.835	-492.196
203905	40.809612	74.037158	142.572151	611.761757	5157.27	-514.56
203925	40.784596	74.022929	165.133831	552.033135	4987.476	-494.553
203945	40.758741	74.013615	166.211851	549.149065	4827.028	-492.764
204005	40.731101	74.004268	164.294397	552.223276	4660.62	-490.462
204025	40.702967	73.994342	165.094265	544.704026	4495.123	-488.479
204045	40.676449	73.985039	165.089658	537.472144	4339.278	-494.772
204105	40.65114	73.976129	164.945074	535.175235	4168.272	-483.73
204125	40.625853	73.967124	165.01017	536.150249	3999.885	-387.687
204145	40.599822	73.957823	165.022873	534.994579	3886.746	-204.239
204205	40.574016	73.94877	164.936636	526.284604	3874.514	-150.285
204225	40.549694	73.940121	165.048116	510.308458	3850.053	-321.551
204245	40.526839	73.931622	165.230564	494.555778	3674.671	-633.796
204305	40.50244	73.922938	164.139908	493.331742	3414.438	-833.491
204325	40.476707	73.915161	165.226767	500.486502	3111.795	-904.412
204345	40.452053	73.909076	170.587554	502.176472	2780.558	-952.802
204405	40.428982	73.897505	153.888262	525.954991	2495.08	-745.481
204425	40.410145	73.875434	132.699748	528.778551	2296.169	-655.39
204445	40.393278	73.849423	130.95888	511.973629	2058.529	-713.484
204505	40.375686	73.824453	133.24781	512.190435	1803.743	-592.336
204525	40.358562	73.800562	133.346363	509.920786	1647.999	-417.561
204545	40.34145	73.776022	132.374061	497.946934	1540.418	-298.542
204605	40.324224	73.75221	133.391919	477.662663	1461.833	-214.678
204625	40.309879	73.727978	122.299996	459.992099	1413.317	-163.173
204645	40.306561	73.699408	86.403803	450.647699	1347.772	-230.907
204705	40.310794	73.671388	79.050555	437.181499	1260.105	-257.856
204725	40.319197	73.646047	52.535669	420.921881	1176.758	-252.107
204745	40.335437	73.629344	28.08857	420.110006	1090.447	-225.954
204805	40.354183	73.616687	29.984629	418.067721	1018.793	-175.603
204825	40.371699	73.603581	30.117501	393.936914	971.897	-138.721
204845	40.388405	73.591307	28.796479	366.349674	933.824	-136.266
204905	40.404181	73.579916	29.991647	353.642753	885.427	-131.535
204925	40.419365	73.56874	30.492017	356.618779	834.57	-96.002
204945	40.434956	73.557149	24.22618	357.805401	815.727	-41.488
205005	40.450404	73.545905	41.655174	356.509192	815.092	-5.243
205025	40.465801	73.534463	36.832658	355.990292	815.011	0.072
205045	40.482093	73.521746	-27.39374	355.340266	814.991	-0.06
205105	40.497259	73.516201	309.315431	346.556089	815.002	-0.0
205125	40.5134	73.5251	331.0	330.0	815.0	0.0
205145	40.52701	73.535198	331.129002	332.828862	814.995	0.058
205205	40.5416	73.5462	328.0	317.0	815.0	0.0
205225	40.552136	73.560075	307.722223	304.218575	815.066	-0.721
205245	40.560652	73.577007	302.004127	306.388814	814.55	4.927
205305	40.5664	73.5895	302.0	312.0	815.0	-96.0
205325	40.576278	73.611019	301.031197	312.848501	766.398	-191.128
205345	40.584896	73.629747	301.79764	300.909385	679.267	-279.91
205405	40.592258	73.646016	301.58858	294.345756	579.667	-320.444
205425	40.599749	73.662553	300.80091	284.354796	462.887	-242.281
205445	40.606861	73.67806	300.98675	263.033599	381.707	-151.62
205505	40.613322	73.692275	300.959519	246.830569	398.968	-242.897
205525	40.619379	73.70569	300.195429	239.960209	335.975	-331.576
205545	40.625354	73.718904	299.490898	238.618438	206.658	-354.99
205605	40.631556	73.732497	299.864188	238.173492	79.048	-298.59
205625	40.637887	73.74629	300.965633	237.24462	11.365	-213.707
205645	40.643587	73.758996	299.826327	242.557562	-0.281	-196.094
