152023	33.9362	118.4193	266.0	275.0	335.0	0.0
152043	33.935005	118.435788	265.621964	302.993436	516.288	461.503
152103	33.93175	118.456681	252.814571	354.506505	627.442	271.786
152123	33.922084	118.475444	231.104643	421.35717	714.85	439.301
152143	33.908216	118.49498	228.159154	458.528275	894.922	711.846
152203	33.89293	118.516256	232.007137	466.08309	1168.34	865.941
152223	33.876728	118.538291	228.578611	470.78915	1480.345	926.96
152243	33.856394	118.555119	197.901586	493.565286	1800.416	852.564
152303	33.831626	118.554669	168.932568	526.710825	2051.483	725.272
152323	33.806973	118.548295	169.363	535.886846	2273.18	784.858
152343	33.777627	118.541635	168.873079	541.636252	2569.204	794.456
152403	33.75144	118.535504	171.124279	545.907816	2828.634	745.926
152423	33.725956	118.528719	163.843487	566.561309	3050.879	654.427
152443	33.701504	118.51258	138.399989	608.138269	3251.951	550.624
152503	33.684241	118.478901	113.101445	645.802355	3421.619	490.483
152523	33.673227	118.439814	106.556044	674.783972	3570.867	550.306
152543	33.662437	118.400997	109.323915	691.824532	3766.012	647.67
152603	33.6501	118.360666	106.894834	694.494692	4030.976	663.136
152623	33.644536	118.320429	99.211915	702.419161	4253.374	629.773
152643	33.64454	118.279618	91.407124	716.635369	4434.011	593.827
152703	33.644974	118.236719	89.126424	730.108096	4622.112	593.372
152723	33.64477	118.19273	90.148713	741.04297	4826.464	613.507
152743	33.644781	118.148911	90.093793	749.923159	5035.249	619.527
152803	33.644815	118.103971	89.941164	755.797146	5243.264	603.16
152823	33.644795	118.057807	90.006641	761.298367	5441.219	572.472
152843	33.644739	118.010876	89.993685	769.313581	5623.792	545.192
152903	33.644571	117.963104	90.049873	778.200092	5800.842	537.799
152923	33.644517	117.917148	89.944264	785.066318	5980.305	506.182
152943	33.644534	117.872939	89.817802	790.410977	6151.788	461.778
153003	33.644255	117.822818	89.539329	799.656247	6291.295	552.915
153023	33.648537	117.775948	79.387808	796.820453	6509.281	434.78
153043	33.656753	117.730023	75.76218	809.499337	6626.446	260.906
153103	33.666447	117.68084	77.363725	834.913761	6667.383	167.9
153123	33.676184	117.629772	77.074103	857.901761	6720.469	144.698
153143	33.685415	117.581267	76.916279	876.774532	6765.4	154.348
153203	33.694941	117.531564	77.006908	891.97266	6818.234	159.059
153223	33.705163	117.478242	76.98491	906.500282	6880.601	157.602
153243	33.71532	117.424979	77.1471	924.273848	6920.237	193.93
153303	33.725696	117.370522	76.732988	935.165335	6989.43	261.183
153323	33.736266	117.314926	76.714634	937.312184	7107.785	318.795
153343	33.745467	117.261393	80.684267	944.754531	7210.901	324.764
153403	33.749744	117.203082	87.951819	946.760967	7319.794	328.609
153423	33.749784	117.143827	91.896952	946.318961	7435.143	322.136
153443	33.748275	117.087419	91.050396	949.77184	7539.241	311.362
153503	33.747068	117.030528	90.845243	953.519067	7633.212	361.595
153523	33.745986	116.973822	90.999823	950.081404	7761.128	501.228
153543	33.74476	116.918521	90.983792	935.950545	7959.031	684.739
153603	33.743616	116.864632	91.642807	914.040461	8228.583	809.631
153623	33.742479	116.810515	92.108565	890.762699	8520.116	837.421
153643	33.741263	116.756628	92.006246	868.180013	8795.782	760.506
153703	33.739993	116.70552	91.977766	845.318682	9040.254	596.355
153723	33.738749	116.65592	92.008083	834.539376	9205.826	418.664
153743	33.737559	116.606112	92.000537	839.525234	9299.75	279.745
153803	33.736374	116.555422	91.996618	850.244864	9383.911	182.501
153823	33.735126	116.504252	92.004597	860.003567	9432.94	99.691
153843	33.733771	116.452698	92.001272	870.303081	9440.866	32.225
153903	33.732333	116.400317	91.973684	887.489096	9445.982	9.928
153923	33.730976	116.347369	92.050138	903.662745	9449.803	6.155
153943	33.729565	116.29293	92.032556	915.701371	9449.11	0.351
154003	33.727928	116.235239	91.220014	930.708634	9448.696	-0.339
154023	33.727978	116.177699	88.790485	947.925509	9449.313	-0.528
154043	33.731121	116.122131	84.952903	964.505627	9449.611	-1.708
154103	33.737182	116.066039	81.249212	978.54219	9447.828	4.083
154123	33.7462	116.0085	78.0	985.0	9449.0	9.0
154143	33.758614	115.950245	74.698815	983.138019	9456.25	-1.127
154203	33.77417	115.891864	72.424247	989.260619	9451.449	-7.441
154223	33.789931	115.835325	71.742355	990.631249	9446.813	-2.424
154243	33.805226	115.77944	71.988036	987.075067	9448.772	6.697
154303	33.820955	115.721807	72.042369	988.484333	9454.087	8.687
154323	33.836536	115.66517	71.985058	990.497057	9456.135	7.671
154343	33.851648	115.610527	71.99914	990.032968	9455.884	7.961
154403	33.866703	115.555622	72.003075	989.793275	9460.972	8.305
154423	33.881808	115.500216	71.998849	990.283829	9465.215	4.485
154443	33.8973	115.443395	71.999798	990.212768	9464.394	-5.175
154503	33.913468	115.384167	72.000255	987.949637	9460.673	-17.604
154523	33.928045	115.330426	71.999925	987.278406	9452.463	-23.793
154543	33.941151	115.281746	71.99998	989.679445	9442.101	-17.111
154603	33.956979	115.2235	72.000057	990.844242	9438.766	-0.194
154623	33.973919	115.161095	71.999926	991.16306	9443.26	8.966
154643	33.989712	115.102417	71.999926	992.605522	9448.845	1.697
154703	34.004741	115.046487	72.00055	996.126378	9445.441	-8.066
154723	34.019639	114.990945	71.999036	1000.499073	9439.32	-4.252
154743	34.034953	114.933745	71.998697	1003.683618	9439.76	12.369
154803	34.050904	114.87428	72.00772	1004.164689	9449.092	18.791
154823	34.066477	114.816189	71.990669	1004.153602	9457.038	12.76
154843	34.081102	114.761249	71.976061	1005.564874	9456.475	2.55
154903	34.096052	114.704554	72.098856	1006.659822	9456.024	-3.93
154923	34.111811	114.646306	71.925373	1007.03698	9455.729	-8.985
154943	34.128191	114.588785	71.197049	1007.991813	9451.385	-14.973
155003	34.144795	114.530821	70.896147	1011.9688	9444.142	-10.267
155023	34.161106	114.473164	71.012534	1015.096818	9441.26	1.656
155043	34.176933	114.416887	71.005677	1013.000683	9447.069	8.161
155103	34.193015	114.359785	71.019868	1011.046816	9450.176	4.387
155123	34.20934	114.301542	70.97911	1012.449467	9448.741	0.03
155143	34.225573	114.243099	70.895138	1016.153933	9448.28	5.551
155203	34.242039	114.184484	71.463378	1017.185071	9451.782	10.609
155223	34.258283	114.126219	72.017003	1017.187722	9456.552	6.636
155243	34.274508	114.068494	70.984551	1020.393793	9457.267	-5.593
155303	34.293751	114.00992	67.455253	1025.079591	9451.787	-11.018
155323	34.314297	113.953567	65.41287	1028.796963	9447.433	-3.27
155343	34.334528	113.899018	66.02914	1029.985452	9449.196	8.422
155403	34.355575	113.84174	66.095425	1028.643615	9454.056	10.699
155423	34.376944	113.783574	65.955946	1027.716201	9457.343	2.126
155443	34.398	113.7264	66.0	1028.0	9456.0	-8.0
155503	34.418593	113.670278	66.007758	1028.116426	9450.637	-8.53
155523	34.439627	113.612959	65.99651	1027.804926	9449.257	-8.827
155543	34.4609	113.555	66.0	1028.0	9449.0	-8.0
155603	34.481369	113.498948	66.003287	1029.569507	9441.516	3.443
155623	34.502021	113.442052	65.992849	1029.6862	9445.858	8.387
155643	34.5227	113.385	66.0	1028.0	9456.0	0.0
155703	34.542389	113.330898	66.038263	1027.338156	9446.37	-9.347
155723	34.563171	113.273687	65.90237	1029.430351	9440.372	-0.309
155743	34.58512	113.21308	65.972844	1031.968944	9448.489	14.886
155803	34.605999	113.155504	66.794178	1030.779561	9456.235	2.928
155823	34.625869	113.100771	66.769162	1030.180165	9452.336	-13.927
155843	34.645779	113.045825	66.008335	1031.922224	9441.359	-15.329
155903	34.666662	112.987878	66.555991	1032.785568	9439.671	-4.848
155923	34.687457	112.929791	67.139154	1033.285039	9441.603	0.977
155943	34.707868	112.872589	67.007999	1034.871016	9441.074	-0.083
160003	34.728741	112.814271	66.971659	1038.153983	9439.922	5.178
160023	34.749156	112.757084	67.009996	1041.173385	9443.47	8.396
160043	34.769267	112.700504	67.000576	1042.929073	9448.911	7.887
160103	34.790508	112.64084	66.997932	1044.523747	9447.865	12.962
160123	34.811754	112.581082	67.000795	1047.672748	9453.136	14.2
160143	34.832246	112.523252	67.000185	1049.511015	9463.462	3.56
160203	34.852496	112.466023	66.999822	1043.863072	9458.231	-16.097
160223	34.872814	112.408455	67.000043	1039.903354	9445.74	-21.243
160243	34.893356	112.350081	67.000013	1046.622354	9440.793	-3.52
160303	34.914148	112.29098	66.999988	1059.905208	9445.027	7.826
160323	34.934706	112.232538	67.000002	1068.142614	9449.758	6.742
160343	34.955114	112.174436	66.999999	1065.888828	9449.228	0.859
160403	34.976506	112.113367	67.000009	1062.601247	9448.821	-0.941
160423	34.997914	112.052129	66.999985	1066.10124	9448.983	0.428
160443	35.01843	111.993301	66.999976	1076.175906	9448.904	0.435
160503	35.038847	111.934514	67.000146	1082.216626	9449.668	-3.431
160523	35.05931	111.875617	66.999823	1079.391768	9448.137	-9.557
160543	35.079989	111.816204	66.999604	1071.269686	9442.519	-14.421
160603	35.10158	111.753797	67.001917	1070.053816	9437.098	-14.188
160623	35.122715	111.692451	66.997556	1073.946884	9433.114	-4.458
160643	35.142799	111.634177	66.994498	1077.152482	9432.684	11.882
160703	35.164392	111.571584	67.02669	1080.838469	9441.581	18.784
160723	35.186012	111.508698	66.965961	1083.313675	9450.197	12.336
160743	35.205994	111.450185	66.923362	1081.999318	9449.647	1.256
160803	35.226503	111.390028	67.496745	1076.809756	9447.905	2.161
160823	35.24788	111.327311	68.081519	1072.279262	9450.006	7.771
160843	35.269226	111.264555	68.051119	1070.842116	9454.977	4.009
160903	35.289616	111.204293	67.968123	1066.974391	9455.478	-10.232
160923	35.309393	111.145658	68.001525	1060.696312	9448.478	-21.111
160943	35.329504	111.086136	68.006948	1055.752754	9437.292	-14.241
161003	35.350006	111.025469	67.998188	1053.6116	9435.042	-4.467
161023	35.370121	110.965917	67.999618	1053.171151	9440.901	-0.62
161043	35.388669	110.911071	68.000541	1050.890295	9435.984	4.68
161103	35.40783	110.854254	67.999894	1046.94989	9435.987	6.666
161123	35.428998	110.79115	67.999953	1042.318253	9448.169	1.496
161143	35.449662	110.72929	68.000037	1037.000474	9441.831	-2.676
161203	35.468877	110.671512	67.999992	1035.234073	9434.339	2.571
161223	35.487441	110.615588	67.999996	1040.95505	9445.776	13.982
161243	35.50726	110.556253	68.000003	1052.530835	9451.169	9.867
161303	35.527728	110.495015	68.0	1061.791305	9448.712	-0.965
161323	35.547432	110.435612	68.0	1062.092967	9448.675	-1.013
161343	35.566879	110.376703	67.999998	1059.417113	9449.222	0.441
161403	35.586601	110.316835	67.999999	1057.10971	9449.02	-0.007
161423	35.606786	110.255501	68.000013	1055.07449	9448.692	0.745
161443	35.627014	110.194047	67.999992	1053.913351	9449.156	-0.512
161503	35.646855	110.133713	67.999965	1053.916526	9449.698	-5.99
161523	35.666318	110.074059	68.000126	1054.0551	9445.866	-10.418
161543	35.685865	110.013881	67.9999	1053.986877	9440.383	-6.616
161603	35.705739	109.95286	67.999516	1053.960663	9439.663	5.382
161623	35.725079	109.893455	68.001749	1054.043135	9445.277	7.359
161643	35.744341	109.834133	67.998605	1052.574925	9448.843	-1.519
161703	35.76422	109.772761	67.993263	1049.370677	9443.148	-8.408
161723	35.783543	109.713037	68.024358	1050.276786	9439.246	-2.253
161743	35.802321	109.654976	67.980519	1053.274151	9441.701	7.915
161803	35.821272	109.596309	67.880873	1053.331246	9447.24	8.218
161823	35.840339	109.536945	68.310929	1052.984282	9449.194	6.543
161843	35.8595	109.477	69.0	1054.0	9449.0	8.0
161903	35.878799	109.416672	69.071273	1055.688323	9453.535	9.804
161923	35.897921	109.357	68.9718	1055.587017	9457.302	3.18
161943	35.917	109.2974	69.0	1054.0	9456.0	-8.0
162003	35.93647	109.236273	69.005117	1053.685805	9450.979	-9.923
162023	35.955827	109.17518	68.997975	1054.493211	9448.364	-5.28
162043	35.975	109.1145	69.0	1056.0	9449.0	0.0
162103	35.994373	109.053236	69.000367	1058.061095	9448.835	1.498
162123	36.013502	108.992745	68.999855	1059.725351	9449.682	-3.027
162143	36.0324	108.9328	69.0	1061.0	9449.0	-8.0
162203	36.051541	108.871779	69.000027	1062.836186	9442.607	-4.072
162223	36.070574	108.811152	68.999988	1065.254295	9442.594	4.094
162243	36.0894	108.7512	69.0	1067.0	9449.0	8.0
162303	36.108431	108.690215	69.000012	1066.867729	9449.733	2.828
162323	36.128188	108.626658	68.999974	1067.797742	9448.707	-0.992
162343	36.148	108.5629	69.0	1070.0	9449.0	-0.0
162403	36.166635	108.502967	69.000141	1071.423133	9449.068	0.115
162423	36.185396	108.442398	68.999644	1075.728906	9448.939	0.097
162443	36.2045	108.3804	69.0	1080.0	9449.0	0.0
162503	36.222968	108.32031	69.001959	1076.130204	9449.225	-0.92
162523	36.241922	108.258833	68.995049	1067.221759	9448.44	2.649
162543	36.2615	108.1954	69.0	1054.0	9449.0	8.0
162603	36.280571	108.133192	69.028822	1035.586632	9454.134	5.252
162623	36.299056	108.072644	68.936999	1025.32439	9455.555	-5.696
162643	36.316951	108.01386	68.96339	1027.484458	9449.775	-14.886
162703	36.334268	107.956694	69.59675	1032.657908	9442.56	-8.32
162723	36.352273	107.897256	70.089543	1035.557182	9442.067	3.722
162743	36.371127	107.835147	70.018558	1035.890803	9448.278	8.266
162803	36.389142	107.775625	69.976547	1037.715554	9450.087	2.999
162823	36.407275	107.715529	70.006818	1041.443842	9448.356	0.422
162843	36.425965	107.653421	70.002357	1045.317096	9448.278	5.896
162903	36.443527	107.594737	69.998162	1046.879808	9452.9	6.757
162923	36.460644	107.537497	70.000379	1045.325796	9456.096	-3.86
162943	36.478879	107.476699	70.000168	1041.238095	9451.294	-20.455
163003	36.498615	107.410665	69.999868	1036.215186	9440.745	-23.147
163023	36.517243	107.348098	70.000027	1032.197741	9432.856	-11.188
163043	36.533461	107.293524	70.000012	1030.254208	9433.191	4.768
163103	36.550891	107.234912	69.999991	1029.632797	9437.036	13.936
163123	36.569232	107.173093	70.000002	1030.312944	9442.533	14.485
163143	36.586926	107.11315	70.000001	1031.783786	9448.147	9.61
163203	36.604441	107.05366	70.0	1032.143977	9449.64	3.247
163223	36.621988	106.99396	69.999999	1033.766804	9448.868	-0.462
163243	36.639638	106.933756	69.999998	1038.635458	9448.941	-0.203
163303	36.657628	106.872178	70.000009	1043.632881	9449.05	0.148
163323	36.675696	106.810323	69.999988	1046.394533	9448.986	-0.016
163343	36.693551	106.749314	69.999974	1046.307067	9448.985	0.025
163403	36.711351	106.688348	70.000126	1044.841359	9449.058	-0.179
163423	36.729146	106.627038	69.999839	1043.937216	9448.93	0.241
163443	36.746885	106.565596	69.999637	1045.232922	9448.843	0.547
163503	36.764512	106.504599	70.00176	1049.271143	9449.759	-3.657
163523	36.782272	106.443255	69.997755	1054.124644	9447.995	-9.055
163543	36.800124	106.381495	69.994945	1058.055694	9442.192	-9.258
163603	36.817358	106.321488	70.025138	1061.818384	9439.546	-1.083
163623	36.834772	106.260615	69.975359	1064.284763	9441.747	9.976
163643	36.852996	106.196908	69.92097	1064.296508	9447.068	15.365
163703	36.87066	106.135027	70.424301	1063.026415	9453.414	10.199
163723	36.888195	106.073381	71.03509	1060.706453	9455.889	-1.14
163743	36.906625	106.008419	71.060697	1057.383138	9451.435	-11.217
163803	36.925102	105.943315	70.97126	1054.734623	9446.842	-18.904
163823	36.94284	105.880742	70.998536	1053.978274	9441.448	-22.036
163843	36.959726	105.820814	71.00519	1055.196801	9430.27	-16.433
163903	36.977013	105.75915	70.998162	1056.366169	9425.806	1.886
163923	36.994555	105.696514	70.999892	1056.055898	9433.45	21.499
163943	37.01085	105.638448	71.000446	1054.589762	9444.494	20.895
164003	37.027524	105.578794	70.999878	1054.057382	9449.62	12.495
164023	37.045355	105.514657	70.999966	1054.248695	9448.737	8.509
164043	37.062731	105.45217	71.000032	1051.599884	9452.933	5.412
164103	37.079888	105.390394	70.999992	1048.164322	9455.982	-3.8
164123	37.097264	105.32756	70.999998	1048.243571	9450.658	-14.768
164143	37.114237	105.265938	71.0	1053.980245	9442.605	-6.252
164203	37.13127	105.204193	71.000004	1056.823334	9442.461	14.039
164223	37.148528	105.141686	71.000006	1053.33343	9453.482	24.175
164243	37.165091	105.080964	70.999962	1054.669025	9463.69	7.331
164303	37.182416	105.017025	71.000058	1057.346355	9461.49	-11.309
164323	37.2008	104.949424	71.000091	1056.929924	9450.084	-9.582
164343	37.217316	104.889018	70.999466	1058.755589	9451.733	-1.855
164403	37.233553	104.82935	71.000817	1061.791857	9456.185	-1.046
164423	37.251264	104.763625	71.002168	1063.536917	9451.253	-6.907
164443	37.268822	104.698408	70.993754	1064.578276	9447.439	-2.171
164503	37.285295	104.637279	71.003359	1064.999434	9449.416	8.739
164523	37.301027	104.578789	71.026752	1064.845065	9454.481	9.843
164543	37.317691	104.516756	70.914668	1065.590382	9456.762	4.195
164603	37.335378	104.450754	71.046929	1064.666853	9455.893	-0.112
164623	37.35287	104.385231	71.766737	1059.19292	9455.561	0.754
164643	37.369333	104.323525	72.107601	1054.911069	9457.137	-4.417
164703	37.385446	104.263002	71.989945	1054.012057	9455.396	-16.198
164723	37.402358	104.199113	71.984606	1055.086929	9445.329	-23.95
164743	37.419373	104.134633	72.007752	1057.828578	9436.269	-15.794
164803	37.436178	104.070946	71.999263	1061.343105	9434.132	1.549
164823	37.452958	104.007382	71.998732	1064.21524	9438.415	12.33
164843	37.469698	103.943551	72.000581	1065.398978	9443.79	16.889
164903	37.4863	103.8799	72.0	1065.0	9449.0	15.0
164923	37.502671	103.817226	71.99989	1064.41679	9454.993	5.579
164943	37.518881	103.755009	72.000037	1066.266156	9454.518	-3.379
165003	37.534996	103.692809	72.000002	1068.961863	9449.149	-6.944
165023	37.551095	103.630451	72.000001	1067.38932	9449.136	-6.878
165043	37.567496	103.566798	71.999986	1063.762651	9447.628	-7.624
165103	37.584202	103.501905	71.999983	1061.211765	9441.657	-8.441
165123	37.600712	103.43774	72.000128	1060.305527	9440.005	-2.682
165143	37.616969	103.374584	71.999775	1057.564609	9441.595	-0.702
165203	37.633017	103.312119	71.999761	1053.284199	9441.448	-6.424
165223	37.648834	103.250017	72.001912	1053.98908	9436.665	-5.989
165243	37.664858	103.186783	71.997792	1056.373131	9434.136	2.802
165303	37.681439	103.12136	71.994373	1057.810887	9438.943	13.43
165323	37.698342	103.05471	72.023202	1063.8064	9445.481	13.927
165343	37.714525	102.990803	71.982723	1069.347369	9449.277	6.924
165403	37.729492	102.93147	71.917332	1067.928839	9449.23	1.286
165423	37.745108	102.869475	72.374396	1066.090497	9448.988	-1.308
165443	37.7615	102.8043	73.0	1065.0	9449.0	-0.0
165503	37.777662	102.739793	73.063237	1062.169294	9448.332	5.212
165523	37.793772	102.675201	72.974975	1060.599275	9450.995	9.972
165543	37.8098	102.6108	73.0	1061.0	9456.0	8.0
165603	37.82553	102.547654	73.004569	1061.051847	9457.276	-3.33
165623	37.841951	102.481517	72.998126	1061.026008	9453.6	-9.402
165643	37.858331	102.415129	72.999898	1061.014016	9449.1	-7.109
165703	37.872841	102.355901	73.000392	1060.679827	9449.293	-6.925
165723	37.887892	102.294437	72.999879	1061.67784	9447.433	-8.723
165743	37.904375	102.227157	72.999984	1063.843424	9441.489	-7.547
165803	37.920115	102.162443	73.000033	1064.624759	9439.173	1.069
165823	37.935789	102.097918	72.999991	1065.368259	9442.614	8.263
165843	37.951872	102.031875	72.999996	1066.836465	9448.372	8.266
165903	37.967088	101.969054	73.000013	1066.974762	9448.981	7.563
165923	37.982623	101.904753	72.999984	1067.292343	9449.979	8.377
165943	37.998966	101.837118	72.999975	1068.793803	9455.223	8.524
170003	38.013875	101.774972	73.000148	1069.132275	9456.778	3.818
170023	38.02846	101.714009	72.999821	1069.0669	9455.841	-0.574
170043	38.044136	101.648651	72.999601	1069.797259	9455.924	-0.229
170103	38.059869	101.582808	73.001934	1070.361559	9456.089	0.05
170123	38.075537	101.516931	72.997535	1069.64858	9455.944	0.155
170143	38.091243	101.4507	72.994449	1067.547	9455.895	0.425
170203	38.106418	101.386461	73.026924	1065.684355	9456.489	-3.14
170223	38.121352	101.323065	72.965663	1064.934511	9455.349	-9.732
170243	38.136499	101.258681	72.922691	1065.022775	9450.557	-14.754
170303	38.151696	101.193902	73.499999	1064.594413	9444.252	-12.635
170323	38.166906	101.128765	74.07731	1063.837353	9440.583	-6.495
170343	38.182001	101.063884	74.034338	1063.785746	9440.918	-1.226
170403	38.196595	101.001295	73.973068	1065.262432	9440.545	3.756
170423	38.211207	100.938373	74.005561	1067.575467	9441.794	9.583
170443	38.226252	100.873122	74.002488	1069.023961	9447.395	14.641
170503	38.2411	100.809057	73.997943	1067.95564	9453.238	13.007
170523	38.255876	100.745162	74.000341	1067.065351	9456.295	6.652
170543	38.27089	100.679483	74.000216	1068.598878	9456.178	1.02
170603	38.285875	100.6138	73.999857	1069.18067	9455.923	-0.797
170623	38.30078	100.548556	74.000024	1069.048457	9455.97	0.305
170643	38.315656	100.483341	74.000013	1069.780227	9455.849	0.719
170703	38.330434	100.418213	73.999999	1070.229876	9456.675	-3.566
170723	38.345294	100.352438	73.999992	1069.865785	9455.274	-8.689
170743	38.360223	100.28619	73.999969	1069.116297	9450.118	-8.874
170803	38.374555	100.222218	74.000132	1069.050922	9448.427	-4.718
170823	38.388955	100.157792	73.999862	1068.859796	9448.963	1.157
170843	38.404089	100.090192	73.999554	1067.495936	9448.559	6.499
170903	38.418841	100.024007	74.00185	1065.834147	9451.816	10.673
170923	38.433011	99.960113	73.998078	1063.379056	9456.841	5.71
170943	38.447054	99.896681	73.993785	1059.890803	9457.494	-10.726
171003	38.461307	99.832275	74.026318	1057.645309	9449.36	-19.684
171023	38.47564	99.767263	73.980319	1056.954209	9440.111	-13.01
171043	38.48992	99.702142	73.905758	1056.93299	9439.558	3.553
171103	38.50459	99.635421	74.421466	1057.128752	9444.766	10.991
171123	38.518985	99.569728	75.052865	1056.910506	9449.37	7.11
171143	38.532404	99.507664	75.049746	1056.132919	9449.348	1.307
171203	38.546064	99.444483	74.971527	1056.122334	9448.804	-0.7
171223	38.560098	99.379843	75.003796	1055.830868	9449.024	0.101
171243	38.574055	99.31554	75.003572	1054.236989	9449.012	0.133
171303	38.588329	99.249478	74.997956	1054.567992	9449.032	-0.217
171323	38.602608	99.182944	75.000273	1056.179645	9448.965	0.14
171343	38.616399	99.118252	75.000257	1056.788114	9448.823	0.652
171403	38.630177	99.053553	74.999853	1057.704596	9449.644	-2.99
171423	38.64395	98.988863	75.00002	1059.240125	9448.478	-8.729
171443	38.657533	98.924934	75.000022	1060.641759	9443.005	-10.039
171503	38.6713	98.860126	74.999987	1061.218951	9439.502	-1.851
171523	38.685179	98.794435	75.000002	1060.948702	9441.447	8.7
171543	38.698854	98.728964	75.000012	1060.681377	9447.205	9.865
171603	38.712487	98.663512	74.999967	1062.150854	9449.95	3.909
171623	38.726169	98.598065	75.000018	1064.115528	9448.844	0.065
171643	38.739809	98.532959	75.000141	1064.20245	9448.236	5.328
171703	38.7532	98.468477	74.999551	1063.813004	9451.577	10.367
171723	38.766672	98.403275	75.000245	1064.063362	9456.343	7.182
171743	38.780584	98.336241	75.001957	1064.454258	9457.081	-4.168
171803	38.794185	98.270359	74.993753	1062.263207	9453.16	-10.448
171823	38.80755	98.205217	75.003414	1058.712871	9448.737	-7.405
171843	38.821109	98.139056	75.027263	1056.738494	9448.476	-1.106
171903	38.834068	98.075245	74.912989	1054.591901	9449.667	-1.445
171923	38.846929	98.01165	75.047851	1052.949127	9448.718	-8.848
171943	38.860635	97.944251	75.774101	1053.604362	9443.724	-15.13
172003	38.874036	97.877875	76.084096	1054.2314	9436.88	-10.688
172023	38.886881	97.813079	76.002495	1053.95565	9434.144	1.131
172043	38.900016	97.74755	75.692819	1053.755164	9439.078	8.251
172103	38.914597	97.683698	73.02946	1054.849054	9441.905	4.099
172123	38.932338	97.619517	69.105861	1056.231005	9440.603	0.418
172143	38.953593	97.554317	66.24958	1056.889007	9440.718	7.386
172203	38.97581	97.495484	63.976118	1058.437415	9445.585	9.465
172223	38.998836	97.438296	62.827793	1058.787513	9449.671	5.435
172243	39.02296	97.377682	62.932914	1056.652148	9449.295	0.601
172303	39.047632	97.315513	63.055331	1054.282818	9448.587	0.115
172323	39.072313	97.253303	62.990828	1052.787598	9449.234	-0.611
172343	39.096459	97.192297	62.994143	1052.653734	9449.663	-6.245
172403	39.119543	97.133959	63.00399	1054.45013	9445.52	-10.44
172423	39.142446	97.076041	62.999204	1056.175242	9440.245	-6.182
172443	39.166186	97.015842	62.999135	1056.075904	9439.924	5.563
172503	39.190278	96.954492	63.002127	1056.205353	9445.107	9.056
172523	39.214587	96.892414	62.998024	1057.266798	9449.282	6.748
172543	39.23895	96.830139	62.992319	1058.625675	9448.514	7.107
172603	39.262495	96.769841	63.023109	1059.210017	9452.008	5.477
172623	39.285638	96.710384	62.987478	1058.958929	9455.995	-0.835
172643	39.309358	96.649272	62.892215	1058.752964	9451.502	-8.099
172703	39.333172	96.587958	63.345657	1059.716809	9447.494	-3.195
172723	39.356888	96.52683	64.019847	1061.035228	9449.207	8.38
172743	39.380663	96.465248	64.064644	1061.059811	9454.337	9.688
172803	39.40419	96.404388	63.971259	1061.13506	9456.488	5.53
172823	39.427463	96.344182	64.001425	1060.948626	9456.022	-0.356
172843	39.450772	96.283476	64.004641	1059.381843	9456.864	-7.039
172903	39.474191	96.22238	63.997937	1059.102961	9452.94	-6.13
172923	39.497451	96.161804	64.000102	1055.568056	9449.056	0.253
172943	39.520431	96.101953	64.000333	1042.329988	9454.38	1.681
173003	39.544269	96.039414	63.999852	1030.340948	9454.551	-3.663
173023	39.568042	95.976688	64.000007	1027.059561	9448.813	-7.967
173043	39.590003	95.918786	64.000025	1031.165988	9448.391	-2.628
173103	39.612453	95.85959	63.999987	1033.624012	9449.271	1.072
173123	39.635307	95.799166	64.000001	1031.882764	9448.987	-0.053
173143	39.656798	95.742113	64.000014	1030.087843	9448.956	-0.172
173203	39.67913	95.682917	63.999965	1030.714068	9449.02	0.074
173223	39.702453	95.621253	64.00001	1032.001658	9448.999	-0.003
173243	39.725	95.561528	64.000167	1030.687817	9448.993	0.001
173303	39.747255	95.502102	63.999527	1029.72268	9449.011	-0.034
173323	39.769619	95.44199	64.000134	1030.012515	9448.997	0.011
173343	39.791943	95.381968	64.002324	1030.019589	9448.951	0.191
173403	39.813984	95.322703	63.993407	1030.053603	9449.138	-0.545
173423	39.836347	95.262512	64.001861	1029.980075	9448.961	0.154
173443	39.859662	95.19967	64.032372	1028.954431	9448.323	5.421
173503	39.88218	95.13896	63.908177	1026.415468	9451.264	10.066
173523	39.903786	95.080556	64.025955	1023.928681	9456.18	7.617
173543	39.925906	95.020504	64.793881	1023.734439	9457.161	-3.538
173603	39.948681	94.958906	64.928623	1024.215983	9453.447	-10.491
173623	39.970749	94.897913	65.045281	1023.9622	9448.854	-7.683
173643	39.99077	94.839103	66.547957	1022.727711	9448.297	-0.912
173703	40.011001	94.778886	66.879254	1021.110742	9449.985	-2.413
173723	40.032048	94.716913	65.968976	1019.968495	9448.765	-8.082
173743	40.05276	94.655757	65.898515	1019.869516	9442.311	-3.914
173803	40.073301	94.59491	66.046409	1020.14003	9442.853	4.718
173823	40.093935	94.533842	65.997343	1019.97039	9449.216	7.871
173843	40.114615	94.472812	65.985248	1019.172506	9449.908	1.561
173903	40.134848	94.412673	66.024786	1019.153196	9447.986	2.007
173923	40.1548	94.353	66.0	1019.0	9449.0	8.0
173943	40.175117	94.292478	65.892623	1017.710161	9454.664	4.256
174003	40.195705	94.231233	66.306565	1022.773774	9454.577	-4.164
174023	40.2159	94.1709	67.0	1032.0	9449.0	-8.0
174043	40.23529	94.112538	67.072065	1034.935805	9448.369	-2.835
174103	40.255854	94.050712	66.971487	1035.198137	9449.24	1.037
174123	40.2774	93.986	67.0	1036.0	9449.0	-0.0
174143	40.29786	93.924135	67.005174	1036.391115	9449.016	-0.393
174203	40.318639	93.861184	66.997953	1035.03718	9448.863	0.608
174223	40.3394	93.7982	67.0	1032.0	9449.0	-0.0
174243	40.358323	93.740391	67.000371	1028.910171	9449.85	-5.339
174303	40.378076	93.680043	66.999854	1027.729794	9446.549	-9.415
174323	40.3992	93.6156	67.0	1027.0	9441.0	-8.0
174343	40.419622	93.553089	67.000023	1023.573506	9440.438	-2.348
174403	40.439846	93.491109	66.999998	1021.328078	9441.191	0.922
174423	40.4599	93.4296	67.0	1022.0	9441.0	-0.0
174443	40.479103	93.370467	66.999952	1023.489286	9441.167	-0.865
174503	40.498512	93.310398	67.000125	1024.159588	9440.489	2.177
174523	40.5187	93.2478	67.0	1024.0	9441.0	8.0
174543	40.539171	93.184413	66.999309	1024.054278	9446.273	10.385
174603	40.558954	93.122935	67.001748	1023.795043	9450.547	2.587
174623	40.5782	93.0627	67.0	1024.0	9449.0	-8.0
174643	40.597938	93.000684	66.990367	1026.085414	9442.652	-5.15
174703	40.61782	92.938617	67.024347	1027.304351	9442.13	5.858
174723	40.6375	92.8773	67.0	1027.0	9449.0	15.0
174743	40.657177	92.815269	66.865829	1027.030406	9454.711	14.521
174803	40.677621	92.750892	67.464005	1026.872827	9456.139	3.371
174823	40.696103	92.687481	70.090971	1028.33572	9455.929	-2.379
174843	40.71093	92.624743	73.658336	1030.157998	9455.975	0.633
174903	40.723333	92.559343	76.121697	1029.379692	9455.748	1.863
174923	40.734635	92.493102	77.05741	1027.703689	9456.192	-0.924
174943	40.745825	92.427383	76.946793	1026.945323	9456.591	-6.604
175003	40.757114	92.361131	77.526073	1027.469109	9452.876	-9.526
175023	40.768378	92.294807	77.961813	1026.619429	9448.662	-7.351
175043	40.779408	92.229602	77.156471	1022.928618	9448.74	-1.727
175103	40.79017	92.165563	77.283672	1021.700711	9448.929	1.669
175123	40.80107	92.1	78.072478	1021.883349	9449.183	-0.814
175143	40.81236	92.031488	78.077578	1020.269227	9450.079	-7.082
175203	40.823243	91.965778	77.961307	1020.675373	9445.068	-5.914
175223	40.833882	91.901648	78.003615	1022.014457	9441.177	0.491
175243	40.844823	91.834975	78.005533	1020.702069	9447.488	1.527
175303	40.855278	91.770973	77.997223	1019.43436	9446.984	-3.86
175323	40.865682	91.70715	78.000259	1020.178875	9440.624	-7.989
175343	40.876878	91.638258	78.000395	1022.821389	9440.595	-3.011
175403	40.88764	91.571883	77.999809	1025.517661	9440.638	3.901
175423	40.898068	91.507386	78.000014	1027.096019	9441.34	8.325
175443	40.909066	91.439029	77.999992	1027.679157	9447.039	9.307
175503	40.920027	91.370252	78.000104	1028.820888	9450.046	4.141
175523	40.930404	91.304773	77.999937	1030.067311	9448.828	0.069
175543	40.940344	91.242198	77.999488	1030.083556	9448.162	5.536
175603	40.951118	91.174174	78.00164	1030.022765	9451.783	9.593
175623	40.962155	91.104203	77.999103	1029.962482	9456.233	7.616
175643	40.97215	91.040512	77.992837	1028.883813	9456.206	2.453
175703	40.982216	90.975448	78.022862	1026.217819	9456.4	-3.66
175723	40.992514	90.908531	77.987505	1023.888624	9455.69	-8.327
175743	41.002569	90.843756	77.900225	1023.947308	9450.661	-9.146
175803	41.013128	90.775798	78.382431	1023.506702	9448.233	-4.766
175823	41.023591	90.708059	79.037522	1021.821071	9449.072	0.284
175843	41.033037	90.646295	79.057422	1020.331678	9449.11	0.433
175903	41.043095	90.580098	78.971169	1019.868008	9448.944	-0.215
175923	41.053745	90.509917	79.002694	1020.003998	9449.006	0.019
175943	41.063843	90.443323	79.004122	1019.941225	9449.012	0.018
180003	41.073741	90.377505	78.997931	1020.245413	9448.984	0.027
180023	41.083449	90.312551	79.000193	1019.860092	9449.007	-0.022
180043	41.092802	90.250027	79.000293	1017.700286	9449.054	-0.182
180103	41.102483	90.185111	78.99986	1016.67977	9448.83	0.587
180123	41.112499	90.117666	79.000009	1017.028406	9449.093	-0.324
180143	41.122422	90.050649	78.999984	1017.031666	9449.741	-5.72
180203	41.1324	89.982927	79.000107	1017.023372	9446.124	-10.181
180223	41.142144	89.916198	78.999937	1016.9767	9440.599	-7.193
180243	41.15128	89.852866	78.999487	1016.799933	9439.738	4.195
180303	41.160426	89.789346	79.001641	1017.775443	9444.305	10.285
180323	41.169851	89.724005	78.999103	1019.068505	9449.271	7.501
180343	41.179394	89.657751	78.992837	1019.061624	9449.363	1.88
180403	41.188867	89.591875	79.022862	1019.112828	9448.989	-1.545
180423	41.198234	89.526328	78.987505	1018.911562	9448.909	0.511
180443	41.207606	89.460033	78.900225	1017.474946	9448.145	6.767
180503	41.217153	89.392256	79.382431	1016.780152	9452.259	6.614
180523	41.226628	89.324891	80.037522	1017.020768	9455.936	-0.851
180543	41.23574	89.259863	80.057422	1017.033544	9451.037	-7.507
180603	41.245007	89.193609	79.971169	1016.9773	9448.044	-5.513
180623	41.254436	89.126089	80.002694	1017.005271	9449.089	0.354
180643	41.2637	89.059497	80.004123	1017.032591	9449.136	0.543
180703	41.272976	88.992444	79.99793	1016.902044	9448.934	-0.278
180723	41.282089	88.9261	80.000193	1017.053024	9449.005	0.029
180743	41.29084	88.861853	80.000296	1017.422725	9448.999	0.068
180803	41.299914	88.794879	79.999852	1015.331316	9449.03	-0.112
180823	41.308969	88.727859	80.000013	1011.678399	9448.981	0.061
180843	41.317368	88.665479	80.000018	1009.466891	9448.848	12.236
180903	41.326226	88.599337	80.000001	1008.648382	9451.407	76.428
180923	41.335267	88.531101	79.999995	1009.111819	9485.121	178.143
180943	41.343566	88.467642	79.999952	1010.569154	9574.317	262.205
181003	41.352126	88.40301	80.000157	1011.170029	9675.694	293.155
181023	41.361093	88.335644	79.999914	1010.998768	9770.453	289.738
181043	41.369902	88.268306	79.999311	1011.112223	9866.575	293.85
181103	41.378649	88.201062	80.002199	1010.436018	9966.263	301.067
181123	41.387243	88.135013	79.998798	1008.821159	10068.209	305.263
181143	41.395553	88.070872	79.990403	1007.281074	10170.172	305.85
181203	41.404029	88.004942	80.03063	1006.998223	10272.29	303.087
181223	41.412657	87.937375	79.98326	1005.681457	10372.899	305.975
181243	41.42109	87.871028	79.866327	1000.860153	10473.03	309.563
181303	41.429316	87.806009	80.490616	997.0431	10583.399	252.779
181323	41.437529	87.740805	80.978099	992.253159	10664.563	139.983
181343	41.445882	87.674428	80.19091	982.94981	10672.541	34.19
181403	41.454095	87.609707	80.245999	978.221178	10665.646	-6.445
181423	41.462094	87.546206	81.05027	980.394921	10668.219	0.768
181443	41.46998	87.481806	81.07693	985.126368	10668.325	1.208
181503	41.47775	87.418284	80.961373	989.205385	10667.868	-0.716
181523	41.485599	87.354746	81.003609	989.832478	10667.996	0.126
181543	41.49369	87.28918	81.005523	986.374596	10667.863	0.653
181603	41.501605	87.223954	80.997227	983.814219	10668.504	-2.369
181623	41.509261	87.160172	81.000259	981.644658	10667.717	-8.698
181643	41.516864	87.097152	81.000394	976.405081	10662.596	-14.409
181703	41.524452	87.033783	80.999809	970.665686	10656.366	-13.2
181723	41.532064	86.969783	81.000014	965.478368	10652.87	-7.494
181743	41.53969	86.90572	80.999992	960.536241	10653.139	-2.835
181803	41.547139	86.842538	81.000104	957.441378	10651.808	6.196
181823	41.554428	86.780175	80.999937	955.848345	10653.719	15.593
181843	41.561702	86.717919	80.999488	954.381108	10664.707	16.479
181903	41.568926	86.655577	81.00164	953.817602	10668.902	11.91
181923	41.576121	86.592908	80.999103	954.02217	10668.245	7.787
181943	41.58337	86.529578	80.992838	953.682236	10674.075	7.764
182003	41.590724	86.465429	81.022859	951.205054	10676.423	7.821
182023	41.598017	86.401962	80.987507	947.693145	10676.214	8.177
182043	41.605039	86.340751	80.900241	945.512414	10681.04	9.517
182103	41.611918	86.280014	81.38238	944.42115	10684.423	2.068
182123	41.618665	86.219746	82.03755	942.736971	10682.593	-8.697
182143	41.625293	86.160309	82.057641	939.311109	10677.505	-9.682
182203	41.632179	86.09803	81.970468	936.571049	10675.338	-4.597
182223	41.639191	86.034458	82.003077	934.816751	10676.047	0.322
182243	41.645941	85.973347	82.007182	932.78949	10675.957	0.91
182303	41.652589	85.911578	81.988168	930.92553	10676.403	-2.358
182323	41.659271	85.849241	82.005529	928.723316	10675.755	-8.775
182343	41.666044	85.788048	82.0429	925.785303	10670.874	-15.115
182403	41.672978	85.724694	81.863882	924.682366	10663.429	-10.375
182423	41.679753	85.662115	82.074918	925.008935	10660.137	0.929
182443	41.685753	85.604638	83.382156	924.852159	10665.644	5.811
182503	41.690424	85.544752	84.804307	925.781148	10669.583	5.063
182523	41.693976	85.480837	85.725009	927.864358	10668.807	1.858
182543	41.697193	85.417528	86.064522	929.493013	10667.877	-0.822
182603	41.700473	85.357035	86.00808	929.185906	10668.045	-0.314
182623	41.703728	85.297939	85.985216	926.433016	10667.249	4.614
182643	41.707039	85.237214	86.004631	924.694307	10669.738	9.612
182703	41.710455	85.173648	86.000579	925.001274	10675.55	8.648
182723	41.713868	85.109547	85.998949	924.347491	10677.463	-1.535
182743	41.717005	85.050057	86.000312	924.135132	10674.086	-10.58
182803	41.719985	84.992805	86.000028	924.956084	10668.458	-8.872
182823	41.723314	84.927874	86.000066	924.695864	10666.197	3.074
182843	41.726524	84.863139	85.999741	923.43013	10670.68	7.661
182903	41.729408	84.803618	85.999818	922.097972	10676.052	0.589
182923	41.732435	84.743476	86.001974	921.418603	10670.605	-1.315
182943	41.735529	84.681841	85.99606	920.55602	10669.328	0.902
183003	41.73851	84.62035	85.997425	919.138193	10675.8	0.42
183023	41.741363	84.560495	86.027565	917.860584	10671.97	-5.865
183043	41.7443	84.499097	85.945101	916.288071	10666.917	-6.929
183103	41.74731	84.435906	85.964126	914.212141	10667.865	-0.485
183123	41.75008	84.375376	86.59532	912.184316	10668.247	1.015
183143	41.75273	84.315867	87.089909	910.417459	10667.965	-0.388
183203	41.755401	84.255696	87.018611	909.127065	10668.026	-0.194
183223	41.758052	84.195895	86.976663	908.519877	10667.713	1.125
183243	41.760763	84.13484	87.006455	907.519501	10668.529	-1.969
183303	41.763503	84.072658	87.001336	906.108434	10668.566	-7.801
183323	41.766059	84.012779	86.998325	906.03364	10662.29	-4.369
183343	41.768614	83.952627	87.000463	905.670225	10661.24	1.432
183403	41.771298	83.890281	87.000096	904.179016	10667.686	0.706
183423	41.773918	83.828594	86.99988	903.639568	10664.235	-5.521
183443	41.776299	83.771383	87.000032	904.369578	10659.097	-7.456
183503	41.778545	83.716153	87.000006	905.777791	10659.902	-1.113
183523	41.781039	83.653345	87.000002	907.167498	10659.402	5.2
183543	41.783508	83.58963	86.999987	908.315722	10661.263	8.771
183603	41.785748	83.530641	86.999976	908.977949	10667.164	8.663
183623	41.78807	83.470165	87.000143	908.813876	10668.786	3.556
183643	41.790371	83.409438	86.999783	909.380144	10667.811	-0.662
183703	41.792555	83.350204	86.999659	911.531095	10667.942	-0.206
183723	41.79483	83.289189	87.001998	913.520129	10668.054	0.204
183743	41.797036	83.228097	86.996982	913.862294	10667.989	-0.058
183803	41.799083	83.168743	86.995254	912.377078	10668.001	-0.031
183823	41.801243	83.109048	87.027836	910.344969	10667.976	0.111
183843	41.803456	83.047481	86.957969	906.54797	10668.041	-0.149
183903	41.805583	82.985014	86.933891	900.97881	10668.066	-0.23
183923	41.807637	82.92542	87.539407	896.784991	10667.613	1.344
183943	41.809557	82.867308	88.086585	890.577289	10668.585	-2.147
184003	41.811344	82.80914	88.02678	881.448336	10668.92	-12.953
184023	41.813156	82.752545	87.974228	876.628311	10660.326	-19.447
184043	41.815101	82.693824	88.006216	874.142074	10651.071	-9.875
184103	41.817116	82.632039	88.001923	871.941446	10651.607	11.772
184123	41.818932	82.573935	87.99815	874.821435	10661.478	19.34
184143	41.820593	82.517086	88.000446	882.739743	10669.206	11.856
184203	41.822257	82.457612	88.000138	891.021392	10668.373	1.327
184223	41.824002	82.396911	87.999868	892.830896	10667.641	-1.243
184243	41.825686	82.337611	88.000031	891.934329	10668.086	0.3
184303	41.82727	82.279343	88.000008	892.818777	10668.027	0.093
184323	41.828992	82.217441	88.000001	893.21852	10667.975	-0.093
184343	41.830684	82.156718	87.999986	892.876866	10668.005	0.027
184403	41.8322	82.100161	87.999976	892.856011	10667.999	0.016
184423	41.833728	82.041213	88.000146	894.088232	10668.013	-0.058
184443	41.835248	81.981159	87.999779	895.173797	10667.978	0.08
184503	41.836709	81.922077	87.999652	895.058114	10667.964	0.124
184523	41.838173	81.861256	88.002042	894.91747	10668.21	-0.726
184543	41.839637	81.800129	87.996917	895.060285	10667.683	1.16
184603	41.841037	81.740588	87.99515	895.079367	10667.501	6.931
184623	41.842304	81.68178	88.028442	894.249681	10672.14	10.24
184643	41.843612	81.622886	87.957054	892.286198	10676.957	5.466
184703	41.845029	81.563779	87.932452	888.903092	10676.63	-5.965
184723	41.846295	81.505093	88.54785	883.748144	10672.139	-13.215
184743	41.847441	81.446285	89.073835	878.626493	10666.296	-15.316
184803	41.848575	81.387216	89.006727	875.392064	10661.024	-15.183
184823	41.849695	81.329095	89.091831	874.175153	10655.986	-13.239
184843	41.850858	81.270926	88.82064	873.956705	10652.02	-4.074
184903	41.852066	81.211255	88.071658	873.948171	10652.048	12.115
184923	41.853192	81.150072	88.235444	874.430267	10660.078	22.464
184943	41.854268	81.090484	89.320424	875.194789	10670.153	21.722
185003	41.854824	81.034348	90.682706	876.441184	10675.427	11.914
185023	41.853579	80.978589	91.762147	879.15471	10676.346	1.683
185043	41.851758	80.920817	92.100942	880.231784	10675.365	1.604
185103	41.850127	80.860706	91.993082	880.063613	10676.305	8.616
185123	41.84826	80.799471	92.008989	881.544481	10681.119	10.34
185143	41.846404	80.739388	91.929205	882.016325	10684.598	1.163
185203	41.844609	80.680229	92.020218	882.050737	10682.75	-8.122
185223	41.842742	80.620962	92.695544	883.727514	10676.817	-3.315
185243	41.840887	80.564592	93.206752	883.175416	10678.308	1.916
185303	41.839002	80.508137	92.966701	879.818467	10683.005	-0.244
185323	41.83699	80.446694	92.153971	877.104555	10678.238	-6.082
185343	41.835063	80.388851	92.225606	878.109139	10675.605	-8.687
185403	41.8332	80.3339	93.0	880.0	10676.0	-8.0
185423	41.831174	80.273562	93.086892	877.763627	10670.544	-8.447
185443	41.829	80.212223	92.96562	877.688176	10667.276	-6.284
185503	41.8268	80.1529	93.0	880.0	10668.0	0.0
185523	41.824678	80.0942	93.006239	878.395568	10667.086	6.701
185543	41.822481	80.035608	92.997532	876.022178	10670.962	6.898
185603	41.8202	79.9773	93.0	875.0	10676.0	-0.0
185623	41.81799	79.919495	93.000448	874.255811	10671.033	-7.072
185643	41.815805	79.860973	92.999823	873.881576	10666.929	-6.179
185703	41.8136	79.8019	93.0	874.0	10668.0	0.0
185723	41.811363	79.743644	93.000029	874.222822	10668.12	0.953
185743	41.808995	79.685478	92.999994	873.393958	10668.115	-0.954
185803	41.8066	79.6284	93.0	872.0	10668.0	0.0
185823	41.804365	79.57385	92.999963	871.49333	10666.949	6.188
185843	41.801939	79.516284	93.0001	869.972271	10670.982	7.063
185903	41.799327	79.45613	93.000028	867.137826	10676.007	0.369
185923	41.796907	79.39923	92.999443	864.847079	10671.037	-5.817
185943	41.794498	79.340803	93.001249	863.517032	10667.655	-9.028
190003	41.792021	79.280785	93.000383	863.008505	10668.154	-8.177
190023	41.789638	79.225456	92.992267	863.001414	10661.874	-2.939
190043	41.787153	79.169125	93.017393	862.927221	10661.762	1.467
190103	41.78453	79.110368	93.00534	862.974427	10667.927	0.253
190123	41.781958	79.05443	92.892295	863.782192	10663.601	-6.379
190143	41.779249	78.996154	93.269254	863.815065	10658.807	-6.377
190203	41.776436	78.935616	93.977674	863.917062	10659.913	-0.148
190223	41.77382	78.879892	94.078968	867.043165	10660.688	-0.716
190243	41.771201	78.824405	93.972156	870.065684	10658.885	3.512
190303	41.76844	78.766407	93.998398	870.985694	10659.678	14.573
190323	41.765608	78.708363	94.005701	871.049562	10670.489	17.781
190343	41.76265	78.648749	93.997927	870.984502	10677.711	10.703
190403	41.759683	78.588794	93.999759	870.999609	10676.195	0.636
190423	41.756957	78.532817	94.000441	870.985435	10675.681	-1.295
190443	41.75412	78.477257	93.99986	871.035495	10676.024	0.685
190503	41.751012	78.419111	93.999981	871.023834	10675.955	0.261
190523	41.747931	78.359735	94.000046	870.311577	10676.604	-4.13
190543	41.744873	78.300979	93.999962	867.617241	10674.601	-10.682
190603	41.741805	78.243189	93.99998	864.19866	10668.676	-14.949
190623	41.738784	78.185193	94.000201	863.520647	10662.38	-11.977
190643	41.735819	78.128509	93.999603	861.890915	10659.407	-5.267
190703	41.732811	78.072372	93.999741	858.261706	10659.921	-0.247
190723	41.729621	78.013332	94.002774	856.87348	10660.198	0.234
190743	41.726455	77.955974	93.994475	854.765791	10659.83	0.361
190803	41.723406	77.9021	93.99639	851.224334	10659.911	0.317
190823	41.720298	77.846979	94.038637	850.612067	10660.903	-5.296
190843	41.717129	77.789638	93.92305	851.081425	10658.085	-7.879
190903	41.713924	77.731705	93.949717	850.985043	10653.146	-1.088
190923	41.710663	77.675697	94.75414	851.303454	10655.866	10.654
190943	41.707398	77.620678	94.808813	850.289116	10662.751	15.051
191003	41.704131	77.564874	94.02172	848.128642	10667.735	8.782
191023	41.700773	77.507411	94.511319	847.884284	10668.48	2.181
191043	41.697297	77.449752	95.129819	847.778344	10667.85	-0.523
191103	41.693834	77.393755	95.014222	847.011797	10667.981	-0.065
191123	41.690607	77.33992	94.996324	847.596518	10668.034	0.117
191143	41.687376	77.28416	94.986771	847.94277	10667.991	-0.032
191203	41.683192	77.226184	96.287832	846.852647	10668.001	0.004
191223	41.676566	77.170346	100.842611	845.386795	10668.002	0.006
191243	41.666582	77.114755	105.938678	844.817731	10667.999	-0.003
191303	41.653852	77.060073	109.203905	845.020849	10668.0	0.0
191323	41.6399	77.008165	110.006962	845.061637	10668.0	0.002
191343	41.625655	76.955975	109.986992	844.870138	10668.001	-0.004
191403	41.611363	76.902663	110.001211	845.065319	10667.999	0.002
191423	41.596907	76.849437	110.001815	845.514055	10667.995	0.018
191443	41.582394	76.796391	109.999212	843.044201	10668.017	-0.059
191503	41.567965	76.743648	110.000007	839.835837	10667.991	0.032
191523	41.55373	76.691593	109.999491	839.899583	10667.926	0.256
191543	41.539695	76.640669	110.001983	839.420679	10668.236	-0.816
191603	41.525321	76.588747	109.998886	837.888543	10667.871	0.449
191623	41.51028	76.534173	109.991064	837.289294	10666.972	6.718
191643	41.495957	76.48213	110.028545	836.221308	10671.794	6.486
191703	41.481958	76.431506	109.984397	834.914279	10675.897	-0.757
191723	41.46719	76.378428	109.875402	834.38402	10670.1	-6.723
191743	41.453099	76.32765	110.461653	832.989632	10667.627	-8.546
191803	41.439142	76.277489	110.993928	832.035812	10667.707	-7.959
191823	41.423987	76.223603	110.317309	833.522538	10661.865	-8.015
191843	41.409448	76.171713	109.778599	833.96154	10659.562	-7.221
191903	41.395349	76.121218	110.059483	834.143825	10659.814	1.528
191923	41.380259	76.067596	110.784702	836.486767	10657.946	10.239
191943	41.364936	76.013419	111.102729	836.623931	10666.917	-42.179
192003	41.350036	75.960712	110.98817	837.362325	10656.139	-186.6
192023	41.335629	75.909619	110.964524	842.451605	10563.668	-446.106
192043	41.321264	75.859112	111.075609	840.09349	10346.007	-874.335
192103	41.306991	75.809029	110.961859	831.178804	10022.784	-965.463
192123	41.292755	75.758861	110.69967	826.550967	9650.611	-276.704
192143	41.276986	75.705082	112.147799	830.300924	9259.089	198.907
192203	41.260251	75.651288	114.112518	837.582409	8869.71	-58.12
192223	41.244064	75.602795	114.172183	838.34045	8505.336	-760.527
192243	41.227337	75.552993	113.913573	825.879443	8196.427	-997.155
192303	41.210335	75.501808	114.008061	813.574323	7928.662	-809.456
192323	41.194084	75.453387	114.012227	816.159928	7661.211	-788.214
192343	41.177705	75.404569	113.994228	810.339279	7384.415	-727.051
192403	41.161164	75.355112	114.000342	803.250116	7151.411	-515.312
192423	41.144948	75.306811	113.99899	816.850542	7030.279	-249.486
192443	41.128377	75.257785	114.005612	832.030467	7001.627	-66.66
192503	41.111401	75.207679	113.996731	838.281677	7010.629	3.61
192523	41.094348	75.157262	113.973627	838.481284	7009.767	10.283
192543	41.076795	75.105706	114.08434	837.591261	7014.093	-27.841
192603	41.059416	75.054617	113.953891	838.128625	7007.448	-119.224
192623	41.042981	75.006077	113.631791	839.684171	6947.695	-260.389
192643	41.02588	74.957322	115.175145	839.623186	6819.11	-363.18
192703	41.008518	74.90515	113.354355	836.554234	6688.393	-318.826
192723	40.994662	74.850272	104.330651	830.629467	6626.82	-162.348
192743	40.98803	74.798644	99.205886	823.286319	6572.544	-164.716
192803	40.983247	74.746276	97.781296	817.160571	6503.475	-221.153
192823	40.977119	74.692061	97.951666	814.145629	6420.425	-242.458
192843	40.971305	74.640213	98.084384	814.007921	6340.14	-250.353
192903	40.9655	74.587072	97.934681	811.424786	6256.492	-249.375
192923	40.959383	74.531787	97.943802	806.338839	6169.094	-243.996
192943	40.953754	74.480653	98.583561	806.109601	6094.128	-250.395
193003	40.948011	74.428685	99.091355	798.133282	6010.976	-263.154
193023	40.941958	74.374763	99.017562	773.593111	5912.131	-251.305
193043	40.936651	74.328215	98.988437	740.265861	5830.433	-173.274
193103	40.931804	74.284969	98.972027	700.255415	5791.208	-75.299
193123	40.926786	74.239416	98.249064	660.019721	5790.332	-13.078
193143	40.921511	74.193001	96.783591	633.916158	5791.639	1.9
193203	40.917021	74.153631	102.400977	620.174412	5791.137	-0.013
193223	40.905615	74.11745	118.813077	620.666197	5789.972	-6.857
193243	40.887736	74.080167	125.660061	626.021272	5797.36	-91.746
193303	40.871402	74.047024	122.547523	622.49868	5760.064	-293.126
193323	40.85628	74.01627	122.71574	612.488036	5611.245	-552.884
193343	40.839454	73.981822	123.173433	607.151184	5372.017	-712.292
193403	40.82189	73.945972	122.98575	607.119518	5108.283	-746.912
193423	40.805603	73.912929	123.038553	607.286332	4870.721	-700.491
193443	40.789458	73.879733	122.768005	604.272195	4639.673	-580.41
193503	40.772989	73.847071	123.260325	584.988489	4460.356	-466.739
193523	40.756377	73.817034	125.409798	549.525602	4354.612	-454.705
193543	40.739793	73.788704	127.222347	540.518479	4193.511	-569.392
193603	40.723328	73.760018	126.74391	568.213452	3933.209	-690.175
193623	40.706192	73.728464	126.739818	568.936118	3741.098	-502.51
193643	40.683379	73.703592	150.482746	561.66437	3588.486	-529.33
193703	40.658609	73.693905	165.353655	542.319607	3406.279	-678.469
193723	40.63153	73.685718	167.485367	538.984686	3135.95	-743.711
193743	40.605511	73.677602	166.242561	534.758075	2886.803	-741.578
193803	40.581011	73.670288	166.064892	528.967776	2660.038	-668.324
193823	40.555718	73.66249	166.846917	533.05153	2416.7	-488.888
193843	40.52895	73.654062	166.796549	527.364806	2298.605	-235.511
193903	40.502887	73.645692	165.852005	517.162763	2295.718	-117.232
193923	40.479448	73.638067	165.552147	516.098029	2275.565	-293.758
193943	40.455631	73.6307	167.503871	509.162537	2119.769	-521.045
194003	40.431032	73.622454	166.21737	500.31894	1877.349	-650.534
194023	40.40618	73.614366	164.455881	500.687361	1667.93	-607.409
194043	40.379626	73.614038	189.541312	496.828106	1514.072	-309.533
194103	40.358306	73.626866	208.48277	470.655029	1452.495	-178.838
194123	40.338334	73.64124	210.510556	449.608071	1391.436	-170.169
194143	40.319103	73.653296	204.930228	429.352616	1334.139	-217.578
194203	40.302569	73.669225	224.391314	416.79475	1246.639	-333.142
194223	40.292486	73.691906	249.271146	421.735205	1108.267	-417.059
194243	40.284982	73.717691	251.31617	425.419434	969.191	-412.357
194303	40.283024	73.745809	272.964305	425.203925	838.322	-287.356
194323	40.285756	73.773131	278.141806	422.034625	777.995	-70.001
194343	40.288637	73.801064	278.150915	426.158816	774.739	0.112
194403	40.291289	73.828432	275.85853	428.826385	778.261	-0.737
194423	40.294059	73.855816	278.525553	425.235004	776.885	0.067
194443	40.29942	73.883317	290.89021	421.340572	777.067	-0.041
194503	40.3088	73.907429	296.353042	421.84674	777.009	-0.006
194523	40.319157	73.928642	313.838978	419.46296	777.002	-0.004
194543	40.339506	73.941631	352.53148	407.231403	776.976	0.071
194603	40.360547	73.943528	355.614216	408.683473	776.959	0.122
194623	40.378407	73.945273	354.576265	408.501805	777.23	-0.691
194643	40.399122	73.948198	355.185427	412.304655	775.962	3.718
194703	40.421342	73.950843	355.023301	403.436105	777.546	7.993
194723	40.439442	73.953071	355.242669	367.071178	784.411	2.342
194743	40.456748	73.955197	353.636368	352.620463	781.64	-6.72
194803	40.47422	73.957332	356.717066	344.791882	776.594	-7.962
194823	40.490663	73.959271	351.522176	320.945137	776.794	0.892
194843	40.506216	73.961347	360.44634	312.075456	777.48	-0.852
194903	40.523086	73.963106	372.91153	317.001263	778.603	-75.617
194923	40.53779	73.956462	-1.933165	310.98914	711.059	-250.878
194943	40.550187	73.945753	53.601031	304.724755	620.821	-242.016
195003	40.562743	73.935196	38.428113	296.86195	539.264	-189.847
195023	40.575632	73.924693	25.306885	296.387259	487.218	-104.02
195043	40.588564	73.914317	32.459942	299.946395	470.568	-41.538
195103	40.601415	73.904012	32.18156	302.424611	472.933	-17.587
195123	40.61443	73.893285	32.535056	305.251635	461.643	44.622
195143	40.627517	73.883077	30.780971	301.681463	475.462	-19.592
195203	40.640213	73.873388	29.25236	290.475882	496.741	-263.707
195223	40.651642	73.862088	42.911355	282.868712	406.74	-429.121
195243	40.660681	73.848915	64.304541	278.835234	249.237	-464.288
195303	40.666158	73.834061	80.745242	275.590751	106.155	-370.2
195323	40.666788	73.817397	91.270457	268.31017	35.193	-244.945
195343	40.662168	73.799975	120.510221	259.63879	-3.591	-223.435
195403	40.655644	73.785774	120.301423	269.626946	3.809	96.211
