151152	33.9367	118.4117	264.0	335.0	91.0	0.0
151212	33.935005	118.431768	260.714053	333.981978	358.867	750.464
151232	33.927874	118.450663	235.272547	355.261508	552.865	402.897
151252	33.914937	118.4657	222.373271	403.334243	647.716	278.485
151312	33.899098	118.483247	223.145621	462.907005	720.152	325.282
151332	33.88025	118.504786	223.408298	504.010586	889.991	679.74
151352	33.860315	118.521109	204.811129	504.495353	1198.322	830.858
151412	33.836586	118.525207	183.107925	510.176294	1451.137	694.426
151432	33.810338	118.524255	179.0924	533.062279	1653.548	764.816
151452	33.783768	118.523543	177.876539	539.988594	1931.122	885.143
151512	33.7553	118.522407	179.619694	527.843503	2283.644	921.672
151532	33.729544	118.522293	176.579825	536.029226	2548.056	767.746
151552	33.703622	118.511048	148.227141	553.483588	2772.734	676.464
151612	33.68743	118.487196	115.773503	558.653246	2985.136	550.562
151632	33.677569	118.456107	108.342454	580.091198	3156.101	470.598
151652	33.667079	118.419885	110.015197	610.979342	3316.974	440.552
151712	33.65593	118.382829	109.83069	641.915329	3448.412	370.524
151732	33.6461	118.3453	104.0	671.0	3551.0	312.0
151752	33.644356	118.303786	90.891107	704.718716	3655.121	319.675
151812	33.644576	118.262582	88.646396	733.361496	3753.488	404.044
151832	33.644651	118.219861	89.825484	750.025373	3904.304	515.872
151852	33.645275	118.174536	87.206566	757.34269	4116.747	597.336
151912	33.647047	118.129521	86.62367	764.829551	4317.263	613.315
151932	33.649284	118.083534	87.117917	771.056023	4517.24	591.81
151952	33.651393	118.036202	87.014767	776.25563	4721.085	559.815
152012	33.653457	117.989673	86.972981	786.124212	4894.416	520.16
152032	33.655534	117.94275	87.008466	797.137016	5057.051	498.113
152052	33.657598	117.894952	87.00106	805.346052	5226.152	495.639
152112	33.659584	117.847664	86.998061	811.349414	5391.295	480.315
152132	33.66165	117.798993	87.000607	820.28887	5546.941	454.25
152152	33.663874	117.748048	87.000076	832.815762	5692.815	434.784
152212	33.666118	117.696759	86.999867	842.815583	5833.828	435.109
152232	33.668208	117.647156	87.000032	849.187465	5981.565	427.968
152252	33.670194	117.597998	86.999998	855.175656	6128.647	405.718
152312	33.672357	117.545147	87.000074	865.276748	6250.959	395.553
152332	33.674581	117.491404	86.999835	873.595199	6380.412	380.761
152352	33.676697	117.439425	86.999891	879.205198	6518.181	359.14
152412	33.678689	117.388162	87.001173	889.458883	6619.138	362.971
152432	33.680742	117.334623	86.997663	896.946207	6737.388	398.5
152452	33.682889	117.279149	86.998473	897.960233	6895.404	433.244
152512	33.684927	117.226052	87.016347	899.323616	7039.302	411.963
152532	33.686876	117.173768	86.967442	902.395998	7167.228	359.51
152552	33.688887	117.120386	86.978725	907.349767	7281.889	315.138
152612	33.691032	117.066113	87.443686	914.767748	7373.977	297.821
152632	33.692665	117.010429	88.3463	921.072507	7472.573	309.865
152652	33.695854	116.954879	83.967317	921.694264	7584.775	320.05
152712	33.705927	116.902662	70.41269	916.799399	7685.974	295.919
152732	33.724712	116.852854	63.86071	915.816451	7785.656	283.651
152752	33.74712	116.803534	62.994566	919.539554	7879.944	261.135
152812	33.768423	116.753656	62.991684	926.138683	7960.068	215.588
152832	33.789118	116.704734	63.004176	933.03415	8018.84	213.958
152852	33.81013	116.656066	62.99961	938.443642	8085.665	275.096
152912	33.831792	116.605675	62.999403	941.109507	8198.246	361.198
152932	33.853878	116.554031	63.0003	939.3819	8336.351	413.092
152952	33.875629	116.503121	62.999972	934.462839	8480.356	408.194
153012	33.896449	116.45444	62.999957	929.891008	8616.587	357.334
153032	33.91719	116.405729	63.000022	929.19245	8724.039	280.089
153052	33.938456	116.355747	62.999998	932.42633	8799.425	226.812
153112	33.960136	116.305051	62.999997	936.750387	8862.119	245.106
153132	33.981272	116.25545	63.000001	938.744394	8952.194	306.138
153152	34.001982	116.206584	63.0	936.582816	9072.596	353.174
153212	34.023063	116.156835	63.000001	931.484035	9196.823	345.552
153232	34.044482	116.106331	62.999997	929.301069	9306.188	320.137
153252	34.06606	116.055393	63.000002	928.823168	9404.991	304.055
153312	34.087503	116.004568	63.000013	925.848028	9507.274	302.495
153332	34.108237	115.955204	62.999958	924.950575	9607.79	310.23
153352	34.128786	115.906235	63.000023	924.821542	9710.82	311.133
153412	34.150038	115.855739	63.000185	921.735029	9820.26	295.116
153432	34.171336	115.805112	62.999411	921.374977	9911.654	288.982
153452	34.19203	115.755746	63.000322	920.582419	10000.112	298.136
153512	34.211939	115.708044	63.002572	913.466383	10113.038	300.106
153532	34.23164	115.660852	62.991793	909.739109	10213.532	258.88
153552	34.252116	115.611831	63.004486	912.435142	10285.097	201.777
153612	34.27367	115.560132	63.035818	917.307512	10340.239	182.925
153632	34.294183	115.510892	62.885688	920.716548	10401.473	186.312
153652	34.314153	115.462852	63.062771	922.093573	10468.406	199.829
153712	34.335206	115.412038	63.893246	922.409458	10531.97	212.03
153732	34.355445	115.363151	63.639846	920.716569	10610.192	177.692
153752	34.375232	115.315399	62.999352	918.943621	10671.243	98.223
153812	34.396174	115.264862	63.693929	919.252156	10672.966	19.197
153832	34.41699	115.214501	64.144157	917.427422	10665.492	-8.571
153852	34.437088	115.165658	63.98653	913.663793	10668.242	0.775
153912	34.456943	115.117188	63.979387	911.400732	10668.429	0.983
153932	34.47732	115.067411	64.01035	910.827342	10667.59	0.181
153952	34.498066	115.016879	63.999033	911.016141	10668.143	-0.382
154012	34.518593	114.967018	63.99852	911.02476	10669.034	-6.559
154032	34.539155	114.916682	64.000744	910.987371	10664.257	-6.753
154052	34.559504	114.866445	63.99993	911.001286	10660.07	0.883
154112	34.579238	114.817594	63.999891	911.002795	10665.623	7.705
154132	34.59898	114.768593	64.000062	910.995848	10669.26	4.918
154152	34.618765	114.719294	63.99999	911.001866	10667.805	-0.03
154212	34.63824	114.670633	63.999955	911.014365	10667.104	5.178
154232	34.657694	114.622272	64.000122	910.954498	10670.951	10.46
154252	34.677632	114.572608	63.999935	911.02484	10676.395	7.164
154312	34.698139	114.520929	63.999485	911.19831	10677.262	-4.269
154332	34.71792	114.47117	64.001642	910.239123	10672.667	-10.154
154352	34.737138	114.423042	63.999103	908.922776	10667.748	-7.564
154412	34.756757	114.373758	63.992836	908.867748	10667.786	-2.369
154432	34.776261	114.324574	64.022862	909.049225	10667.534	3.61
154452	34.796024	114.274698	63.987505	907.751505	10668.354	8.336
154512	34.816513	114.223069	63.900225	904.724679	10674.092	9.193
154532	34.835951	114.173887	64.382431	904.058022	10676.912	4.631
154552	34.854712	114.126248	65.037522	903.786438	10675.899	-0.211
154612	34.874354	114.076446	65.057422	899.702937	10675.718	0.142
154632	34.894113	114.026321	64.971169	896.347079	10676.563	-2.133
154652	34.913529	113.976873	65.002694	894.857737	10675.719	-8.71
154712	34.932736	113.927719	65.004123	893.399998	10670.655	-14.343
154732	34.951906	113.878688	64.99793	892.793088	10664.084	-13.512
154752	34.971124	113.829578	65.000193	893.032542	10659.78	-7.315
154812	34.990311	113.780447	65.000296	892.76103	10659.664	-1.396
154832	35.009146	113.732184	64.999851	890.020152	10660.165	0.635
154852	35.027767	113.684401	65.000014	888.042591	10659.986	-0.065
154912	35.04659	113.635932	65.000021	890.804343	10659.992	-0.145
154932	35.065689	113.586639	64.999989	892.761046	10659.961	0.223
154952	35.084798	113.537302	65.000001	893.074526	10660.027	-0.102
155012	35.103634	113.488681	65.000002	894.44185	10660.241	-0.848
155032	35.122504	113.439866	64.999999	895.319967	10659.333	2.709
155052	35.141556	113.390416	65.0	896.077117	10660.188	8.175
155112	35.160659	113.340716	65.0	898.580624	10666.004	8.806
155132	35.179567	113.291564	65.0	901.670955	10668.413	6.949
155152	35.198564	113.242192	65.0	904.093675	10668.084	8.243
155212	35.218061	113.191381	65.0	905.479823	10672.806	14.469
155232	35.237319	113.141201	65.0	906.721811	10679.824	11.263
155252	35.256472	113.09126	65.0	908.060589	10682.955	-0.529
155312	35.276171	113.039678	65.000001	908.928913	10678.612	-6.916
155332	35.295458	112.988992	64.999998	908.791081	10675.174	-5.392
155352	35.314128	112.939832	64.999999	908.051467	10675.904	-0.344
155412	35.333113	112.889831	65.000011	907.895044	10676.178	0.71
155432	35.352744	112.838087	64.999981	908.036047	10675.97	-0.258
155452	35.372366	112.786288	64.99998	908.015099	10676.012	-0.12
155512	35.390677	112.737873	65.000147	907.921807	10675.845	0.665
155532	35.409326	112.688475	64.999744	908.126263	10676.291	-1.194
155552	35.429151	112.635845	64.999727	908.132514	10676.313	-6.982
155612	35.448354	112.584687	65.002044	906.644529	10672.193	-13.236
155632	35.467033	112.534899	64.99641	906.182102	10665.712	-14.569
155652	35.485685	112.485215	64.995143	907.745062	10660.579	-9.393
155712	35.504253	112.435593	65.027941	908.267536	10659.41	-2.695
155732	35.523317	112.384696	64.957944	907.894864	10660.218	0.19
155752	35.542736	112.33296	64.933883	907.906422	10660.182	-0.338
155812	35.560974	112.284042	65.539414	908.614362	10659.126	3.961
155832	35.579016	112.235451	66.086583	908.994861	10661.336	9.037
155852	35.598091	112.184124	66.02678	908.887666	10667.197	8.71
155912	35.617728	112.131219	65.974228	910.087304	10668.694	3.726
155932	35.636779	112.079865	66.006217	911.12919	10667.925	-1.031
155952	35.654944	112.030879	66.001924	910.976903	10668.116	-0.812
160012	35.673558	111.980502	65.998142	911.558709	10667.038	5.006
160032	35.692632	111.928734	66.000459	911.989426	10669.586	7.83
160052	35.711613	111.877148	66.000177	911.827489	10675.613	2.078
160112	35.730156	111.82669	65.999861	913.226078	10672.76	-5.788
160132	35.74815	111.777677	66.000029	913.828356	10667.225	-7.354
160152	35.766071	111.728768	66.000013	912.187537	10667.657	-1.25
160212	35.78509	111.676634	65.99999	912.716709	10668.266	0.962
160232	35.804498	111.623494	66.000002	914.241413	10667.95	-0.213
160252	35.82333	111.572097	66.000001	914.168433	10667.987	-0.126
160312	35.842061	111.520554	65.999999	913.557848	10667.962	0.258
160332	35.861104	111.467944	66.0	914.500497	10668.069	-0.256
160352	35.880298	111.415063	66.000001	916.80478	10668.163	-0.551
160412	35.898713	111.364216	65.999997	915.981028	10667.181	3.62
160432	35.916414	111.315147	66.000003	913.647243	10668.823	8.732
160452	35.934237	111.265641	66.000009	912.481676	10674.676	9.051
160512	35.953251	111.212907	65.999964	910.217802	10676.868	3.953
160532	35.97214	111.160478	66.000037	907.57666	10675.817	-0.338
160552	35.989636	111.1117	66.00012	906.262716	10675.774	0.187
160612	36.007583	111.061577	65.999504	905.320945	10676.623	-2.679
160632	36.026092	111.009893	66.000515	903.516366	10675.385	-9.41
160652	36.044313	110.95893	66.001666	900.716353	10670.005	-14.624
160712	36.062167	110.908653	65.993094	898.891721	10663.49	-13.04
160732	36.080139	110.85811	66.007176	897.738387	10659.611	-6.63
160752	36.098515	110.806779	66.0232	896.326224	10659.749	-0.955
160812	36.116608	110.755803	65.903816	895.550999	10660.183	0.532
160832	36.134332	110.705621	66.102316	894.762086	10659.952	-0.031
160852	36.152039	110.65572	66.835138	893.314784	10659.916	0.166
160912	36.170017	110.604904	67.103887	892.775147	10660.285	-0.916
160932	36.187954	110.554013	66.982284	893.066227	10659.714	1.008
160952	36.205584	110.503929	66.988731	893.128756	10659.079	7.312
161012	36.223434	110.453074	67.007487	892.437362	10664.627	5.384
161032	36.24121	110.402404	66.998699	892.030208	10667.532	-0.916
161052	36.25853	110.353102	66.999038	892.752984	10661.103	-1.335
161112	36.276007	110.30321	67.000548	893.160133	10662.487	3.854
161132	36.293773	110.252346	66.999927	892.958128	10668.445	8.239
161152	36.311629	110.201187	66.999931	892.864727	10667.974	7.664
161212	36.329551	110.149736	67.000042	893.447554	10670.323	10.873
161232	36.347122	110.099134	66.999996	892.774543	10676.621	15.138
161252	36.364054	110.050215	66.999993	888.950854	10681.593	11.808
161312	36.381228	110.000547	67.000003	885.013862	10683.907	2.067
161332	36.398775	109.949876	67.0	881.83072	10682.855	-8.419
161352	36.416142	109.899778	66.999999	878.316712	10678.412	-13.851
161412	36.433377	109.849688	67.000001	875.910394	10673.172	-15.785
161432	36.450892	109.798496	67.0	874.971353	10667.694	-14.862
161452	36.468804	109.746293	66.999997	874.41522	10661.692	-10.458
161512	36.485673	109.697174	67.000008	873.238647	10659.485	-5.085
161532	36.501935	109.649764	66.999998	871.961883	10659.987	0.283
161552	36.519167	109.599463	66.999959	871.837715	10659.238	5.86
161612	36.536198	109.54956	67.0001	872.127851	10662.411	9.229
161632	36.5527	109.5011	67.0	872.0	10668.0	8.0
161652	36.569551	109.451714	66.999451	871.274859	10668.6	2.277
161712	36.586686	109.40128	67.001387	870.952746	10667.726	-0.664
161732	36.604	109.3501	67.0	871.0	10668.0	0.0
161752	36.621411	109.298741	66.992358	870.120006	10668.279	-0.635
161812	36.638115	109.249429	67.019516	867.362853	10667.379	2.206
161832	36.654102	109.202067	67.005429	864.111121	10667.831	7.803
161852	36.670232	109.154153	66.892009	863.079088	10673.379	9.075
161912	36.686833	109.104811	67.269286	862.80312	10676.562	6.537
161932	36.703575	109.054963	67.977656	861.14602	10675.966	0.445
161952	36.719894	109.006115	68.079444	857.540829	10677.469	-10.025
162012	36.736677	108.955778	67.970998	855.578293	10671.953	-17.267
162032	36.753829	108.9044	67.99657	855.978345	10660.737	-15.668
162052	36.770001	108.856009	68.007182	855.53955	10658.519	-6.284
162112	36.785751	108.80869	67.998336	854.899267	10660.268	1.469
162132	36.801842	108.760124	67.999485	854.976115	10659.971	0.909
162152	36.818217	108.710842	68.000495	854.978614	10660.709	-4.865
162212	36.834594	108.661543	67.999881	855.080507	10658.739	-8.217
162232	36.850909	108.612247	67.999963	855.774666	10653.516	-2.46
162252	36.867461	108.562237	68.000036	857.109452	10654.603	12.803
162312	36.883675	108.513088	67.999991	858.259291	10663.145	23.655
162332	36.899396	108.465156	67.999996	858.814601	10673.768	18.919
162352	36.915743	108.415321	68.000003	859.675044	10678.021	3.368
162412	36.932397	108.364532	68.0	861.439071	10674.994	-9.548
162432	36.948592	108.314937	68.0	863.592215	10669.355	-9.761
162452	36.964623	108.265591	68.0	864.009571	10667.282	-4.057
162512	36.980861	108.215653	68.0	864.161739	10668.095	0.349
162532	36.997368	108.165205	68.0	866.248673	10668.087	0.336
162552	37.013589	108.115612	68.0	867.950318	10667.959	-0.223
162612	37.029615	108.066359	68.0	869.246667	10667.998	0.054
162632	37.045998	108.015747	68.0	871.292328	10667.964	0.163
162652	37.063077	107.962967	68.000001	873.143733	10668.149	-0.519
162712	37.079814	107.911091	67.999999	875.449483	10667.879	0.413
162732	37.095294	107.862812	67.999996	878.878263	10667.356	5.407
162752	37.11114	107.813638	68.000011	880.999315	10670.51	11.774
162812	37.127652	107.762459	67.999994	882.151777	10676.607	15.039
162832	37.144103	107.711077	67.999951	883.783501	10681.658	11.377
162852	37.160658	107.659569	68.000158	883.424717	10684.057	1.417
162912	37.17725	107.607937	67.999914	881.90739	10682.657	-8.752
162932	37.193572	107.556532	67.999311	881.859433	10677.833	-10.67
162952	37.209566	107.505959	68.002198	881.93873	10674.406	-0.583
163012	37.225878	107.454518	67.998798	879.570406	10676.549	8.066
163032	37.242963	107.400759	67.989639	874.030864	10682.748	-1.078
163052	37.259311	107.349141	68.028498	870.889735	10678.975	-15.802
163112	37.274662	107.300487	67.991992	871.018908	10667.531	-23.043
163132	37.290002	107.251906	67.851497	871.078769	10661.856	-18.366
163152	37.305711	107.202104	68.399857	870.94167	10657.648	-12.899
163212	37.3217	107.1513	69.0	871.0	10653.0	-8.0
163232	37.337673	107.100468	68.271446	871.480269	10651.773	3.328
163252	37.353784	107.04913	68.171334	872.730189	10655.42	9.782
163312	37.3699	106.9976	69.0	874.0	10660.0	8.0
163332	37.385689	106.946829	69.096604	874.053098	10659.91	6.617
163352	37.401607	106.895738	68.961777	874.132833	10661.533	11.143
163412	37.4176	106.8445	69.0	874.0	10668.0	15.0
163432	37.433181	106.794281	69.006939	872.411246	10675.004	6.161
163452	37.448953	106.743274	68.997248	872.388737	10674.184	-4.824
163512	37.4649	106.6917	69.0	874.0	10668.0	-8.0
163532	37.480449	106.641421	69.000552	874.228723	10667.164	-2.705
163552	37.496368	106.589814	68.999807	873.874383	10668.425	0.426
163612	37.512694	106.536723	68.999989	873.979196	10668.064	-0.091
163632	37.528445	106.485423	69.000044	874.367919	10666.913	4.435
163652	37.543626	106.435972	68.999985	873.265698	10670.134	7.219
163712	37.558778	106.386508	68.999996	871.158974	10675.735	1.599
163732	37.574587	106.334553	69.000014	871.294953	10673.078	-10.625
163752	37.59076	106.28125	68.99998	872.211473	10665.164	-14.031
163812	37.606645	106.228969	68.99997	872.119032	10660.013	-3.077
163832	37.62176	106.179313	69.000144	871.673685	10663.374	6.533
163852	37.636742	106.129949	68.99986	872.281734	10668.584	7.37
163912	37.652236	106.078585	68.999553	873.88998	10668.372	1.436
163932	37.667694	106.027265	69.001851	873.118885	10667.75	-0.898
163952	37.683093	105.976123	68.998077	872.007187	10668.046	0.142
164012	37.698689	105.924325	68.993783	873.465218	10668.039	0.056
164032	37.714394	105.872283	69.025772	874.790047	10667.931	0.112
164052	37.729694	105.821402	68.97322	874.965252	10668.056	-0.173
164112	37.74453	105.771639	68.913415	874.839076	10668.174	-0.59
164132	37.760187	105.719172	69.460593	875.911844	10667.285	3.282
164152	37.776287	105.665346	70.066109	877.135085	10668.761	8.943
164212	37.791938	105.612844	70.042031	877.089847	10674.496	9.672
164232	37.807482	105.560142	69.972164	876.923318	10677.6	0.614
164252	37.822682	105.508663	70.004746	877.030833	10675.04	-9.234
164312	37.837363	105.459506	70.003018	877.074782	10669.229	-9.341
164332	37.852377	105.408784	69.998001	876.711205	10667.228	-3.885
164352	37.867793	105.356261	70.000341	877.303694	10668.132	0.455
164412	37.88326	105.303596	70.000218	879.493105	10668.085	0.288
164432	37.898707	105.250996	69.999848	880.366814	10667.937	-0.186
164452	37.913968	105.199098	70.00002	879.929679	10668.011	0.014
164512	37.929049	105.147861	70.000019	879.826625	10668.024	-0.035
164532	37.944525	105.094867	69.999989	880.660651	10667.933	0.204
164552	37.960144	105.04121	70.000001	882.158215	10668.032	-0.11
164612	37.975314	104.989332	70.000002	883.591444	10668.253	-0.88
164632	37.990266	104.937869	69.999999	884.320897	10667.197	3.321
164652	38.005317	104.885626	70.0	883.896941	10668.441	8.155
164712	38.020588	104.832524	70.000001	882.490103	10674.657	4.165
164732	38.035809	104.779714	69.999997	881.647671	10674.68	-7.921
164752	38.050784	104.727736	70.000002	882.100881	10667.137	-14.859
164812	38.065636	104.675947	70.000013	883.46674	10660.429	-5.02
164832	38.081012	104.62238	69.999959	884.570491	10662.672	5.083
164852	38.096397	104.568772	70.000022	885.025622	10668.254	8.086
164912	38.110927	104.517915	70.000179	885.083373	10667.75	7.937
164932	38.12552	104.466851	69.99943	884.747208	10670.763	8.678
164952	38.140505	104.414302	70.000311	883.884495	10676.339	7.586
165012	38.155573	104.361055	70.002487	882.527155	10676.607	1.507
165032	38.170624	104.307739	69.992063	881.314426	10675.401	0.319
165052	38.185467	104.255213	70.004338	879.795821	10676.214	-0.572
165112	38.200068	104.203584	70.034641	877.564947	10677.556	-10.969
165132	38.215087	104.150425	69.887764	876.872232	10670.128	-18.004
165152	38.230022	104.097435	70.029317	876.970873	10659.691	-14.591
165212	38.243999	104.047676	70.848348	875.637338	10658.89	-4.089
165232	38.258248	103.996823	70.720862	874.773239	10660.432	1.413
165252	38.2732	103.9433	70.0	875.0	10660.0	0.0
165312	38.288049	103.889947	70.60365	875.063087	10659.939	-0.315
165332	38.302114	103.839602	71.142166	874.926679	10659.987	0.255
165352	38.3162	103.7892	71.0	875.0	10660.0	-0.0
165412	38.331668	103.733237	70.974202	875.911462	10660.239	-0.867
165432	38.346471	103.679432	71.010207	878.607676	10659.383	2.449
165452	38.3604	103.629	71.0	882.0	10660.0	8.0
165512	38.375265	103.575555	70.998148	883.660341	10665.783	8.622
165532	38.390168	103.521688	71.000733	884.247451	10668.264	7.656
165552	38.4044	103.4697	71.0	885.0	10668.0	8.0
165612	38.418355	103.418481	70.999867	886.44442	10673.457	8.681
165632	38.43319	103.364107	71.000053	887.189971	10676.758	6.07
165652	38.4486	103.3078	71.0	887.0	10676.0	-0.0
165712	38.463188	103.254524	70.999991	887.265246	10676.688	-5.9
165732	38.477732	103.201127	71.000004	889.264002	10673.613	-9.191
165752	38.4922	103.1476	71.0	892.0	10668.0	-8.0
165812	38.505817	103.096945	71.0	893.009763	10667.428	-2.394
165832	38.520199	103.0436	70.999998	892.876424	10668.191	0.953
165852	38.5355	102.987	71.0	893.0	10668.0	0.0
165912	38.550222	102.932292	71.00001	894.278839	10668.189	-0.949
165932	38.564553	102.878737	70.999975	895.524449	10667.432	2.383
165952	38.5789	102.8251	71.0	896.0	10668.0	8.0
170012	38.593372	102.771263	71.000141	896.005095	10673.589	9.252
170032	38.607783	102.717346	70.999645	896.058454	10676.747	5.748
170052	38.622	102.6638	71.0	896.0	10676.0	-0.0
170112	38.63612	102.610741	71.001958	895.311014	10676.432	-5.229
170132	38.650621	102.556013	70.994999	894.886257	10674.295	-11.065
170152	38.665101	102.501144	70.998609	894.993438	10668.335	-14.982
170212	38.678696	102.449825	71.027675	895.032028	10662.144	-11.72
170232	38.692852	102.396263	70.93791	894.968503	10659.351	-4.856
170252	38.70768	102.339756	70.980944	894.99221	10659.953	-0.091
170312	38.721556	102.28651	71.632928	895.387275	10660.378	-0.339
170332	38.735475	102.233225	72.095391	896.605894	10659.495	1.6
170352	38.750042	102.177591	72.011946	897.945341	10659.694	7.526
170412	38.764441	102.122092	71.978142	897.860256	10664.951	9.576
170432	38.778476	102.067909	72.00685	898.564876	10668.795	5.91
170452	38.792475	102.014079	72.000858	899.994929	10668.1	0.348
170512	38.806912	101.958452	71.998423	898.736869	10667.817	-0.633
170532	38.821064	101.903567	72.000508	898.197377	10668.06	0.202
170552	38.834731	101.850268	72.000096	899.823567	10668.012	0.036
170612	38.848734	101.795736	71.99988	900.130079	10667.981	-0.029
170632	38.862776	101.741147	72.000034	900.133249	10668.013	-0.02
170652	38.876612	101.68726	72.000007	900.913087	10668.011	-0.032
170712	38.890667	101.632152	71.999989	901.106016	10667.924	0.261
170732	38.90487	101.57621	72.000007	900.973708	10668.131	-0.461
170752	38.918996	101.520572	72.000006	900.997641	10668.139	-0.49
170812	38.932918	101.465917	71.999962	900.979037	10666.961	5.135
170832	38.946518	101.412381	72.000066	901.048295	10669.917	7.772
170852	38.959908	101.359298	72.000089	901.06771	10675.755	1.696
170912	38.973502	101.305263	71.999486	900.455812	10672.429	-6.173
170932	38.987396	101.250016	72.000773	899.919505	10667.103	-7.038
170952	39.001479	101.193957	72.001216	899.982526	10667.685	-0.797
171012	39.015488	101.137944	71.992871	899.971518	10668.533	-0.06
171032	39.028764	101.084693	72.010764	900.075625	10667.522	1.305
171052	39.041662	101.032899	72.016931	900.126782	10667.327	7.436
171112	39.056038	100.975112	71.900708	898.94366	10673.066	5.73
171132	39.070085	100.918524	72.157756	897.795042	10675.52	-2.788
171152	39.082659	100.867649	72.872868	897.881242	10669.431	-8.478
171212	39.096279	100.812336	73.096465	898.290174	10666.348	-1.079
171232	39.110323	100.755317	72.979683	897.675254	10669.089	10.115
171252	39.123492	100.701896	72.98918	895.643113	10674.499	10.661
171312	39.136652	100.648224	73.007183	893.790468	10678.138	-2.646
171332	39.15026	100.592492	72.998729	892.909366	10674.374	-16.915
171352	39.164177	100.535456	72.998932	892.907169	10663.335	-17.911
171412	39.177845	100.479344	73.00053	893.099417	10658.432	-8.423
171432	39.191239	100.424174	72.999951	892.962058	10660.167	0.409
171452	39.204534	100.369246	72.999924	892.718851	10660.418	0.041
171512	39.21723	100.316819	73.000038	894.011367	10659.251	2.437
171532	39.230034	100.263994	72.999996	894.940631	10660.362	8.466
171552	39.243813	100.207009	72.999994	892.896232	10665.889	9.654
171612	39.256956	100.152194	73.000003	891.6565	10668.992	4.411
171632	39.269547	100.099393	73.0	892.011722	10667.91	0.013
171652	39.282936	100.043513	73.0	891.94113	10666.947	4.945
171712	39.296331	99.987584	72.999998	892.280103	10670.566	9.446
171732	39.3094	99.9328	73.0	892.0	10676.0	8.0
171752	39.322537	99.87757	73.000011	889.142403	10676.315	3.127
171812	39.335313	99.823569	72.999973	887.791786	10676.407	-3.256
171832	39.3479	99.7701	73.0	888.0	10676.0	-8.0
171852	39.360996	99.714453	73.000147	885.978868	10670.2	-8.281
171912	39.374129	99.658669	72.999628	884.693785	10667.867	-8.219
171932	39.387	99.604	73.0	885.0	10668.0	-8.0
171952	39.399753	99.549739	73.002048	884.524709	10661.739	-3.504
172012	39.412431	99.495391	72.994823	883.402687	10661.578	3.745
172032	39.4251	99.4407	73.0	882.0	10668.0	8.0
172052	39.437777	99.385925	73.02853	880.478171	10668.51	3.676
172112	39.450094	99.332591	72.927894	879.869754	10668.294	-3.351
172132	39.4623	99.2797	73.0	880.0	10668.0	-8.0
172152	39.475056	99.22454	73.693663	879.836356	10662.443	-9.038
172212	39.487872	99.16886	74.106799	880.551647	10659.28	-5.916
172232	39.5004	99.1143	74.0	882.0	10660.0	0.0
172252	39.512741	99.060883	73.978579	882.4341	10659.271	5.743
172312	39.525038	99.007224	74.007458	881.300272	10662.116	9.071
172332	39.537471	98.952465	74.000429	880.010204	10667.822	8.183
172352	39.55015	98.896907	73.998481	880.98727	10668.58	2.846
172412	39.562707	98.841638	74.000535	882.715935	10667.912	-1.269
172432	39.574989	98.787115	74.000031	883.945157	10668.029	-0.193
172452	39.587229	98.73281	73.999891	884.865196	10667.189	5.163
172512	39.599575	98.678085	74.000038	884.805815	10670.128	9.327
172532	39.612072	98.622684	74.000002	884.028698	10675.817	8.214
172552	39.624569	98.567224	73.999992	883.856368	10676.697	2.39
172612	39.636405	98.514166	74.000003	884.147476	10675.637	-0.317
172632	39.647815	98.462541	74.0	884.037135	10675.944	0.096
172652	39.659917	98.40806	73.999996	882.787632	10676.949	-4.658
172712	39.672384	98.351922	74.000006	881.695233	10674.113	-9.26
172732	39.684687	98.296287	74.000004	881.90087	10668.376	-8.391
172752	39.696698	98.241954	73.999959	883.275419	10667.266	-3.037
172812	39.708747	98.187308	74.000069	884.10411	10668.198	0.67
172832	39.720829	98.132282	74.000073	883.96814	10668.039	0.144
172852	39.73242	98.079335	73.999452	884.636318	10667.963	-0.225
172912	39.744225	98.025195	74.000957	884.917018	10667.988	0.139
172932	39.756707	97.967873	74.001017	884.105613	10667.975	0.107
172952	39.769236	97.910578	73.992369	883.806178	10668.207	-0.741
173012	39.781186	97.85562	74.013333	884.164214	10667.634	1.378
173032	39.792726	97.8021	74.014169	884.146438	10667.61	7.185
173052	39.804871	97.746194	73.893708	882.216068	10672.385	10.424
173112	39.816932	97.690568	74.198412	878.620643	10677.179	4.632
173132	39.828317	97.637406	74.926354	875.276512	10676.609	-6.855
173152	39.839606	97.584281	75.091097	874.749143	10670.947	-9.465
173212	39.851431	97.528801	74.974802	874.898449	10667.7	-7.507
173232	39.863621	97.471841	74.994784	874.091736	10668.279	-7.808
173252	39.875103	97.417804	75.00654	873.901422	10663.547	-8.935
173312	39.886402	97.364592	74.998191	874.000421	10659.206	-6.413
173332	39.898049	97.309867	74.999626	873.972794	10659.843	-0.614
173352	39.909651	97.254823	75.00047	874.427843	10660.143	0.948
173412	39.921084	97.200312	74.99987	875.370595	10660.057	-0.595
173432	39.932476	97.146096	74.999973	876.742378	10660.109	-0.462
173452	39.94408	97.090947	75.000035	878.680337	10659.105	4.66
173512	39.955801	97.03516	74.999989	880.635836	10661.688	8.775
173532	39.967389	96.97972	74.999996	881.9025	10667.521	8.192
173552	39.978669	96.925344	75.000016	882.117286	10667.898	7.511
173612	39.990009	96.870527	74.999975	881.97192	10669.353	8.573
173632	40.001646	96.814221	74.999974	881.998622	10675.335	8.563
173652	40.013309	96.757408	75.000194	881.967327	10677.039	2.389
173712	40.024787	96.701536	74.999659	882.070154	10675.331	1.044
173732	40.03612	96.64652	74.999538	882.097548	10675.334	7.403
173752	40.047564	96.59045	75.002655	881.132119	10680.596	5.429
173812	40.058642	96.535984	74.995988	879.483399	10682.404	-2.207
173832	40.069336	96.483569	74.992463	877.565203	10676.942	-7.352
173852	40.080763	96.427352	75.03579	875.190168	10676.007	-8.468
173912	40.09232	96.370247	74.954512	873.907301	10675.043	-7.92
173932	40.103208	96.316265	74.897639	874.12128	10668.983	-8.0
173952	40.114052	96.262374	75.621466	872.70694	10667.9	-7.819
174012	40.125063	96.207348	75.917814	870.56318	10667.167	-8.268
174032	40.136058	96.152132	75.110963	869.359259	10661.36	-8.708
174052	40.146742	96.098813	75.335024	867.967972	10659.141	-4.304
174112	40.157491	96.045095	76.08752	866.884298	10660.147	0.526
174132	40.168605	95.988963	76.055644	866.919027	10660.094	0.332
174152	40.17942	95.934357	75.963149	867.085762	10659.935	-0.21
174212	40.190345	95.879267	76.006284	866.952157	10660.014	0.026
174232	40.20166	95.821932	76.003995	866.86636	10660.017	-0.016
174252	40.211992	95.768964	75.997354	867.73936	10659.953	0.15
174312	40.22226	95.716114	76.000451	869.328859	10660.045	-0.169
174332	40.233563	95.658377	76.000287	870.730016	10660.143	-0.554
174352	40.244273	95.60394	75.999809	871.353275	10659.408	3.117
174412	40.254454	95.551806	76.000033	872.316884	10660.633	9.134
174432	40.264961	95.497331	76.000025	874.396047	10665.939	13.737
174452	40.275676	95.442159	75.999984	875.514369	10671.37	16.656
174512	40.286404	95.386872	76.000004	874.780525	10676.976	13.989
174532	40.297065	95.33112	76.00001	873.643595	10682.618	3.682
174552	40.307746	95.275503	75.999968	875.626612	10680.43	-4.982
174612	40.318248	95.220777	76.000025	869.841236	10675.709	-8.174
174632	40.328378	95.167093	76.000121	849.901351	10676.332	-8.002
174652	40.338479	95.113184	75.999562	843.995896	10672.869	-8.609
174712	40.348616	95.059402	76.00035	852.271776	10667.546	-7.429
174732	40.35877	95.006121	76.001689	858.905874	10667.576	-1.615
174752	40.36929	94.950895	75.993895	864.933411	10668.231	0.907
174812	40.379857	94.895043	76.004868	866.646628	10667.979	-0.153
174832	40.390036	94.840745	76.023518	860.849808	10668.023	-0.295
174852	40.400316	94.785376	75.914974	857.764494	10667.822	0.739
174912	40.410628	94.729793	76.068805	857.949012	10668.154	-0.556
174932	40.420635	94.676102	76.7782	856.563888	10668.751	-6.222
174952	40.430531	94.622399	77.190849	855.321545	10664.628	-9.565
175012	40.440368	94.568715	76.9174	854.983543	10659.579	-7.306
175032	40.450281	94.515067	76.210276	854.994556	10659.612	-1.52
175052	40.46087	94.45772	75.810242	854.965168	10660.19	0.929
175112	40.471138	94.401863	76.086798	855.035588	10660.0	-0.217
175132	40.480158	94.352564	76.813964	855.623042	10660.118	-0.637
175152	40.489915	94.299075	77.09921	856.910617	10659.487	2.652
175212	40.500337	94.241856	76.986773	858.123683	10660.428	9.041
175232	40.510313	94.186951	76.987548	858.6874	10665.641	14.532
175252	40.520389	94.131212	77.007148	859.943839	10672.284	13.036
175312	40.530491	94.075115	76.999031	861.062945	10676.26	7.182
175332	40.54015	94.021347	76.998962	860.909889	10676.042	2.333
175352	40.549467	93.969217	77.000517	861.686981	10676.751	-4.28
175412	40.559107	93.91528	76.999952	863.094785	10675.513	-7.903
175432	40.569506	93.85737	76.999927	863.242099	10668.877	-2.51
175452	40.57944	93.801671	77.000034	862.427574	10670.87	1.912
175512	40.588847	93.748431	76.999998	860.79024	10676.006	-0.572
175532	40.598455	93.693854	77.000007	857.42044	10670.448	-7.075
175552	40.608001	93.6392	76.999963	850.043054	10666.852	-5.748
175612	40.617448	93.585098	77.000021	842.481462	10668.104	0.386
175632	40.626943	93.531284	77.000172	840.232502	10668.137	0.668
175652	40.636255	93.478375	76.999452	839.415188	10668.007	-0.596
175712	40.645542	93.424946	77.0003	837.816895	10667.959	0.196
175732	40.655012	93.369792	77.002394	835.83459	10667.62	1.389
175752	40.664024	93.316984	76.992359	833.753572	10669.244	-5.282
175812	40.672919	93.264942	77.004176	831.82026	10667.313	-15.82
175832	40.682407	93.209756	77.033347	830.346579	10656.63	-17.931
175852	40.691725	93.155514	76.893574	829.806823	10650.971	-6.483
175912	40.700695	93.103179	77.058462	830.038591	10653.38	9.213
175932	40.709688	93.050636	77.858834	830.218992	10657.802	15.117
175952	40.718721	92.997327	77.749672	829.165946	10663.688	13.106
180012	40.72769	92.94426	76.939024	826.709996	10668.245	7.362
180032	40.736525	92.892458	76.809278	823.509871	10668.42	1.586
180052	40.745391	92.84016	77.382222	820.283568	10667.815	-0.612
180112	40.754349	92.786601	78.018035	819.032204	10668.009	0.03
180132	40.76331	92.732632	78.05874	821.127486	10668.031	0.094
180152	40.77212	92.679981	77.973882	822.209169	10667.983	-0.03
180212	40.780838	92.627858	78.001296	822.029088	10668.002	-0.002
180232	40.789603	92.574423	78.00423	823.456046	10668.022	-0.063
180252	40.798184	92.522131	77.998088	824.084683	10667.943	0.196
180312	40.806736	92.470583	78.000103	824.032614	10668.016	-0.056
180332	40.815605	92.417164	78.000485	825.422157	10668.275	-0.975
180352	40.824409	92.363054	77.999349	826.233285	10667.22	3.162
180412	40.833142	92.308769	78.000152	825.988327	10668.221	8.043
180432	40.842047	92.254294	78.002728	825.959047	10674.575	3.899
180452	40.8506	92.202168	77.993384	826.013474	10674.261	-3.702
180512	40.8589	92.1512	78.0	826.0	10668.0	-8.0
180532	40.867553	92.097638	78.038239	826.014609	10667.789	-5.11
180552	40.876082	92.044495	77.917126	825.989291	10667.0	5.157
180612	40.88438	91.992623	77.97469	826.891493	10667.626	-5.819
180632	40.892958	91.938989	78.763995	829.580146	10673.779	-80.853
180652	40.90179	91.88317	78.8342	828.841258	10630.779	-181.746
180712	40.910391	91.828396	78.028172	821.518327	10535.775	-256.658
180732	40.918257	91.778765	77.902379	809.586331	10448.789	-279.317
180752	40.926335	91.727757	78.029681	798.56932	10357.48	-285.837
180812	40.934789	91.674016	78.000305	794.878683	10254.086	-283.195
180832	40.942709	91.62361	78.027577	802.191521	10160.304	-234.727
180852	40.950601	91.573379	77.92434	812.073219	10092.617	-150.091
180912	40.958789	91.521039	77.976138	818.731685	10058.798	-63.554
180932	40.966972	91.46819	78.737083	822.983943	10054.96	-12.835
180952	40.975216	91.414905	78.876281	823.877364	10058.92	2.955
181012	40.983645	91.360694	78.068774	822.170193	10058.104	0.412
181032	40.992233	91.305444	77.785501	821.324509	10057.935	-1.218
181052	41.000581	91.251386	78.266758	823.026762	10057.767	1.473
181112	41.008599	91.198881	78.957266	825.834623	10057.812	7.259
181132	41.016644	91.145669	79.077648	826.184061	10061.817	14.341
181152	41.024496	91.093795	78.97567	826.196856	10069.162	12.461
181212	41.032291	91.042451	78.996953	826.982975	10074.047	1.067
181232	41.040635	90.987053	79.005577	826.436341	10069.326	-6.344
181252	41.048745	90.933094	78.998249	825.975144	10065.507	-8.343
181312	41.056333	90.882538	78.999779	826.054438	10066.182	-8.033
181332	41.064214	90.829477	79.000435	824.846554	10061.294	-8.048
181352	41.072362	90.774746	78.999882	823.804653	10057.519	-7.793
181412	41.080567	90.719898	78.999976	823.954064	10058.157	-7.761
181432	41.088739	90.664501	79.00003	824.102527	10054.573	-9.887
181452	41.096422	90.611848	78.999996	823.91608	10050.0	-5.149
181512	41.103691	90.562076	79.000004	823.884534	10050.229	6.671
181532	41.111556	90.508704	78.999964	824.960741	10055.622	6.549
181552	41.119543	90.454595	79.000057	826.364393	10057.513	-3.137
181612	41.127227	90.402053	79.000091	826.993896	10052.056	-8.699
181632	41.135309	90.345981	78.999465	826.793083	10049.181	0.948
181652	41.143354	90.289722	79.000809	827.393426	10052.736	8.267
181712	41.150909	90.236895	79.001272	829.547634	10057.944	1.425
181732	41.158401	90.184811	78.992542	831.428352	10054.049	-2.058
181752	41.165984	90.132277	79.011262	832.015573	10051.492	1.63
181812	41.173654	90.078857	79.017713	831.894612	10057.195	7.301
181832	41.181422	90.023975	78.896117	833.077327	10058.052	8.514
181852	41.189253	89.968462	79.164859	834.136594	10059.125	8.09
181912	41.197121	89.912898	79.89768	833.986708	10065.15	8.349
181932	41.204989	89.856823	80.096206	834.351712	10066.625	4.488
181952	41.212479	89.803222	79.976766	833.368746	10066.114	-1.907
182012	41.219626	89.752093	79.992772	830.437227	10066.434	-7.216
182032	41.227245	89.69706	80.007276	829.463817	10061.966	-9.672
182052	41.234837	89.641641	79.998657	830.228907	10057.33	-6.546
182112	41.241921	89.589735	79.999661	830.361776	10057.584	-0.418
182132	41.249194	89.537165	79.998964	828.023652	10058.928	-3.081
182152	41.256664	89.48296	80.001875	827.367073	10057.01	-8.981
182212	41.264061	89.428412	80.004414	831.076013	10051.871	-8.808
182232	41.271393	89.374858	79.978395	833.606236	10050.501	-4.478
182252	41.278575	89.321977	80.027594	834.002711	10050.901	1.553
182312	41.285737	89.268344	80.062141	833.943152	10050.521	7.026
182332	41.293389	89.212478	79.69856	834.463657	10054.455	9.394
182352	41.300724	89.156334	80.398326	835.110689	10058.546	6.835
182412	41.306893	89.101896	82.601673	835.104972	10058.232	1.057
182432	41.312346	89.047815	83.301443	834.634964	10057.868	-1.003
182452	41.317634	88.993156	82.937855	835.449711	10057.963	0.466
182512	41.323046	88.938072	82.972399	837.70701	10057.845	0.766
182532	41.328425	88.883772	83.021643	837.80084	10058.824	-4.431
182552	41.333716	88.829393	82.995538	838.597301	10056.903	-8.09
182612	41.338977	88.773932	82.998018	842.297801	10051.546	-2.559
182632	41.344301	88.718291	83.001554	843.57679	10053.037	8.844
182652	41.349622	88.663208	82.99968	842.824546	10059.691	15.499
182712	41.354882	88.6085	82.999858	842.800172	10065.113	10.428
182732	41.360185	88.552709	83.000112	844.024225	10067.194	-0.254
182752	41.365541	88.495475	82.999977	845.16394	10065.044	-10.051
182812	41.370879	88.437749	82.99999	845.103676	10059.513	-14.746
182832	41.376117	88.38145	83.000009	844.762358	10053.927	-13.402
182852	41.381293	88.325689	82.999997	845.257645	10050.374	-5.33
182912	41.386377	88.270195	82.999997	846.697592	10050.284	5.996
182932	41.391155	88.217879	83.000011	847.52379	10054.653	10.13
182952	41.396091	88.163696	82.999987	848.267164	10058.489	6.737
183012	41.401471	88.104262	82.999971	849.671866	10058.172	1.13
183032	41.406618	88.046926	83.000139	850.695704	10058.094	-1.65
183052	41.411526	87.992313	82.999823	851.028943	10057.689	1.389
183112	41.416461	87.937469	82.999601	850.995566	10057.232	7.411
183132	41.42143	87.880798	83.001933	851.091063	10062.791	5.773
183152	41.42647	87.823077	82.997535	850.869526	10065.559	-2.111
183212	41.431492	87.766299	82.994449	850.70124	10059.338	-7.9
183232	41.436186	87.712034	83.026924	852.954179	10056.98	-4.534
183252	41.440928	87.657124	82.965663	855.371272	10058.21	0.729
183312	41.445971	87.599615	82.922691	855.844943	10058.093	0.324
183332	41.450717	87.543804	83.5	857.017445	10057.927	-0.254
183352	41.455403	87.487627	84.077309	858.124583	10058.015	0.052
183412	41.460305	87.429504	84.034337	857.998336	10058.007	0.024
183432	41.464944	87.374802	83.973076	858.415048	10057.995	-0.02
183452	41.469604	87.319562	84.005551	859.136779	10058.001	0.005
183512	41.474572	87.260008	84.002465	860.284535	10058.0	0.005
183532	41.479354	87.202145	83.998067	864.543225	10058.004	-0.02
183552	41.483946	87.145876	84.000399	870.410688	10057.994	0.024
183612	41.488604	87.088258	84.000177	874.531444	10057.987	0.053
183632	41.493449	87.028685	83.999861	874.940099	10058.065	-0.257
183652	41.498121	86.97145	84.000029	873.788779	10057.917	0.328
183712	41.502477	86.917574	84.000013	873.813092	10057.813	0.738
183732	41.507144	86.858589	83.999987	874.743165	10058.906	-4.58
183752	41.511832	86.798584	84.000005	874.826663	10056.812	-7.841
183812	41.516197	86.742557	84.000009	874.490731	10051.347	-1.978
183832	41.520725	86.684415	83.999962	878.464215	10053.997	5.131
183852	41.52534	86.624993	84.000048	882.562284	10058.431	8.266
183912	41.529801	86.56722	84.000107	882.279366	10057.731	7.862
183932	41.53419	86.509816	83.999482	881.630846	10061.545	9.409
183952	41.538614	86.4513	84.000661	882.276788	10066.943	5.977
184012	41.543088	86.391624	84.001487	883.688913	10066.916	-5.7
184032	41.54749	86.332972	83.992786	884.617632	10061.764	-10.408
184052	41.55175	86.275475	84.0092	885.136817	10057.434	-6.621
184112	41.555936	86.217892	84.020715	886.374672	10057.758	-0.952
184132	41.560272	86.158854	83.899519	889.641008	10058.145	0.873
184152	41.564707	86.098746	84.132775	892.411797	10058.027	-0.378
184212	41.569048	86.039221	84.867225	892.866677	10058.136	-0.596
184232	41.573179	85.981954	85.100481	893.981484	10057.268	3.634
184252	41.577382	85.923092	84.979285	895.156124	10058.986	9.138
184312	41.581755	85.861115	84.9908	895.06436	10064.771	9.463
184332	41.585749	85.803165	85.007214	894.974774	10067.609	0.002
184352	41.589746	85.744638	84.998513	894.973013	10064.771	-9.466
184412	41.594063	85.682072	84.999339	894.918621	10058.988	-9.145
184432	41.598005	85.62519	85.000518	895.540345	10057.259	-3.603
184452	41.601929	85.568512	84.999893	896.016979	10058.148	0.556
184512	41.606238	85.505518	84.999952	895.328742	10058.055	0.289
184532	41.610325	85.4438	85.000038	893.84006	10058.01	-0.44
184552	41.614147	85.3856	84.999991	892.912912	10057.929	0.363
184612	41.617946	85.328691	84.999993	893.045048	10057.794	0.859
184632	41.621821	85.26975	85.000012	892.478581	10058.854	-4.222
184652	41.625652	85.210878	84.99999	892.035434	10057.096	-7.976
184712	41.629367	85.153845	84.999968	892.305821	10051.547	-2.527
184732	41.633213	85.093279	85.000133	890.162522	10053.5	5.493
184752	41.637048	85.032417	84.999862	887.757409	10058.583	7.544
184812	41.640697	84.975182	84.999554	887.916233	10058.362	1.584
184832	41.644432	84.915265	85.00185	887.648279	10057.798	-1.157
184852	41.648112	84.854852	84.998077	886.919407	10057.995	0.353
184912	41.65156	84.798021	84.993783	886.961436	10057.875	0.707
184932	41.6551	84.74036	85.025772	886.970572	10058.612	-3.375
184952	41.658718	84.68082	84.97322	887.06184	10057.332	-8.912
185012	41.662251	84.621038	84.913415	887.215875	10052.304	-9.606
185032	41.66574	84.562417	85.460593	885.88817	10049.659	-0.861
185052	41.669183	84.504038	86.066109	885.072867	10051.777	9.486
185112	41.672577	84.444762	86.042031	886.58882	10056.72	10.154
185132	41.676001	84.385905	85.972164	887.353295	10059.525	-0.295
185152	41.679356	84.328133	86.004746	888.416069	10056.985	-8.451
185212	41.6826	84.270416	86.003018	891.307604	10051.487	-2.866
185232	41.686023	84.209761	85.998001	892.700629	10053.494	5.877
185252	41.689471	84.148285	86.000341	893.174623	10058.632	7.313
185312	41.692724	84.088564	86.000217	894.581637	10058.54	0.923
185332	41.696015	84.02764	85.999853	895.669736	10057.042	2.323
185352	41.699216	83.967629	86.000028	896.030435	10058.803	9.106
185412	41.702193	83.910928	86.000027	896.019312	10064.522	9.777
185432	41.705309	83.853166	85.999942	895.987374	10067.583	0.544
185452	41.708542	83.792729	86.000051	896.001983	10065.043	-9.221
185512	41.711681	83.731357	86.000161	896.000735	10059.231	-9.331
185532	41.714709	83.672805	85.999335	896.001797	10057.224	-3.901
185552	41.717701	83.614898	86.000691	895.997329	10058.135	0.467
185612	41.720731	83.55442	86.002499	895.989883	10058.1	0.345
185632	41.723783	83.493895	85.991196	896.036001	10057.943	-0.195
185652	41.726728	83.43471	86.006993	895.97136	10058.008	0.025
185712	41.729512	83.376149	86.033764	895.86169	10058.008	0.02
185732	41.732399	83.315755	85.87795	896.662734	10057.991	0.002
185752	41.73533	83.254903	86.098328	898.251281	10058.004	-0.011
185812	41.738125	83.195734	86.920825	899.694135	10058.019	-0.062
185832	41.740933	83.135573	86.593845	900.186573	10057.934	0.228
185852	41.743705	83.075573	86.006596	899.954574	10058.053	-0.182
185912	41.746358	83.017314	86.738495	899.861243	10058.255	-0.882
185932	41.749109	82.956086	87.142404	900.523614	10057.079	3.839
185952	41.751914	82.894024	86.981017	900.977749	10058.742	8.042
190012	41.754592	82.835161	86.982137	900.246791	10065.152	2.989
190032	41.757158	82.775206	87.010224	899.865955	10063.525	-5.358
190052	41.759678	82.714659	86.998637	900.017918	10057.427	-7.546
190112	41.762208	82.655963	86.998718	900.017091	10057.32	-1.155
190132	41.764762	82.596221	87.000734	899.989349	10058.923	-2.162
190152	41.767268	82.536097	86.999902	900.002106	10057.449	-8.722
190212	41.769666	82.477361	86.999909	900.005185	10052.365	-9.325
190232	41.772062	82.417297	87.00005	899.984925	10050.232	-4.153
190252	41.774455	82.357001	86.999995	900.012563	10051.132	0.242
190312	41.776789	82.298613	87.000003	900.506135	10051.262	-0.321
190332	41.77911	82.239285	86.99997	902.418818	10050.328	2.908
190352	41.781453	82.178295	87.000026	904.105781	10051.508	8.655
190412	41.783798	82.116833	87.00013	903.948999	10056.549	9.414
190432	41.786049	82.055874	86.99953	904.760822	10058.988	3.528
190452	41.788226	81.995862	87.000375	906.119374	10057.704	0.302
190512	41.79042	81.93617	87.001812	906.12493	10056.952	6.546
190532	41.792658	81.874647	86.993449	905.880877	10062.157	6.598
190552	41.794808	81.813578	87.005224	906.053454	10065.823	-1.296
190612	41.79679	81.755268	87.025238	906.225805	10059.963	-7.633
190632	41.798888	81.694545	86.908757	905.044783	10056.984	-5.405
190652	41.801003	81.632977	87.073763	903.980984	10058.097	0.679
190712	41.802924	81.573997	87.802152	904.317226	10057.911	1.352
190732	41.804907	81.512677	88.104254	902.307904	10058.731	-4.119
190752	41.806883	81.451162	87.987456	901.225325	10057.358	-7.996
190812	41.808674	81.39366	87.994518	904.964057	10051.74	-2.905
190832	41.810505	81.335287	87.979247	906.0515	10053.201	5.155
190852	41.812376	81.273386	88.021618	903.59057	10058.469	7.696
190912	41.814218	81.2098	88.108394	901.41806	10058.438	1.866
190932	41.8162	81.150768	87.60521	900.781805	10057.761	-1.052
190952	41.81749	81.093999	88.319193	901.029661	10058.022	0.173
191012	41.817219	81.033996	91.325521	901.030591	10057.977	0.317
191032	41.816203	80.972928	91.912761	900.972361	10058.181	-0.762
191052	41.815022	80.912082	90.964083	901.010678	10057.844	0.568
191112	41.813829	80.851431	91.69849	900.597696	10057.235	6.274
191132	41.812577	80.791266	92.165302	898.130653	10061.425	9.38
191152	41.811316	80.731977	91.977964	895.86283	10066.379	7.453
191212	41.810075	80.672965	91.979265	895.658666	10066.184	2.23
191232	41.808636	80.611557	92.011868	892.09549	10066.547	-4.146
191252	41.807206	80.551494	91.998418	887.592947	10065.405	-8.329
191312	41.806031	80.495984	91.998511	887.027632	10059.44	-8.353
191332	41.804689	80.436125	92.000853	886.288496	10057.771	-7.633
191352	41.803176	80.37366	91.999886	884.850427	10057.6	-8.179
191412	41.801716	80.314911	91.999891	884.291288	10052.499	-8.778
191432	41.800213	80.256428	92.00007	883.056831	10050.19	-4.603
191452	41.79867	80.19794	91.999985	881.946034	10051.11	0.41
191512	41.797141	80.140916	91.999958	882.128591	10051.115	0.343
191532	41.795575	80.083195	92.00013	881.085811	10050.892	-0.034
191552	41.793954	80.024343	91.999899	879.988953	10051.047	-0.124
191612	41.792285	79.964637	91.999468	881.23591	10051.218	-0.788
191632	41.790554	79.902461	92.00165	882.996548	10050.346	3.042
191652	41.788832	79.840735	91.999102	884.071228	10051.356	8.308
191712	41.787181	79.783259	91.992835	884.639453	10056.581	8.52
191732	41.785428	79.725697	92.022863	885.846699	10058.073	7.576
191752	41.783625	79.667191	91.987505	887.061739	10058.304	8.127
191812	41.781909	79.609478	91.900225	887.05043	10064.014	8.874
191832	41.78007	79.550696	92.382431	887.121243	10066.953	4.789
191852	41.778104	79.490817	93.037522	886.909273	10065.894	-0.225
191912	41.776167	79.431367	93.057422	885.459746	10065.702	0.133
191932	41.77425	79.372627	92.971169	884.826701	10066.599	-2.166
191952	41.772302	79.313518	93.002694	884.995494	10065.7	-8.687
192012	41.7703	79.253497	93.004123	884.831943	10060.509	-14.152
192032	41.768312	79.195783	92.99793	885.748564	10054.616	-14.124
192052	41.766293	79.138391	93.000194	887.077124	10050.736	-6.977
192112	41.764161	79.077604	93.000298	887.513971	10050.071	4.436
192132	41.762021	79.017774	92.999845	889.479306	10053.65	10.478
192152	41.759893	78.9598	93.000007	892.084316	10058.144	7.685
192212	41.757713	78.901245	93.000021	892.763746	10058.71	0.874
192232	41.755431	78.841458	92.999997	893.688699	10056.974	2.565
192252	41.753083	78.780756	92.999998	895.039811	10058.247	8.037
192312	41.750749	78.720027	92.999963	895.129437	10064.913	3.132
192332	41.748415	78.660386	93.000108	894.943131	10063.51	-2.105
192352	41.746084	78.601888	92.999969	895.002633	10057.964	0.328
192412	41.743764	78.54368	92.999467	895.005366	10062.967	7.634
192432	41.741366	78.485087	93.001513	895.007055	10067.785	3.445
192452	41.738874	78.425375	92.999573	894.997045	10065.764	-8.405
192512	41.736344	78.364327	92.992571	894.945693	10059.968	-9.996
192532	41.733802	78.303785	93.021073	895.155641	10057.221	-4.73
192552	41.731275	78.244897	92.994052	894.955926	10058.039	0.134
192612	41.72876	78.187041	92.896526	893.548341	10058.126	0.435
192632	41.726142	78.127187	93.342801	892.756812	10057.943	-0.191
192652	41.723468	78.06653	94.020268	893.018517	10058.003	0.009
192712	41.720884	78.008701	94.072847	893.181086	10058.014	0.02
192732	41.718299	77.951419	93.9715	892.600593	10057.987	0.022
192752	41.7156	77.8923	94.0	892.0	10058.0	0.0
192812	41.712746	77.830902	94.005006	892.348848	10058.05	-0.194
192832	41.709866	77.769708	93.998384	890.826061	10057.873	0.501
192852	41.70704	77.710322	94.000029	888.079148	10057.965	0.14
192912	41.704247	77.652273	93.997552	887.847034	10058.702	-4.811
192932	41.701418	77.593049	94.006261	887.761872	10056.236	-9.829
192952	41.698544	77.533223	94.001957	887.899884	10051.194	-8.355
193012	41.695654	77.475961	93.960386	891.138814	10049.693	2.433
193032	41.692591	77.417305	94.089154	891.107854	10053.08	10.124
193052	41.689541	77.356413	94.027375	888.040416	10057.855	8.252
193112	41.686782	77.297239	93.447856	890.090875	10058.508	2.414
193132	41.6829	77.238416	95.409845	892.848421	10057.83	-0.689
193152	41.6767	77.1799	100.0	892.0	10058.0	-0.0
193212	41.667644	77.123532	103.88026	888.712646	10058.01	0.113
193232	41.6548	77.065838	107.726404	887.659111	10058.031	-0.224
193252	41.639769	77.008069	110.258342	887.944627	10057.956	0.192
193312	41.624771	76.952881	110.16425	887.108996	10057.852	0.599
193332	41.609868	76.898073	109.89122	887.406406	10058.62	-3.277
193352	41.594893	76.842837	110.018551	888.002944	10057.338	-8.956
193412	41.579715	76.787194	110.011801	887.776894	10052.33	-9.718
193432	41.564237	76.730527	109.992154	889.529834	10049.544	-0.422
193452	41.548867	76.67448	110.001369	892.563553	10051.898	9.035
193512	41.533847	76.620085	110.000966	894.631522	10057.111	8.696
193532	41.51848	76.564251	109.998943	895.388749	10057.903	7.373
193552	41.502746	76.507062	110.000611	894.762944	10058.706	8.279
193612	41.487004	76.450171	110.001728	893.312409	10064.616	8.712
193632	41.471375	76.393804	109.993046	892.789388	10066.847	4.398
193652	41.455927	76.338287	110.007191	893.048334	10065.884	-0.642
193712	41.440611	76.283506	110.02323	892.566201	10066.015	-0.714
193732	41.425183	76.228203	109.903706	889.898828	10065.607	-0.536
193752	41.409871	76.17339	110.102428	887.899809	10066.409	-35.105
193812	41.394893	76.120148	110.835498	887.806399	10055.751	-127.184
193832	41.379813	76.066602	111.102397	882.678939	9989.522	-238.692
193852	41.364382	76.011852	110.983832	876.034921	9884.384	-373.265
193912	41.348792	75.956709	110.993735	874.083391	9754.687	-534.465
193932	41.33371	75.903517	110.986741	873.624398	9535.61	-660.915
193952	41.318471	75.849899	111.020256	869.691606	9278.438	-699.928
194012	41.302665	75.794094	111.068792	859.705082	9060.753	-658.891
194032	41.287995	75.741558	110.711983	846.975824	8852.664	-645.253
194052	41.273173	75.691421	111.306857	834.708902	8634.252	-667.62
194112	41.256513	75.640477	113.505359	824.63575	8405.225	-683.666
194132	41.239619	75.58983	114.311685	816.323065	8175.526	-686.536
194152	41.222815	75.539371	113.94686	808.347683	7947.348	-674.263
194212	41.206085	75.48954	113.966236	800.163413	7722.715	-652.799
194232	41.190721	75.443734	114.022267	793.53998	7512.712	-638.291
194252	41.17571	75.398867	113.9963	784.748285	7302.637	-571.636
194312	41.159566	75.350743	113.997947	774.612029	7105.06	-399.108
194332	41.143035	75.301788	114.000059	779.083475	7016.362	-183.823
194352	41.127105	75.254756	114.001335	787.8252	7010.481	-34.115
194412	41.111883	75.20974	114.005027	785.932996	7010.832	-2.294
194432	41.09577	75.162173	113.978553	784.615927	7007.169	10.413
194452	41.078788	75.112156	114.022386	784.834735	7012.84	-11.729
194512	41.06203	75.062779	114.072427	784.177916	7019.129	-138.003
194532	41.046357	75.016432	113.699689	789.873136	6952.073	-372.842
194552	41.03096	74.97202	114.312063	798.434716	6763.374	-658.527
194612	41.014757	74.925281	115.008948	800.061821	6485.026	-776.463
194632	40.998911	74.871231	108.725221	787.897538	6273.543	-344.894
194652	40.990134	74.820703	101.50273	766.724886	6197.127	-66.172
194712	40.9862	74.7743	98.0	750.0	6187.0	-97.0
194732	40.980875	74.72537	97.722795	747.192882	6160.343	-101.735
194752	40.975115	74.675981	98.108783	748.123798	6124.858	-84.726
194812	40.9699	74.6278	98.0	748.0	6096.0	-84.0
194832	40.964594	74.57991	97.985926	750.583478	6071.844	-87.998
194852	40.959205	74.53148	97.99308	752.7964	6041.256	-94.611
194912	40.9538	74.4826	98.0	753.0	6005.0	-99.0
194932	40.948344	74.433804	98.080164	752.494335	5973.915	-94.385
194952	40.942846	74.383993	97.79434	751.396168	5943.35	-88.756
195012	40.9372	74.3332	98.0	752.0	5913.0	-91.0
195032	40.931426	74.283174	99.432673	754.78166	5885.441	-104.683
195052	40.926464	74.236187	97.238796	743.490698	5842.899	-121.745
195112	40.9212	74.1909	99.0	711.0	5799.0	-91.0
195132	40.9115	74.1462	116.0	671.0	5791.0	-11.0
195152	40.893358	74.110839	126.356043	654.098885	5794.177	-120.541
195212	40.873208	74.075964	127.784711	648.714819	5739.335	-291.866
195232	40.853575	74.040856	126.784026	646.396793	5607.802	-415.679
195252	40.834134	74.007123	126.956392	644.466448	5434.685	-463.655
195312	40.814476	73.972335	127.046173	639.681551	5286.328	-451.035
195332	40.795106	73.937832	127.002257	629.977435	5145.948	-413.989
195352	40.776738	73.905457	127.015746	617.604443	5002.097	-400.559
195412	40.759608	73.875123	126.861705	608.575335	4885.063	-456.816
195432	40.74232	73.844863	127.234871	597.136329	4726.793	-569.507
195452	40.72464	73.813242	126.535059	581.16775	4494.519	-693.85
195512	40.708058	73.781486	123.617763	569.69356	4252.074	-779.291
195532	40.688411	73.756257	143.102072	563.944636	3975.14	-816.108
195552	40.663052	73.741397	166.161068	558.944153	3683.411	-821.503
195612	40.635221	73.73292	167.457885	553.414302	3422.246	-799.377
195632	40.609394	73.725068	169.384876	551.336825	3178.091	-734.166
195652	40.582057	73.723656	182.383154	537.168951	2939.728	-683.094
195712	40.554942	73.728305	189.059877	517.315425	2724.167	-632.37
195732	40.529764	73.733355	189.066609	518.932181	2496.552	-541.738
195752	40.50349	73.737925	187.281614	529.128308	2347.941	-314.941
195812	40.477012	73.743899	191.735803	528.846886	2328.165	-191.701
195832	40.455621	73.761002	222.946762	522.603788	2197.201	-605.947
195852	40.443669	73.791269	251.906498	518.437357	1947.725	-789.295
195912	40.43843	73.82507	259.953699	525.132213	1669.962	-753.241
195932	40.433317	73.858121	256.913759	516.333516	1442.323	-577.011
195952	40.429445	73.891308	266.330842	497.089273	1284.662	-445.803
200012	40.434559	73.922066	296.008758	476.326518	1157.117	-308.822
200032	40.448674	73.94748	311.738995	451.031824	1074.861	-250.673
200052	40.460661	73.969249	300.634608	432.66771	984.178	-285.952
200112	40.478495	73.98476	383.599988	412.755346	883.442	-164.886
200132	40.496574	73.984592	84.551131	394.660839	877.517	-91.745
200152	40.514318	73.972899	19.631843	389.207116	816.293	-172.927
200212	40.530719	73.9606	47.976186	365.12249	761.902	-213.432
200232	40.545164	73.949154	26.927636	340.56218	699.592	-231.328
200252	40.559264	73.937672	31.360816	333.28483	596.722	-234.174
200312	40.573925	73.925754	33.213008	331.672823	521.068	-137.2
200332	40.588632	73.913924	31.531888	335.253656	503.452	-55.668
200352	40.603054	73.902285	31.886194	342.421986	512.223	-34.062
200412	40.61751	73.890375	32.813927	342.977036	480.847	14.741
200432	40.631232	73.879681	30.564734	320.215581	483.191	-89.117
200452	40.643549	73.869888	32.637598	285.679058	485.863	-305.78
200512	40.654029	73.858863	47.890323	265.846065	384.905	-395.669
200532	40.661765	73.84618	67.170269	256.666335	242.124	-375.293
200552	40.665824	73.831539	80.213426	251.873645	130.737	-280.76
200612	40.666152	73.814651	95.210006	246.44776	55.324	-217.691
200632	40.66196	73.799312	118.048355	251.229468	2.735	-245.785
200652	40.655374	73.784883	120.788337	256.506803	0.366	13.845
