163346	33.9371	118.4073	263.0	327.0	53.0	0.0
163406	33.935239	118.426419	260.84077	320.446771	354.51	781.122
163426	33.929332	118.443391	234.739304	344.830497	533.876	406.614
163446	33.915167	118.459662	221.371215	384.798239	658.472	364.012
163506	33.8999	118.4761	222.0	435.0	762.0	360.0
163526	33.882933	118.494762	223.21109	476.380123	915.832	716.061
163546	33.864852	118.514981	223.933015	490.008574	1185.854	812.72
163606	33.847317	118.534743	224.023157	491.936488	1466.884	808.022
163626	33.830068	118.55524	223.969998	497.479874	1732.419	803.681
163646	33.808864	118.57433	209.626138	506.901468	1996.681	794.754
163706	33.783881	118.57728	169.562799	511.957968	2265.675	805.274
163726	33.7612	118.564422	149.073449	519.981892	2530.749	782.562
163746	33.73751	118.547758	151.712703	527.319363	2793.728	731.56
163806	33.714	118.5318	150.0	539.0	3033.0	567.0
163826	33.695659	118.511196	128.69359	572.415219	3136.474	306.195
163846	33.683625	118.475885	107.817998	625.780963	3241.787	311.767
163906	33.672905	118.43807	107.337849	661.917444	3343.683	306.431
163926	33.661281	118.401436	113.087017	693.635604	3441.512	262.273
163946	33.65035	118.361644	107.507476	729.714126	3527.461	255.609
164006	33.643975	118.315465	90.118992	764.751466	3601.574	323.92
164026	33.643573	118.270006	87.402369	790.325376	3709.375	389.411
164046	33.644773	118.222315	90.484857	806.08864	3859.504	465.675
164106	33.644601	118.171497	90.215238	814.479179	4043.644	545.278
164126	33.644382	118.12348	89.831787	820.42124	4236.368	555.416
164146	33.644399	118.075002	90.033967	828.382873	4417.26	526.962
164206	33.644328	118.023074	90.013553	838.20491	4583.207	517.485
164226	33.644218	117.974108	89.997139	842.837744	4755.475	523.05
164246	33.64422	117.925112	89.990685	846.276211	4938.312	524.756
164306	33.644197	117.872941	89.97451	853.301591	5113.332	488.465
164326	33.644111	117.823385	88.891219	859.757469	5246.96	391.815
164346	33.648891	117.772636	79.291524	870.377792	5373.941	420.84
164406	33.658397	117.71999	75.883077	878.775984	5524.169	445.689
164426	33.669037	117.667169	77.329006	883.385878	5674.361	426.414
164446	33.678861	117.615256	77.065616	887.298768	5809.05	400.985
164506	33.688467	117.564708	76.937009	893.017558	5941.724	361.662
164526	33.698268	117.51356	76.983362	901.057164	6056.662	323.113
164546	33.708367	117.460258	76.961927	910.557008	6150.672	305.152
164606	33.718645	117.40549	77.316421	919.802379	6252.893	315.461
164626	33.729055	117.351586	76.438069	927.419757	6364.42	332.952
164646	33.739243	117.298182	76.401367	933.931351	6475.767	327.493
164706	33.747786	117.241923	83.407088	941.55504	6579.704	284.388
164726	33.750611	117.189102	89.27245	947.724828	6670.981	259.171
164746	33.74918	117.136714	90.978133	952.505053	6755.99	266.828
164806	33.747685	117.076854	90.734985	957.843119	6845.983	290.651
164826	33.746656	117.015442	91.322785	962.859109	6948.865	316.815
164846	33.745362	116.958541	92.570907	966.17189	7061.594	324.36
164906	33.74562	116.897041	87.177696	968.674676	7163.125	281.59
164926	33.754175	116.843061	71.210291	969.303452	7249.978	241.006
164946	33.772789	116.792348	61.35666	973.452089	7322.906	238.686
165006	33.796683	116.738778	62.191445	980.392569	7397.845	262.917
165026	33.819846	116.686111	63.454818	982.791935	7500.669	293.955
165046	33.841718	116.634269	62.93937	981.940795	7612.452	313.543
165106	33.864417	116.581297	62.942948	982.16085	7707.18	310.615
165126	33.887502	116.527478	63.032654	980.926807	7813.732	290.665
165146	33.909858	116.475052	62.995647	980.122139	7914.692	272.364
165206	33.931094	116.425198	62.995904	982.370965	7987.127	275.242
165226	33.952998	116.37389	63.002344	983.033252	8084.279	299.879
165246	33.975989	116.32001	62.999687	981.837158	8200.593	310.442
165306	33.999309	116.265199	62.999706	981.61621	8298.586	279.082
165326	34.022213	116.211498	63.000168	983.335055	8382.523	253.437
165346	34.044652	116.158935	62.999978	985.139066	8463.349	251.943
165406	34.066798	116.106788	62.999979	985.083635	8548.891	263.115
165426	34.08829	116.055813	63.000012	985.130593	8638.979	272.175
165446	34.109915	116.004442	62.999999	984.838771	8730.724	284.899
165506	34.132625	115.950714	62.999999	982.841464	8825.487	304.084
165526	34.155645	115.896146	62.999998	980.659279	8934.956	292.116
165546	34.177966	115.843152	63.000002	980.078724	9034.313	252.763
165606	34.199392	115.792315	63.000009	981.960748	9099.087	218.938
165626	34.221566	115.739378	62.999966	985.070724	9168.537	212.506
165646	34.244276	115.685036	63.000027	987.138371	9246.081	222.245
165706	34.266423	115.632225	63.00013	987.028447	9316.333	230.279
165726	34.288349	115.57979	62.99953	987.368264	9394.638	253.128
165746	34.310155	115.527496	63.000374	986.642472	9486.447	275.856
165806	34.331975	115.475188	63.001809	982.997811	9583.714	272.609
165826	34.354693	115.420567	62.99346	981.481567	9671.058	253.803
165846	34.377428	115.365779	63.005216	982.056232	9749.77	233.294
165906	34.399	115.313791	63.025198	981.992762	9827.372	221.712
165926	34.420619	115.26161	62.908903	982.231458	9897.818	223.563
165946	34.442459	115.208819	63.073646	981.787776	9970.99	218.363
170006	34.464001	115.156682	63.801588	980.06311	10051.378	190.884
170026	34.485453	115.104609	64.106292	981.252738	10103.426	178.685
170046	34.507335	115.05139	63.985831	983.021632	10151.673	194.86
170106	34.5298	114.996721	63.986667	981.0383	10234.262	219.248
170126	34.551798	114.942989	64.007631	978.453029	10311.541	208.035
170146	34.573195	114.890572	63.998983	978.181068	10371.462	169.198
170206	34.594554	114.83827	63.999043	980.851681	10423.484	147.564
170226	34.616259	114.785142	64.000548	983.564809	10465.431	179.07
170246	34.638185	114.731314	63.999927	981.040321	10529.056	214.448
170306	34.659864	114.677835	63.999931	972.24853	10627.473	179.763
170326	34.680889	114.626071	64.000039	969.030674	10672.128	87.352
170346	34.702042	114.574004	63.999995	969.944419	10667.086	7.757
170406	34.72405	114.519607	63.999995	967.749479	10667.139	-2.797
170426	34.745587	114.466422	64.000003	966.597965	10668.497	1.696
170446	34.766819	114.413919	64.0	967.04955	10667.931	-0.215
170506	34.788303	114.360529	64.0	967.027737	10667.92	-0.151
170526	34.80864	114.310064	63.999998	967.055506	10668.102	-0.107
170546	34.828828	114.259904	64.000002	966.935276	10667.942	0.167
170606	34.850462	114.20582	64.000009	966.226318	10667.74	0.87
170626	34.872026	114.151863	63.999966	965.804002	10668.925	-3.845
170646	34.8929	114.09964	64.000027	966.085309	10667.256	-8.031
170706	34.91356	114.047838	64.00013	966.801722	10660.84	-2.934
170726	34.934777	113.994501	63.999531	967.147185	10662.502	5.156
170746	34.956037	113.941008	64.000375	966.94801	10668.551	7.708
170806	34.976666	113.889108	64.001984	966.781359	10668.606	2.023
170826	34.997796	113.835775	63.993843	967.769058	10667.645	-0.759
170846	35.019337	113.781297	64.003351	969.077463	10668.061	-0.027
170906	35.040431	113.72799	64.026739	969.14043	10668.313	-0.8
170926	35.061349	113.67494	63.914674	968.856677	10667.113	3.441
170946	35.082047	113.622294	64.046929	969.052839	10668.478	8.057
171006	35.102429	113.570463	64.766737	969.779605	10674.936	3.343
171026	35.123389	113.517032	65.1076	970.088417	10673.795	-4.823
171046	35.144839	113.462359	64.989946	969.998579	10667.622	-7.831
171106	35.165981	113.408616	64.984614	970.051083	10667.437	-2.236
171126	35.186658	113.355708	65.007725	969.797162	10668.23	1.228
171146	35.207529	113.301905	64.999278	970.114818	10668.007	-0.212
171206	35.228982	113.246591	64.998895	971.705336	10668.229	-1.085
171226	35.249222	113.194617	65.000555	971.535846	10667.156	3.585
171246	35.269301	113.142973	64.999948	969.858061	10668.473	8.043
171306	35.291081	113.086542	64.999921	969.089099	10674.925	3.316
171326	35.311612	113.033561	65.00004	968.960677	10673.816	-4.791
171346	35.331095	112.983333	64.999996	969.005884	10667.612	-7.843
171406	35.351794	112.929458	64.999994	969.028066	10667.336	-2.411
171426	35.37285	112.874714	65.000003	968.935772	10668.293	0.977
171446	35.393634	112.820814	65.0	969.017473	10667.986	-0.048
171506	35.414177	112.76731	65.0	969.302004	10667.953	-0.159
171526	35.434326	112.714718	65.0	967.996559	10668.02	0.074
171546	35.454192	112.662804	65.0	965.932103	10667.999	-0.005
171606	35.474267	112.610234	65.0	965.664065	10668.002	-0.03
171626	35.49534	112.55509	65.000001	966.487172	10667.987	0.058
171646	35.516525	112.49961	65.0	965.882487	10668.004	-0.015
171706	35.536366	112.447384	64.999998	962.646912	10668.072	-0.261
171726	35.556565	112.394045	65.000007	962.952923	10667.794	0.739
171746	35.577214	112.339526	64.999998	966.100339	10668.058	-0.209
171806	35.597096	112.287049	64.999967	966.320704	10669.01	-6.371
171826	35.617405	112.233132	65.000096	965.875329	10664.742	-6.999
171846	35.6384	112.1772	65.0	966.0	10660.0	0.0
171906	35.659187	112.122001	64.999494	965.880672	10664.84	6.763
171926	35.679443	112.068089	65.001094	966.337697	10668.827	6.982
171946	35.699398	112.014776	65.000334	967.000654	10668.004	0.4
172006	35.719498	111.961141	64.993268	966.60797	10668.886	-6.647
172026	35.739134	111.908579	65.015139	968.169578	10665.403	-6.865
172046	35.758601	111.856281	65.004648	971.841212	10660.025	-0.349
172106	35.779123	111.801275	64.901775	974.059708	10664.529	5.27
172126	35.799797	111.74575	65.2056	975.735963	10668.644	7.379
172146	35.819796	111.691765	65.881569	977.631222	10667.724	7.035
172206	35.839307	111.638971	66.099068	978.569944	10671.503	7.408
172226	35.859274	111.585003	65.987619	977.743307	10676.377	6.636
172246	35.880119	111.528739	65.98835	975.565122	10676.192	2.094
172306	35.900198	111.474234	66.006668	974.685014	10676.503	-3.923
172326	35.919911	111.420359	65.999111	975.05252	10675.441	-8.479
172346	35.940502	111.363973	65.999164	975.098607	10669.616	-9.057
172406	35.961268	111.307185	66.000479	974.757685	10667.133	-4.455
172426	35.981336	111.252381	65.999936	975.181973	10668.116	0.4
172446	36.000673	111.199547	65.99994	977.205381	10668.109	0.376
172506	36.020911	111.144149	66.000034	979.210645	10667.938	-0.214
172526	36.040982	111.089085	65.999995	980.023098	10668.008	0.028
172546	36.059487	111.038154	65.999996	979.864729	10668.009	0.024
172606	36.079085	110.984	66.000002	980.833492	10667.992	-0.003
172626	36.099791	110.926768	66.0	982.090404	10668.003	-0.008
172646	36.120027	110.87091	66.0	982.007604	10668.014	-0.045
172706	36.139875	110.815792	65.999998	982.36976	10667.95	0.169
172726	36.159682	110.760602	66.000002	983.05456	10668.04	-0.136
172746	36.179674	110.705048	66.000009	983.027064	10668.191	-0.656
172806	36.19975	110.649095	65.999967	983.076253	10667.309	3.021
172826	36.219665	110.593406	66.000027	982.916443	10668.559	8.702
172846	36.239314	110.538458	66.000128	982.133549	10674.267	9.745
172906	36.259081	110.483153	65.999537	982.140707	10677.376	1.684
172926	36.279121	110.426899	66.000372	981.812415	10675.461	-7.949
172946	36.299256	110.370104	66.002959	979.601383	10670.893	-9.028
173006	36.31899	110.314443	65.997911	977.811024	10667.654	-5.079
173026	36.338278	110.26016	65.992223	977.865373	10667.71	-0.985
173046	36.358078	110.204208	66.023161	977.989126	10668.144	0.442
173106	36.377819	110.148265	65.987477	978.04266	10667.987	-0.041
173126	36.396426	110.095652	65.900182	978.389523	10667.979	-0.063
173146	36.415082	110.042851	66.382452	976.533682	10668.011	0.031
173206	36.434843	109.986677	67.03752	975.065317	10667.999	-0.003
173226	36.455484	109.927683	67.057419	977.427689	10667.998	-0.002
173246	36.474528	109.873079	66.97117	977.258428	10668.003	-0.007
173306	36.49292	109.820416	67.002694	974.851332	10667.999	0.005
173326	36.512989	109.763179	67.004123	974.786569	10667.989	0.041
173346	36.532525	109.707261	66.99793	975.060316	10668.035	-0.131
173406	36.551174	109.65348	67.000194	975.019554	10667.981	0.072
173426	36.57028	109.598136	67.000297	975.226049	10667.848	0.574
173446	36.589968	109.541221	66.999848	974.041993	10668.486	-2.343
173506	36.609514	109.48476	67.000016	971.786896	10667.732	-8.694
173526	36.628271	109.430327	67.000038	969.895491	10662.848	-14.352
173546	36.647171	109.375308	66.999953	967.752775	10656.674	-13.398
173606	36.666353	109.319423	67.000011	965.94823	10652.925	-7.744
173626	36.685276	109.26428	67.00018	965.785893	10653.083	-3.125
173646	36.704297	109.208709	66.999493	966.278361	10652.001	5.578
173706	36.723232	109.153271	67.000143	967.054909	10653.315	14.209
173726	36.741654	109.099325	67.00308	968.59034	10663.448	12.375
173746	36.760529	109.043927	66.995325	970.880267	10667.781	3.567
173806	36.780207	108.986008	66.990498	973.826981	10661.608	-1.85
173826	36.799699	108.928571	67.031085	977.295744	10660.761	9.668
173846	36.818324	108.873532	66.975515	980.384379	10669.826	21.31
173906	36.836284	108.820185	66.841784	982.259174	10681.347	10.415
173926	36.855262	108.763753	67.33824	983.49757	10679.934	-7.748
173946	36.874947	108.705144	67.996959	982.217635	10668.402	-15.167
174006	36.893262	108.650353	67.443238	975.59512	10666.341	-4.685
174026	36.911572	108.59585	66.819733	970.319259	10669.127	-1.122
174046	36.930556	108.539516	66.977391	969.048388	10668.225	-12.427
174106	36.949173	108.483642	67.546563	967.699014	10660.859	-19.129
174126	36.967518	108.428339	68.012568	967.016704	10652.697	-12.25
174146	36.985956	108.372996	68.041152	968.294997	10650.799	7.495
174206	37.004525	108.317013	67.981016	969.649454	10658.278	19.12
174226	37.023	108.2611	68.0	972.0	10668.0	15.0
174246	37.041319	108.205923	68.003261	977.522736	10668.978	4.075
174306	37.06067	108.147661	67.99871	981.359291	10667.613	-1.393
174326	37.0804	108.088	68.0	982.0	10668.0	-0.0
174346	37.098572	108.032687	68.000234	982.20962	10668.07	0.253
174406	37.11665	107.977398	67.999907	981.400161	10667.972	-0.1
174426	37.1352	107.9207	68.0	980.0	10668.0	-0.0
174446	37.153322	107.865526	68.000017	979.78231	10668.005	0.017
174506	37.171333	107.810342	67.999993	980.242966	10667.997	-0.004
174526	37.19	107.7528	68.0	980.0	10668.0	0.0
174546	37.209571	107.692686	68.000002	978.372351	10668.006	-0.018
174606	37.22783	107.63646	67.999998	978.445811	10667.986	0.047
174626	37.2451	107.583	68.0	980.0	10668.0	-0.0
174646	37.263894	107.52484	68.000011	979.356537	10668.076	-0.264
174706	37.282903	107.465954	67.999973	976.072458	10667.807	0.669
174726	37.301	107.4098	68.0	972.0	10668.0	0.0
174746	37.318395	107.355781	68.000147	969.952494	10669.064	-6.055
174806	37.335966	107.301065	67.999628	970.716755	10665.015	-7.28
174826	37.3543	107.2438	68.0	972.0	10660.0	0.0
174846	37.37326	107.184477	68.002049	970.348747	10664.742	7.937
174906	37.391637	107.126823	67.994821	967.851001	10669.665	3.788
174926	37.409	107.0722	68.0	967.0	10668.0	-8.0
174946	37.426146	107.018244	68.028538	968.374405	10662.209	-9.944
175006	37.444485	106.960633	67.927873	969.086148	10659.338	-5.468
175026	37.4632	106.9018	68.0	969.0	10660.0	0.0
175046	37.480168	106.848081	68.69378	970.707733	10659.52	5.141
175106	37.497435	106.792935	69.106505	973.243954	10661.809	11.184
175126	37.5158	106.7343	69.0	974.0	10668.0	15.0
175146	37.533958	106.676878	68.980673	971.274595	10674.181	11.21
175206	37.551475	106.621282	69.007648	969.625508	10676.51	5.083
175226	37.5688	106.5657	69.0	970.0	10676.0	0.0
175246	37.586723	106.507981	68.998604	969.321784	10676.49	-5.16
175306	37.604846	106.449803	69.000571	969.066793	10674.238	-10.979
175326	37.622717	106.392538	69.000031	969.948105	10668.324	-14.947
175346	37.640223	106.336098	68.999891	971.063389	10662.362	-12.462
175406	37.657657	106.279641	69.000038	973.046256	10658.866	-2.958
175426	37.67495	106.223469	69.000002	974.963591	10659.805	7.653
175446	37.691835	106.16836	68.999992	974.529703	10665.389	9.892
175506	37.709575	106.110399	69.000003	973.888708	10668.75	5.592
175526	37.727912	106.050504	69.0	974.904542	10668.034	0.196
175546	37.745041	105.994471	68.999996	977.148707	10668.071	-1.355
175606	37.762319	105.938097	69.000009	978.12266	10667.536	2.214
175626	37.780128	105.880051	69.000003	977.969965	10667.843	7.791
175646	37.797127	105.824271	68.999947	979.37312	10673.244	9.43
175706	37.81415	105.768116	69.00012	979.911534	10676.819	5.691
175726	37.831897	105.709483	69.000037	978.126112	10676.043	0.183
175746	37.850017	105.649508	68.999256	975.400128	10675.931	-0.923
175806	37.86757	105.590811	69.001673	973.088817	10675.832	0.958
175826	37.884455	105.534205	69.000514	972.015971	10675.934	0.242
175846	37.901597	105.477817	68.989642	972.092151	10677.397	-8.502
175906	37.919397	105.419	69.023493	971.622526	10672.416	-19.872
175926	37.937267	105.359114	69.013725	971.764412	10661.034	-23.532
175946	37.954072	105.302824	68.855377	975.810878	10653.859	-10.913
180006	37.970752	105.246973	69.306216	978.390798	10653.846	6.31
180026	37.987891	105.189282	70.000665	977.939365	10659.308	14.873
180046	38.004844	105.131741	69.360126	980.17765	10665.896	11.243
180106	38.021827	105.074267	69.106752	982.770808	10668.007	7.406
180126	38.038988	105.016485	69.937222	983.07083	10667.693	8.102
180146	38.05603	104.958655	70.114392	982.100225	10673.674	4.149
180206	38.072977	104.900919	69.964018	982.492367	10674.959	-2.744
180226	38.089988	104.843024	69.995406	984.773734	10668.471	-6.94
180246	38.107181	104.784497	70.009623	986.488791	10667.22	-4.307
180306	38.124314	104.726022	69.99777	987.062769	10667.899	1.909
180326	38.141292	104.66788	69.99931	986.994209	10667.548	7.247
180346	38.158427	104.609127	70.000667	987.159382	10672.217	9.419
180406	38.175674	104.549745	69.999835	986.712532	10676.754	6.513
180426	38.192956	104.489941	69.999936	985.297861	10676.328	0.804
180446	38.210375	104.42966	70.00005	984.609392	10675.563	0.023
180506	38.227529	104.370228	69.999989	985.299159	10676.32	-0.84
180526	38.244163	104.312402	69.999994	986.737543	10676.639	-6.707
180546	38.260782	104.254538	70.000013	987.258479	10671.985	-9.656
180606	38.27764	104.195837	69.999988	986.870265	10667.384	-6.766
180626	38.294604	104.136683	69.999974	986.77757	10667.724	-0.993
180646	38.311243	104.07831	70.00013	988.37438	10668.227	0.794
180706	38.328004	104.019324	69.999873	990.268105	10667.963	-0.135
180726	38.345253	103.958642	69.999593	990.378377	10667.98	-0.096
180746	38.362185	103.898862	70.001682	988.542932	10668.001	0.107
180806	38.378529	103.841104	69.998252	986.811128	10668.013	-0.064
180826	38.394666	103.784168	69.994349	986.869406	10668.049	-0.182
180846	38.411392	103.724767	70.023426	987.132072	10667.791	0.733
180906	38.428365	103.664185	69.975657	986.930359	10668.218	-0.777
180926	38.444853	103.605309	69.921297	986.809307	10668.707	-6.545
180946	38.460909	103.547965	70.427918	988.066078	10664.257	-9.398
181006	38.477233	103.489562	71.100062	990.538339	10659.532	-7.25
181026	38.494118	103.428997	71.151807	992.740885	10659.859	-1.91
181046	38.510417	103.370407	70.415422	992.77258	10659.412	4.407
181106	38.526906	103.311026	70.040917	993.446681	10660.824	8.449
181126	38.544259	103.248419	70.796007	997.067084	10666.796	8.418
181146	38.560459	103.189793	71.130212	998.98501	10668.271	7.146
181206	38.576553	103.131293	70.977367	998.986621	10668.472	8.759
181226	38.59384	103.068271	70.983269	999.025948	10673.782	13.853
181246	38.609933	103.009582	71.009527	998.770752	10679.521	14.563
181306	38.625804	102.951513	70.99873	997.798653	10683.502	6.066
181326	38.643186	102.88758	70.998805	996.346642	10684.446	-9.796
181346	38.659337	102.828106	71.000684	995.732182	10677.273	-21.737
181406	38.674663	102.771707	70.999909	994.698894	10666.636	-22.181
181426	38.690931	102.711816	70.999915	991.872761	10660.858	-11.851
181446	38.70682	102.653074	71.000047	990.126021	10659.567	-2.964
181506	38.722496	102.594768	70.999995	990.035867	10660.058	0.2
181526	38.738843	102.533763	71.000003	990.16645	10660.055	0.186
181546	38.755176	102.472954	70.99997	989.159147	10659.965	-0.095
181606	38.771185	102.413419	71.000026	986.499249	10660.007	0.004
181626	38.787035	102.354199	71.000129	983.414286	10660.018	-0.037
181646	38.803007	102.294071	70.999531	983.655183	10659.945	0.174
181706	38.819119	102.233292	71.000374	985.027623	10660.042	-0.144
181726	38.835158	102.173019	71.001809	983.654223	10660.202	-0.698
181746	38.850841	102.114042	70.99346	982.208005	10659.27	3.179
181806	38.866052	102.056568	71.005216	982.047471	10660.59	8.576
181826	38.881044	101.999596	71.025198	982.282617	10666.417	9.137
181846	38.896624	101.940255	70.908903	980.613554	10668.836	4.451
181906	38.91258	101.87942	71.073646	977.551974	10667.898	-0.432
181926	38.928169	101.819796	71.801588	975.324829	10667.948	-0.56
181946	38.943276	101.761548	72.106292	975.050237	10667.862	0.901
182006	38.958679	101.702028	71.985831	974.82117	10668.151	-0.586
182026	38.974852	101.639885	71.986667	972.692654	10668.759	-6.288
182046	38.990277	101.580674	72.007631	971.406954	10664.581	-9.383
182106	39.005159	101.523253	71.998983	972.254399	10659.618	-7.444
182126	39.020593	101.463356	71.999043	974.393443	10659.803	-2.181
182146	39.03637	101.402279	72.000548	975.487125	10659.5	3.967
182206	39.051881	101.342248	71.999927	974.806416	10660.559	8.473
182226	39.066795	101.284098	71.999931	973.771924	10666.383	9.048
182246	39.081766	101.225312	72.00004	975.648494	10668.869	4.469
182306	39.096715	101.166354	71.999994	978.184401	10667.882	-0.409
182326	39.111363	101.108507	71.999992	978.015079	10667.875	-0.441
182346	39.126423	101.049211	72.000011	978.715508	10668.059	0.23
182406	39.141959	100.988048	71.999995	980.048618	10667.996	-0.027
182426	39.157435	100.926749	71.999964	979.832745	10668.006	-0.082
182446	39.172412	100.867003	72.000113	981.079972	10667.955	0.178
182506	39.187069	100.808443	71.999938	983.119399	10668.026	-0.09
182526	39.201898	100.749421	71.999508	983.18694	10668.214	-0.71
182546	39.216966	100.689243	72.001593	982.891584	10667.306	2.758
182606	39.232049	100.62858	71.999584	983.007851	10668.181	8.199
182626	39.246913	100.568436	71.99285	983.071941	10673.862	9.303
182646	39.261833	100.507882	72.020237	982.782257	10676.835	5.103
182706	39.27696	100.446854	71.99429	981.942819	10675.964	-0.17
182726	39.292084	100.386382	71.900668	980.597688	10675.974	-0.86
182746	39.306531	100.327308	72.329997	979.369831	10675.738	1.296
182806	39.3206	100.2689	73.0	978.0	10676.0	0.0
182826	39.335262	100.209295	73.068995	975.884152	10677.615	-9.823
182846	39.350398	100.147573	72.972624	974.538627	10671.312	-18.186
182906	39.3653	100.0862	73.0	975.0	10660.0	-15.0
182926	39.379395	100.028589	73.005579	976.93024	10657.604	0.568
182946	39.393817	99.96954	72.997881	978.620383	10663.086	7.804
183006	39.408964	99.90692	72.999506	979.71618	10668.117	1.352
183026	39.423988	99.844326	73.000473	981.535156	10663.365	-2.147
183046	39.438678	99.783454	72.999886	983.540624	10660.51	1.893
183106	39.453131	99.723995	72.999965	984.832368	10666.943	7.744
183126	39.467459	99.664071	73.000034	985.632438	10668.93	4.662
183146	39.482016	99.602725	72.999992	988.05116	10667.881	-1.294
183206	39.496854	99.540407	72.999997	992.302266	10668.122	-0.95
183226	39.51139	99.478967	73.000003	994.589792	10666.917	5.481
183246	39.525492	99.419111	72.999998	995.079772	10669.792	7.143
183306	39.539399	99.360027	72.999998	995.081986	10676.007	-3.224
183326	39.553545	99.299584	73.00001	994.672698	10669.951	-18.345
183346	39.568014	99.237943	72.99999	995.314929	10658.013	-21.824
183406	39.582631	99.176242	72.999968	997.516451	10653.039	-5.784
183426	39.597106	99.11495	73.000133	998.075236	10655.052	10.626
183446	39.611323	99.054033	72.999862	995.07968	10661.489	14.425
183506	39.625373	98.993089	72.999554	988.965831	10667.54	4.188
183526	39.63955	98.931462	73.00185	982.945405	10665.574	-9.011
183546	39.65402	98.868769	72.998078	979.655697	10658.684	-15.34
183606	39.668607	98.805702	72.993785	979.709183	10653.863	-10.783
183626	39.682683	98.744569	73.025765	980.707697	10652.074	-0.416
183646	39.696623	98.68394	72.973227	982.481704	10653.58	9.734
183706	39.710825	98.622244	72.913441	985.794727	10658.2	14.84
183726	39.72448	98.56227	73.460488	989.951099	10664.391	12.854
183746	39.738232	98.501508	74.066218	993.612906	10668.398	6.707
183806	39.752721	98.437686	74.042384	994.160991	10668.221	1.143
183826	39.766622	98.376162	73.970538	987.78741	10667.997	-1.277
183846	39.780157	98.315943	74.003796	981.613477	10667.889	0.563
183906	39.794019	98.254257	74.003572	982.219083	10667.378	5.94
183926	39.807436	98.194611	73.997955	979.102618	10670.965	10.812
183946	39.820596	98.13585	74.000273	974.783167	10676.739	6.268
184006	39.834084	98.075189	74.000257	976.879629	10677.919	-10.206
184026	39.847456	98.015245	73.999851	979.209955	10668.978	-18.585
184046	39.860692	97.95595	74.000022	980.172856	10659.226	-13.712
184106	39.874209	97.894942	74.000028	981.594756	10659.433	-3.327
184126	39.888422	97.830566	73.999955	982.417234	10659.704	4.34
184146	39.902567	97.766266	74.000018	983.115881	10660.347	7.112
184206	39.915737	97.706007	74.00015	984.577698	10666.093	7.149
184226	39.928919	97.645511	73.999586	985.021588	10668.236	7.105
184246	39.9425	97.5833	74.0	985.0	10668.0	8.0
184306	39.956077	97.521302	74.002047	986.443475	10673.463	8.746
184326	39.969463	97.459793	73.99484	987.003975	10676.768	6.004
184346	39.9827	97.3984	74.0	987.0	10676.0	-0.0
184406	39.995989	97.336586	74.028422	989.069182	10676.613	-5.633
184426	40.00946	97.274041	73.928166	990.262981	10673.802	-9.861
184446	40.0228	97.2121	74.0	990.0	10668.0	-8.0
184506	40.035552	97.152494	74.692159	990.636185	10666.381	3.657
184526	40.048363	97.092332	75.110823	991.122339	10671.132	8.263
184546	40.061537	97.030323	75.005971	991.00355	10675.993	0.51
184606	40.074797	96.967738	74.978846	991.049111	10671.534	-7.866
184626	40.088081	96.904887	75.007458	990.840762	10666.451	-4.309
184646	40.10134	96.842033	75.000429	990.948847	10667.78	7.577
184706	40.114489	96.779585	74.998481	992.548443	10673.486	10.111
184726	40.127605	96.7172	75.000535	992.618476	10676.692	5.624
184746	40.140743	96.654452	75.000031	991.040833	10676.023	0.231
184806	40.153803	96.591566	74.999891	990.864245	10676.251	-4.171
184826	40.166373	96.530944	75.000038	988.160895	10674.94	-12.665
184846	40.178731	96.471419	75.000004	983.311074	10668.919	-22.479
184906	40.191813	96.408228	75.000002	982.426197	10658.259	-21.568
184926	40.205284	96.343034	74.999981	983.196669	10651.308	-8.59
184946	40.218267	96.279929	74.999986	983.035208	10652.572	7.003
185006	40.230145	96.221556	75.000148	982.603461	10657.672	10.344
185026	40.242329	96.161599	74.999704	981.316232	10660.496	6.036
185046	40.255397	96.097503	74.999807	978.396613	10660.004	0.593
185106	40.268115	96.034802	75.00207	974.030253	10660.63	-5.332
185126	40.280119	95.975252	74.995877	971.388502	10658.379	-8.96
185146	40.291892	95.916702	74.997306	971.863451	10653.314	-8.298
185206	40.304299	95.855153	75.028831	973.340077	10652.611	-3.773
185226	40.316691	95.79354	74.942578	974.182049	10652.755	2.61
185246	40.328937	95.732402	74.962478	974.032439	10652.74	7.713
185306	40.341875	95.667834	75.617569	973.834831	10657.509	8.574
185326	40.354309	95.605324	76.099775	974.284929	10660.254	7.712
185346	40.36608	95.54567	76.012495	974.98062	10659.79	7.896
185406	40.378735	95.481888	75.977137	974.80356	10664.767	8.931
185426	40.39084	95.420613	76.007165	975.586802	10668.87	6.056
185446	40.4022	95.362453	76.000898	977.799058	10668.12	0.331
185506	40.41491	95.297386	75.99835	978.871009	10667.659	-0.217
185526	40.427414	95.233527	76.000532	976.559128	10668.355	-0.852
185546	40.438794	95.175207	76.0001	970.950612	10668.285	-6.726
185606	40.450433	95.114787	75.999875	964.895159	10664.518	-14.953
185626	40.46239	95.052507	76.000033	961.055657	10657.122	-11.422
185646	40.474319	94.99063	76.000005	960.762084	10652.572	5.641
185706	40.48613	94.92938	76.000005	963.610742	10661.206	15.783
185726	40.497733	94.868951	75.999978	969.284761	10669.586	12.202
185746	40.509261	94.808699	75.999968	976.578022	10668.445	1.487
185806	40.521115	94.746943	76.000196	982.803167	10667.533	-1.434
185826	40.533073	94.684033	75.999764	985.030924	10668.111	0.231
185846	40.544918	94.620781	75.999472	982.773682	10668.085	-0.02
185906	40.556918	94.557188	76.002624	979.984744	10667.745	0.655
185926	40.568708	94.494536	75.997429	977.467628	10668.222	-0.751
185946	40.580059	94.433356	75.991754	974.736836	10668.699	-6.492
190006	40.591714	94.371268	76.03413	972.654968	10664.308	-9.59
190026	40.603393	94.309095	75.964544	972.014212	10659.476	-7.054
190046	40.614677	94.24796	75.885371	972.239461	10659.678	-1.278
190106	40.626281	94.185257	76.576856	970.537341	10660.164	0.979
190126	40.638021	94.121794	76.942946	968.915287	10660.023	-0.348
190146	40.649388	94.059754	76.143048	969.74926	10660.194	-0.871
190206	40.660528	93.999074	76.29287	969.779191	10659.232	3.426
190226	40.671684	93.938015	77.070008	968.911919	10660.629	8.425
190246	40.682919	93.875634	77.065877	968.877569	10666.613	8.444
190306	40.693874	93.81508	76.962295	969.219524	10668.123	7.581
190326	40.704612	93.755873	77.005026	968.849809	10668.475	8.186
190346	40.715545	93.695086	77.00473	966.958782	10674.305	8.785
190406	40.72704	93.631321	76.997293	964.025296	10676.916	4.597
190426	40.738457	93.567972	77.000361	961.808405	10675.875	-0.408
190446	40.749189	93.507842	77.000339	961.287638	10675.868	-0.333
190506	40.76035	93.445003	76.999806	959.841914	10676.131	0.0
190526	40.771648	93.381162	77.000025	957.744864	10675.939	0.15
190546	40.782198	93.321203	77.000022	956.485152	10675.741	0.844
190606	40.792512	93.262505	76.999995	954.775463	10676.913	-3.789
190626	40.803127	93.202017	76.999995	952.72169	10675.267	-8.071
190646	40.814066	93.139484	76.999968	950.868711	10668.896	-3.122
190706	40.824478	93.079816	77.000119	947.880267	10670.298	5.832
190726	40.834795	93.02052	76.999904	944.580965	10676.715	7.161
190746	40.845704	92.957568	76.999492	942.16774	10677.47	-4.103
190806	40.856178	92.896836	77.001577	938.693982	10672.452	-9.85
190826	40.866212	92.838278	76.999142	934.647298	10667.828	-7.804
190846	40.876521	92.777815	76.99315	932.283843	10668.378	-7.516
190906	40.886964	92.716602	77.021859	932.254938	10665.163	-8.854
190926	40.897205	92.65673	76.988054	933.029778	10659.673	-7.589
190946	40.907152	92.598528	76.904607	932.892523	10659.45	-1.662
191006	40.917447	92.537704	77.367078	933.688232	10660.443	0.251
191026	40.927802	92.476114	78.019054	935.040885	10659.939	0.126
191046	40.937602	92.417875	78.062061	935.143457	10659.128	5.488
191106	40.947841	92.35682	77.972408	934.905933	10662.766	9.565
191126	40.958081	92.295404	78.001368	935.013021	10668.16	7.772
191146	40.967232	92.240201	78.004458	935.185748	10668.537	1.936
191206	40.977195	92.179977	77.998013	934.396991	10667.712	-0.599
191226	40.987807	92.115835	78.0001	932.935143	10668.028	-0.016
191246	40.997399	92.057676	78.000359	932.089558	10668.343	-0.899
191306	41.007268	91.99706	77.999859	932.099318	10667.248	2.79
191326	41.0176	91.9334	78.0	932.0	10668.0	8.0
191346	41.027228	91.874877	78.000026	930.624536	10674.406	4.115
191406	41.03661	91.817378	77.999988	929.773517	10674.401	-4.11
191426	41.0462	91.7579	78.0	930.0	10668.0	-8.0
191446	41.055985	91.697563	78.000012	930.095984	10667.269	-2.83
191506	41.065803	91.636724	77.999973	929.841035	10668.289	1.002
191526	41.0756	91.5754	78.0	930.0	10668.0	-0.0
191546	41.085329	91.51421	78.000147	931.385903	10667.947	-0.181
191606	41.09447	91.456341	77.999628	932.223201	10668.022	0.068
191626	41.1034	91.3996	78.0	932.0	10668.0	0.0
191646	41.113085	91.338253	78.002049	931.89925	10667.991	0.006
191706	41.122798	91.276297	77.994821	932.209706	10668.016	-0.044
191726	41.1322	91.216	78.0	933.0	10668.0	0.0
191746	41.141662	91.155734	78.028538	934.277672	10667.922	0.267
191806	41.151115	91.095228	77.927873	935.712689	10668.196	-0.678
191826	41.1605	91.0349	78.0	937.0	10668.0	0.0
191846	41.16986	90.975112	78.69378	937.877047	10666.921	6.109
191906	41.179102	90.914791	79.106505	937.879047	10671.024	7.143
191926	41.1884	90.8531	79.0	938.0	10676.0	0.0
191946	41.197994	90.790491	78.980674	939.889871	10671.042	-7.187
192006	41.207234	90.729962	79.007647	941.853235	10666.881	-5.98
192026	41.2162	90.6705	79.0	943.0	10668.0	0.0
192046	41.225601	90.608366	78.998612	944.136703	10668.408	-0.054
192106	41.23488	90.547222	79.000549	946.140314	10667.388	1.88
192126	41.244	90.4867	79.0	948.0	10668.0	8.0
192146	41.253489	90.422815	78.9999	947.949904	10673.332	10.283
192206	41.262769	90.360525	79.00004	948.592643	10677.434	2.972
192226	41.2717	90.3007	79.0	950.0	10676.0	-8.0
192246	41.280714	90.2393	78.99999	949.865651	10670.239	-9.764
192306	41.289632	90.178053	79.00001	950.786323	10667.352	-5.609
192326	41.2986	90.1167	79.0	953.0	10668.0	0.0
192346	41.307947	90.053156	78.99996	953.909956	10667.353	5.607
192406	41.316824	89.991774	79.0001	954.045511	10670.238	9.768
192426	41.3253	89.9324	79.0	954.0	10676.0	8.0
192446	41.334312	89.870298	78.999451	953.836697	10677.439	-2.991
192506	41.34343	89.806917	79.001388	954.480457	10673.318	-10.235
192526	41.3524	89.7435	79.0	956.0	10668.0	-8.0
192546	41.361414	89.679782	78.992353	957.47047	10667.464	-2.145
192606	41.370343	89.616712	79.019326	958.310521	10668.215	0.723
192626	41.3792	89.5545	79.0	958.0	10668.0	-0.0
192646	41.388115	89.492492	78.893495	956.527662	10667.945	-0.077
192706	41.396785	89.430798	79.30622	955.940907	10668.056	-0.09
192726	41.4053	89.3687	80.0	956.0	10668.0	-0.0
192746	41.414053	89.305319	80.072127	954.361245	10667.77	0.777
192806	41.422649	89.243075	79.971462	951.528844	10668.575	-2.282
192826	41.4311	89.1815	80.0	950.0	10668.0	-8.0
192846	41.439799	89.117964	80.005178	951.937176	10662.466	-9.483
192906	41.448275	89.055899	79.997953	953.351804	10659.106	-5.187
192926	41.4565	88.9954	80.0	953.0	10660.0	0.0
192946	41.464939	88.933043	80.000371	953.368844	10660.402	-0.238
193006	41.473372	88.870762	79.999946	954.666658	10659.44	1.812
193026	41.481684	88.809022	80.000019	955.96246	10659.844	7.765
193046	41.490026	88.745907	79.99945	956.14032	10665.077	9.639
193106	41.498282	88.68351	80.001103	955.963153	10668.759	5.894
193126	41.506473	88.622362	80.000722	955.999427	10668.095	0.345
193146	41.514815	88.560055	79.992275	955.956691	10667.826	-0.628
193206	41.523068	88.497661	80.015386	956.103367	10668.054	0.197
193226	41.531181	88.435652	80.010054	956.069233	10668.007	0.025
193246	41.539432	88.372639	79.892397	954.823507	10667.988	-0.045
193306	41.54744	88.310043	80.233269	953.684878	10668.004	0.014
193326	41.555046	88.247984	80.953075	953.899611	10668.0	0.002
193346	41.562599	88.184304	81.085283	955.284407	10667.999	-0.003
193406	41.570066	88.12057	80.973345	956.178254	10668.0	0.001
193426	41.577375	88.058184	80.996704	956.01865	10668.0	0.0
193446	41.584615	87.996412	81.005571	956.006187	10668.0	-0.0
193506	41.591962	87.933476	80.999185	955.916454	10668.0	-0.0
193526	41.59937	87.869614	81.000481	955.938383	10668.0	-0.0
193546	41.606575	87.807206	80.992714	957.106214	10668.0	0.001
193606	41.613836	87.744017	81.015248	958.470171	10668.001	-0.002
193626	41.621261	87.679406	81.010037	959.001969	10668.0	-0.001
193646	41.628554	87.616384	80.892431	958.784804	10667.995	0.016
193706	41.635573	87.555144	81.233254	959.53261	10668.009	-0.031
193726	41.642574	87.492966	81.95307	960.955843	10668.006	-0.02
193746	41.649999	87.426783	82.085326	960.625041	10667.937	0.218
193806	41.656953	87.364434	81.973265	962.132739	10668.125	-0.435
193826	41.663497	87.305105	81.996652	965.772128	10668.082	-0.284
193846	41.671013	87.236492	82.006126	966.293769	10667.123	4.767
193906	41.678222	87.170409	81.99808	966.170776	10669.899	9.143
193926	41.684636	87.111568	81.99976	966.984909	10675.646	8.325
193946	41.691635	87.047699	82.00044	966.37573	10676.452	3.675
194006	41.698615	86.983489	81.999862	966.128637	10676.245	-2.484
194026	41.705225	86.92189	81.999983	966.956746	10676.273	-7.637
194046	41.71218	86.857209	82.000032	966.894456	10671.109	-9.376
194106	41.719149	86.792169	81.99999	967.443779	10667.185	-5.969
194126	41.725918	86.728438	81.999999	968.910572	10667.897	-0.353
194146	41.732807	86.663341	82.000002	969.082658	10668.195	0.618
194206	41.739559	86.599397	81.999999	969.154781	10667.925	-0.147
194226	41.746133	86.536626	82.0	969.931416	10667.982	0.011
194246	41.752898	86.471023	82.0	970.254762	10668.127	-0.343
194306	41.75947	86.407215	82.0	969.581524	10667.77	0.761
194326	41.765762	86.346309	82.0	966.540213	10667.852	0.505
194346	41.772338	86.282341	82.0	959.692006	10669.577	-8.661
194406	41.779359	86.216931	82.000001	954.647893	10664.576	-17.691
194426	41.786507	86.153378	82.0	953.186239	10653.753	-15.967
194446	41.793218	86.092749	81.999996	950.185319	10651.197	-1.345
194506	41.799927	86.0316	82.000007	946.814018	10654.575	12.097
194526	41.806822	85.968662	82.000005	945.078101	10659.422	15.126
194546	41.813459	85.90658	81.999949	944.878458	10665.441	11.65
194606	41.820067	85.843636	82.000101	944.998135	10668.649	5.372
194626	41.826824	85.779216	82.000066	944.974726	10668.086	0.263
194646	41.833536	85.715784	81.999294	945.537092	10667.788	-0.286
194706	41.84011	85.653696	82.001406	946.280469	10668.177	-0.296
194726	41.846558	85.59225	82.000919	947.730134	10668.091	-0.279
194746	41.852987	85.530318	81.990167	951.24883	10667.073	4.892
194806	41.859548	85.466453	82.019585	953.443987	10669.98	8.832
194826	41.866153	85.401987	82.012798	953.851589	10675.697	8.116
194846	41.872501	85.340484	81.863038	956.53853	10675.91	7.66
194906	41.878888	85.277555	82.291742	958.232232	10677.457	8.366
194926	41.885448	85.2114	82.991284	957.937889	10682.669	8.209
194946	41.891867	85.14657	82.460365	959.762588	10683.383	4.103
195006	41.898039	85.084502	81.888206	961.323111	10683.321	-3.05
195026	41.904089	85.023742	81.993773	961.037673	10683.317	-7.979
195046	41.910292	84.961203	81.926073	960.961704	10677.875	-4.046
195106	41.916664	84.896748	82.214438	960.949512	10677.108	1.929
195126	41.923055	84.831477	82.92815	960.934662	10682.63	1.067
195146	41.929256	84.766765	83.086683	961.691861	10680.577	-9.452
195206	41.935313	84.704041	82.979883	961.890404	10673.539	-15.349
195226	41.941379	84.642197	82.99976	961.80212	10668.408	-9.216
195246	41.947575	84.577288	82.969852	964.335289	10667.498	-2.385
195306	41.953736	84.511186	83.062103	966.303699	10668.139	0.48
195326	41.959716	84.447124	83.067515	965.995016	10668.029	0.099
195346	41.965539	84.385984	82.491242	966.532668	10667.964	-0.124
195406	41.971097	84.323349	83.953071	964.834236	10668.01	0.034
195426	41.975326	84.25789	87.590445	959.729104	10668.002	0.006
195446	41.976537	84.194077	88.962984	956.2566	10667.999	-0.003
195506	41.977025	84.127194	89.034528	956.331598	10667.999	0.009
195526	41.97771	84.059704	88.999891	957.852732	10667.999	0.003
195546	41.978204	83.997496	89.031926	958.097577	10668.006	-0.02
195606	41.978694	83.935484	88.934771	958.134698	10667.99	0.034
195626	41.979295	83.870332	88.909863	958.888426	10667.987	0.046
195646	41.979734	83.80666	89.672619	959.095493	10668.076	-0.263
195706	41.980133	83.742143	89.879332	958.991572	10667.886	0.396
195726	41.980612	83.675403	89.062876	959.019356	10667.82	0.623
195746	41.980992	83.61151	89.417557	958.847348	10669.054	-4.864
195806	41.981285	83.548863	90.115976	959.264245	10666.345	-7.8
195826	41.981552	83.485181	90.035871	961.333102	10660.289	-1.703
195846	41.98177	83.422144	89.96548	965.003527	10663.547	6.117
195906	41.981952	83.358093	90.008326	965.403865	10668.876	7.146
195926	41.982086	83.291754	90.002574	962.159336	10668.268	0.972
195946	41.982107	83.225283	89.997532	964.258921	10667.759	-0.973
200006	41.982107	83.160348	90.000582	967.50186	10668.032	0.321
200026	41.98218	83.096713	90.000161	967.099975	10667.971	0.228
200046	41.98228	83.03203	89.999965	967.544335	10668.263	-1.007
200106	41.982282	82.967342	89.999827	969.798183	10667.577	1.501
200126	41.982141	82.903838	89.999608	971.903391	10667.198	7.409
200146	41.981992	82.840172	90.001928	971.021832	10672.818	5.775
200206	41.98187	82.77467	89.997536	970.060232	10675.553	-2.111
200226	41.98174	82.708085	89.99445	971.632973	10669.336	-7.9
200246	41.981558	82.645017	90.026923	972.332631	10666.981	-4.533
200306	41.981348	82.582239	89.965664	971.864982	10668.21	0.727
200326	41.981091	82.515834	89.922691	971.796788	10668.094	0.321
200346	41.980652	82.448777	90.5	973.259999	10667.923	-0.24
200406	41.980205	82.383558	91.077309	975.572658	10668.02	0.035
200426	41.979887	82.319994	91.034337	977.582244	10668.018	-0.015
200446	41.979476	82.254511	90.973076	979.057355	10667.941	0.167
200506	41.978972	82.18758	91.005551	980.328156	10668.069	-0.233
200526	41.978443	82.121227	91.002465	981.678698	10668.154	-0.531
200546	41.977842	82.055884	90.998067	982.792971	10667.253	3.583
200606	41.977268	81.990775	91.000399	982.873383	10668.989	9.148
200626	41.976751	81.925037	91.000177	982.067672	10674.772	9.467
200646	41.976064	81.85869	90.999861	982.419233	10677.608	-0.0
200706	41.975328	81.792025	91.000029	983.056613	10674.772	-9.467
200726	41.974674	81.725465	91.000013	982.94463	10668.989	-9.148
200746	41.973916	81.659483	90.999987	983.701294	10667.254	-3.585
200806	41.9731	81.594269	91.000005	985.507157	10668.154	0.533
200826	41.972309	81.529465	91.000009	986.985851	10668.068	0.237
200846	41.971426	81.46397	90.999962	986.023878	10667.946	-0.186
200906	41.970451	81.396824	91.000048	984.978775	10668.011	0.038
200926	41.969448	81.329545	91.000107	986.422094	10668.005	0.017
200946	41.968465	81.266973	90.999482	988.757993	10667.996	-0.013
201006	41.967429	81.203438	91.000661	990.186435	10668.001	0.003
201026	41.966288	81.134147	91.001487	990.099395	10668.0	0.001
201046	41.965151	81.066274	90.992786	989.838021	10668.0	-0.001
201106	41.96401	81.001653	91.0092	990.145204	10668.0	0.0
201126	41.96281	80.937292	91.020715	990.872207	10668.0	0.0
201146	41.961554	80.868707	90.899519	991.099299	10668.0	0.0
201206	41.960284	80.800623	91.132775	990.976054	10668.0	-0.0
201226	41.95902	80.736934	91.867225	990.981873	10668.0	-0.0
201246	41.957718	80.671348	92.100481	991.052163	10668.0	0.001
201306	41.956352	80.604532	91.979285	990.940848	10668.0	-0.002
201326	41.95489	80.538089	91.9908	990.869389	10668.001	-0.004
201346	41.95328	80.468365	92.007214	991.880982	10667.995	0.018
201406	41.95174	80.401057	91.998513	993.316193	10668.007	-0.023
201426	41.950365	80.33936	91.999339	994.569205	10668.015	-0.052
201446	41.948791	80.273105	92.000519	996.656585	10667.927	0.253
201506	41.947073	80.204369	91.999892	998.194188	10668.093	-0.323
201526	41.945408	80.13847	91.999951	998.641148	10668.21	-0.727
201546	41.94378	80.073171	92.000047	1001.061205	10666.982	4.526
201606	41.942047	80.006213	91.99998	1003.263548	10669.335	7.911
201626	41.940165	79.937319	91.999968	1003.04576	10675.552	2.135
201646	41.938353	79.869031	92.000141	1003.450287	10672.823	-5.891
201706	41.936531	79.802573	91.999822	1004.027889	10667.191	-7.26
201726	41.934587	79.737375	91.999601	1003.883749	10667.595	-1.049
201746	41.932658	79.671244	92.001933	1004.992816	10668.546	0.0
201806	41.9307	79.603546	91.997535	1006.131523	10667.595	1.049
201826	41.92863	79.535164	91.994449	1006.572101	10667.191	7.26
201846	41.926499	79.467778	92.026924	1009.324135	10672.823	5.891
201906	41.924372	79.399767	91.965663	1010.94307	10675.552	-2.135
201926	41.922246	79.330432	91.922691	1010.329374	10669.335	-7.911
201946	41.920014	79.263572	92.5	1015.795068	10666.982	-4.525
202006	41.917732	79.197163	93.077309	1018.455711	10668.21	0.726
202026	41.915471	79.128764	93.034336	1012.071545	10668.094	0.32
202046	41.913162	79.061172	92.973077	1011.806813	10667.923	-0.24
202106	41.910811	78.994554	93.00555	1015.742437	10668.02	0.035
202126	41.908417	78.927314	93.002463	1016.866697	10668.018	-0.016
202146	41.905899	78.858154	92.998077	1017.750308	10667.94	0.171
202206	41.903384	78.789854	93.000385	1019.507847	10668.071	-0.237
202226	41.900934	78.723495	93.000148	1021.576096	10668.158	-0.541
202246	41.898314	78.653859	93.000004	1022.947497	10667.237	3.633
202306	41.895645	78.584543	92.999846	1024.501686	10669.01	9.085
202326	41.89306	78.518778	92.999602	1026.647717	10674.82	9.326
202346	41.890342	78.450311	93.00198	1027.264651	10677.378	0.688
202406	41.887475	78.379521	92.997464	1026.946318	10675.065	-10.377
202426	41.884598	78.310022	92.994287	1026.978051	10669.649	-15.173
202446	41.881867	78.24339	93.027714	1027.00762	10663.05	-11.633
202506	41.879076	78.176623	92.964558	1027.014895	10659.796	-7.598
202526	41.876136	78.107486	92.908343	1027.560435	10660.451	-8.226
202546	41.873398	78.039216	93.574486	1029.436506	10656.601	-5.162
202606	41.869522	77.971302	95.505448	1029.673322	10652.864	1.244
202626	41.862845	77.902264	98.75051	1025.406011	10656.232	5.722
202646	41.853288	77.834271	102.578277	1019.03139	10660.349	5.603
202706	41.840961	77.768973	106.067581	1013.394239	10660.357	1.246
202726	41.825967	77.705397	108.170573	1010.510521	10659.672	-0.733
202746	41.809178	77.641903	108.921396	1010.559686	10659.86	-0.035
202806	41.791931	77.576979	109.06779	1012.568526	10660.279	-0.631
202826	41.774937	77.512219	108.966055	1015.669432	10659.758	0.799
202846	41.758292	77.449261	108.90886	1019.054584	10659.243	6.681
202906	41.741553	77.385954	109.46361	1021.966486	10663.93	8.777
202926	41.724442	77.321553	110.065594	1024.504833	10668.277	7.924
202946	41.707069	77.25694	110.041704	1026.64308	10667.524	8.126
203006	41.689957	77.193617	109.972381	1027.169087	10671.954	7.159
203026	41.672379	77.128603	110.004709	1027.026668	10676.055	8.889
203046	41.654074	77.060837	110.002992	1027.692533	10674.707	2.831
203106	41.637205	76.998349	109.998027	1028.811405	10681.802	-56.763
203126	41.62067	76.937246	110.000328	1030.346145	10657.098	-158.347
203146	41.602784	76.871453	110.000183	1029.820377	10568.457	-250.164
203206	41.585158	76.806877	109.999991	1019.725396	10472.076	-280.424
203226	41.568099	76.7446	109.999886	1003.890471	10383.0	-272.562
203246	41.551146	76.682861	109.999569	990.352748	10291.343	-269.063
203306	41.534366	76.621823	110.001841	980.494067	10201.9	-258.113
203326	41.517034	76.55885	109.998078	973.896741	10119.093	-251.382
203346	41.499062	76.493677	109.993781	969.798094	10039.154	-262.963
203406	41.482608	76.434249	110.025788	967.779392	9945.955	-272.907
203426	41.466888	76.377786	109.973203	966.831021	9849.777	-273.493
203446	41.450262	76.318252	109.91336	966.116568	9764.031	-272.087
203506	41.433446	76.25787	110.460823	965.953724	9673.303	-284.505
203526	41.416773	76.198115	111.06587	965.981401	9573.583	-298.574
203546	41.400122	76.138906	111.041258	965.905864	9471.044	-298.12
203606	41.38329	76.079241	110.975369	966.419264	9373.144	-295.741
203626	41.366142	76.018429	111.001416	965.542959	9276.207	-297.749
203646	41.34888	75.957235	110.99225	960.989526	9174.656	-299.137
203706	41.332213	75.898587	111.042641	953.693158	9073.804	-288.382
203726	41.315631	75.840488	110.953956	946.873946	8981.601	-306.258
203746	41.29862	75.78064	110.850247	942.395502	8885.377	-400.042
203806	41.28213	75.722543	111.824861	936.716353	8730.075	-555.197
203826	41.264855	75.665666	113.234556	926.453762	8508.628	-691.358
203846	41.245823	75.608768	113.919208	912.027497	8252.642	-738.463
203906	41.227726	75.554896	114.048234	900.27001	8005.023	-727.319
203926	41.210239	75.502227	113.991748	889.635165	7771.65	-717.112
203946	41.192042	75.448075	113.994668	876.181456	7534.707	-716.765
204006	41.174177	75.394861	114.003901	862.490153	7282.743	-614.792
204026	41.157012	75.343587	113.998952	847.857805	7088.429	-401.356
204046	41.140182	75.293534	113.998145	833.072885	7016.469	-162.489
204106	41.123092	75.243117	114.006382	826.719833	7006.138	-28.43
204126	41.105873	75.192377	113.993585	827.284027	7010.809	1.572
204146	41.088928	75.142236	113.979368	829.182932	7010.98	-0.578
204206	41.072225	75.093092	114.085442	832.266917	7007.33	7.223
204226	41.055401	75.043393	113.911232	834.059016	7012.544	-8.718
204246	41.03799	74.992118	113.713009	833.624169	7018.109	-116.851
204306	41.019915	74.941531	115.088172	836.447816	6958.697	-345.7
204326	41.003849	74.890501	111.292134	837.545409	6792.233	-490.574
204346	40.992766	74.83767	100.734645	833.636792	6570.081	-414.231
204406	40.986052	74.784804	97.152093	834.419255	6437.074	-331.765
204426	40.98094	74.730489	97.906467	836.87238	6368.448	-257.938
204446	40.974951	74.673564	98.170046	836.268575	6315.945	-177.653
204506	40.968616	74.617439	97.94865	831.813641	6268.898	-137.509
204526	40.962762	74.564783	97.99478	826.373365	6223.001	-150.051
204546	40.957191	74.514425	97.996263	824.47162	6168.641	-164.266
204606	40.951219	74.460507	98.028071	823.351821	6111.371	-169.01
204626	40.944824	74.402831	98.020377	821.982465	6055.632	-168.227
204646	40.938839	74.34894	97.777639	821.710111	5998.876	-164.752
204706	40.933113	74.298108	98.444343	807.483413	5945.327	-155.365
204726	40.927535	74.247753	98.290502	775.494929	5895.147	-150.957
204746	40.922261	74.197604	94.890689	741.74993	5842.818	-160.713
204806	40.916055	74.151816	104.542274	711.215278	5798.553	-78.637
204826	40.903825	74.111198	119.353795	684.452374	5799.105	-9.722
204846	40.884794	74.072798	123.035072	665.202472	5813.641	-94.393
204906	40.865123	74.035393	123.027534	659.712195	5736.509	-250.114
204926	40.8476	73.998779	123.063827	660.527781	5577.354	-386.884
204946	40.830645	73.963485	121.788502	648.957787	5460.708	-437.448
205006	40.813743	73.92741	120.786736	640.577764	5320.818	-463.335
205026	40.796963	73.890173	120.96934	642.070691	5130.627	-494.187
205046	40.780503	73.854384	121.099485	637.411828	4977.702	-481.139
205106	40.764391	73.820334	120.899961	633.171167	4828.144	-475.309
205126	40.748247	73.785676	121.743079	631.549887	4657.538	-486.378
205146	40.73025	73.749771	129.944237	616.294348	4502.622	-449.365
205206	40.705806	73.728016	156.059335	576.346339	4358.918	-421.42
205226	40.680151	73.715159	163.197025	562.527464	4218.753	-425.58
205246	40.654246	73.703857	158.71411	566.350531	4080.544	-453.473
205306	40.6274	73.691175	158.847413	561.24503	3924.036	-520.166
205326	40.599804	73.680007	168.602496	531.098921	3710.767	-663.238
205346	40.573498	73.678763	181.403942	511.597545	3477.28	-792.273
205406	40.547485	73.679752	182.956474	511.101328	3198.187	-818.026
205426	40.522666	73.680519	181.623856	510.641042	2927.084	-750.45
205446	40.498424	73.681476	182.219624	500.357483	2697.612	-719.742
205506	40.472846	73.682247	180.334957	490.508016	2458.015	-778.27
205526	40.447302	73.682614	179.603173	489.816289	2168.849	-783.699
205546	40.427	73.6884	204.0	472.0	1943.0	-693.0
205606	40.408669	73.712515	237.118946	450.702543	1708.393	-454.833
205626	40.397098	73.735992	239.910746	426.73792	1591.395	-343.573
205646	40.386958	73.757157	236.780593	402.368628	1498.673	-326.563
205706	40.376094	73.778823	238.894998	384.14276	1393.088	-377.435
205726	40.365492	73.800301	235.963425	377.421469	1256.181	-471.826
205746	40.356111	73.821424	235.941945	384.806514	1074.404	-534.667
205806	40.350837	73.845027	270.853237	400.558877	891.54	-443.12
205826	40.358048	73.869438	298.660442	389.113356	779.718	-152.442
205846	40.365556	73.890713	294.46003	366.596436	764.509	-42.405
205906	40.377588	73.907527	322.654092	349.483891	745.27	-147.062
205926	40.39327	73.915048	342.885531	340.953822	671.211	-271.046
205946	40.408496	73.915626	380.816872	331.88752	564.559	-290.711
210006	40.426627	73.916867	372.602856	320.231425	467.488	-200.488
210026	40.442464	73.911782	-1.160971	322.50103	457.487	0.014
210046	40.456331	73.901728	25.504805	326.799226	457.106	1.562
210106	40.469731	73.891491	42.538794	328.952197	456.371	-2.808
210126	40.484057	73.880606	24.806562	319.664353	458.598	-3.71
210146	40.498707	73.869251	31.293044	306.609728	456.602	-7.429
210206	40.512099	73.85885	31.954168	305.57708	447.812	8.292
210226	40.524667	73.849007	30.576637	308.079315	461.07	-35.255
210246	40.537575	73.838873	31.020754	306.822606	454.519	-91.411
210306	40.551422	73.828122	31.063537	298.479178	377.45	-64.447
210326	40.564098	73.818318	30.983375	274.838425	370.531	-123.155
210346	40.575222	73.809682	30.991726	247.307724	384.149	-258.894
210406	40.585903	73.801345	30.898295	234.815566	276.178	-332.118
210426	40.596209	73.793269	30.845606	235.649583	119.459	-348.881
210446	40.606082	73.785521	31.016597	245.652952	12.334	-332.765
210506	40.615979	73.777799	30.7182	252.633007	0.023	-184.705
210526	40.626861	73.769292	30.055981	248.417644	-0.025	69.407
