154056	33.9371	118.4076	264.0	320.0	99.0	0.0
154116	33.935534	118.427023	259.750732	317.292326	377.123	692.451
154136	33.929215	118.444093	232.271485	347.496834	526.507	319.863
154156	33.915858	118.459372	222.746823	390.219547	617.912	296.159
154216	33.9014	118.4754	223.0	431.0	716.0	309.0
154236	33.883542	118.495567	222.921621	485.024259	832.069	509.962
154256	33.864241	118.513544	209.170281	499.06411	1060.077	758.159
154316	33.841657	118.519525	184.000362	493.837509	1331.755	849.713
154336	33.81631	118.519793	180.986755	494.207349	1621.925	817.61
154356	33.790594	118.520098	179.961475	501.970002	1883.213	773.469
154416	33.76545	118.52041	181.021937	513.674917	2134.45	730.18
154436	33.73954	118.520399	179.674149	525.546142	2373.111	710.34
154456	33.712429	118.516461	162.758161	530.717411	2604.019	713.149
154516	33.692097	118.496857	127.867478	530.778397	2841.036	604.981
154536	33.680973	118.467492	104.297607	545.762392	3011.416	472.231
154556	33.672735	118.437355	106.305693	568.146909	3184.959	444.312
154616	33.662917	118.403421	113.023433	598.898667	3324.347	390.518
154636	33.652111	118.367454	109.450955	629.232662	3425.643	308.065
154656	33.645111	118.332105	95.423044	651.250025	3517.7	276.912
154716	33.644314	118.290985	90.056051	681.750405	3613.215	260.406
154736	33.644678	118.250025	89.882408	711.49607	3700.326	291.267
154756	33.647653	118.208069	78.521069	730.027172	3810.799	441.748
154816	33.66409	118.167493	52.514871	734.596181	3990.937	553.499
154836	33.689973	118.137913	36.925014	734.549208	4179.542	551.471
154856	33.719214	118.112444	35.620351	738.744724	4355.383	555.445
154916	33.750447	118.085831	37.418613	744.108951	4542.349	539.683
154936	33.781849	118.057198	37.052299	751.024705	4730.262	499.354
154956	33.811532	118.030252	36.905674	762.697606	4878.066	461.343
155016	33.841281	118.003572	37.026788	771.602727	5021.332	449.83
155036	33.872036	117.975958	37.00162	775.524701	5181.286	469.108
155056	33.902538	117.948429	37.016072	781.754296	5334.779	500.345
155116	33.934271	117.919585	36.956425	785.941374	5505.667	527.186
155136	33.966931	117.889708	36.970385	785.183623	5696.58	528.409
155156	33.997533	117.86161	37.319339	783.942537	5867.643	482.941
155216	34.027946	117.833886	36.363162	786.98155	6016.534	414.441
155236	34.059211	117.805197	36.583776	794.270318	6145.551	373.144
155256	34.089254	117.774795	43.615174	800.707221	6257.748	395.828
155316	34.117128	117.737135	49.235541	806.538298	6400.777	396.354
155336	34.143174	117.697479	51.220063	812.523117	6536.748	372.93
155356	34.168178	117.660709	51.09774	818.001145	6640.403	357.85
155416	34.193227	117.623716	50.923363	820.845314	6764.15	367.57
155436	34.218885	117.585436	51.015796	822.473389	6897.884	369.972
155456	34.245064	117.546517	51.00701	825.717619	7013.798	338.048
155516	34.271131	117.50772	50.994535	832.067056	7120.246	299.533
155536	34.297794	117.467971	51.001087	839.956187	7215.148	266.195
155556	34.325198	117.427102	51.000397	847.860334	7295.828	245.055
155616	34.351362	117.388022	51.000124	856.593467	7373.289	252.392
155636	34.377308	117.349214	50.99942	861.46416	7460.294	270.758
155656	34.404448	117.308575	50.998547	860.859467	7558.193	280.056
155716	34.431853	117.267441	51.007195	863.616479	7649.431	289.079
155736	34.459952	117.225282	50.990794	867.717972	7744.46	299.568
155756	34.48836	117.182719	50.979263	868.829607	7852.554	309.491
155816	34.514127	117.143952	51.1006	869.662236	7953.993	319.834
155836	34.539798	117.105357	50.86707	868.152265	8059.011	330.756
155856	34.567937	117.063554	50.132427	863.690216	8177.782	340.925
155916	34.595675	117.023253	49.901212	862.904831	8290.225	347.717
155936	34.622975	116.98382	50.018556	862.455404	8403.658	351.944
155956	34.650641	116.943415	50.00434	858.708421	8526.855	352.439
160016	34.677842	116.903809	50.016361	857.505398	8642.653	342.703
160036	34.705424	116.863641	49.971421	858.038211	8752.626	334.0
160056	34.733881	116.821911	49.932965	856.746193	8864.762	334.936
160116	34.761376	116.78153	50.452849	852.920744	8977.424	332.251
160136	34.787898	116.74263	51.136888	849.371223	9086.832	326.877
160156	34.814397	116.70376	51.168287	848.196621	9193.006	317.515
160216	34.841516	116.663937	50.07352	847.010017	9301.408	282.438
160236	34.869463	116.624515	48.718165	844.024649	9392.333	205.165
160256	34.897917	116.586731	48.066571	839.224096	9443.014	99.467
160316	34.92602	116.549412	47.951431	834.969498	9453.418	24.761
160336	34.953702	116.51223	48.010013	834.3535	9448.089	-3.146
160356	34.981404	116.475077	48.004447	837.394431	9448.595	-1.397
160416	35.009621	116.437255	47.996513	838.437951	9449.317	1.096
160436	35.038119	116.39906	48.000719	837.938234	9448.935	-0.226
160456	35.066628	116.360833	48.000319	838.034052	9448.971	-0.1
160516	35.095418	116.32211	47.99975	837.536819	9449.023	0.078
160536	35.123791	116.283881	48.000052	836.911401	9448.995	-0.015
160556	35.15138	116.246722	48.000023	836.952673	9448.997	-0.004
160616	35.179276	116.209128	47.999982	837.077513	9449.005	-0.008
160636	35.206905	116.171788	48.000004	836.923233	9448.995	0.016
160656	35.234037	116.135023	48.000002	835.701522	9448.989	0.038
160716	35.262631	116.096376	47.999999	832.048369	9449.054	-0.185
160736	35.291993	116.056585	48.0	829.98608	9448.932	0.237
160756	35.320195	116.018132	48.0	831.729749	9448.846	0.533
160816	35.346225	115.982768	48.0	831.349648	9449.746	-3.584
160836	35.37234	115.947344	48.0	829.742995	9448.011	-9.149
160856	35.40035	115.909208	48.000001	829.820519	9442.227	-9.469
160916	35.428252	115.87118	47.999997	830.4717	9439.395	0.008
160936	35.455975	115.833392	48.000003	829.462147	9442.224	9.458
160956	35.484138	115.794958	48.000008	826.54456	9448.002	9.127
161016	35.512259	115.756446	47.999962	825.499269	9449.795	3.707
161036	35.539402	115.719239	48.000037	826.147176	9448.868	-0.429
161056	35.565882	115.682997	48.00012	826.292379	9448.913	-0.263
161116	35.594612	115.643583	47.999504	824.741032	9449.067	0.134
161136	35.622954	115.604646	48.000515	824.197682	9448.978	0.018
161156	35.64842	115.56965	48.001666	825.978048	9448.954	0.14
161216	35.675989	115.531634	47.993094	824.243687	9449.171	-0.65
161236	35.704386	115.492432	48.007176	821.873108	9448.825	0.706
161256	35.730744	115.456084	48.023203	822.3923	9448.437	6.322
161316	35.757899	115.418551	47.903806	819.079473	9452.044	10.316
161336	35.785393	115.380559	48.102326	815.886572	9456.65	6.278
161356	35.812022	115.343823	48.835171	818.234148	9456.9	-5.267
161416	35.839964	115.305017	49.103751	819.508644	9452.581	-10.372
161436	35.868081	115.265887	48.982426	818.895347	9448.57	-6.908
161456	35.894806	115.228837	48.989189	818.877774	9448.727	-1.145
161516	35.922264	115.190637	49.00559	819.322427	9449.181	0.716
161536	35.949326	115.152926	49.00067	818.688285	9448.969	-0.122
161556	35.974825	115.117467	49.00547	816.494691	9448.98	-0.078
161616	36.002023	115.079521	48.974507	815.674673	9449.013	0.052
161636	36.029819	115.040609	49.027004	816.069574	9448.998	-0.01
161656	36.056044	115.00389	49.097868	816.09639	9448.999	-0.009
161716	36.082547	114.9669	48.654932	815.778142	9448.998	0.012
161736	36.109389	114.929137	49.279118	816.164218	9449.002	-0.007
161756	36.135286	114.890862	52.576604	818.11848	9449.011	-0.033
161816	36.159584	114.849733	56.579704	820.769757	9448.96	0.117
161836	36.181776	114.805256	60.635025	824.751795	9449.032	-0.093
161856	36.201274	114.758811	64.783917	830.334286	9449.154	-0.449
161916	36.217374	114.71244	67.666574	834.010776	9448.4	2.108
161936	36.23157	114.665765	68.941595	834.993554	9448.749	6.599
161956	36.246291	114.617412	69.138964	834.629491	9452.976	8.891
162016	36.260914	114.569853	68.918265	833.582248	9457.01	4.435
162036	36.275004	114.523632	68.907897	832.299936	9456.795	-5.098
162056	36.289757	114.475079	69.51151	831.152237	9452.305	-9.568
162116	36.304838	114.425366	70.074936	829.469365	9448.495	-6.739
162136	36.31955	114.376761	70.033283	827.321344	9448.766	-0.941
162156	36.33415	114.328517	69.973903	826.85121	9449.232	0.542
162216	36.348747	114.280218	70.00538	826.908345	9448.891	0.101
162236	36.36323	114.232104	70.00239	826.128902	9448.819	0.504
162256	36.377386	114.184811	69.998126	826.0147	9449.812	-3.72
162316	36.391592	114.137303	70.000386	825.84469	9447.94	-8.919
162336	36.406154	114.088754	70.000172	824.469395	9442.072	-8.932
162356	36.420647	114.040411	69.999865	822.604594	9440.143	-3.618
162416	36.434798	113.993087	70.000028	822.134659	9441.235	0.366
162436	36.448645	113.946596	70.000015	823.610253	9441.259	-0.262
162456	36.462608	113.899497	69.99999	824.292813	9440.258	2.833
162516	36.477189	113.850345	70.000002	823.903028	9441.735	7.7
162536	36.492303	113.799553	70.000002	823.729924	9447.128	8.226
162556	36.506587	113.751217	69.999999	824.712544	9449.7	4.545
162616	36.5203	113.704519	70.0	826.039268	9448.977	-0.184
162636	36.534617	113.655938	70.0	826.138627	9449.123	-1.395
162656	36.54854	113.608717	70.000001	825.906792	9448.362	3.358
162716	36.561977	113.563101	70.0	826.013334	9449.193	8.031
162736	36.575883	113.515886	69.999997	826.192869	9454.792	3.673
162756	36.590563	113.465828	70.000008	825.378498	9454.479	-4.396
162816	36.605	113.4164	70.0	824.0	9449.0	-8.0
162836	36.617996	113.371823	69.99996	823.649979	9448.394	-2.852
162856	36.631673	113.324696	70.0001	824.664996	9449.212	1.124
162916	36.6463	113.2742	70.0	826.0	9449.0	0.0
162936	36.66013	113.226585	69.999451	826.145172	9449.133	-0.915
162956	36.674052	113.178507	70.001387	825.919517	9448.568	2.227
163016	36.6882	113.1294	70.0	826.0	9449.0	8.0
163036	36.70172	113.082399	69.991924	826.168895	9453.493	10.288
163056	36.715511	113.03447	70.017506	825.599338	9457.115	3.746
163116	36.729702	112.985129	70.005347	824.088457	9456.168	-7.566
163136	36.743352	112.937527	69.892272	822.444779	9451.505	-11.04
163156	36.756987	112.889864	70.269261	822.015017	9447.784	-3.035
163216	36.770815	112.841495	70.977675	821.14767	9448.796	7.738
163236	36.784386	112.794041	71.078973	816.468899	9454.256	5.724
163256	36.798163	112.745682	70.972142	813.017904	9455.307	-5.69
163316	36.812024	112.696877	70.998394	812.980737	9449.353	-14.861
163336	36.825222	112.650507	71.005794	813.080912	9443.099	-11.389
163356	36.83864	112.603228	70.997707	812.94154	9440.323	-4.072
163416	36.852555	112.553989	70.999322	812.951533	9440.797	-0.393
163436	36.866108	112.506053	71.000583	813.197723	9441.189	0.269
163456	36.879402	112.458868	70.999927	812.864295	9440.966	0.001
163516	36.892818	112.410923	70.999931	811.46861	9440.922	0.163
163536	36.906129	112.363472	71.000039	810.516252	9441.219	-0.706
163556	36.919401	112.316277	70.999995	811.249034	9440.833	0.585
163616	36.932857	112.268272	70.999995	813.43139	9440.2	6.405
163636	36.946424	112.219664	71.000003	814.302927	9444.539	8.871
163656	36.959908	112.171306	71.0	813.960178	9449.289	7.871
163716	36.973177	112.123739	71.0	813.965146	9448.752	7.818
163736	36.986405	112.075986	71.0	814.010057	9451.679	8.252
163756	36.999838	112.027468	71.0	814.006491	9456.435	6.444
163816	37.013557	111.978261	71.000001	814.054489	9456.621	1.572
163836	37.027161	111.929036	70.999997	813.829888	9455.647	-0.076
163856	37.0404	111.8808	71.0	813.0	9456.0	-0.0
163916	37.053359	111.834025	71.000014	811.581217	9456.785	-5.211
163936	37.066561	111.786192	70.999964	810.6754	9453.841	-9.473
163956	37.0799	111.7375	71.0	810.0	9449.0	-8.0
164016	37.092822	111.690407	71.000197	808.453153	9448.498	-2.288
164036	37.105902	111.642702	70.999502	808.107197	9449.199	0.79
164056	37.1191	111.5944	71.0	808.0	9449.0	0.0
164116	37.13177	111.547845	71.002899	804.918772	9448.96	-0.158
164136	37.144463	111.501024	70.993715	801.939113	9449.014	0.055
164156	37.15745	111.453094	70.998081	801.012464	9449.001	0.003
164216	37.170401	111.405483	71.038673	801.000267	9448.997	-0.011
164236	37.183306	111.358027	70.913032	800.871288	9449.001	0.004
164256	37.196161	111.310566	70.973299	800.060786	9449.0	0.0
164316	37.208896	111.263373	71.792566	798.655213	9449.0	-0.001
164336	37.221655	111.216065	71.76973	797.681923	9449.0	0.0
164356	37.234462	111.168481	71.008368	797.051905	9449.0	0.0
164416	37.247165	111.120956	71.555875	795.645671	9449.0	-0.0
164436	37.259751	111.073911	72.139195	794.806631	9449.0	0.0
164456	37.272274	111.027237	72.008001	794.988737	9449.0	0.0
164516	37.284805	110.980323	71.971653	795.042925	9449.0	0.0
164536	37.297339	110.933151	72.009994	794.977914	9449.0	-0.0
164556	37.309873	110.885865	72.000574	794.996673	9449.0	-0.0
164616	37.322446	110.838475	71.997964	795.053878	9449.0	0.0
164636	37.335112	110.79054	72.000719	794.884163	9449.0	-0.0
164656	37.347682	110.742748	72.000042	794.964683	9449.0	-0.0
164716	37.359866	110.696489	71.99984	796.20585	9449.0	0.001
164736	37.37219	110.64981	72.000049	797.305897	9449.001	-0.003
164756	37.384839	110.601808	72.000006	797.09872	9449.0	-0.002
164816	37.397342	110.553962	71.999989	795.724286	9448.995	0.02
164836	37.409787	110.506376	72.000004	794.807393	9449.01	-0.04
164856	37.422171	110.45919	72.000001	794.963234	9449.009	-0.037
164916	37.434226	110.412935	71.999999	795.049614	9448.931	0.282
164936	37.446409	110.366028	72.000001	794.987558	9449.098	-0.405
164956	37.45892	110.317935	72.000001	794.995064	9449.154	-0.633
165016	37.471142	110.27088	71.999997	795.01139	9448.101	4.918
165036	37.483255	110.224042	72.000004	794.987176	9450.413	7.72
165056	37.49554	110.176353	72.000006	794.98088	9455.691	1.578
165116	37.507771	110.128865	71.999961	795.117169	9453.281	-5.243
165136	37.519626	110.082729	72.000036	794.887066	9448.44	-6.642
165156	37.531206	110.037496	72.000141	793.73107	9448.568	-1.923
165216	37.543512	109.989578	71.999563	791.69814	9449.086	1.475
165236	37.5562	109.9401	72.0	790.0	9449.0	0.0
165256	37.568176	109.892938	72.00197	789.924995	9449.749	-5.254
165316	37.579835	109.847131	71.995045	789.846921	9446.729	-9.938
165336	37.5917	109.8007	72.0	790.0	9441.0	-8.0
165356	37.603898	109.752644	72.027283	792.071416	9439.521	3.213
165416	37.616037	109.70488	71.931045	793.319995	9443.798	9.726
165436	37.6282	109.657	72.0	793.0	9449.0	8.0
165456	37.640777	109.606976	72.669968	792.96382	9448.856	7.235
165516	37.652997	109.558374	73.099394	792.959824	9450.581	9.054
165536	37.664712	109.511937	73.005729	792.982104	9455.8	8.293
165556	37.676597	109.464574	72.979391	793.382247	9457.257	-1.613
165616	37.688323	109.417744	73.008024	792.050434	9454.12	-9.134
165636	37.699858	109.371667	73.001972	790.016416	9449.592	-7.845
165656	37.711748	109.324049	72.997433	791.607528	9448.352	-3.146
165716	37.723659	109.276232	73.000544	792.869522	9449.076	0.274
165736	37.735182	109.229887	73.001578	789.945497	9449.061	0.296
165756	37.746737	109.183306	72.995067	788.497644	9449.007	-0.314
165816	37.758465	109.13598	73.003838	789.059293	9448.966	0.155
165836	37.770214	109.088491	73.018464	789.019949	9448.815	0.677
165856	37.781844	109.04115	72.933302	789.20541	9449.686	-3.045
165916	37.793587	108.993634	73.054182	790.203578	9448.443	-8.69
165936	37.805445	108.94561	73.70755	792.096051	9442.742	-9.692
165956	37.8163	108.897658	74.527641	794.925949	9439.592	-1.788
170016	37.826562	108.849261	75.038712	797.211801	9441.566	9.427
170036	37.837145	108.800089	75.036427	797.795399	9446.86	14.839
170056	37.847403	108.752112	74.97915	798.787246	9452.742	13.071
170116	37.857691	108.703624	75.00278	800.158636	9456.262	7.01
170136	37.868558	108.652745	75.002616	800.361714	9456.237	1.251
170156	37.878972	108.603772	74.998501	798.746047	9455.903	-0.81
170216	37.889024	108.556315	75.000201	796.794097	9455.983	0.228
170236	37.899319	108.507824	75.000197	795.701751	9455.842	0.777
170256	37.909437	108.459844	74.999859	792.845295	9456.626	-3.219
170316	37.91954	108.411793	75.000041	789.685727	9455.487	-8.574
170336	37.929919	108.362575	75.000143	788.996462	9450.395	-9.15
170356	37.939977	108.314376	74.999524	788.916794	9448.239	-4.385
170416	37.949916	108.266533	75.000375	789.08508	9449.112	0.378
170436	37.960198	108.217383	75.00198	789.869454	9449.165	0.305
170456	37.97034	108.16851	74.993766	789.742229	9448.767	0.177
170516	37.980189	108.120846	75.00162	788.975557	9449.049	-0.094
170536	37.989965	108.073993	75.034466	788.910959	9449.986	-3.833
170556	37.999915	108.026105	74.948748	788.988417	9447.448	-8.473
170616	38.010003	107.977077	74.946811	788.962649	9441.666	-8.776
170636	38.019858	107.929297	75.579037	789.499994	9439.636	0.427
170656	38.029635	107.881946	76.093934	790.220295	9442.431	11.138
170716	38.039587	107.833499	76.019446	790.151841	9448.075	15.071
170736	38.049722	107.783805	75.975602	788.439399	9453.779	11.891
170756	38.059588	107.735405	76.006773	786.349414	9456.382	5.966
170816	38.069071	107.688928	76.001426	785.113123	9456.002	0.737
170836	38.078744	107.641151	75.997977	784.555083	9456.636	-3.986
170856	38.088715	107.59175	76.000398	783.691503	9455.1	-7.836
170916	38.098802	107.541925	76.000177	782.259389	9449.975	-8.762
170936	38.108665	107.493258	75.999861	781.738458	9448.099	-3.448
170956	38.118122	107.446328	76.000029	782.137623	9449.393	-0.082
171016	38.127311	107.400353	76.000016	782.27621	9449.71	-5.097
171036	38.136748	107.353221	75.999989	780.652803	9445.602	-9.936
171056	38.146326	107.30535	76.000001	778.850807	9440.447	-6.776
171116	38.15577	107.257846	76.000001	778.859632	9439.874	4.707
171136	38.16537	107.209625	75.999999	779.080262	9444.585	10.381
171156	38.175039	107.160915	76.0	778.989363	9449.395	7.191
171216	38.184515	107.112767	76.000001	778.990283	9449.372	1.383
171236	38.193882	107.065403	75.999997	779.004457	9448.784	-0.744
171256	38.203193	107.018597	76.000002	779.000282	9449.031	0.107
171316	38.212507	106.971633	76.000016	779.006366	9449.048	0.168
171336	38.222064	106.923163	75.999973	778.987556	9448.986	-0.052
171356	38.231667	106.874091	75.999983	778.991883	9448.999	-0.008
171416	38.240752	106.827261	76.000186	779.086845	9448.998	0.031
171436	38.249954	106.779718	75.99963	778.827047	9449.009	-0.042
171456	38.259547	106.730302	75.999758	778.886985	9449.006	-0.026
171516	38.268931	106.682061	76.002585	780.857509	9448.932	0.272
171536	38.278233	106.634142	75.994852	782.289763	9449.136	-0.541
171556	38.287573	106.58589	75.996636	782.031236	9449.089	-0.353
171616	38.296781	106.538312	76.036002	781.998288	9448.045	5.509
171636	38.306007	106.490156	75.928297	781.8883	9451.035	7.515
171656	38.31528	106.441327	75.953146	781.915658	9455.934	0.856
171716	38.324407	106.393624	76.717444	783.358521	9452.274	-6.667
171736	38.333612	106.345373	76.881898	783.907626	9448.114	-6.661
171756	38.342968	106.296086	76.069477	782.232126	9448.889	-0.442
171816	38.352209	106.247825	75.784214	779.92501	9449.203	0.805
171836	38.361353	106.1996	76.267162	778.77965	9448.937	-0.255
171856	38.370405	106.151253	76.957317	778.978251	9448.992	-0.033
171916	38.379299	106.104348	77.077556	778.975625	9449.01	0.077
171936	38.388383	106.056352	76.975699	779.137542	9449.005	-0.057
171956	38.397681	106.006709	76.996957	779.098653	9449.006	-0.028
172016	38.406749	105.958351	77.005568	777.493736	9448.933	0.276
172036	38.415902	105.909301	76.998255	777.384748	9449.136	-0.542
172056	38.425027	105.860018	76.999782	778.958741	9449.089	-0.353
172116	38.43345	105.814508	77.0004	777.952683	9448.045	5.508
172136	38.44227	105.766881	76.999875	776.789973	9451.034	7.517
172156	38.451691	105.716007	76.999984	777.004021	9455.934	0.858
172216	38.460339	105.669294	77.000029	776.443821	9452.279	-6.683
172236	38.468888	105.622975	76.999991	775.880803	9448.105	-6.628
172256	38.477814	105.574426	76.999999	775.984956	9448.883	-0.42
172316	38.486528	105.526865	77.000002	776.028805	9449.268	0.575
172336	38.495176	105.479114	76.999999	775.988384	9448.806	0.203
172356	38.504006	105.430041	77.0	775.996922	9448.907	0.266
172416	38.512985	105.380756	77.000001	776.023453	9449.926	-4.853
172436	38.52176	105.332714	76.999998	775.975538	9447.028	-8.875
172456	38.530251	105.285892	76.999999	776.784985	9441.308	-8.141
172516	38.53883	105.238405	77.000011	779.963537	9441.03	-7.402
172536	38.547673	105.189158	76.999979	782.946778	9439.664	-8.877
172556	38.556619	105.139123	76.999986	784.771238	9434.41	-8.542
172616	38.565297	105.090698	77.000149	787.802066	9432.773	1.195
172636	38.574033	105.041756	76.999704	791.410904	9435.493	11.119
172656	38.582922	104.99165	76.999807	794.686129	9440.473	14.802
172716	38.59156	104.942989	77.00207	797.857393	9445.675	15.973
172736	38.600164	104.894657	76.995877	801.613584	9451.384	13.319
172756	38.609002	104.84489	76.997306	805.6482	9455.832	8.335
172816	38.618064	104.793293	77.028831	808.569435	9455.576	7.25
172836	38.627081	104.741972	76.942578	810.964754	9457.759	8.519
172856	38.63592	104.691898	76.962478	812.891191	9463.63	8.243
172916	38.644694	104.641793	77.617569	813.210692	9464.47	3.873
172936	38.653332	104.591933	78.099775	812.9072	9464.263	-2.64
172956	38.661847	104.542537	78.012495	812.97159	9464.291	-7.716
173016	38.67042	104.493055	77.977138	813.23625	9458.914	-8.581
173036	38.679066	104.443186	78.007163	812.515014	9455.578	-7.686
173056	38.687895	104.39205	78.000897	811.084109	9456.154	-7.878
173116	38.697071	104.338687	77.998361	810.928812	9451.931	-9.131
173136	38.705986	104.28636	78.00051	810.838107	9448.108	-5.657
173156	38.714452	104.236384	78.000062	810.065488	9448.817	-0.07
173216	38.723053	104.186111	77.999912	809.775112	9450.117	-4.306
173236	38.731806	104.135193	77.999978	810.303218	9446.915	-8.92
173256	38.740454	104.084586	77.999966	810.982646	9441.261	-8.067
173316	38.748763	104.03534	78.000407	810.80276	9441.483	-6.678
173336	38.757029	103.98605	77.999176	811.562206	9438.914	9.398
173356	38.765454	103.935919	77.99946	812.981628	9439.526	48.192
173416	38.773911	103.885735	78.00578	812.551528	9468.676	101.307
173436	38.782406	103.834726	77.988487	816.746333	9513.18	161.676
173456	38.790946	103.782949	77.992477	825.378809	9570.479	228.682
173516	38.799455	103.731889	78.080513	827.694633	9662.935	298.767
173536	38.80787	103.680956	77.766536	824.257963	9778.133	314.836
173556	38.818015	103.628767	74.798183	822.089169	9882.988	270.405
173616	38.831652	103.576419	69.355374	823.994445	9959.711	214.57
173636	38.846216	103.528278	68.353862	821.332151	10030.22	139.923
173656	38.861106	103.480132	69.202457	818.232806	10064.882	59.849
173716	38.876041	103.430353	69.025354	818.818223	10058.863	3.022
173736	38.890331	103.383272	68.953609	820.921239	10056.405	-5.42
173756	38.904762	103.335896	69.014536	822.376515	10058.53	1.576
173816	38.919627	103.286682	69.00182	821.310221	10058.086	0.121
173836	38.934204	103.238388	68.996669	817.301196	10057.631	0.619
173856	38.949239	103.188528	69.001044	816.533214	10058.545	-2.046
173916	38.964857	103.136629	69.000131	818.990054	10058.337	-7.807
173936	38.979903	103.086579	68.999757	816.27151	10052.916	-4.862
173956	38.994302	103.038572	69.000082	813.389514	10051.937	3.346
174016	39.008313	102.991819	69.000014	813.924168	10057.584	8.053
174036	39.022206	102.945589	68.999933	814.131948	10058.757	3.508
174056	39.036736	102.896981	69.000104	813.972429	10057.763	-0.939
174116	39.051735	102.846523	69.000065	814.00518	10057.97	-0.118
174136	39.066017	102.798644	68.999306	813.679765	10058.054	0.215
174156	39.080523	102.749785	69.00138	812.287004	10057.983	-0.067
174216	39.09553	102.698883	69.000901	810.98717	10057.998	-0.008
174236	39.10979	102.650623	68.990353	812.288766	10058.005	0.011
174256	39.123656	102.603655	69.019213	812.808004	10057.996	0.003
174316	39.137766	102.555761	69.012555	811.143503	10057.998	0.005
174336	39.152244	102.506747	68.865639	810.570953	10058.017	-0.056
174356	39.166581	102.458067	69.286561	811.511574	10057.967	0.114
174416	39.180919	102.40907	69.987899	812.898021	10057.978	0.075
174436	39.196124	102.357009	69.496598	813.552582	10058.231	-0.8
174456	39.211003	102.305988	68.816044	814.526184	10057.54	1.745
174516	39.224923	102.258222	68.946619	815.91797	10057.7	7.545
174536	39.238827	102.210595	69.646727	816.1012	10062.944	9.532
174556	39.253245	102.161107	70.090354	816.065072	10066.791	5.944
174616	39.267951	102.110406	70.011136	816.068815	10066.096	0.364
174636	39.282134	102.061358	69.981586	814.776218	10065.864	-0.799
174656	39.295864	102.013728	70.001797	813.796975	10065.964	0.528
174716	39.309684	101.965714	69.997735	813.974627	10065.946	0.24
174736	39.324115	101.915651	70.031479	814.045848	10066.642	-4.076
174756	39.33847	101.865771	69.9348	813.986801	10064.548	-10.728
174816	39.352406	101.817008	69.957148	813.999078	10058.644	-14.973
174836	39.366467	101.767486	70.459125	813.99366	10052.935	-11.727
174856	39.380726	101.718511	69.009558	814.018236	10050.632	-5.759
174916	39.39563	101.670445	66.150196	814.012469	10051.015	-0.569
174936	39.411927	101.621623	66.276268	813.86539	10050.3	5.401
174956	39.428165	101.573918	67.206717	814.306423	10052.713	8.707
175016	39.443888	101.527105	67.025888	815.801563	10057.742	8.122
175036	39.460476	101.477752	66.952632	817.937801	10057.804	7.41
175056	39.477008	101.428453	67.014844	819.416277	10059.558	8.928
175116	39.49307	101.380451	67.00186	819.142153	10065.524	8.582
175136	39.509614	101.331375	66.996582	817.103819	10067.553	-1.635
175156	39.525682	101.283509	67.001102	815.692283	10063.977	-10.109
175216	39.541273	101.236601	67.000208	815.929572	10058.519	-8.743
175236	39.558002	101.18638	66.999739	816.182665	10057.359	-2.97
175256	39.574288	101.137519	67.000072	815.78275	10058.177	0.642
175316	39.589392	101.092058	67.000015	815.785526	10058.037	0.133
175336	39.60533	101.04399	66.999981	818.129988	10057.955	-0.172
175356	39.62169	100.994632	67.000005	818.562882	10058.01	0.055
175416	39.637927	100.945586	67.000001	816.148737	10058.0	0.019
175436	39.654612	100.894991	66.999999	817.177275	10058.017	-0.084
175456	39.670846	100.845629	67.0	819.774568	10057.965	0.129
175516	39.686274	100.798679	67.0	820.930794	10057.962	0.134
175536	39.70207	100.750581	67.0	821.085086	10058.289	-1.002
175556	39.71831	100.700882	67.0	820.975033	10057.495	1.851
175616	39.734654	100.650687	67.0	820.993377	10057.464	7.69
175636	39.75086	100.601223	66.999997	821.019598	10063.479	5.177
175656	39.766682	100.552719	67.000005	820.97464	10065.166	-2.937
175716	39.782247	100.504569	67.000005	820.974479	10058.745	-8.029
175736	39.798107	100.455763	66.999961	821.189283	10057.072	-3.867
175756	39.814069	100.406816	67.000069	820.645196	10058.263	0.913
175816	39.829923	100.358022	67.000093	819.229924	10058.073	0.252
175836	39.84584	100.308655	66.999462	818.619314	10057.93	-0.242
175856	39.861581	100.25961	67.000809	819.356576	10058.017	0.058
175916	39.877145	100.211184	67.001272	820.781333	10058.005	0.017
175936	39.893135	100.161702	66.992541	821.493903	10057.994	-0.012
175956	39.909166	100.111963	67.011262	822.398543	10058.003	-0.003
180016	39.924863	100.062839	67.017714	823.848797	10058.003	-0.011
180036	39.940602	100.013457	66.896115	823.944806	10057.982	0.069
180056	39.956277	99.964182	67.164862	824.327025	10058.027	-0.105
180116	39.971854	99.915111	67.897684	825.845819	10058.042	-0.166
180136	39.987732	99.865094	68.096184	825.83086	10057.754	0.974
180156	40.003644	99.814937	67.9768	826.547808	10058.371	-1.535
180216	40.019288	99.765599	67.992824	829.477702	10058.584	-7.521
180236	40.034866	99.716598	68.006906	831.275976	10053.513	-5.563
180256	40.050691	99.666614	67.998334	832.398293	10051.524	2.617
180316	40.066726	99.615535	67.999485	833.806159	10057.058	8.114
180336	40.082422	99.565405	68.000496	834.397253	10059.077	3.42
180356	40.098181	99.515185	67.99988	835.540289	10057.457	0.415
180416	40.114292	99.463994	67.999963	837.707195	10057.407	6.79
180436	40.130167	99.413465	68.000036	838.274901	10062.381	9.828
180456	40.145764	99.363331	67.999991	837.933753	10066.671	6.46
180516	40.161354	99.312838	67.999997	837.979603	10066.199	0.779
180536	40.177193	99.26207	68.000002	838.019066	10065.858	-0.905
180556	40.19302	99.211275	68.0	837.996257	10065.958	0.482
180616	40.208663	99.160553	68.0	838.00013	10065.873	0.546
180636	40.224428	99.10971	67.999997	837.99202	10066.821	-4.162
180656	40.240226	99.058667	68.000004	838.013848	10064.678	-8.987
180716	40.255883	99.007648	68.000007	838.022213	10058.809	-8.693
180736	40.27142	98.957188	67.999962	837.717507	10057.292	-3.756
180756	40.286788	98.907259	68.000058	836.509579	10058.091	1.059
180816	40.301999	98.857482	68.00011	835.058443	10057.885	1.002
180836	40.317257	98.80731	67.99948	835.850425	10058.838	-4.745
180856	40.332843	98.756044	68.000661	837.172061	10056.841	-7.86
180916	40.34869	98.704033	68.001487	837.047548	10051.393	-2.101
180936	40.364098	98.65342	67.992786	837.233983	10053.793	5.808
180956	40.379336	98.603266	68.0092	838.355811	10058.687	7.349
181016	40.394824	98.552193	68.020715	839.773545	10058.305	1.245
181036	40.410271	98.501169	67.899519	840.175337	10057.761	-0.947
181056	40.425644	98.450252	68.132775	839.957437	10058.049	0.195
181116	40.441043	98.399111	68.867225	839.967264	10058.022	0.087
181136	40.456464	98.347894	69.100481	840.09574	10057.983	-0.068
181156	40.47166	98.297225	68.979285	839.8909	10058.003	0.014
181216	40.486678	98.246832	68.9908	839.75889	10058.001	0.007
181236	40.50222	98.194707	69.007214	841.540016	10058.0	-0.01
181256	40.517867	98.14238	68.998513	843.181826	10057.998	0.007
181316	40.533102	98.091444	68.999339	842.990534	10057.996	0.014
181336	40.548356	98.040102	69.000518	843.714488	10058.019	-0.068
181356	40.563588	97.988578	68.999893	845.441707	10057.975	0.087
181416	40.578699	97.937449	68.999953	846.821543	10057.944	0.196
181436	40.594015	97.885689	69.000037	847.087812	10058.27	-0.949
181456	40.609454	97.833263	68.999992	847.039105	10057.656	1.247
181516	40.624789	97.780821	68.999996	847.140702	10057.225	7.353
181536	40.639956	97.729127	69.000004	846.014883	10062.761	5.788
181556	40.65475	97.678746	68.999998	844.837188	10065.612	-2.077
181616	40.669375	97.628699	68.999997	844.909078	10059.585	-7.828
181636	40.684812	97.575841	69.000011	845.078344	10057.042	-5.016
181656	40.70017	97.523208	68.999988	844.967674	10058.112	0.822
181716	40.714546	97.47379	68.999962	844.920511	10057.912	1.063
181736	40.729398	97.42264	69.000159	845.314742	10058.764	-3.754
181756	40.744399	97.370912	68.999881	844.765236	10057.374	-7.027
181816	40.758804	97.32112	68.999376	842.963076	10051.845	-2.956
181836	40.773917	97.268721	69.001933	844.542699	10052.967	4.652
181856	40.78954	97.214324	68.998948	847.053401	10058.329	7.839
181916	40.804574	97.16177	68.991608	845.555133	10058.504	2.191
181936	40.819421	97.110096	69.02678	845.323273	10057.745	-1.013
181956	40.83453	97.057438	68.985364	847.160534	10058.025	0.089
182016	40.84988	97.003348	68.88313	847.981642	10058.046	0.089
182036	40.864662	96.951261	69.436989	847.863122	10057.952	0.111
182056	40.878926	96.901195	70.007704	848.086817	10058.018	-0.094
182116	40.893342	96.850624	69.819322	849.492451	10058.134	-0.794
182136	40.907988	96.798874	70.968828	850.420343	10057.611	3.057
182156	40.921097	96.744476	74.085154	851.484978	10058.795	7.983
182216	40.931156	96.687203	77.837992	853.89813	10063.096	8.046
182236	40.939373	96.630469	80.18038	856.294266	10066.203	5.594
182256	40.946982	96.576039	80.193079	856.835212	10065.983	2.18
182316	40.954571	96.520825	79.903681	853.565361	10066.774	-4.23
182336	40.962147	96.46535	80.00901	851.053049	10065.514	-7.902
182356	40.969568	96.411401	80.013867	854.141281	10058.903	-2.467
182416	40.977281	96.354945	79.99275	854.212902	10060.772	1.764
182436	40.984969	96.298174	80.000343	850.873061	10066.0	-0.225
182456	40.99207	96.2456	80.001117	849.929247	10060.536	-5.876
182516	40.99944	96.190735	79.999504	850.041325	10057.56	-9.2
182536	41.007072	96.133722	80.000024	849.99854	10057.859	-7.843
182556	41.014314	96.079712	80.000077	850.005352	10052.342	-3.079
182616	41.021756	96.024157	79.999972	849.967878	10052.57	4.183
182636	41.029261	95.967771	80.0	850.009799	10058.181	7.943
182656	41.036232	95.914765	79.999967	850.172681	10058.598	2.576
182716	41.043451	95.859403	80.000109	849.415784	10057.712	-1.134
182736	41.050935	95.80217	80.000028	848.053446	10057.985	-0.059
182756	41.057979	95.748951	79.999369	847.571415	10058.068	0.256
182816	41.064898	95.696325	80.000829	848.376345	10057.983	-0.052
182836	41.072049	95.640909	80.001278	849.805045	10057.992	-0.007
182856	41.079328	95.584121	79.992535	850.211995	10058.024	-0.051
182916	41.086549	95.527905	80.011264	849.90494	10057.969	0.1
182936	41.093604	95.473089	80.017714	849.904544	10057.952	0.162
182956	41.100567	95.41851	79.896115	850.646646	10058.277	-0.958
183016	41.107653	95.362601	80.164862	850.932816	10057.582	1.512
183036	41.114876	95.305558	80.897684	850.150425	10057.342	7.486
183056	41.121876	95.250161	81.096184	849.748303	10063.071	5.77
183116	41.128782	95.195172	80.9768	850.234479	10065.488	-2.929
183136	41.135728	95.139571	80.992824	850.970291	10059.212	-8.604
183156	41.14252	95.085369	81.006906	850.562934	10055.971	0.671
183216	41.149395	95.030217	80.998334	849.869893	10059.89	8.615
183236	41.15636	94.973712	80.999485	849.931431	10065.783	1.955
183256	41.162842	94.920914	81.000496	850.238848	10062.384	-6.365
183316	41.169469	94.866963	80.99988	849.664019	10057.139	-7.08
183336	41.176667	94.80826	80.999963	848.204559	10057.734	-0.942
183356	41.183646	94.750676	81.000036	847.796338	10058.256	0.888
183416	41.190256	94.695547	80.99999	848.066373	10057.938	-0.214
183436	41.196772	94.641072	80.999996	848.046467	10057.981	-0.066
183456	41.203532	94.58486	81.000013	847.797002	10058.018	0.065
183516	41.210305	94.528441	80.999984	848.305205	10057.996	-0.017
183536	41.216819	94.473694	80.999975	849.752646	10057.999	-0.007
183556	41.223212	94.41977	81.000144	850.447907	10057.997	0.018
183616	41.229831	94.363805	80.999783	849.550504	10058.006	-0.022
183636	41.236605	94.306132	80.999659	848.074577	10058.009	-0.033
183656	41.242808	94.252479	81.001999	848.803766	10057.945	0.192
183716	41.249041	94.198817	80.996982	850.369847	10058.084	-0.29
183736	41.255766	94.141432	80.995254	850.946844	10058.132	-0.456
183756	41.262249	94.084648	81.027836	851.135776	10057.229	3.886
183816	41.26845	94.030412	80.957969	850.827348	10059.229	9.341
183836	41.27471	93.97691	80.933891	850.09976	10065.04	9.234
183856	41.281281	93.919634	81.539407	849.907173	10067.601	-0.614
183916	41.287637	93.863092	82.086585	850.02103	10064.496	-9.672
183936	41.29358	93.809956	82.02678	850.004458	10058.761	-8.942
183956	41.299901	93.753913	81.974228	850.008196	10057.286	-3.287
184016	41.306264	93.697157	82.006217	849.979071	10058.172	0.597
184036	41.312293	93.642408	82.001923	849.965026	10058.053	0.185
184056	41.318421	93.586579	81.99815	850.207573	10057.949	-0.178
184116	41.32468	93.529944	82.000446	849.669959	10058.012	0.043
184136	41.330883	93.474035	82.000138	848.203984	10058.004	0.013
184156	41.336892	93.419172	81.999867	847.811608	10057.996	-0.013
184216	41.34294	93.363239	82.000032	848.040353	10058.001	0.004
184236	41.349097	93.306066	82.00001	848.004829	10058.0	0.002
184256	41.354977	93.251483	81.999991	848.042048	10058.001	-0.006
184316	41.360934	93.195773	82.000001	847.918983	10057.998	0.008
184336	41.367109	93.137524	81.999999	847.868362	10057.997	0.012
184356	41.372836	93.083693	82.00001	849.080466	10058.02	-0.07
184416	41.378581	93.029745	81.999985	850.169415	10057.97	0.106
184436	41.384697	92.972063	81.999976	850.047353	10057.952	0.167
184456	41.390531	92.916871	82.000143	849.985223	10058.279	-0.98
184516	41.396223	92.862408	81.999783	849.956825	10057.579	1.543
184536	41.402103	92.805289	81.999659	849.91636	10057.338	7.534
184556	41.408106	92.746596	82.001998	850.661101	10063.097	5.487
184616	41.413886	92.690182	81.996971	850.890187	10065.45	-2.503
184636	41.419334	92.637142	81.994308	850.082975	10059.292	-7.967
184656	41.424894	92.582631	82.027033	850.376195	10057.016	-4.483
184716	41.43065	92.526076	81.965641	851.105038	10058.203	0.718
184736	41.436402	92.469438	81.922682	851.051408	10058.09	0.319
184756	41.441882	92.414275	82.500001	850.935597	10057.929	-0.25
184816	41.447425	92.358324	83.077316	851.044003	10058.015	0.052
184836	41.453203	92.300779	83.034356	851.085785	10058.006	0.023
184856	41.458595	92.24638	82.972977	850.597164	10057.995	-0.018
184916	41.464005	92.190994	83.005678	851.529527	10058.001	0.004
184936	41.46979	92.131599	83.002751	854.4644	10058.0	0.002
184956	41.475218	92.075705	82.996632	855.427687	10058.0	-0.002
185016	41.48047	92.021126	83.001625	854.92905	10058.0	0.001
185036	41.485901	91.96427	83.004337	854.954517	10058.0	0.001
185056	41.491117	91.910138	82.982803	855.031742	10058.001	-0.005
185116	41.496395	91.855229	83.01774	854.992912	10057.999	0.005
185136	41.502034	91.795599	83.057289	854.990289	10057.995	0.016
185156	41.507432	91.738243	82.757458	855.029586	10058.019	-0.066
185216	41.512706	91.682234	83.18437	854.979277	10057.986	0.05
185236	41.517657	91.624236	85.220367	854.901892	10057.931	0.238
185256	41.520216	91.568581	87.153964	855.353212	10058.248	-0.858
185316	41.521147	91.514352	88.068612	854.714513	10057.803	0.692
185336	41.522421	91.458081	88.084853	851.837741	10057.046	6.909
185356	41.523717	91.400944	87.874759	850.333944	10062.1	6.403
185416	41.524872	91.343708	88.078198	849.857899	10065.834	-1.281
185436	41.526011	91.286827	88.805871	848.407146	10059.985	-7.669
185456	41.5271	91.23172	89.103841	847.760961	10056.922	-5.192
185516	41.528161	91.17698	88.986157	848.048078	10058.143	0.499
185536	41.529234	91.120754	88.986974	848.120971	10058.134	0.473
185556	41.530254	91.064956	89.007455	847.563209	10057.927	-0.285
185616	41.531253	91.008437	88.999006	846.949199	10058.007	0.049
185636	41.532267	90.949916	88.999065	846.952297	10057.994	0.097
185656	41.53317	90.893663	89.000535	847.026923	10058.052	-0.248
185716	41.534037	90.83834	88.999929	846.996711	10057.955	0.185
185736	41.534982	90.781008	88.999934	846.998304	10057.778	0.883
185756	41.535839	90.725483	89.000036	846.995681	10058.803	-3.836
185816	41.536618	90.671022	88.999997	847.004749	10057.352	-8.045
185836	41.537422	90.614495	89.000005	847.023963	10051.75	-3.006
185856	41.538196	90.556593	88.999969	846.912617	10053.135	5.421
185916	41.538901	90.499907	89.000027	847.070778	10058.525	7.496
185936	41.539561	90.445678	89.00013	847.787807	10058.712	0.914
185956	41.540272	90.389825	88.999531	848.156063	10056.77	3.036
190016	41.541007	90.33201	89.000374	847.946147	10058.821	8.017
190036	41.54168	90.274306	89.001809	847.79496	10065.402	2.353
190056	41.542291	90.21701	88.99346	848.863445	10062.719	-2.026
190116	41.542893	90.160497	89.005216	850.094286	10058.066	0.859
190136	41.543505	90.104964	89.025198	850.048039	10063.964	7.122
190156	41.544016	90.049444	88.908903	850.126247	10066.943	6.073
190216	41.544471	89.992094	89.073646	849.859856	10066.004	-1.073
190236	41.544952	89.93313	89.801588	848.402102	10066.61	-6.706
190256	41.545325	89.878451	90.106292	847.789867	10062.711	-9.296
190316	41.545655	89.82498	89.985831	848.023694	10057.566	-7.335
190336	41.546062	89.767344	89.986667	848.002125	10057.592	-1.516
190356	41.546426	89.710899	90.007631	848.075007	10058.234	0.81
190416	41.54675	89.655171	89.998983	847.928855	10057.969	-0.108
190436	41.54709	89.59705	89.999043	847.202431	10057.971	-0.102
190456	41.547379	89.539588	90.000548	846.885113	10058.017	0.058
190516	41.547642	89.483796	89.999927	847.020282	10057.998	-0.008
190536	41.54792	89.42846	89.999931	847.042284	10057.998	-0.008
190556	41.548105	89.372171	90.000039	846.888129	10058.001	0.005
190616	41.548217	89.316259	89.999995	847.085091	10058.0	-0.001
190636	41.54835	89.261614	89.999996	847.852881	10058.001	-0.005
190656	41.548494	89.203711	89.999999	847.923798	10057.995	0.017
190716	41.548615	89.143674	90.000002	848.132995	10058.004	-0.013
190736	41.548686	89.085897	90.000013	849.588936	10058.018	-0.063
190756	41.548715	89.031527	89.999953	850.305076	10057.936	0.227
190816	41.548692	88.977643	90.000037	851.295834	10058.051	-0.181
190836	41.548622	88.920879	90.000181	854.120855	10058.247	-0.874
190856	41.548571	88.86294	89.999346	855.883012	10057.108	3.809
190916	41.548477	88.806686	90.000522	855.958643	10058.719	8.066
190936	41.548276	88.752341	90.002763	855.790107	10065.038	3.296
190956	41.548118	88.6935	89.991427	856.773292	10063.75	-4.812
191016	41.547982	88.633842	90.004666	858.07245	10057.624	-7.825
191036	41.54777	88.580393	90.037229	858.096812	10057.425	-2.172
191056	41.547628	88.525217	89.881201	857.998176	10058.289	1.014
191116	41.547353	88.466639	90.064926	857.975014	10057.973	-0.094
191136	41.546881	88.408585	90.518447	857.7659	10057.958	-0.14
191156	41.547444	88.350886	87.961385	858.961178	10058.024	0.058
191216	41.550448	88.293741	83.634082	861.213308	10057.996	0.001
191236	41.556369	88.237713	81.355258	863.150234	10057.981	0.054
191256	41.563164	88.181777	80.850196	865.458314	10058.052	-0.2
191316	41.569873	88.12471	81.013994	867.049518	10057.972	0.112
191336	41.576625	88.066455	81.021387	866.811157	10057.778	0.894
191356	41.583251	88.009936	80.989357	868.231214	10058.708	-3.369
191416	41.589749	87.954744	81.000943	871.28261	10057.611	-8.129
191436	41.596307	87.898016	81.001046	873.421963	10052.149	-3.953
191456	41.603133	87.838756	81.000797	874.642688	10052.241	7.245
191516	41.609966	87.779891	80.999214	874.987026	10058.709	15.231
191536	41.616435	87.724441	80.993262	874.776323	10064.647	11.125
191556	41.622908	87.667811	81.021803	875.918423	10066.595	3.869
191616	41.629574	87.608629	80.988059	876.984049	10065.949	-0.216
191636	41.636329	87.549069	80.904615	875.595596	10065.956	-0.457
191656	41.64293	87.491041	81.367074	874.685858	10065.904	0.655
191716	41.649316	87.434372	82.019054	875.020619	10066.035	-0.137
191736	41.655586	87.377785	82.062061	875.165222	10066.627	-4.999
191756	41.661859	87.321429	81.972408	874.588655	10063.814	-11.682
191816	41.668332	87.263509	82.001368	873.994505	10057.681	-14.977
191836	41.675058	87.202566	82.004456	874.514674	10052.313	-10.827
191856	41.681421	87.144702	81.998019	875.671582	10050.625	-4.939
191916	41.687511	87.089263	82.000098	877.076049	10050.984	0.281
191936	41.693867	87.030967	82.00032	878.88121	10050.357	5.998
191956	41.700051	86.973697	81.999858	881.660867	10053.37	9.327
192016	41.70611	86.917319	82.000007	884.063322	10058.141	7.787
192036	41.712493	86.858057	82.000023	884.167268	10058.46	2.042
192056	41.718908	86.797849	81.99999	884.089631	10057.795	-0.812
192116	41.725103	86.739126	82.000001	885.069537	10058.01	0.04
192136	41.731092	86.68251	82.000002	886.545541	10058.033	0.131
192156	41.737174	86.624891	81.999999	887.218526	10057.985	-0.057
192216	41.743413	86.565187	82.0	888.097301	10058.001	0.003
192236	41.749634	86.504944	82.0	890.906304	10058.004	0.005
192256	41.755739	86.446088	82.0	892.613291	10057.996	0.007
192316	41.761694	86.3883	82.0	893.040523	10058.001	-0.003
192336	41.76762	86.32971	82.0	894.398721	10058.016	-0.056
192356	41.773967	86.270075	82.0	895.437776	10057.954	0.16
192416	41.780742	86.209222	82.0	896.043871	10058.013	-0.045
192436	41.787496	86.147871	82.0	897.317792	10058.227	-0.786
192456	41.793788	86.0903	82.0	898.793312	10057.356	2.625
192516	41.799917	86.033972	82.0	900.057191	10058.182	8.195
192536	41.806504	85.972838	82.000001	900.915374	10063.906	9.144
192556	41.81308	85.911456	81.999998	900.816475	10066.692	5.603
192616	41.819414	85.852048	82.000001	901.066918	10066.005	-0.314
192636	41.825675	85.793019	82.00001	903.23644	10066.692	-6.105
192656	41.831968	85.73379	81.999971	904.172826	10063.31	-9.279
192716	41.838207	85.67477	82.000008	904.027551	10057.837	-7.789
192736	41.844299	85.616117	82.000144	905.393785	10057.471	-2.049
192756	41.850634	85.555166	81.999593	906.280866	10058.235	0.815
192816	41.857007	85.493599	82.000115	905.97632	10057.988	-0.04
192836	41.862964	85.434894	82.001999	905.755555	10057.962	-0.132
192856	41.869225	85.374098	81.994331	906.699672	10058.017	0.059
192916	41.875714	85.311641	82.0016	908.040556	10057.999	-0.003
192936	41.881708	85.25246	82.027839	908.153978	10057.997	-0.009
192956	41.887458	85.195113	81.921034	907.86714	10058.001	0.004
193016	41.893297	85.136598	82.022325	908.024394	10058.0	-0.0
193036	41.899352	85.075164	82.730746	908.727135	10058.0	-0.001
193056	41.905441	85.013596	83.107706	909.139767	10058.0	0.0
193116	41.911504	84.95208	82.99466	908.984667	10058.0	-0.0
193136	41.917555	84.88943	82.982607	908.805914	10058.0	0.0
193156	41.923328	84.830164	83.007733	909.609086	10058.0	-0.0
193216	41.92899	84.77264	82.999617	911.063902	10058.0	0.0
193236	41.93489	84.711665	82.998752	911.895657	10058.0	0.001
193256	41.940571	84.651824	83.000552	911.947587	10058.001	-0.003
193316	41.946193	84.592208	82.999973	912.026623	10058.0	0.001
193336	41.952239	84.528589	82.999924	913.183279	10057.996	0.015
193356	41.957959	84.467936	83.000002	915.132942	10058.012	-0.043
193416	41.963378	84.409926	83.000009	917.082336	10057.996	0.012
193436	41.969121	84.348569	83.000182	918.425255	10057.939	0.211
193456	41.974755	84.287557	82.99947	919.797978	10058.173	-0.599
193516	41.980283	84.22712	83.00015	921.04249	10057.951	0.169
193536	41.98605	84.164477	83.002618	921.619284	10057.151	5.686
193556	41.991592	84.103164	82.992574	922.777153	10060.804	9.316
193616	41.996976	84.04283	83.002096	924.028741	10066.145	7.829
193636	42.002612	83.980507	83.036464	923.978719	10066.264	2.885
193656	42.00802	83.919881	82.905195	924.400771	10066.439	-3.722
193716	42.013518	83.859523	83.221399	925.091146	10064.706	-9.408
193736	42.018679	83.796223	85.275562	924.34933	10058.716	-9.994
193756	42.020874	83.733152	89.382423	922.312084	10057.886	-1.86
193816	42.02108	83.67126	90.58161	921.706206	10057.471	5.214
193836	42.020835	83.609327	89.860391	922.070088	10059.17	9.021
193856	42.020717	83.547036	89.957841	922.02051	10065.022	9.135
193916	42.020616	83.485919	90.034338	921.987392	10067.618	-0.519
193936	42.020432	83.424662	90.001181	921.992219	10064.491	-9.695
193956	42.020158	83.362585	90.014596	921.98132	10058.76	-8.949
194016	42.019879	83.301827	89.899116	922.117284	10057.287	-3.28
194036	42.019626	83.240561	90.164138	921.812981	10058.172	0.595
194056	42.019362	83.177683	90.89746	921.067003	10058.053	0.184
194116	42.019004	83.11609	91.0964	921.111466	10057.949	-0.177
194136	42.018561	83.055347	90.976748	920.693519	10058.012	0.043
194156	42.018091	82.994434	90.992808	919.21184	10058.004	0.013
194216	42.017643	82.933962	91.006923	918.800579	10057.996	-0.013
194236	42.017133	82.87293	90.998327	919.048279	10058.001	0.003
194256	42.016523	82.810427	90.999478	919.015199	10058.0	0.001
194316	42.01593	82.747174	91.000532	918.983578	10058.0	-0.001
194336	42.015354	82.684783	90.999893	919.004413	10058.0	0.0
194356	42.014754	82.623954	90.999953	919.004346	10058.0	-0.0
194416	42.014125	82.5631	91.000035	918.984506	10058.0	0.001
194436	42.013408	82.501545	90.999996	919.018609	10058.0	-0.001
194456	42.012598	82.439788	91.000004	919.041496	10058.001	-0.003
194516	42.011842	82.379127	90.999965	918.799117	10057.996	0.015
194536	42.011114	82.31837	91.000047	919.265368	10058.005	-0.019
194556	42.010316	82.256344	91.000107	920.734008	10058.012	-0.042
194616	42.009413	82.194326	90.99948	921.20313	10057.941	0.204
194636	42.008464	82.132215	91.000663	920.9558	10058.075	-0.26
194656	42.007532	82.06992	91.001493	920.975359	10058.169	-0.585
194716	42.006601	82.00888	90.992756	921.0447	10057.181	3.837
194736	42.005666	81.949138	91.009239	920.958418	10059.082	8.826
194756	42.004676	81.888655	91.020802	920.911755	10064.982	8.742
194816	42.003499	81.823918	90.899099	921.547675	10066.592	4.517
194836	42.002326	81.759818	91.133311	922.012985	10066.105	-1.546
194856	42.00128	81.700063	91.868431	921.321617	10066.535	-6.989
194916	42.00007	81.6384	92.094627	919.872756	10062.104	-9.595
194936	41.99879	81.576216	91.986751	918.871522	10057.31	-6.575
194956	41.997599	81.516468	92.007609	918.942738	10057.586	-0.47
195016	41.996382	81.4565	91.925676	919.045909	10058.87	-2.842
195036	41.995225	81.394945	92.107131	918.989248	10057.093	-9.282
195056	41.993773	81.33189	92.812173	918.99245	10052.062	-9.486
195116	41.990817	81.268434	93.485381	919.020419	10049.548	-0.239
195136	41.98707	81.207021	94.148702	918.982768	10051.844	9.18
195156	41.983625	81.148237	94.864568	918.946186	10056.927	9.305
195216	41.980126	81.087607	95.084662	919.221481	10058.677	3.914
195236	41.97646	81.025395	94.985284	918.765416	10057.881	-0.465
195256	41.972771	80.964129	94.989122	917.239768	10057.908	-0.33
195316	41.969176	80.90409	95.006194	917.453406	10058.067	0.137
195336	41.96554	80.843725	94.999174	919.284788	10057.979	0.022
195356	41.961681	80.781421	94.999223	920.751832	10057.926	0.209
195416	41.957729	80.718116	95.000445	921.054666	10058.248	-0.832
195436	41.953821	80.655813	94.999941	921.051184	10057.805	0.681
195456	41.950019	80.595826	94.999945	921.766296	10057.059	6.861
195516	41.946239	80.536475	95.00003	922.179989	10062.051	6.572
195536	41.942287	80.475032	94.999998	921.933794	10065.872	-1.415
195556	41.938121	80.411054	95.000005	921.740529	10060.172	-8.315
195616	41.934183	80.350302	94.999969	923.056363	10056.248	-2.208
195636	41.930295	80.291147	95.000027	923.938925	10058.689	9.231
195656	41.926088	80.229077	95.00013	922.406259	10064.335	10.364
195716	41.921888	80.166583	94.999531	922.052948	10067.544	0.79
195736	41.917785	80.105016	95.000374	921.776155	10065.274	-8.802
195756	41.913661	80.043946	95.001809	919.441728	10059.327	-8.838
195816	41.909462	79.982484	94.99346	919.501495	10057.797	-7.203
195836	41.905281	79.921588	95.005216	921.15325	10057.627	-8.357
195856	41.901172	79.862046	95.025198	921.153568	10052.666	-9.507
195916	41.896874	79.801123	94.908903	920.876728	10049.558	-1.411
195936	41.892437	79.738866	95.073646	921.045347	10051.625	8.988
195956	41.888043	79.676959	95.801588	921.622741	10056.725	9.498
200016	41.883607	79.615462	96.106292	922.946629	10058.638	4.344
200036	41.879129	79.554089	95.985831	924.090602	10057.947	-0.497
200056	41.874665	79.492622	95.986667	924.524175	10058.101	-0.989
200116	41.870187	79.431208	96.007631	926.699193	10057.373	3.19
200136	41.865738	79.370741	95.998983	929.239075	10058.541	8.697
200156	41.861259	79.31064	95.999043	929.807267	10064.205	9.824
200216	41.856345	79.246121	96.000548	930.832588	10067.583	1.24
200236	41.851392	79.18139	95.999927	932.111452	10065.297	-8.973
200256	41.846895	79.12185	95.999932	932.125161	10059.48	-9.522
200316	41.842177	79.059977	96.000037	931.851703	10057.211	-4.189
200336	41.837279	78.996601	95.999997	932.081259	10058.105	0.364
200356	41.832567	78.936051	96.000004	932.808694	10058.099	0.343
200416	41.827713	78.873976	95.999969	933.102443	10057.943	-0.196
200436	41.822767	78.810981	96.000026	932.986172	10058.008	0.026
200456	41.817923	78.749652	96.000129	932.986185	10058.007	0.025
200516	41.812918	78.687013	95.999531	933.010942	10057.996	-0.014
200536	41.807851	78.624395	96.000374	932.996146	10058.001	0.002
200556	41.802931	78.564187	96.001807	932.985188	10058.001	0.002
200616	41.797917	78.502728	95.993466	933.050751	10058.0	-0.001
200636	41.792708	78.439212	96.005221	932.959798	10058.0	0.0
200656	41.787421	78.375681	96.029873	932.770314	10058.0	0.0
200716	41.782355	78.314667	95.92017	933.712188	10058.0	-0.0
200736	41.777453	78.255758	96.022368	935.034586	10058.0	0.0
200756	41.772378	78.195922	96.730886	935.042777	10058.0	0.001
200816	41.767011	78.132456	97.107644	935.18661	10058.001	-0.002
200836	41.761529	78.067627	96.994663	934.933936	10058.0	0.001
200856	41.756196	78.005937	96.982615	933.125868	10057.997	0.011
200916	41.750837	77.944926	97.007733	934.174346	10058.008	-0.03
200936	41.745432	77.883211	96.999616	937.08556	10057.998	0.008
200956	41.740067	77.821314	96.99873	937.207369	10057.96	0.148
201016	41.734499	77.75851	97.000617	937.166938	10058.114	-0.419
201036	41.72882	77.695587	96.999955	938.03938	10057.968	0.118
201056	41.723341	77.634067	96.999608	938.311299	10057.44	4.8
201116	41.717891	77.572593	97.000898	937.175045	10059.983	12.173
201136	41.712318	77.510375	96.999756	934.872754	10066.377	14.841
201156	41.706638	77.448059	96.995779	932.577823	10073.041	5.736
201216	41.701045	77.387435	97.011957	931.878103	10072.319	-6.416
201236	41.695522	77.326791	96.996663	931.978619	10065.685	-15.353
201256	41.68971	77.263595	97.2843	930.433226	10060.473	-19.174
201316	41.682788	77.203314	99.666872	926.655745	10054.332	-13.681
201336	41.673012	77.144537	104.176738	921.874255	10049.36	-3.763
201356	41.659839	77.084205	108.631004	918.074137	10049.373	3.446
201416	41.644932	77.025872	110.47198	916.631387	10053.417	7.846
201436	41.629387	76.969264	110.025432	916.979359	10057.873	8.144
201456	41.613614	76.911122	109.909904	917.088914	10058.38	3.046
201516	41.598037	76.853594	110.031773	916.932314	10058.022	-1.487
201536	41.582671	76.797421	110.001829	916.985355	10058.048	-0.249
201556	41.567184	76.740609	109.993456	917.271869	10056.886	6.258
201616	41.551823	76.684376	110.002455	916.31953	10060.786	6.671
201636	41.536383	76.628243	110.000327	914.190187	10066.068	0.414
201656	41.520243	76.56977	109.998943	912.735931	10060.409	-2.149
201716	41.504356	76.512347	110.00126	911.425853	10059.572	-17.025
201736	41.488722	76.45595	110.00074	910.888831	10059.555	-68.055
201756	41.471992	76.395636	109.992257	913.11867	10023.83	-164.596
201816	41.455891	76.337655	110.015361	913.635571	9946.628	-248.048
201836	41.440927	76.283962	110.010031	911.992983	9846.836	-280.812
201856	41.425152	76.227664	109.892655	914.341447	9754.093	-283.382
201916	41.409406	76.171475	110.232752	918.652877	9662.375	-283.255
201936	41.393827	76.115886	110.952737	920.978864	9564.783	-289.606
201956	41.376931	76.056005	111.088908	919.765581	9468.153	-290.086
202016	41.360374	75.997485	110.966125	919.150638	9372.948	-291.536
202036	41.344947	75.94288	110.991986	919.238516	9275.975	-303.154
202056	41.329123	75.886835	111.056061	914.64069	9172.657	-331.388
202116	41.312658	75.828892	110.898628	911.419017	9058.796	-399.844
202136	41.296281	75.771228	110.934773	909.597398	8917.032	-513.225
202156	41.280797	75.716238	112.127944	899.388081	8720.155	-638.377
202216	41.264109	75.662006	113.432744	888.156482	8481.053	-712.422
202236	41.245724	75.607572	113.978089	880.761502	8231.147	-717.349
202256	41.227982	75.554557	114.039152	872.192444	7999.606	-702.942
202316	41.210406	75.501587	113.988535	863.977363	7771.265	-705.283
202336	41.192724	75.448829	113.999068	856.796674	7530.618	-698.024
202356	41.175889	75.398774	113.996181	848.466131	7290.083	-596.962
202416	41.158876	75.348234	114.012381	844.223788	7109.167	-399.767
202436	41.14125	75.295895	114.008561	844.958743	7022.197	-178.469
202456	41.124016	75.244743	113.907384	844.029386	7006.019	-43.674
202516	41.106959	75.194076	114.1848	842.612849	7011.393	1.747
202536	41.08973	75.143408	114.120791	842.885877	7010.165	0.624
202556	41.072741	75.09355	111.807959	844.36802	7009.799	-1.263
202616	41.058216	75.041469	108.606445	845.126394	7009.899	0.886
202636	41.046142	74.987901	106.771808	845.008068	7010.345	-1.589
202656	41.03411	74.935527	106.898651	845.094522	7010.859	-38.262
202716	41.021399	74.880454	107.07946	844.215201	6998.125	-166.742
202736	41.008692	74.825197	106.983631	842.549625	6919.492	-326.135
202756	40.996719	74.77326	106.992755	837.72467	6761.525	-428.024
202816	40.985067	74.722718	107.00555	822.472338	6613.088	-457.737
202836	40.973007	74.670548	106.999022	803.775765	6467.803	-444.065
202856	40.960833	74.618162	106.999916	790.186295	6308.234	-430.834
202916	40.950234	74.572695	106.999362	779.643934	6180.833	-441.268
202936	40.939134	74.524898	107.003057	775.478469	6026.192	-421.349
202956	40.927359	74.474079	106.998241	776.068133	5870.947	-320.501
203016	40.916351	74.426795	106.985841	776.098185	5800.673	-150.532
203036	40.904926	74.378168	107.045264	775.970933	5786.85	-33.385
203056	40.893145	74.328071	106.975163	775.991556	5791.479	1.388
203116	40.88188	74.279919	106.679107	775.528435	5792.985	3.57
203136	40.870405	74.231745	107.050964	773.877867	5790.859	0.029
203156	40.858381	74.181984	107.804388	766.239615	5789.418	5.4
203216	40.847622	74.133924	104.862236	735.220044	5795.401	8.546
203236	40.836564	74.091019	109.836942	687.700913	5798.715	-0.839
203256	40.818637	74.05673	136.468741	647.645079	5790.614	-12.922
203316	40.790418	74.035385	158.38883	623.579179	5789.214	10.375
203336	40.761793	74.023481	162.183651	620.834098	5787.191	9.053
203356	40.732311	74.011394	161.331976	619.482522	5813.48	-150.997
203416	40.702141	73.997834	160.940264	612.158748	5740.826	-418.279
203436	40.672587	73.984717	160.975246	599.79707	5507.398	-664.247
203456	40.645013	73.972469	161.062131	586.330325	5262.418	-794.312
203516	40.618201	73.960469	160.926868	580.73929	4995.72	-841.45
203536	40.590813	73.948238	160.889943	583.143847	4684.586	-850.978
203556	40.563284	73.936215	161.942889	577.643961	4409.969	-805.109
203616	40.536105	73.924911	163.388415	566.891446	4162.462	-765.194
203636	40.509152	73.914366	164.072407	558.07569	3906.946	-770.3
203656	40.481518	73.903907	163.528298	550.604831	3643.105	-758.027
203716	40.454639	73.893718	163.022748	543.234906	3390.075	-691.67
203736	40.430176	73.884218	163.830743	535.640958	3174.237	-581.905
203756	40.405173	73.874479	163.675402	529.813826	3004.837	-495.414
203816	40.379474	73.864521	162.993786	525.588202	2858.009	-454.379
203836	40.354722	73.855009	163.667942	520.705285	2703.749	-441.451
203856	40.329621	73.84577	164.215324	513.036735	2559.875	-447.596
203916	40.304181	73.836455	163.948927	506.670737	2415.396	-467.495
203936	40.279278	73.827137	164.072447	505.420879	2247.227	-488.99
203956	40.254317	73.818855	166.605252	500.026113	2081.402	-479.562
204016	40.2318	73.808073	151.962924	506.814521	1928.161	-468.156
204036	40.215341	73.785628	119.187719	527.758185	1770.601	-470.53
204056	40.21063	73.751285	85.594541	538.296461	1616.277	-471.226
204116	40.222907	73.718489	48.588939	529.812392	1455.067	-448.395
204136	40.242027	73.697756	36.839808	527.951879	1319.278	-370.228
204156	40.263611	73.677555	35.065408	525.056609	1196.915	-190.692
204216	40.285245	73.657341	35.093075	528.334261	1165.868	-55.321
204236	40.307182	73.636692	36.948345	531.425359	1175.484	-2.636
204256	40.329024	73.616276	36.54766	530.871745	1173.266	0.347
204316	40.349599	73.599101	28.345688	533.020834	1172.963	-0.049
204336	40.37373	73.583293	25.813706	529.117353	1173.073	0.097
204356	40.398477	73.567649	26.259647	528.256314	1172.952	-0.071
204416	40.422526	73.551953	25.837148	531.648651	1173.007	0.017
204436	40.446918	73.536158	25.52801	534.731007	1173.0	0.026
204456	40.471458	73.520319	28.011911	539.323343	1173.019	-0.083
204516	40.494483	73.505042	25.421816	535.955389	1172.978	0.078
204536	40.518468	73.493852	13.201635	529.254521	1173.111	-0.388
204556	40.546263	73.488694	6.521642	535.290834	1172.251	2.608
204616	40.572207	73.484132	7.931983	537.849572	1172.745	0.887
204636	40.598258	73.479356	7.894003	538.658406	1178.233	-20.26
204656	40.623388	73.47456	8.862704	517.326308	1161.003	27.552
204716	40.647665	73.469749	9.187584	481.349099	1163.05	85.47
204736	40.672598	73.464784	11.498916	465.440482	1247.155	-10.265
204756	40.696395	73.460324	44.729105	457.546088	1258.281	-79.871
204816	40.719084	73.455874	65.096392	455.729873	1213.892	-89.802
204836	40.7412	73.450692	14.440411	462.400485	1173.817	-51.021
204856	40.76402	73.446777	59.729717	457.473411	1173.147	5.272
204916	40.785032	73.454315	366.56717	396.892773	1174.709	-65.665
204936	40.799156	73.468345	313.926896	367.046405	1119.765	-302.997
204956	40.814541	73.482791	328.653244	370.081584	983.116	-369.878
205016	40.825183	73.499431	291.452922	331.75368	885.26	-153.815
205036	40.826063	73.519903	265.229222	312.969117	863.782	-84.235
205056	40.822765	73.541329	261.325815	316.266802	838.812	-199.544
205116	40.820483	73.561407	259.901916	307.622795	743.143	-310.29
205136	40.817813	73.582113	257.529708	310.643259	604.392	-300.563
205156	40.810194	73.600559	235.43619	311.314933	554.798	-40.475
205216	40.8013	73.6178	236.0	317.0	556.0	-0.0
205236	40.793073	73.633865	236.79626	314.978914	556.064	-0.268
205256	40.781581	73.647247	213.367716	319.461357	556.155	-0.791
205316	40.767636	73.658899	212.411661	316.965545	556.612	-8.675
205336	40.75498	73.668916	212.652628	296.628407	549.601	3.07
205356	40.743097	73.678296	210.711835	276.646171	552.339	-33.187
205416	40.731197	73.687558	211.033366	262.712059	538.784	-143.66
205436	40.720489	73.695917	210.977434	246.402358	461.536	-211.697
205456	40.710991	73.703394	211.859932	247.302677	381.559	-145.293
205516	40.699373	73.712522	211.525735	249.503984	358.362	-173.353
205536	40.687163	73.7221	210.280037	248.743867	323.846	-262.817
205556	40.676381	73.730559	209.517893	250.156664	231.703	-296.611
205616	40.666278	73.738465	209.52302	253.790817	120.261	-283.834
205636	40.65603	73.746438	210.511472	259.376213	29.94	-238.272
205656	40.644777	73.755192	211.228863	259.652035	-3.813	-225.008
